Ladekurvenmessung
Zeit: 2018_05_23 14.07.39
Info: Stahl Scheibe, FVA3
Ladewiderstand[Ohm]: 10000000
Störkapazität[pF]: 100.000000
Entladezeit[ms]: 100
Abtastrate[Hz]: 250000
Anzahl der Messwerte: 800.000000
Verzögerung[ms]: 1
Ladespannung[V]: 0.300000

Kurve 1

-0.007579
-0.006757
-0.002977
-0.002977
-0.003799
-0.005114
0.003597
-0.005936
-0.001991
-0.005114
-0.003306
0.000639
-0.003963
-0.003142
-0.001827
-0.002648
-0.000512
0.000639
-0.004292
-0.000019
-0.008237
-0.001991
-0.004128
-0.007250
-0.013989
-0.003799
-0.008894
-0.005771
-0.002320
-0.005607
-0.003470
-0.004621
-0.003306
-0.005771
-0.005114
-0.009551
-0.005607
-0.004292
-0.001498
-0.008237
-0.003142
-0.005278
-0.094524
-0.090744
-0.088936
-0.096003
-0.094031
-0.089429
-0.081540
-0.060666
-0.049819
-0.012674
-0.015468
-0.006429
-0.009551
-0.009880
-0.008565
0.000639
-0.001169
-0.000019
0.000474
0.000639
0.013130
0.000639
-0.001498
-0.003142
-0.002155
-0.009058
-0.002813
0.000803
0.002447
-0.000841
-0.002813
-0.002155
0.010007
0.040906
-0.000347
-0.001334
-0.002648
-0.000676
0.003761
0.003268
0.000474
-0.000347
-0.001169
-0.000841
-0.004621
-0.004621
-0.009223
-0.005936
-0.011852
-0.002813
-0.007250
-0.006757
0.005076
0.006391
0.004583
0.002447
0.001625
-0.001498
-0.000512
-0.002484
-0.000512
-0.007579
0.006720
-0.000019
-0.000347
-0.000019
-0.008565
-0.006100
0.000146
-0.000019
-0.000347
-0.000841
0.001132
-0.000676
-0.000347
-0.001005
-0.004785
-0.001005
0.000803
-0.001334
0.001296
-0.004128
-0.001005
0.005076
-0.001991
0.002282
-0.003470
-0.000019
-0.000183
-0.010702
-0.003799
-0.000019
-0.000841
-0.002320
0.000146
0.001296
-0.000512
0.002775
0.003104
0.004419
-0.001005
0.000639
0.000474
-0.001169
-0.000019
-0.000676
0.000146
0.000146
-0.000019
-0.000347
-0.000183
-0.009716
0.000639
0.001625
0.004255
-0.000512
0.003104
-0.000347
-0.001334
-0.000841
-0.001169
-0.002155
0.003926
-0.000019
-0.002813
0.000803
-0.003142
0.000310
-0.000019
-0.000019
0.000146
-0.000183
0.000146
0.000146
-0.000019
-0.000019
-0.000019
-0.000019
-0.000019
-0.000019
-0.000019
-0.000019
-0.000183
-0.000019
-0.001498
0.003433
0.002775
-0.000019
0.006720
0.000474
0.007870
-0.000019
0.001625
0.001789
-0.000019
0.011158
0.000474
0.000146
-0.000183
0.002940
-0.001005
-0.003470
0.001789
0.010500
-0.006922
0.000474
0.017567
0.002611
0.003268
-0.001498
0.000967
-0.002155
-0.003470
0.003268
0.004090
-0.001991
0.002118
-0.003470
-0.000676
-0.000347
0.000474
-0.006264
0.003926
0.004748
0.005734
0.005734
0.001954
-0.003470
-0.001498
-0.001498
0.004255
0.006391
-0.008894
-0.000019
-0.003306
-0.011195
-0.008565
0.002775
0.000474
0.002447
0.004748
0.008363
0.003433
-0.010209
0.012308
0.000639
-0.012839
-0.008072
-0.000512
-0.005443
0.004748
0.007377
0.001296
-0.009223
0.007213
-0.002648
0.001296
0.000310
0.003104
0.000803
0.003433
0.002940
-0.001005
0.003926
0.005734
-0.000183
0.000310
0.003926
0.002611
0.003433
0.005569
0.013459
0.008199
0.019211
0.009514
0.008528
0.009514
0.007377
0.002611
0.014609
0.004583
0.005569
0.009350
0.009678
0.009350
0.012801
0.012801
0.011651
0.015760
0.009185
0.015595
0.007870
0.016253
0.013459
0.014445
0.011979
0.018718
-0.009551
-0.013003
-0.000019
-0.004949
-0.001169
-0.000183
-0.003799
0.001789
-0.002484
-0.006922
-0.001662
0.004583
-0.002484
-0.000347
0.003597
-0.004949
0.005241
0.000474
0.005734
-0.003799
0.016417
0.020362
0.018882
0.009185
-0.001498
0.000803
-0.007744
0.022005
0.018882
0.012144
-0.000512
0.001789
-0.003142
0.004419
0.000639
0.003268
0.007870
0.004255
0.009350
0.011651
0.008857
0.008857
0.010993
0.005898
0.005734
0.007377
0.013130
0.005241
0.017896
0.001132
0.000310
0.003761
0.004419
0.006720
0.016910
0.008692
0.013623
0.019375
0.004090
-0.003470
-0.002977
-0.005278
-0.015140
-0.008730
-0.004621
0.008692
-0.007415
0.002940
-0.003799
0.001296
0.005898
0.012472
-0.003470
0.008199
0.003104
0.004748
-0.006429
-0.009058
-0.006922
-0.000019
0.002940
0.002447
0.008035
0.006556
0.009678
0.010993
0.011158
0.045344
0.050110
0.045015
0.041892
0.001132
-0.000676
-0.019413
0.004090
-0.003799
-0.002813
-0.002484
-0.018755
-0.014811
0.009678
0.017732
-0.004949
0.014280
0.011815
0.019540
0.012472
0.022169
0.011486
0.006556
0.056027
0.060958
0.019211
0.011322
0.015595
0.015595
0.004583
0.007049
0.019868
0.005405
0.008692
0.045179
0.056520
0.047152
0.056356
0.045179
0.047480
0.051425
0.051589
0.049781
-0.001662
0.003268
-0.000347
0.005241
0.006391
0.006556
0.002611
0.003104
0.004255
0.004912
-0.002155
0.002775
-0.002648
-0.112932
-0.100770
-0.089758
-0.087950
-0.004456
-0.002320
-0.001005
0.014280
0.017074
0.015760
0.008528
0.007870
-0.000019
0.001789
-0.001827
0.007377
-0.001498
0.001954
0.003761
-0.000841
0.005569
0.005076
0.009350
0.008692
0.009678
0.009350
0.011815
0.014445
0.010664
0.017732
0.014116
0.018389
0.022498
0.022991
0.013130
0.014116
0.020855
0.001789
0.013459
0.002775
0.009350
0.009350
0.005241
-0.004128
0.009021
0.009350
-0.000676
0.006556
0.002118
0.002611
0.013787
0.021676
0.016253
0.009185
0.000803
0.007049
-0.009551
-0.004128
-0.011688
-0.006429
-0.004292
0.000310
-0.000019
0.006556
0.006720
0.001132
0.003104
0.004748
0.006556
0.004419
0.009185
0.001296
0.012637
0.007706
0.009678
0.010993
0.020855
0.018554
0.021183
0.017732
0.024142
0.021676
0.021512
0.023813
0.023484
0.022991
0.026114
0.027265
0.018554
-0.003963
-0.002813
-0.001498
0.001132
0.005076
0.005898
0.002118
0.008199
0.002940
0.000803
-0.001498
-0.000512
0.000803
-0.004128
-0.001498
0.000310
-0.000019
0.005405
0.004090
-0.004128
-0.005278
-0.000019
-0.008565
0.003433
0.000474
-0.001005
0.001132
0.007377
0.001460
0.001132
-0.003799
0.000803
0.001625
0.001132
0.008199
0.005076
0.003104
-0.005114
0.012472
0.005241
0.010664
0.009514
0.010664
0.012308
0.012144
0.011322
0.002775
0.004748
0.003597
0.007706
0.000803
0.007213
0.004419
0.006720
0.008199
0.010336
0.009350
0.010829
0.006391
0.010007
0.014445
0.021019
0.008857
0.011979
0.009021
0.013459
0.010993
0.014938
0.018225
0.018882
0.025128
0.025128
0.027100
0.023320
0.029894
0.019047
0.030716
0.024142
0.029072
0.024470
0.030059
0.026443
0.028744
0.034825
0.036140
0.038441
0.042714
0.040084
0.034661
0.043043
0.037619
0.043536
0.039263
0.047316
0.039920
0.050439
0.036797
0.045508
0.036962
0.035482
0.031702
0.001954
0.002611
0.000310
-0.004949
0.006227
0.009514
-0.001169
0.001789
-0.000841
0.003761
-0.001498
0.003761
-0.004785
0.004748
-0.003799
0.002775
-0.013825
0.004255
-0.000841
0.001296
0.012801
-0.018427
-0.002648
0.002118
-0.004621
-0.006100
0.000146
-0.004292
0.000967
0.013130
0.026278
0.015924
0.022005
0.022498
0.022827
0.025621
0.027429
0.015266
0.015266
0.010664
0.011486
0.012801
0.013294
0.012965
0.017239
0.016910
0.011486
0.012801
0.011979
0.011815
0.003268
0.007377
-0.001169
0.005076
-0.000183
0.000146
0.001625
-0.002484
-0.001991
-0.000019
0.003926
0.009185
0.007706
0.005898
0.009678
0.010993
0.009678
0.017896
0.001460
-0.000019
0.001460
0.008363
0.002118
0.002447
-0.000183
0.000146
-0.002977
-0.002813
0.003268
0.000803
0.002447
0.003433
0.002940
0.002447
-0.000841
0.009021
0.000146
0.007542
0.004583
0.013459
0.011486
0.006884
0.002447
0.004090
0.013787
0.004748
0.004090
0.010171
0.007049
0.010829
0.012965
0.013294
0.003926
-0.008565
0.006556
-0.006100
0.005241
0.003433
0.001132
0.008035
0.008363
0.012965
0.011815
0.011322
0.008363
0.004419
0.002940
0.004255
0.002940
0.004748
-0.013660
-0.019084
-0.014153
-0.014647
-0.009223
-0.011688
-0.021056
-0.001169
-0.011524
-0.007250
-0.003142
0.009185
-0.001169
-0.001498
0.000146
0.008528
0.003268
0.004419
0.013459
0.003926
0.008857
0.006062
-0.001169
0.005076
0.005076
0.001625
0.013459
-0.004128
0.015431
0.018225
0.020526
0.018225
0.020855
0.026607
-0.000183
0.007213
0.004748
0.007213
0.003761
0.007542
-0.000676
0.013952
0.011815
0.013459
0.014445
0.019211
0.016746
0.020197

Kurve 2

-0.023193
-0.020563
-0.026152
-0.020892
-0.022536
-0.019906
-0.022864
-0.017605
-0.018920
-0.019084
-0.022043
-0.019084
-0.018591
-0.013989
-0.020070
-0.021878
-0.020070
-0.022536
-0.023851
-0.029439
-0.021550
-0.025823
-0.017605
-0.020070
-0.017934
-0.016290
-0.014647
-0.018427
-0.016948
-0.020563
-0.015633
-0.019906
-0.025494
-0.017934
-0.018920
-0.022043
-0.019906
-0.023029
-0.017441
-0.023193
-0.023357
-0.021385
-0.021878
-0.018262
-0.022043
-0.011359
-0.016126
-0.012510
-0.024837
-0.015797
-0.017276
-0.009716
-0.022207
-0.015961
-0.021221
-0.024508
-0.021385
-0.019906
-0.018920
-0.018098
-0.015797
-0.019906
-0.015304
-0.019906
-0.011359
-0.028288
-0.019249
-0.022043
-0.020563
-0.023029
-0.021056
-0.026316
-0.021056
-0.018591
-0.019413
-0.013332
-0.016126
-0.019906
-0.020563
-0.013496
-0.020563
-0.016619
-0.019577
-0.017112
-0.020235
-0.017934
-0.021221
-0.022207
-0.022207
-0.033548
-0.018098
-0.021056
-0.019742
-0.019906
-0.018427
-0.012017
-0.008730
-0.025494
-0.018098
-0.020235
-0.025823
-0.024179
-0.018755
-0.026809
-0.019084
-0.020563
-0.021714
-0.025987
-0.017934
-0.022371
-0.018427
-0.019249
-0.016454
-0.018920
-0.018427
-0.017112
-0.016783
-0.017276
-0.019906
-0.019413
-0.025330
-0.020070
-0.014153
-0.010538
-0.016619
-0.012346
-0.009551
-0.008072
-0.006100
-0.002813
-0.003142
-0.000347
0.000146
-0.000841
-0.002155
-0.001498
0.002447
0.000639
-0.000841
-0.001169
-0.000676
-0.003635
0.001789
-0.000347
0.002940
-0.004292
0.001954
-0.002648
-0.009223
0.002775
-0.003635
-0.001005
0.001789
-0.006757
-0.009058
0.002447
-0.005278
-0.001827
-0.008401
-0.004785
-0.000676
0.003761
-0.011852
-0.001662
0.001296
-0.003470
-0.002155
-0.005114
-0.001005
-0.007415
-0.002648
-0.006757
-0.001334
-0.004456
-0.001991
-0.001662
0.005405
-0.005771
0.007049
-0.005936
-0.001334
-0.001169
-0.000841
-0.002977
-0.003635
-0.004785
-0.006429
-0.005607
-0.004292
-0.004456
-0.004292
-0.005771
-0.006264
-0.000183
-0.004292
0.000803
-0.005114
0.001789
-0.001169
-0.000676
-0.006100
-0.005771
-0.013332
-0.000512
-0.009551
-0.005607
-0.001991
-0.003963
-0.005278
-0.008894
-0.000183
-0.007250
0.002447
-0.000841
-0.006429
-0.001334
-0.007908
-0.006757
-0.010373
-0.007579
-0.011688
-0.007744
-0.005607
-0.002977
-0.009387
-0.005114
-0.000512
-0.001662
-0.005443
-0.003470
-0.009058
-0.001334
-0.008401
-0.001334
-0.012674
0.000803
-0.008401
-0.001005
-0.004949
-0.007744
-0.006757
-0.014975
-0.007579
-0.006100
-0.003635
-0.008565
-0.000347
0.000967
0.003597
-0.010209
-0.005443
-0.008237
-0.003306
-0.006100
-0.002484
-0.001991
0.001296
0.002118
0.005076
-0.002648
0.011651
0.008199
0.010500
0.006884
0.009350
0.022827
0.006391
0.010993
0.009843
0.017732
0.012144
0.016581
0.026607
0.026771
0.020690
0.029566
0.024964
0.026114
0.031045
0.028086
0.027265
0.031538
0.029401
0.032360
0.033181
0.029894
0.031702
0.034496
0.038769
0.041564
0.038441
0.036304
0.046494
0.038769
0.044851
0.037783
0.037619
0.037948
0.030716
0.019540
-0.002648
0.003104
-0.000347
0.004912
0.004419
0.009514
0.008857
0.013459
0.013294
0.014116
0.009678
0.014116
0.003433
-0.002648
0.003268
-0.000347
0.012472
0.001789
0.013130
0.003268
0.009843
0.016253
0.023320
0.007049
0.016910
0.013294
0.020197
0.019704
0.024470
0.022663
0.016746
0.020526
0.019868
0.021019
0.022169
0.026278
0.020197
0.031209
0.030387
0.036304
0.034332
0.029401
0.031209
0.034989
0.031538
0.037619
0.037290
0.035647
0.041070
0.034496
0.035318
0.038441
0.027100
0.037126
0.041399
0.038934
0.042221
0.046823
0.052247
0.050439
0.045179
0.044358
0.049617
0.037783
0.045015
0.046330
0.048631
0.046823
0.052082
0.053890
0.052904
0.056356
0.062437
0.061615
0.059478
0.060300
0.063587
0.065888
0.063259
0.072956
0.060300
0.066053
0.064574
0.068189
0.063752
0.067861
0.073449
0.070819
0.065560
0.067861
0.075585
0.075750
0.078380
0.076736
0.079530
0.075257
0.078873
0.078380
0.080352
0.073778
0.084789
0.082817
0.083475
0.084954
0.086762
0.078708
0.087912
0.085776
0.094651
0.099582
0.089227
0.092350
0.092843
0.096130
0.087584
0.095801
0.087584
0.096623
0.091364
0.097609
0.092843
0.091692
0.096788
0.099417
0.098760
0.102211
0.105334
0.103033
0.098595
0.097281
0.109607
0.095801
0.109114
0.100239
0.112073
0.103197
0.110758
0.105334
0.111744
0.107471
0.108786
0.112894
0.110429
0.113388
0.112401
0.114209
0.113223
0.113059
0.115853
0.115195
0.118483
0.123249
0.123906
0.112401
0.117168
0.120619
0.119140
0.122098
0.122592
0.132946
0.126207
0.125386
0.129659
0.112073
0.122756
0.123742
0.125386
0.121605
0.133275
0.125221
0.129988
0.129166
0.135576
0.131302
0.135083
0.127851
0.130152
0.131467
0.134097
0.127687
0.134590
0.131302
0.134754
0.137548
0.135411
0.133932
0.135904
0.137384
0.142479
0.143958
0.138534
0.140013
0.138863
0.141164
0.148396
0.139849
0.141986
0.147081
0.138863
0.139520
0.140506
0.140835
0.135411
0.145108
0.144615
0.145930
0.150204
0.143629
0.151190
0.149382
0.133603
0.017403
0.026114
0.014116
0.024799
0.014445
0.025128
0.024964
0.023649
0.029566
0.030059
0.032853
0.030387
0.039263
0.032524
0.042878
0.038605
0.037619
0.035154
0.040413
0.039263
0.041070
0.037126
0.040413
0.041564
0.039920
0.048960
0.047152
0.046330
0.053726
0.058328
0.055698
0.053726
0.051754
0.054383
0.049124
0.011651
0.003761
0.012472
0.007377
0.005898
0.008035
0.012308
0.001460
0.010171
0.010171
0.011158
0.009678
0.004255
0.016417
0.013623
0.017074
0.015595
0.020197
0.014116
0.022663
0.017732
0.018389
0.024635
0.022827
0.025292
0.024964
0.024799
0.024142
0.006884
0.019211
0.027100
0.028744
0.022663
0.030387
0.035318
0.031373
0.036469
0.030223
0.032688
0.034825
0.032853
0.037455
0.042385
0.039920
0.034661
0.042221
0.042221
0.043207
0.045179
0.046330
0.044522
0.047152
0.044851
0.050274
0.049124
0.049781
0.049453
0.055863
0.061286
0.062930
0.064245
0.063916
0.057671
0.057177
0.063259
0.059478
0.061615
0.060136
0.066053
0.066710
0.073778
0.068189
0.069176
0.065067
0.069669
0.067203
0.076079
0.072627
0.073778
0.069997
0.077886
0.079366
0.077065
0.075092
0.082653
0.081667
0.077393
0.092186
0.082653
0.088405
0.081338
0.089227
0.083475
0.092186
0.087912
0.093993
0.091528
0.085611
0.089063
0.090378
0.087584
0.091528
0.096130
0.092679
0.099582
0.094651
0.100568
0.098431
0.102376
0.095473
0.104184
0.099910
0.100568
0.103362
0.106813
0.101718
0.110429
0.105334
0.099582
0.111251
0.099582
0.111908
0.110100
0.108457
0.112894
0.118318
0.113716
0.119633
0.114045
0.116182
0.115853
0.114867
0.117332
0.121934
0.121605
0.119797
0.123249
0.119140
0.126865
0.109772
0.121605
0.123578
0.130645
0.122263
0.129988
0.133439
0.132453
0.129001
0.134097
0.125714
0.133275
0.125879
0.129001
0.130152
0.131138
0.134918
0.133932
0.138534
0.136562
0.144122
0.133275
0.139849
0.137548
0.137219
0.138041
0.140835
0.139027
0.144122
0.135247
0.134918
0.141328
0.147409
0.149217
0.153326
0.145602
0.148724
0.147738
0.152833
0.147574
0.151847
0.150532
0.149053
0.151683
0.149382
0.155299
0.149053
0.151847
0.152998
0.156942
0.153655
0.161709
0.156285
0.158421
0.163681
0.155134
0.162366
0.158914
0.161051
0.165982
0.162859
0.159901
0.159901
0.164831
0.162530
0.163023
0.167132
0.166146
0.167297
0.164831
0.168283
0.167954
0.164831
0.166804
0.163023
0.171406
0.167297
0.171077
0.170584
0.173378
0.173378
0.182253
0.172885
0.174693
0.173707
0.177487
0.171734
0.181924
0.176008
0.178637
0.174857
0.173378
0.176501
0.174528
0.175021
0.171570
0.185212
0.173707
0.180774
0.179952
0.186033
0.179295
0.186691
0.179788
0.182911
0.184718
0.189978
0.182417
0.183239
0.178966
0.180774
0.169762
0.181267
0.189485
0.179130

Kurve 3

-0.034041
-0.031411
-0.031740
-0.040779
-0.038314
-0.031575
-0.035027
-0.030918
-0.035356
-0.028946
-0.030754
-0.030260
-0.025823
-0.025165
-0.026973
-0.029274
-0.029110
-0.031411
-0.032726
-0.034205
-0.036177
-0.035520
-0.032726
-0.034369
-0.028124
-0.030096
-0.037492
-0.032397
-0.032233
-0.031575
-0.028946
-0.031082
-0.030096
-0.026480
-0.033383
-0.025823
-0.037657
-0.030096
-0.030425
-0.032068
-0.034534
-0.032397
-0.026809
-0.033055
-0.030260
-0.032890
-0.029932
-0.026809
-0.035356
-0.028453
-0.029439
-0.031575
-0.035520
-0.032233
-0.036177
-0.036835
-0.032890
-0.034862
-0.032233
-0.034205
-0.036177
-0.032068
-0.034369
-0.037985
-0.029932
-0.034205
-0.030425
-0.030754
-0.030754
-0.035684
-0.032233
-0.034369
-0.036342
-0.032890
-0.033055
-0.029767
-0.029932
-0.028617
-0.027466
-0.029110
-0.032233
-0.029603
-0.026316
-0.030754
-0.032726
-0.027466
-0.038314
-0.031411
-0.033055
-0.034369
-0.034205
-0.038643
-0.033548
-0.029439
-0.030260
-0.034205
-0.022864
-0.028124
-0.027959
-0.023851
-0.026316
-0.032068
-0.029110
-0.036670
-0.029439
-0.040779
-0.036506
-0.029767
-0.029603
-0.031082
-0.024508
-0.024179
-0.024344
-0.027466
-0.025494
-0.027466
-0.029603
-0.025823
-0.031575
-0.027795
-0.028946
-0.030096
-0.029932
-0.031575
-0.028946
-0.025165
-0.027466
-0.028617
-0.030754
-0.028288
-0.026480
-0.033548
-0.025165
-0.029767
-0.027466
-0.029932
-0.022536
-0.035356
-0.032890
-0.030260
-0.034205
-0.034862
-0.034698
-0.027302
-0.025165
-0.028453
-0.028288
-0.024837
-0.030589
-0.028453
-0.029110
-0.030096
-0.031247
-0.030260
-0.032726
-0.025165
-0.036177
-0.026152
-0.027631
-0.021221
-0.027631
-0.023029
-0.023686
0.003597
-0.012346
0.003268
-0.000676
-0.002813
-0.003306
-0.006593
-0.004128
-0.005278
-0.000676
-0.006593
-0.004292
-0.005936
0.004748
-0.004128
0.001460
-0.003306
-0.004621
-0.001991
-0.003470
-0.004456
-0.004456
-0.006100
-0.011524
-0.001991
-0.005278
-0.000183
-0.000841
-0.001498
-0.006264
-0.003142
0.000146
0.001625
-0.007744
-0.006922
0.001132
-0.003470
-0.001334
-0.007744
-0.001334
-0.013167
-0.007086
-0.010045
-0.002648
0.000310
0.003433
0.002282
-0.000512
-0.000676
-0.000347
0.000803
-0.009058
0.001132
0.003761
0.000310
-0.000019
-0.000019
0.000146
-0.000019
-0.000019
-0.000019
-0.000019
-0.000183
0.000146
-0.000183
-0.000019
-0.000019
-0.000019
0.000146
-0.000183
-0.000183
-0.003306
0.002118
-0.002155
-0.001169
0.000803
-0.000183
0.002118
0.005569
0.004255
0.002447
0.008035
0.004090
0.004419
0.001460
0.000803
-0.000512
0.000639
0.000146
0.003597
0.001460
0.007706
0.008363
0.006062
0.011322
0.012308
0.012308
0.006227
0.017074
0.010829
0.017403
0.019540
0.024306
0.017567
0.019868
0.019047
0.017896
0.011651
0.021512
0.021183
0.024306
0.022663
0.033510
0.031209
0.028415
0.033181
0.023156
0.031045
0.009021
0.001789
-0.003963
0.004255
0.003104
0.005076
0.005076
0.004090
0.005898
0.007049
0.008692
0.013952
0.011486
0.014280
0.012801
0.012472
0.016253
0.014609
0.016910
0.015924
0.022334
0.015760
0.020033
0.016417
0.018554
0.022827
0.025785
0.020033
0.025128
0.034825
0.027429
0.031045
0.037948
0.037290
0.025621
0.026936
0.028251
0.033839
0.032853
0.041564
0.034661
0.037290
0.041235
0.041564
0.037290
0.049781
0.041399
0.045015
0.048138
0.049453
0.045179
0.044851
0.047973
0.038934
0.053890
0.044851
0.055041
0.050439
0.054055
0.052082
0.060465
0.062766
0.066053
0.059478
0.068025
0.061944
0.062273
0.057671
0.061286
0.060465
0.062108
0.064738
0.060958
0.069340
0.064902
0.070326
0.071312
0.072298
0.064080
0.072463
0.069669
0.075092
0.075092
0.070819
0.075585
0.080023
0.075914
0.075914
0.077722
0.075914
0.084132
0.077722
0.083475
0.081009
0.087255
0.085447
0.090213
0.086597
0.089063
0.087090
0.084954
0.088405
0.094322
0.084296
0.088077
0.091199
0.093829
0.105498
0.090378
0.097938
0.098267
0.103033
0.099910
0.100239
0.097938
0.104184
0.103033
0.102047
0.096459
0.104677
0.098760
0.100075
0.103033
0.102540
0.107635
0.102869
0.046166
0.000310
-0.000019
0.000474
0.003104
0.000967
0.012144
-0.003142
0.001132
0.000310
0.006884
-0.002977
0.001789
0.009350
0.002611
0.011979
0.010007
0.018554
0.006556
0.017403
0.010664
0.014609
0.008528
0.012965
0.011158
0.014938
0.012144
0.012144
0.008035
0.011158
-0.001662
0.004748
-0.003470
0.003761
0.007377
0.003761
0.006062
0.009021
0.009021
0.006720
0.008857
-0.001334
0.009021
0.006556
0.013952
0.010829
0.011651
0.012965
0.019868
0.018554
0.024142
0.019047
0.018225
0.018882
0.020526
0.023156
0.023813
0.023813
0.026771
0.028415
0.020690
0.026443
0.025457
0.026771
0.029237
0.037455
0.037290
0.039427
0.037619
0.039920
0.038441
0.034825
0.039263
0.031867
0.039098
0.035154
0.042057
0.039263
0.045508
0.043371
0.046987
0.046823
0.051096
0.045179
0.055041
0.054548
0.052247
0.057342
0.047152
0.057999
0.060465
0.050110
0.051425
0.056520
0.052575
0.058821
0.056191
0.059478
0.059150
0.063094
0.057013
0.065231
0.062437
0.068847
0.064574
0.066546
0.062108
0.068354
0.066546
0.068518
0.066217
0.064574
0.072956
0.076900
0.077229
0.076243
0.077065
0.074435
0.080516
0.077065
0.079037
0.085940
0.080352
0.074271
0.079366
0.080023
0.082488
0.077722
0.092186
0.087255
0.092021
0.085940
0.088898
0.095308
0.093993
0.097281
0.090706
0.087748
0.095308
0.089720
0.095966
0.093500
0.094487
0.093500
0.100403
0.105170
0.098595
0.102540
0.105827
0.101225
0.107964
0.097445
0.110265
0.100732
0.106649
0.103033
0.103855
0.102211
0.107964
0.102540
0.111087
0.108457
0.120291
0.115031
0.114374
0.114702
0.114209
0.118976
0.112237
0.119797
0.115360
0.121112
0.119797
0.119797
0.117168
0.120784
0.117661
0.118976
0.119140
0.122263
0.124399
0.127851
0.120455
0.122756
0.128508
0.120619
0.126207
0.125386
0.125714
0.126700
0.129823
0.126043
0.134590
0.128015
0.130481
0.127851
0.132453
0.131631
0.135904
0.134261
0.136726
0.133603
0.139356
0.142643
0.135083
0.135083
0.134261
0.137219
0.137712
0.150697
0.136891
0.141164
0.141657
0.134754
0.147081
0.144944
0.140835
0.144122
0.143465
0.140671
0.144451
0.141000
0.145602
0.148889
0.151025
0.142150
0.149053
0.152011
0.145273
0.143465
0.146423
0.145602
0.148067
0.144122
0.135411
0.146423
0.141328
0.144780
0.145930
0.150368
0.141000
0.145108
0.122920
0.127029
0.121277
0.127687
0.129823
0.131138
0.124235
0.129001
0.123249
0.122263
0.128673
0.127194
0.121770
0.123906
0.123742
0.121770
0.123249
0.121277
0.128344
0.123578
0.124728
0.116510
0.125714
0.126700
0.126207
0.131631
0.125879
0.133932
0.122592
0.132782
0.126865
0.130316
0.129166
0.008035
0.000146
-0.001498
0.000474
0.002282
0.002611
0.004912
0.000967
0.003926
-0.012510
-0.001334
0.000639
0.003104
-0.000347
0.000639
-0.005114
-0.000841
-0.000183
-0.002813
0.000310
0.002447
0.000146
0.003926
0.003761
-0.001498
0.008035
0.000803
0.005076
0.009350
0.008692
0.007377
0.007542
0.005734
0.007542
0.010993
0.011815
0.010336
0.011815
0.021348
0.017074
0.027922
0.017732
0.024964
0.024964
0.022663
0.024799
0.025621
0.019540
0.031538
0.021841
0.027758
0.035318
0.032031
0.029730
0.039756
0.035154
0.035975
0.039920
0.035811
0.043043
0.043700
0.044851
0.042714
0.044522
0.035482
0.046823
0.041564
0.000146
0.001132
0.002611
-0.002320
0.004090
0.004419
0.003268
0.005405
0.003761
0.007049
-0.003799
0.004090
0.002775
0.005569
0.002611
0.009678
0.004090
0.007706
0.008692
0.009021
0.006556
0.013459
0.012965
0.022169
0.019704
0.015266
0.016253
0.018718
0.023813
0.021841
0.022991
0.017074
0.025457
0.015431
0.023813
0.024470
0.025785
0.027758
0.033839
0.019047
0.016253
0.002775
-0.011359
-0.008072
-0.004292
-0.000676
-0.005771
-0.001991
-0.006100
0.001625
-0.001991

Kurve 4

-0.000841
-0.001498
-0.003470
-0.021056
-0.007415
0.004090
-0.000183
-0.000183
-0.002648
-0.001498
-0.005278
-0.007250
-0.006593
-0.008072
-0.009223
-0.009058
-0.003470
-0.019249
-0.004949
-0.006429
-0.001498
-0.007579
0.000146
-0.007415
-0.000841
-0.026645
-0.008894
-0.007250
-0.009058
-0.013496
-0.011688
-0.018098
-0.020563
-0.016454
-0.021056
-0.017112
-0.028288
-0.025165
-0.033219
-0.032561
-0.044066
-0.037657
-0.043080
-0.045710
-0.046203
-0.049326
-0.053599
-0.052284
-0.055243
-0.051956
-0.051462
-0.049490
-0.056229
-0.051462
-0.046203
-0.049490
-0.046203
-0.049983
-0.048833
-0.049819
-0.050969
-0.045874
-0.049819
-0.053763
-0.050641
-0.054750
-0.053763
-0.050641
-0.051134
-0.051956
-0.049655
-0.050805
-0.050148
-0.060831
-0.043245
-0.049819
-0.052942
-0.051134
-0.047682
-0.046696
-0.048175
-0.043738
-0.034041
-0.032726
-0.032397
-0.031411
-0.029767
-0.028453
-0.034205
-0.040615
-0.033055
-0.038971
-0.031411
-0.038971
-0.039464
-0.045874
-0.044888
-0.051134
-0.045217
-0.049819
-0.050805
-0.054092
-0.049326
-0.049490
-0.043573
-0.057708
-0.012839
-0.012510
-0.026809
-0.008894
0.000474
-0.005443
-0.013660
-0.002155
0.001789
-0.003635
-0.003799
-0.001169
-0.005771
-0.004621
-0.010866
-0.007415
-0.017605
-0.019742
-0.021221
-0.020563
-0.032068
-0.037821
-0.040451
-0.046039
-0.040122
-0.038314
-0.025165
-0.033055
-0.025658
-0.025987
-0.036342
-0.013332
0.003268
-0.005607
0.000803
-0.004456
-0.002484
-0.004785
-0.004621
-0.005936
-0.007415
-0.005936
-0.014647
-0.010538
-0.004456
-0.011195
-0.011195
-0.001334
-0.005936
-0.005443
-0.012674
-0.012017
-0.018427
-0.021056
-0.032726
-0.029603
-0.037821
-0.036999
-0.034041
-0.035849
-0.039793
-0.037657
-0.044888
-0.045053
-0.046696
-0.054257
-0.042752
-0.041108
-0.039464
-0.029603
-0.005443
-0.006757
-0.007250
-0.008730
-0.007908
-0.006429
-0.003142
-0.000019
-0.001005
0.006062
-0.008401
0.010336
0.001296
0.002118
-0.000676
-0.002320
-0.008730
-0.012017
-0.013003
-0.009223
-0.013003
-0.015140
-0.010373
-0.014318
-0.012510
-0.019249
-0.019906
-0.016454
-0.019577
-0.029110
-0.021878
-0.023193
-0.026480
-0.021714
-0.015140
-0.014482
-0.012017
-0.007415
-0.009387
-0.014647
-0.006922
-0.017276
-0.015468
-0.018427
-0.023193
-0.018920
-0.031575
-0.022864
-0.041437
-0.030096
-0.039793
-0.035027
-0.041272
-0.027795
-0.012839
-0.009551
0.001132
-0.002813
0.002447
-0.002484
0.005898
0.001789
-0.001005
-0.002813
-0.001991
0.004912
-0.000183
-0.002813
0.000146
-0.000183
-0.000019
-0.000019
-0.002813
-0.002155
0.000967
0.001132
0.006227
0.006720
0.011979
0.012965
0.006062
0.012801
0.008035
0.002775
0.009843
0.014280
0.007377
0.014938
0.007213
0.006720
0.009350
0.011486
0.009843
0.013130
0.013623
0.015760
0.020855
0.010007
0.011651
0.008363
0.005734
0.006884
0.008692
0.002447
0.002775
0.002282
-0.004456
-0.008565
-0.006100
-0.016454
-0.009058
-0.023522
-0.026973
-0.025658
-0.028946
-0.025823
-0.032068
-0.032233
-0.033876
-0.015633
0.000146
-0.003306
-0.006593
0.000474
-0.002484
0.001132
-0.000676
-0.000019
-0.000019
-0.000019
-0.000019
0.000146
-0.000019
0.000146
0.000146
-0.001498
-0.001334
-0.005771
0.003761
-0.006429
0.002775
-0.001334
-0.000841
0.001625
0.008528
0.004748
0.008363
0.007049
0.007870
0.004912
0.001954
0.005898
-0.000019
0.010664
0.004090
0.013130
0.014609
0.014773
0.014280
0.015924
0.007870
0.008035
0.015102
0.013952
0.013459
0.016581
0.011979
0.015924
0.014116
0.016581
0.018225
0.026443
0.017074
0.017403
0.018389
0.017567
0.017239
0.020033
0.012801
0.019540
0.009678
-0.001498
-0.009223
-0.010702
-0.012839
-0.019906
-0.025494
-0.025823
-0.028617
-0.030096
-0.018262
-0.011524
-0.014318
-0.017112
-0.024179
-0.014647
-0.014318
-0.007579
-0.001827
0.002611
-0.007250
0.000639
-0.004128
-0.001334
-0.001005
-0.000347
-0.004128
0.005076
-0.004621
0.000146
-0.006922
-0.006264
-0.001827
-0.005936
-0.004456
-0.006429
-0.008237
-0.014318
-0.017769
-0.020563
-0.028781
-0.024344
-0.020070
-0.011195
0.003761
-0.004292
-0.000841
-0.005278
-0.007086
-0.001662
-0.001498
-0.004456
-0.006100
-0.009058
-0.011524
0.001954
-0.010045
-0.006429
-0.010209
-0.005607
-0.001005
-0.000347
-0.006429
-0.000841
-0.000512
-0.000841
-0.003963
-0.006757
-0.002977
-0.008565
-0.003470
-0.009716
0.000803
-0.006757
-0.005278
-0.010373
-0.001827
-0.006593
-0.002320
-0.006429
0.004419
0.004912
0.004255
-0.001005
-0.004456
0.000146
-0.005114
0.004583
-0.002484
0.003268
0.003761
0.001625
-0.001991
-0.002484
0.005241
0.007706
0.000310
0.009843
0.006720
-0.001991
0.007706
-0.005607
-0.001498
-0.012510
0.000967
-0.005278
-0.002484
-0.008730
-0.000183
-0.002484
-0.001498
-0.015797
-0.010373
-0.009716
-0.007250
-0.003635
-0.002813
-0.008565
-0.007086
-0.005114
-0.008401
-0.003470
-0.002484
-0.001827
-0.009551
-0.005278
-0.007908
-0.002155
-0.002977
0.003761
-0.003306
-0.005443
-0.005936
0.002447
0.000639
0.003761
0.005076
0.004419
0.003433
0.006556
0.005076
0.010993
0.006720
0.010829
0.013952
0.012965
0.018225
0.018225
0.019047
0.022334
0.016910
0.013952
0.016253
0.018554
0.014116
0.021183
0.020690
0.013294
0.021348
0.022334
0.023649
0.000146
-0.000512
0.003268
-0.001827
0.004748
0.000639
-0.007086
-0.002648
0.004090
-0.004456
0.003104
0.005734
0.006556
0.007049
0.008528
0.009678
0.008857
0.012801
0.011158
0.009678
0.008692
0.014445
0.011651
0.015760
0.013294
0.019375
0.015760
0.018061
0.012965
0.024635
0.022498
0.019540
0.024306
0.026936
0.026443
0.023977
0.032360
0.025128
0.027922
0.031373
0.035975
0.029401
0.037290
0.031538
0.034332
0.031867
0.036304
0.037126
0.045179
0.039263
0.043371
0.045672
0.034989
0.039591
0.046823
0.050768
0.040906
0.044851
0.048138
0.051754
0.048795
0.050768
0.051096
0.054876
0.048631
0.056684
0.054219
0.058821
0.055205
0.062766
0.057013
0.056191
0.058657
0.060300
0.060300
0.056027
0.062766
0.058657
0.056191
0.063752
0.067368
0.057506
0.069340
0.065724
0.067203
0.069833
0.071641
0.075257
0.065888
0.063094
0.062930
0.079366
0.064409
0.073120
0.068354
0.070326
0.067861
0.052575
0.047809
0.048960
0.046823
0.049781
0.054712
0.052904
0.046659
0.047973
0.042714
0.040906
0.046659
0.040742
0.052082
0.014773
0.008857
-0.004128
-0.001827
-0.004292
0.000639
-0.000347
0.001789
0.000967
-0.001827
-0.001169
0.000639
0.000474
0.003761
0.008528
0.007049
0.010829
0.009843
0.012472
0.015595
0.015595
0.011979
0.017074
0.012144
0.021512
0.018882
0.013459
0.019211
0.028579
0.021676
0.025457
0.021841
0.022334
0.023156
0.025621
0.031538
0.035482
0.029401
0.033839
0.034168
0.030880
0.043207
0.028579
0.026771
0.024964
0.034989
0.027429
0.037455
0.040742
0.039591
0.040742
0.041892
0.030552
0.048302
0.046823
0.035975
0.038441
0.045672
0.049124
0.048467
0.048302
0.042221
0.049946
0.044522
0.043865
0.047809
0.048467
0.049288
0.052575
0.051261
0.053069
0.057671
0.053397
0.050932
0.051918
0.057671
0.051754
0.056191
0.046823
0.055205
0.051425
0.053726
0.059150
0.057177
0.054219
0.057013
0.054876
0.046330
0.055370
0.054548
0.045672
0.042550
0.044522
0.034661
0.033674
0.029566
0.034003
0.025621
0.027429
0.023156
0.022334
0.014773
0.003761
-0.001498
0.008692
0.012801
0.003268
0.007870
0.001460
0.001460
-0.004621
-0.004128
-0.011359
-0.001498
-0.019742
-0.006100
-0.012017
-0.010373
-0.014482
-0.011852
-0.015304
-0.013167
-0.015468
-0.015797
-0.018262
-0.017769
-0.015633
-0.020399
-0.017769
-0.017934
-0.016619
-0.026152
-0.016948
-0.007908
-0.011852
-0.020728
-0.016619
-0.018427
-0.020563
-0.013660
-0.005771
-0.003963
-0.005443
-0.001169
0.004255
-0.001827
-0.001991
-0.002155
-0.002813
-0.000512
-0.000183
0.001296
0.002118
-0.000019
-0.000183
-0.000019
-0.000347
0.000474
-0.000019
-0.000512
-0.000512
-0.000183
-0.000183
-0.000841
-0.000019
-0.001827
0.000310
-0.000347
-0.000183
-0.001169
0.000146
0.000146

Kurve 5

-0.039464
-0.043902
-0.040944
-0.046532
-0.040122
-0.060009
-0.047518
-0.050148
-0.037492
-0.047518
-0.045710
-0.043902
-0.043080
-0.040451
-0.038150
-0.043573
-0.048340
-0.046696
-0.045710
-0.043245
-0.052284
-0.047682
-0.052613
-0.040944
-0.037492
-0.040286
-0.042752
-0.044559
-0.045710
-0.043573
-0.042258
-0.053270
-0.043738
-0.042094
-0.044724
-0.044066
-0.042094
-0.046039
-0.043409
-0.046203
-0.045546
-0.041930
-0.043245
-0.043902
-0.042752
-0.045053
-0.040779
-0.039136
-0.041437
-0.041601
-0.045546
-0.040615
-0.042587
-0.043902
-0.050312
-0.039958
-0.055078
-0.037821
-0.046696
-0.044724
-0.043738
-0.040122
-0.041930
-0.042752
-0.039300
-0.051134
-0.037492
-0.042916
-0.044888
-0.040779
-0.036342
-0.057872
-0.041272
-0.045217
-0.046532
-0.050805
-0.046203
-0.045710
-0.041930
-0.037163
-0.043738
-0.037163
-0.037985
-0.039958
-0.041601
-0.039136
-0.042752
-0.043409
-0.045546
-0.039629
-0.042587
-0.041108
-0.041437
-0.040122
-0.042258
-0.036670
-0.039793
-0.040451
-0.043080
-0.043573
-0.042258
-0.040451
-0.041765
-0.039629
-0.037821
-0.037821
-0.039958
-0.047682
-0.032890
-0.046039
-0.035684
-0.038478
-0.036342
-0.039136
-0.036506
-0.037328
-0.032561
-0.040122
-0.039793
-0.040122
-0.042258
-0.038807
-0.037163
-0.036013
-0.038807
-0.047354
-0.037985
-0.053106
-0.041601
-0.037163
-0.033548
-0.027959
-0.030096
-0.033055
-0.040779
-0.034698
-0.035356
-0.036670
-0.034698
-0.041272
-0.035684
-0.034862
-0.031740
-0.033383
-0.032068
-0.036342
-0.031904
-0.034862
-0.032068
-0.034205
-0.036999
-0.039958
-0.039958
-0.037163
-0.036177
-0.035191
-0.038478
-0.032233
-0.029767
-0.028288
-0.031740
-0.026645
-0.037163
-0.029603
-0.040615
-0.024672
-0.041601
-0.032561
-0.034369
-0.032397
-0.036177
-0.033712
-0.028781
-0.035027
-0.035027
-0.033876
-0.032233
-0.032233
-0.030589
-0.033055
-0.031411
-0.034205
-0.031904
-0.034041
-0.039958
-0.032068
-0.033055
-0.036013
-0.036342
-0.034041
-0.037328
-0.026152
-0.031740
-0.030918
-0.029932
-0.031575
-0.034041
-0.031575
-0.034041
-0.029767
-0.031411
-0.030096
-0.034862
-0.032233
-0.036013
-0.033876
-0.032068
-0.032890
-0.029603
-0.022864
-0.030425
-0.032561
-0.026973
-0.031247
-0.028946
-0.033055
-0.034041
-0.034041
-0.031740
-0.035684
-0.025823
-0.045381
-0.034698
-0.030096
-0.031575
-0.029110
-0.024837
-0.030754
-0.029603
-0.028124
-0.032890
-0.028781
-0.035520
-0.026973
-0.025494
-0.026152
-0.033383
-0.028288
-0.027795
-0.037657
-0.029439
-0.029274
-0.033548
-0.025823
-0.026809
-0.025987
-0.029767
-0.030589
-0.027795
-0.022043
0.000146
-0.002648
-0.000841
-0.002155
0.005569
-0.004621
-0.005607
-0.001991
0.003597
0.008692
0.006062
0.000146
0.006062
0.004255
0.003104
0.006227
0.006391
0.004255
-0.001827
0.000474
-0.004456
0.000310
0.007870
0.002611
-0.006100
0.000146
-0.002484
0.011651
0.009021
0.008528
0.004912
0.000474
-0.000183
-0.002155
0.003597
-0.001662
0.001789
0.001625
0.006556
0.004583
0.008692
0.008199
0.013130
0.011158
0.012637
0.013294
0.010829
0.012965
0.012637
0.017403
0.009843
0.011322
0.019540
0.017403
0.018225
0.019704
0.005241
-0.000019
-0.003635
0.011322
0.000474
-0.001005
-0.000019
-0.000512
-0.000183
-0.000676
-0.004456
0.001789
0.002118
0.001954
0.003926
0.004583
0.006884
0.009843
0.010007
0.005734
0.013294
0.007213
0.015102
0.016253
0.022169
0.014938
0.017567
0.014445
0.022169
0.011979
0.017239
0.022005
0.020526
0.023977
0.025785
0.027593
0.027429
0.033181
0.032360
0.035975
0.030552
0.034332
0.026771
0.044358
0.030059
0.037455
0.023813
0.035975
0.036633
0.041892
0.044522
0.039920
0.039263
0.046166
0.040413
0.037948
0.039756
0.042550
0.040742
0.041564
0.046166
0.039756
0.049946
0.045015
0.045179
0.047316
0.048795
0.051096
0.053069
0.043865
0.049453
0.055698
0.052740
0.056191
0.053233
0.058328
0.057506
0.063587
0.055205
0.062437
0.052411
0.061779
0.063423
0.067203
0.067368
0.069504
0.067203
0.069340
0.071477
0.066381
0.070490
0.069504
0.075421
0.070162
0.072791
0.070819
0.074928
0.077886
0.069011
0.073942
0.077886
0.078380
0.079037
0.072627
0.075914
0.076572
0.080681
0.074106
0.078708
0.078708
0.074106
0.080187
0.079037
0.084625
0.080681
0.083639
0.083639
0.088898
0.089556
0.094815
0.083475
0.042221
0.028251
0.027593
0.026936
0.028744
0.029072
0.029401
0.004419
-0.001498
0.000474
-0.000019
-0.007744
0.003104
0.004748
0.008363
0.008528
0.010829
0.004748
0.011486
0.011815
0.011322
0.015266
0.011322
0.010993
0.014938
0.010664
0.018225
0.015924
0.022663
0.022169
0.024142
0.018389
0.026443
0.034661
0.025292
0.026771
0.027758
0.024635
0.024306
0.034825
0.027100
0.033346
0.026114
0.038934
0.024964
0.034989
0.037619
0.043371
0.046330
0.050110
0.041235
0.043371
0.044358
0.040413
0.040413
0.045179
0.042714
0.046001
0.048302
0.051425
0.054383
0.052247
0.052411
0.062601
0.057177
0.053726
0.060300
0.064245
0.055863
0.052904
0.055698
0.058657
0.056027
0.059478
0.067203
0.060300
0.063423
0.064080
0.068189
0.067532
0.064245
0.069997
0.068847
0.073120
0.070490
0.074271
0.073942
0.077229
0.068682
0.074106
0.069997
0.075092
0.076079
0.078051
0.074764
0.088241
0.082817
0.082653
0.084296
0.085447
0.084461
0.085776
0.084954
0.084625
0.087255
0.081831
0.088898
0.085611
0.091364
0.089556
0.087419
0.086926
0.083310
0.092021
0.093336
0.095637
0.094158
0.095144
0.094158
0.093665
0.093665
0.097938
0.089720
0.101883
0.095144
0.100075
0.099417
0.098595
0.099417
0.105827
0.115360
0.112566
0.112401
0.109607
0.110429
0.105498
0.108786
0.107471
0.109114
0.109279
0.113881
0.110100
0.114867
0.109114
0.126372
0.110429
0.119469
0.116675
0.118976
0.113388
0.118318
0.114702
0.113716
0.121441
0.120291
0.110922
0.115360
0.072134
0.069669
0.075914
0.071477
0.075092
0.064738
0.080023
0.085940
0.083310
0.083968
0.081338
0.081009
0.079037
0.078380
0.080681
0.081502
0.079530
0.088570
0.084461
0.088734
0.087584
0.093172
0.086433
0.096130
0.088570
0.095801
0.092021
0.092186
0.094158
0.099746
0.092514
0.097116
0.095801
0.093336
0.099582
0.104677
0.099910
0.099910
0.105170
0.102211
0.108293
0.106649
0.109936
0.101390
0.102211
0.103855
0.107799
0.104184
0.104512
0.109772
0.108621
0.111087
0.112073
0.115195
0.109936
0.108293
0.121277
0.120455
0.110593
0.117003
0.124564
0.118318
0.114209
0.035318
0.000146
-0.030918
-0.024344
-0.021550
-0.018591
-0.010866
-0.010045
-0.002648
0.002611
0.004748
0.013952
0.019211
0.018225
0.005076
0.009350
0.002447
0.000967
0.002611
0.011158
0.014773
0.021676
0.029401
0.002611
0.002118
-0.000019
0.008363
-0.000512
-0.000019
0.000474
-0.000019
-0.000019
0.000146
-0.000019
0.000146
-0.000512
-0.000019
-0.000019
0.000146
-0.000019
-0.000019
0.000310
0.000146
-0.000019
-0.000019
-0.000183
-0.001005
-0.000183
0.000146
0.000146
-0.000183
0.000146
0.000146
0.000146
-0.000183
-0.000019
-0.000019
0.000146
-0.000183
-0.000019
-0.000019
-0.000019
0.000146
-0.000019
-0.000183
-0.000019
-0.000019
-0.000019
-0.000019
0.000146
0.001296
0.001460
-0.000019
0.000639
-0.000019
0.000146
-0.000019
-0.000183
-0.000019
0.000146
0.000146
-0.000019
-0.000019
0.000146
0.000146
-0.000019
0.000146
-0.000019
-0.000019
0.000146
-0.000019
-0.000019
-0.000019
0.000474
-0.000183
-0.000183
-0.000019
-0.000019
-0.000019
-0.000019
-0.000183
-0.000183
-0.000183
0.000310
-0.002155
0.000639
0.001789
-0.001005
0.001460
0.000803
0.001132
-0.000019
0.001460
-0.000841
-0.000841
-0.005278
-0.007415
0.007542
-0.008730
-0.004292
-0.007579
0.003268
0.004583
0.006391
0.002775
0.006884
0.007706
0.009350
0.007542
0.013787
0.002118
0.011815
0.008692
0.010007
0.006556
0.013623
0.013787
0.014445
0.015924
0.014116
0.015431
0.015431
0.013294
0.005734
0.009678
0.005076
0.011979
0.000310
0.001296
0.000310
-0.002813
0.005569
0.000310

