Ladekurvenmessung
Zeit: 2018_05_03 14.54.03
Info: SHC320, v = 0.614, T = 40, F = 20, h = 461.9
Ladewiderstand[Ohm]: 1012700
Störkapazität[pF]: 0.000000
Entladezeit[ms]: 200
Abtastrate[Hz]: 250000
Anzahl der Messwerte: 2500.000000
Verzögerung[ms]: 3
Ladespannung[V]: 0.200000
Capacitance
1.0539669443535408e-10
1.167693985521782e-10
1.2768155560673077e-10
1.0318460605550328e-10
9.536745183556917e-11
1.0261770221752943e-10
9.746262452921167e-11
1.1521313310094205e-10
9.967340650622894e-11
1.077508527128317e-10
1.0324860009145508e-10
1.0476448728275276e-10
1.1223802311024302e-10
1.0622692068931811e-10
1.0497705405813329e-10
1.0856163738733298e-10
1.0641777249604258e-10
1.0209483946411993e-10
9.969349688828551e-11
1.1203532005077754e-10
9.76809749274994e-11
1.0393869644677498e-10
1.1133223014677616e-10
9.775112746719851e-11
1.0354991371098109e-10
1.1521486034261697e-10
1.076127140865761e-10
1.1060595339770973e-10
9.965651621904634e-11
9.999079842367996e-11
1.1071612850129927e-10
9.7982125816748e-11
1.0744961549753884e-10
1.0992860812892688e-10
9.994910473778903e-11
1.0996271172502502e-10
1.330244675166149e-10
1.0208321916279813e-10
9.831946320849102e-11
1.1232870229069933e-10
1.1202439558945318e-10
1.1364128121794171e-10
1.0695149107006485e-10
1.0707832719736951e-10
1.108741411156035e-10
1.2335032004151723e-10
1.0408628551511813e-10
1.1030236765754758e-10
1.0565165245242892e-10
1.1116764888195384e-10
1.1184086741519526e-10
1.0375580899162272e-10
1.1490738267535299e-10
1.088933733105953e-10
9.356530901631612e-11
1.07108583246087e-10
1.235727057226616e-10
1.1004229189891899e-10
1.093899194243119e-10
1.0726728861360111e-10
9.59098963748372e-11
1.0270712912990483e-10
1.0774403929848834e-10
1.0658078193677125e-10
1.030648546709251e-10
1.0269593884279692e-10
1.039139176105017e-10
1.0176440567048972e-10
1.091870149360915e-10
1.0555673627467327e-10
9.67058390102004e-11
1.0914518287660069e-10
1.0756405011012858e-10
1.1456928940318273e-10
9.923893030348914e-11
9.831055199070155e-11
9.757425368013308e-11
1.0862968295800335e-10
1.0364503205208909e-10
9.529315410486403e-11
9.607176617042786e-11
1.0440206874961925e-10
9.988684783408058e-11
1.0224210065973052e-10
1.0585844351698045e-10
1.0878132500284325e-10
1.0276802530112445e-10
1.1356004777954808e-10
1.0645352228573271e-10
