Ladekurvenmessung
Zeit: 2018_05_23 14.40.56
Info: T80, F20N, 1.24
Ladewiderstand[Ohm]: 10000000
Strkapazitt[pF]: 100.000000
Entladezeit[ms]: 100
Abtastrate[Hz]: 250000
Anzahl der Messwerte: 3000.000000
Verzgerung[ms]: 1
Ladespannung[V]: 0.200000
Capacitance
1.1223398116445014e-10
1.1886994530453356e-10
9.272672631173789e-11
1.18075236461759e-10
1.1682876208268254e-10
1.2449916533526805e-10
1.1351478070002103e-10
1.189403571178257e-10
1.093288504806712e-10
1.1343159863451269e-10
1.1054008544878678e-10
9.911772554087859e-11
1.167194740540164e-10
1.0418122398896977e-10
1.2011707527346846e-10
1.0734074982805525e-10
9.41000303710703e-11
1.0557732792612819e-10
1.1457804050516609e-10
1.0273024070668206e-10
1.0408536749176192e-10
1.012867320963477e-10
1.0011449100831375e-10
9.902214449559704e-11
1.0479532713256165e-10
1.0156110282039823e-10
1.0422190713158024e-10
1.0836063208963459e-10
1.1442729266391734e-10
1.0665455263317874e-10
1.0883653763267404e-10
1.3509450732121752e-10
1.0393180243245003e-10
1.0392362645508556e-10
1.1577827292102724e-10
1.272789797791964e-10
1.0808499573976299e-10
1.0317249419870486e-10
9.280553708404913e-11
8.815394875378957e-11
9.111776567112323e-11
1.1354282301223065e-10
1.015053119012732e-10
9.902541959373226e-11
1.1910811540431468e-10
1.1910811540431468e-10
1.0773665520419032e-10
8.034995284697323e-11
9.869113291672991e-11
8.92392109892777e-11
1.188941853212462e-10
9.492508249103726e-11
1.1488278702888536e-10
1.2327056495074384e-10
9.326463305895035e-11
9.494628909144667e-11
9.284055001727898e-11
9.526637824236189e-11
9.193593488193811e-11
1.2066037213223124e-10
9.039580767056087e-11
1.2524310025710733e-10
9.188958345686898e-11
1.1379943420056025e-10
8.819014973147647e-11
8.969130438891661e-11
8.986245695290195e-11
8.848449444124786e-11
9.991724526216473e-11
1.2034628375416728e-10
8.985075261799498e-11
8.711288668425104e-11
8.972590942492712e-11
9.516984295986534e-11
8.546632932607369e-11
8.7156230506162e-11
8.613571125526295e-11
8.427742017553543e-11
9.886587045607457e-11
1.1352743362293676e-10
8.562731044778611e-11
8.95545371406634e-11
1.1341354842343898e-10
1.1115932512902814e-10
8.470949406091512e-11
9.988750825730063e-11
8.372425509491995e-11
8.563630995216885e-11
8.487361093183049e-11
8.711149704829419e-11
8.912985949708674e-11
8.137336392229703e-11
8.898864244753282e-11
8.455458311332059e-11
1.1626640086598017e-10
8.61690272954186e-11
9.08854202878755e-11
8.622515379969082e-11
8.752222633447098e-11
8.078394601675902e-11
8.787741765040939e-11
8.471970613286704e-11
8.103601243614982e-11
8.670927036977332e-11
1.2186447685834273e-10
8.58156816507492e-11
8.48331144646414e-11
1.0092028336381867e-10
1.142052073082873e-10
8.453811262769543e-11
8.729207555677158e-11
8.632524444502282e-11
8.889588476803712e-11
8.060540990446933e-11
8.476162537086128e-11
9.763485252075206e-11
8.861367880384472e-11
8.958862770732097e-11
9.184570830341185e-11
8.87461636138382e-11
9.61137449621439e-11
1.0042556662033887e-10
8.268827695520535e-11
8.708082133949342e-11
8.944564720151497e-11
8.107376015549378e-11
8.054928370846317e-11
9.03919099319041e-11
9.43534705311815e-11
8.600107582716863e-11
9.133009574212562e-11
1.0832462228531752e-10
8.661407185289231e-11
9.310832816507156e-11
1.075157061455298e-10
8.975409921339164e-11
8.438173731733533e-11
8.797770667004064e-11
7.675112842087956e-11
9.203025458642863e-11
8.804732210533971e-11
9.293039077676116e-11
9.433460779779924e-11
9.134806495287831e-11
8.24822322472831e-11
8.799226351963606e-11
9.540931498893697e-11
8.617889016566949e-11
9.78571126586727e-11
8.495143751950181e-11
9.644601423328555e-11
8.208391593507319e-11
