Ladekurvenmessung
Zeit: 2018_05_03 13.43.35
Info: FVA3, v = 0.381, T = 40, F = 20, h = 273.5
Ladewiderstand[Ohm]: 1012700
Störkapazität[pF]: 0.000000
Entladezeit[ms]: 200
Abtastrate[Hz]: 250000
Anzahl der Messwerte: 2500.000000
Verzögerung[ms]: 3
Ladespannung[V]: 0.200000
Capacitance
1.0205072826254391e-10
1.012914757626222e-10
9.040438624770825e-11
1.088886609715189e-10
1.2864402427679927e-10
8.690578672169033e-11
1.2094984508097208e-10
2.0664475386861046e-10
1.0030729766188402e-10
1.1265814764195875e-10
1.0072538394212044e-10
1.060348471716382e-10
1.3614984343457245e-10
1.0078748368718527e-10
1.1019259347873302e-10
1.0572591543633566e-10
1.0078106966599964e-10
9.564663579961392e-11
9.967584757806223e-11
1.2513609657086202e-10
9.765040816943444e-11
7.972258238938571e-11
9.757104792584378e-11
9.225943707611643e-11
1.7289889842687844e-10
1.0018812598337333e-10
9.730243180793777e-11
9.528026993629132e-11
1.0592126132114158e-10
1.448915511647861e-10
1.028710434144894e-10
1.2351022187275104e-10
1.4135879648918137e-10
9.87582386838447e-11
1.0355217517756713e-10
1.0679159326088917e-10
1.0369723661396543e-10
9.780990869219649e-11
1.0454312159437316e-10
1.0652418751673702e-10
1.0219018519569283e-10
1.1634953590150638e-10
9.588059175725338e-11
1.2453829886604128e-10
9.790073964615817e-11
1.427504122823038e-10
1.1232380813243457e-10
9.517324707762243e-11
9.832468099074357e-11
1.0853371066954012e-10
9.954262957132125e-11
9.235580922861798e-11
9.493646659829003e-11
9.800893356925672e-11
8.86448136025971e-11
1.0045753764684123e-10
1.410167964277171e-10
9.828528995447039e-11
1.0865591155252797e-10
1.4472199275227073e-10
1.1393720042696106e-10
1.0313028219250939e-10
1.2835639572866015e-10
1.0848762809589962e-10
1.183850063401207e-10
1.0774105663447998e-10
1.340003928648755e-10
1.0905129466437081e-10
1.0049404543362892e-10
1.109035471729932e-10
9.552391137823323e-11
9.487736627904834e-11
9.604610067120148e-11
1.0780686030898145e-10
1.0498009401811224e-10
1.027271929833404e-10
1.1254891657433813e-10
1.042475881727853e-10
9.974931771011234e-11
1.0869546274504036e-10
1.0860703700264265e-10
1.0371052610606952e-10
1.2016199206658583e-10
1.2366849908823548e-10
1.2677161706413352e-10
1.195680031111159e-10
1.0706551050883257e-10
1.0675081689094754e-10
1.1090362817794355e-10
1.0168497164103554e-10
1.006321623088278e-10
1.0446457799258405e-10
9.982814886264833e-11
1.0594741608057967e-10
1.0545019976517385e-10
1.3053397945211181e-10
1.0329077879120355e-10
1.0462374476202694e-10
1.9515478726352847e-10
9.930212294502994e-11
1.083253364661743e-10
1.0273098301414096e-10
1.0202653411455112e-10
9.997275822341813e-11
9.81755638776223e-11
1.4020963592740016e-10
1.1199928058651714e-10
1.0673322926682682e-10
1.2210447413411744e-10
1.0571804169045902e-10
1.1468128840627316e-10
1.0693333593085951e-10
1.2474527867711427e-10
1.1413097406326885e-10
1.2483487541444962e-10
1.1206981278697253e-10
1.0931093092205746e-10
1.0197881525763564e-10
1.1001702801577529e-10
1.1306577001270625e-10
1.1848481762738322e-10
1.0648006644158929e-10
1.1089823288772148e-10
9.365456907824433e-11
1.0492361320664873e-10
1.0670627966088985e-10
1.0675774920613572e-10
1.6029686503259714e-10
1.0770329352187764e-10
1.1028373809825811e-10
1.0644302662667941e-10
1.964504558184742e-10
1.3289444473672042e-10
1.7406043908684245e-10
9.297444532575382e-11
1.2745847577212486e-10
1.0652746220231062e-10
1.1829826705999725e-10
1.1981849841430688e-10
1.1828555069145443e-10
1.0185595761499194e-10
1.129603920709258e-10
1.3991311561732996e-10
1.6476139818482829e-10
1.0430434676716888e-10
1.0108067412816599e-10
1.0490591759886251e-10
1.1824472763418652e-10
1.0750035992757962e-10
1.034650742479832e-10
1.1175478722315647e-10
1.0841522279579965e-10
1.0885903065902353e-10
1.1173309702391664e-10
1.0994239687576381e-10
1.444481721874172e-10
1.3772232240163605e-10
1.166106315672436e-10
1.1220789686929232e-10
1.507879131812705e-10
1.0555763546844248e-10
1.0283706499335735e-10
1.1286422237810916e-10
1.069537311196714e-10
1.0311021361381693e-10
1.053494028737286e-10
1.1545459063208036e-10
1.0172220607322704e-10
1.155313333697371e-10
1.0381313677469498e-10
1.0124547136620684e-10
1.4407486070741625e-10
9.51866729208742e-11
1.4209154619572308e-10
9.606677011485935e-11
1.1268302474421018e-10
