Ladekurvenmessung
Zeit: 2018_05_03 13.52.14
Info: FVA3, v = 1.47, T = 40, F = 20, h = 552.7
Ladewiderstand[Ohm]: 1012700
Störkapazität[pF]: 0.000000
Entladezeit[ms]: 200
Abtastrate[Hz]: 250000
Anzahl der Messwerte: 2500.000000
Verzögerung[ms]: 3
Ladespannung[V]: 0.200000
Capacitance
1.0430834858690242e-10
1.1799801792920286e-10
6.769096612238709e-11
1.0784876048402874e-10
8.964867695741626e-11
1.3175056335887283e-10
7.634170466202296e-11
1.1780263202320145e-10
8.029185611247111e-11
9.866091716900946e-11
7.331828409770742e-11
1.4222978582067363e-10
1.1169315961517224e-10
1.0216724257368617e-10
1.0048055547994242e-10
1.175790180257079e-10
9.767812467897798e-11
8.698392069601645e-11
7.799977327100041e-11
8.759672159343055e-11
7.550236080146145e-11
1.1397993328419732e-10
9.356326803236896e-11
1.0120269352971128e-10
1.0678649157695922e-10
9.380611905748865e-11
9.9046642215673e-11
1.201367355399116e-10
1.0972297421001384e-10
9.810949558409472e-11
1.0334254141308026e-10
9.823270794725271e-11
9.046937159192525e-11
7.204508122950378e-11
6.518371183991868e-11
8.424679096890378e-11
1.0331681906719686e-10
8.561299981505118e-11
1.2563700091316699e-10
1.1483350192044005e-10
9.437289697915828e-11
9.627419643221482e-11
9.836637676414056e-11
7.218637119834045e-11
1.2523445500052677e-10
9.75572708102476e-11
8.398149126652631e-11
1.0667779501022859e-10
8.905160248244574e-11
8.009657316696887e-11
9.13106184605505e-11
1.1051390390267547e-10
9.373058948238133e-11
8.678065152893915e-11
7.331769086553369e-11
6.105495519647128e-11
1.3190232512852424e-10
1.0515297066083994e-10
8.792951206233327e-11
8.295487263268542e-11
9.78267620111217e-11
8.943820491944422e-11
9.934203555933156e-11
9.934892838559925e-11
6.789221938426253e-11
9.624061494234304e-11
9.086066736844833e-11
1.1748172033575538e-10
9.531320791182309e-11
1.4045333710498992e-10
1.0965081824108709e-10
9.175864029444915e-11
1.1977252100775212e-10
1.1149619899501255e-10
1.1017700450354581e-10
8.758337190905102e-11
9.61938103232153e-11
9.223619321764848e-11
9.223619321764848e-11
8.743527365287912e-11
8.392915020476492e-11
7.138580639063433e-11
6.763462205527472e-11
1.0884955919425025e-10
9.372090951643738e-11
1.2324048334377187e-10
8.499175183848958e-11
8.53864736344584e-11
9.22898409226675e-11
9.58975460410708e-11
1.034573011369995e-10
9.76359752920494e-11
9.826838834499361e-11
1.0673911942355366e-10
1.103466533215885e-10
1.0106449656746452e-10
7.838692200054526e-11
1.3563616956876946e-10
1.1198857624225903e-10
1.1017425851608736e-10
8.60280265137482e-11
1.0956382237280377e-10
1.0827224331969423e-10
1.2415074471488288e-10
1.184200661490672e-10
1.0038037707710236e-10
1.1162490090075389e-10
7.914826091707318e-11
1.1169219495124954e-10
2.329309905698433e-10
9.631921693759025e-11
9.010781819682312e-11
1.0095148081624346e-10
9.997307085250862e-11
1.1266820884609807e-10
1.0251795482695234e-10
1.1640313348459502e-10
1.2390061762444324e-10
1.4234018144699798e-10
1.0349800883370422e-10
1.0024620355535489e-10
1.0702181771683825e-10
1.4271795183273044e-10
1.0199756165025828e-10
8.909466172494998e-11
1.2599466836743425e-10
1.063464059100099e-10
9.683045482312071e-11
1.1323915953188715e-10
9.66071736711598e-11
7.891483466220827e-11
1.3335787961708937e-10
1.0284840105202521e-10
9.08377357902574e-11
8.038802802329262e-11
1.4413118443283061e-10
5.5436644249557405e-11
9.365263832023687e-11
9.805582014180408e-11
9.887202503849306e-11
1.0115860881449131e-10
1.2598266510630612e-10
1.3803523557966058e-10
6.708623885007857e-11
1.0010164812287206e-10
1.0511829939023378e-10
1.0238616757316173e-10
8.970233394329868e-11
9.75884250203031e-11
8.803063302277981e-11
1.3063868386912696e-10
8.19950485500589e-11
8.827616410165857e-11
8.154549471534245e-11
7.147859831754894e-11
7.524174826848348e-11
8.493692433043299e-11
1.2814841655854196e-10
1.0193385053494736e-10
9.611067967537859e-11
1.2884551694422462e-10
9.524365704193265e-11
9.942444331761175e-11
9.574120586726263e-11
8.745834913287752e-11
1.1560206649283189e-10
1.027338966354576e-10
9.559275393749799e-11
8.981858981668701e-11
1.30575551749311e-10
1.279137209355397e-10
7.540881022821166e-11
8.158542181666428e-11
5.959430377836052e-11
6.357504544252513e-11
8.647600374816254e-11
1.1463608212563121e-10
1.0604616814699285e-10
9.74791693207974e-11
8.328626559393467e-11
8.29563484848328e-11
7.576797724947464e-11
8.935292930552397e-11
9.722393166209398e-11
9.536051144428872e-11
9.434729850278895e-11
8.701712568299523e-11
9.876718312374187e-11
9.291957638809033e-11
8.813035355230847e-11
1.012583607081597e-10
7.99177028558653e-11
1.3149829987665446e-10
7.525042574173555e-11
7.392301963497174e-11
1.173355508641294e-10
5.163286260753998e-11
1.4916152608869263e-10
