Ladekurvenmessung
Zeit: 2018_05_03 11.58.09
Info: FVA3, v = 1.47, T = 60, F = 20, h = 337.9
Ladewiderstand[Ohm]: 1012700
Störkapazität[pF]: 0.000000
Entladezeit[ms]: 200
Abtastrate[Hz]: 250000
Anzahl der Messwerte: 2500.000000
Verzögerung[ms]: 3
Ladespannung[V]: 0.200000
Capacitance
1.0778405747468709e-10
1.230444747424209e-10
1.114186954509029e-10
9.924945686714395e-11
9.027282804981944e-11
1.0252209130601623e-10
9.9138753762695e-11
8.596762266235603e-11
9.335913343346468e-11
9.069618335931843e-11
1.1321053843395365e-10
1.2588962280339994e-10
8.091688344369898e-11
1.1702370282217473e-10
9.016284086784166e-11
8.815307023223736e-11
1.0006282740799427e-10
9.788559727801919e-11
1.394075578131528e-10
9.842709810326504e-11
9.996761967288942e-11
9.877655526669132e-11
9.53080682080233e-11
1.0491456363308459e-10
1.8982903027824187e-10
7.27060367251043e-11
9.302304581292431e-11
9.751771333717284e-11
7.656004149874015e-11
1.4424701190914403e-10
1.0213648506718748e-10
8.848445462611116e-11
9.846577348219436e-11
1.1647875595860662e-10
7.432666044599026e-11
9.83370539353069e-11
1.0366356183106123e-10
8.38064971287426e-11
1.1279035226198047e-10
4.5350500047773385e-11
8.04475313887823e-11
8.688114150443237e-11
9.98152964241784e-11
1.00823673554402e-10
9.333609011283473e-11
8.065374470865663e-11
1.1704732740555108e-10
1.0046255872306246e-10
9.645003709852317e-11
1.0541744951516824e-10
1.2103667647683441e-10
8.020625803058459e-11
1.0680757868721987e-10
1.1664872586494176e-10
1.0712208913850896e-10
1.0113006979033681e-10
1.1186813535020698e-10
1.1836172569329623e-10
1.0772865019784018e-10
1.5654579965296573e-10
1.15869064217965e-10
7.294408740467266e-11
6.700532883721424e-11
9.856139033743998e-11
9.99201438309551e-11
1.0940412215360498e-10
1.0300739065881346e-10
7.711059357472206e-11
9.611252755928112e-11
7.553488911032151e-11
5.4229763272172835e-11
8.462019718111736e-11
1.049708797720233e-10
8.978845066590895e-11
7.951485167896225e-11
9.903349583280582e-11
1.020262338438795e-10
9.63697820171787e-11
1.1542722007308679e-10
6.450283604684828e-11
7.280552855164233e-11
8.053756019319726e-11
9.260875597403997e-11
1.5255172456917816e-10
1.0161865349093353e-10
1.0498056716222097e-10
1.0615654770078558e-10
5.4548579976031126e-11
9.223603414099549e-11
8.569354663577105e-11
1.0105581700918856e-10
5.958204962137703e-11
9.942342054958222e-11
1.0818988836591733e-10
8.974996219173942e-11
1.677535136996477e-10
1.135033036149816e-10
1.0317422180251024e-10
9.857091748338805e-11
8.35205640342063e-11
1.022374075350438e-10
1.021935027159049e-10
1.1971005208493276e-10
1.6155021489583591e-10
1.0320568741084042e-10
1.0533218466894998e-10
1.0021155187788731e-10
1.0173864192786e-10
1.0280723889826612e-10
9.985522693564143e-11
1.0370731731954152e-10
8.822431350503949e-11
9.599716770392112e-11
1.0160823143042223e-10
7.860409323027773e-11
8.733145249574733e-11
8.70764745755498e-11
8.369867487864918e-11
9.646635070119795e-11
1.108801729415287e-10
9.380573485781763e-11
7.870276647280173e-11
9.784845213425558e-11
1.0050441821630652e-10
9.992662018880754e-11
8.997729365145539e-11
8.863571382886423e-11
9.06060703203871e-11
8.708722237820113e-11
1.3001219720342358e-10
6.950550678114893e-11
1.2515323929249747e-10
9.809647889362628e-11
1.295997211357531e-10
1.0323051752286589e-10
1.0329878581919621e-10
1.1449781194478463e-10
1.0670837874185358e-10
9.70951262838289e-11
9.863559169627294e-11
1.0390784930096854e-10
1.4725532486762603e-10
8.895307048083915e-11
1.0232107244816715e-10
1.5435373753637384e-10
7.654963089651607e-11
9.579882668284534e-11
7.034578426496208e-11
9.887797291891433e-11
7.81108242578201e-11
1.0885514000212059e-10
9.69334877765852e-11
1.165866567596233e-10
9.562815730452243e-11
9.953976202861536e-11
9.673837333119862e-11
9.604003874971905e-11
8.676166945213126e-11
7.962378806326926e-11
1.183633717715177e-10
9.889063320487049e-11
7.854726999890328e-11
7.597279064946372e-11
1.1537877499507902e-10
8.973803786600226e-11
9.78959394923206e-11
8.758829519920521e-11
1.253887065038547e-10
9.409101602907576e-11
9.723107593724264e-11
1.0304463428732708e-10
9.591889326248093e-11
9.891717167981112e-11
1.0644593409337068e-10
8.84487174776184e-11
8.445334073502281e-11
1.0694871541547985e-10
7.532336671847765e-11
8.275813403739783e-11
1.2725480821433985e-10
