Ladekurvenmessung
Zeit: 2018_05_03 11.52.10
Info: FVA3, v = 0.273, T = 60, F = 20, h = 144.6
Ladewiderstand[Ohm]: 1012700
Störkapazität[pF]: 0.000000
Entladezeit[ms]: 200
Abtastrate[Hz]: 250000
Anzahl der Messwerte: 2500.000000
Verzögerung[ms]: 3
Ladespannung[V]: 0.200000
Capacitance
1.461539288779606e-10
1.0543305068267294e-10
1.3561946657389166e-10
1.4086674814038688e-10
1.0022457421132366e-10
1.0518341911426909e-10
1.0607475503371094e-10
1.0188866779710433e-10
1.8838272038931637e-10
2.0518422873307441e-10
1.112350607074936e-10
1.0700881494973143e-10
1.7131084332847125e-10
1.1180740526757661e-10
1.0636885841586141e-10
1.247282116778926e-10
1.1803085442721417e-10
1.1475785875182298e-10
1.1625873479731968e-10
1.0846238676831481e-10
1.7131836578801595e-10
1.3472107231753057e-10
1.0830612872218902e-10
1.157592383728053e-10
1.339892208291134e-10
1.395186508677528e-10
1.474622566052377e-10
1.3395856491162024e-10
1.3233727988761124e-10
1.1292593884081441e-10
1.1497141727993023e-10
1.350491751698301e-10
1.225137772932193e-10
1.2603858360225082e-10
1.0313415094012065e-10
1.3927455589441734e-10
1.1133494460293191e-10
1.0551007555910627e-10
1.0426061873331233e-10
1.097189379980114e-10
1.0111877761222365e-10
1.0351558132566957e-10
9.930120874989433e-11
1.704892225166606e-10
1.1346338832123062e-10
1.6509122411320427e-10
1.4872608233146894e-10
1.5865533946993584e-10
1.5865533946993584e-10
1.1148908658886929e-10
1.0997103936898372e-10
1.3380173184730893e-10
1.1979676326511068e-10
1.0537548278444261e-10
1.1757300988614723e-10
1.0663440343016215e-10
1.0645665117793893e-10
1.1358890151546774e-10
1.0579904449568539e-10
1.0287768576329374e-10
1.0365846366828431e-10
1.02311851551285e-10
1.013370621811321e-10
1.2667125503082049e-10
1.341194331598666e-10
1.5391250410740988e-10
1.8515871721552828e-10
1.0924641498614897e-10
1.2953037177278726e-10
1.0211207265832733e-10
1.5759922064125762e-10
1.2844415730626405e-10
1.2491317927045116e-10
1.0963261891400154e-10
1.1140167280336564e-10
1.1314672914253539e-10
1.1025537117700013e-10
1.201598408803011e-10
1.3146533568319374e-10
1.1134252494132029e-10
