Ladekurvenmessung
Zeit: 2016_06_21 16.29.01
Info: 2250rpm
Ladewiderstand[Ohm]: 199500
Störkapazität[pF]: 278.000000
Entladezeit[ms]: 100
Abtastrate[Hz]: 250000
Messzeit [ms]: 3.000000
Verzögerung[ms]: 1
Ladespannung[V]: 1.500000

Kurve 1

0.015902
0.016231
0.016067
-0.029763
-0.017115
0.015245
0.015738
0.015902
0.016067
0.015245
0.015738
0.016724
0.016231
0.025101
0.013603
0.015902
0.015409
0.016559
0.012945
0.013603
0.013438
0.012288
0.012617
0.013110
0.013767
0.013603
0.013603
0.013767
0.014917
0.012781
0.013603
0.013931
0.014095
0.014588
0.016559
0.010317
0.013931
0.014588
0.014752
0.014260
0.014095
0.014260
0.015081
0.014917
0.032493
0.014588
0.014588
0.014588
0.014588
0.019023
0.013931
0.014588
0.014095
0.013603
0.015574
0.015081
0.012781
0.012288
0.011960
0.012453
0.003911
0.015245
0.015081
0.014917
-0.009066
-0.018100
0.015245
0.015738
0.016559
0.016395
0.008346
0.020830
0.017873
0.018038
0.018038
0.022966
0.013438
0.021487
0.019516
0.018695
0.018202
0.017381
0.015902
0.013931
0.013603
0.024608
0.015245
0.015409
0.015574
0.015409
0.015574
0.015902
0.016067
0.015738
0.015902
0.014095
0.015409
0.015902
0.015902
0.016395
0.016067
-0.017115
0.016231
0.016395
0.016231
0.016395
0.016395
0.016067
0.008346
0.008510
0.008839
0.009332
0.013931
0.017873
0.017545
0.016888
0.024280
0.016231
0.017052
0.016724
0.015738
0.015409
0.015902
0.016231
0.014917
0.016067
0.015245
0.015574
0.016067
0.016231
0.016067
0.015902
0.005718
0.016724
0.015902
0.016067
0.015738
0.016231
0.018859
0.006375
0.011467
0.010974
0.010317
0.010974
0.012453
0.015574
0.021487
0.019680
0.014588
0.016559
0.016559
0.015738
0.015409
0.016559
0.011303
0.017052
0.017216
0.017873
0.014260
0.015902
0.015902
0.016067
0.016231
0.016395
0.016724
0.010317
0.012124
0.012945
0.012781
0.018366
0.009332
0.011960
0.010810
0.010810
0.011303
0.012288
0.021159
0.014752
0.016724
0.015081
0.009989
0.009003
0.009003
0.009332
0.010482
0.010646
0.018859
0.016724
0.019680
0.016559
0.018530
0.018859
0.018859
0.018366
0.011467
0.018202
0.018202
0.018202
0.018202
0.018038
0.018202
0.019188
0.020173
0.020666
0.020666
0.021159
0.020994
0.021159
0.019516
0.017873
0.029208
0.018202
0.017873
0.018366
0.018530
0.018366
0.018202
0.016559
0.013767
0.033150
0.027565
0.024773
0.024937
0.024773
0.024280
0.020666
0.017381
0.016888
0.016395
0.016888
0.016724
0.016559
0.051219
0.016559
0.016231
0.016559
0.016231
0.016559
0.016231
0.016231
0.015409
0.018038
0.016559
0.016067
0.016395
0.016395
0.016724
0.016395
-0.015144
0.015902
0.020009
0.035121
0.057954
0.082101
0.104769
0.126452
0.146985
0.165711
0.179509
0.199550
0.218276
0.237166
0.255399
0.276589
0.293673
0.312235
0.327183
0.344102
0.359871
0.373834
0.388125
0.403894
0.427877
0.427384
0.443482
0.456294
0.469107
0.481591
0.494239
0.505573
0.519372
0.529063
0.542861
0.553703
0.563887
0.574072
0.583763
0.593455
0.600847
0.610210
0.619408
0.628279
0.636820
0.644705
0.652590
0.663103
0.668852
0.675915
0.683800
0.690699
0.697598
0.704661
0.711068
0.725523
0.722730
0.729794
0.736529
0.741785
0.747534
0.753119
0.758868
0.764289
0.768724
0.777266
0.781537
0.786465
0.791228
0.795828
0.800427
0.792378
0.806176
0.809790
0.812254
0.816197
0.820303
0.823917
0.827859
0.832623
0.835908
0.838208
0.841822
0.845764
0.848721
0.851678
0.861205
0.859069
0.860876
0.839851
0.842972
0.846750
0.849871
0.852499
0.852499
0.861698
0.861862
0.850363
0.853649
0.857098
0.859562
0.861698
0.857098
0.872868
0.870896
0.873689
0.876317
0.878945
0.881081
0.883216
0.885352
0.888308
0.890280
0.892415
0.894715
0.896357
0.896850
0.903092
0.903256
0.900300
0.903585
0.906049
0.907363
0.908513
0.909498
0.909498
0.898164
0.908841
0.906049
0.908020
0.910155
0.910813
0.912455
0.910813
0.913112
0.904571
0.903256
0.906049
0.908513
0.909827
0.911962
0.913441
0.917219
0.917876
0.920668
0.922475
0.924118
0.925596
0.958285
0.927732
0.944322
0.935452
0.935945
0.937916
0.938737
0.939723
0.936930
0.936438
0.940380
0.941037
0.943008
0.943994
0.945308
0.946294
0.927075
0.913769
0.921654
0.920668
0.921325
0.923297
0.925268
0.927239
0.930524
0.923954
0.910813
0.912948
0.914426
0.915905
0.917383
0.918533
0.920340
0.922640
0.921982
0.922804
0.924282
0.925103
0.926089
0.925925
0.927896
0.926253
0.931181
0.930853
0.933317
0.934302
0.935124
0.935781
0.917055
0.936930
0.937588
0.938409
0.939230
0.939887
0.940873
0.944322
0.942844
0.941366
0.942680
0.943830
0.944651
0.945636
0.946294
0.947936
0.950729
0.941201
0.942844
0.942844
0.941201
0.928553
0.908020
0.927239
0.924282
0.898986
0.931017
0.929046
0.931017
0.932660
0.934467
0.935452
0.941366
0.948265
0.950729
0.951057
0.951714
0.951714
0.953028
0.943501
0.946951
0.933809
0.935452
0.937095
0.944158
0.937423
0.939559
0.940709
0.942680
0.944322
0.943172
0.945308
0.946622
0.941858
0.951221
0.952043
0.953193
0.953521
0.959599
0.959763
0.960256
0.961406
0.962391
0.959435
0.962391
0.961406
0.962063
0.963377
0.964363
0.975697
0.966826
0.968798
0.968633
0.969126
0.949579
0.953521
0.940873
0.946294
0.947772
0.988838
0.958778
0.959599
0.961242
0.961899
0.963377
0.965020
0.965184
0.966498
0.967484
0.967319
0.969455
0.971919
0.970933
0.971919
0.941037
0.968962
0.969290
0.968633
0.966169
0.966991
0.967976
0.968305
0.969947
0.970605
0.970769
0.972083
0.973068
0.976682
0.977175
0.977504
0.986538
0.975204
0.977832
0.976518
0.976354
0.977504
0.979968
0.980132
0.981446
0.982103
0.977339
0.986045
0.980789
0.983417
0.984567
0.984731
0.987031
0.986045
0.986702
0.988181
0.988181
0.988016
0.989166
0.991302
0.992287
0.992123
0.991466
0.987524
0.989166
0.989331
0.989823
0.990645
0.988509
0.991795
0.991795
0.991630
0.991795
0.950236
0.993109
0.994094
0.994916
0.995737
0.990809
0.995080
0.994916
0.995244
0.995244
0.995080
0.994423
0.996887
0.997215
0.997872
0.996394
0.998694
0.996230
0.996394
0.997051
1.022676
1.030068
0.996887
0.996722
0.997051
0.997708
0.998201
0.998037
0.997872
0.998365
0.998529
0.977996
0.975861
0.975532
0.976190
0.977996
0.977996
0.977504
0.977504
0.977996
0.978818
0.975861
0.980460
0.981282
0.982924
0.984403
0.984731
1.001815
0.984403
0.985388
0.985881
0.988345
0.987852
0.986867
0.987524
0.987195
0.988016
0.995244
0.991302
0.991795
0.992780
0.992780
0.993766
0.994259
0.994094
0.994587
0.995737
0.996394
0.996065
0.997708
0.996230
0.998201
0.988674
0.997872
0.998037
0.998365
0.999515
0.999843
0.999515
1.002800
0.998201
0.997380
1.000665
1.001322
1.000172
1.000501
1.000501
1.001158
1.011013
0.995901
1.003622
1.003129
1.002636
1.003457
1.003457
1.004114
1.005100
1.005428
1.006578
1.006250
0.982432
0.973726
1.006414
1.005757
1.007400
1.007071
1.006743
1.008385
1.008549
1.008221
1.054051
1.042716
1.007071
1.004443
1.002964
1.001815
1.002472
1.002800
1.003293
1.004114
1.008221
1.009207
1.009371
1.009042
1.009535
0.988674
1.010685
1.009371
1.010685
1.011999
1.011999
1.011506
0.970440
1.011506
1.011670
1.012163
1.010521
1.009535
1.009699
1.009699
1.009699
1.017420
1.005921
1.019884
1.006743
1.011835
1.010849
1.010521
1.010685
1.010356
1.018405
1.009207
1.010685
1.009371
1.008714
1.009042
1.009535
1.011506
1.006250

Kurve 2

0.021159
0.020666
0.022637
0.023951
0.023951
0.022473
0.022309
0.022801
0.020173
0.020173
0.020666
0.021323
0.021487
0.020502
0.020173
0.025430
0.019516
0.026744
0.025101
0.024115
0.024115
0.024773
0.023951
0.029372
0.025758
0.020173
0.020830
0.019845
0.019680
0.020337
0.016888
0.027072
0.020994
0.020173
0.020830
0.020994
0.020337
0.019680
0.020173
0.015574
0.021980
0.016559
0.017052
0.018530
0.018038
0.018530
0.019352
0.019023
0.021323
0.021323
0.020666
0.021159
0.017545
0.016888
0.024608
0.021487
0.010646
0.014095
0.011960
0.011796
0.012288
0.013274
0.019845
0.017381
0.026251
0.022966
0.023458
0.023458
0.022801
0.022966
0.022801
0.019845
0.017052
0.018695
0.019188
0.019352
0.018530
0.018366
0.018202
0.015902
0.014424
0.013767
0.014424
0.015574
0.016067
0.020173
0.020666
0.020337
0.022473
0.019845
0.020009
0.020502
0.020666
0.020830
0.017216
0.020830
0.020009
0.021816
0.021159
0.020830
0.020830
0.020830
0.019188
0.019845
0.021980
0.021651
0.021980
0.021651
0.021159
0.020502
0.022309
0.021487
0.021159
0.020830
0.021487
0.022144
0.019680
0.020666
0.022637
0.020994
0.022309
0.021980
0.021159
0.021487
0.019188
0.020337
0.022144
0.021323
0.020666
0.020994
0.020994
0.020830
0.020337
0.014588
0.022473
0.016559
0.017873
0.018859
0.018695
0.018202
0.022637
0.021651
0.021323
0.021159
0.020830
0.021323
0.028222
0.021323
0.021651
0.030357
0.021323
0.021323
0.021816
0.021651
0.021323
0.018202
0.021651
0.017709
0.011467
0.029700
0.024773
0.025265
0.025265
0.024280
0.023130
0.024444
0.024280
0.025758
0.026087
0.025430
0.024937
0.024444
0.021323
0.020502
0.019680
0.018859
0.019516
0.024444
0.019845
0.022309
0.021816
0.020337
0.015409
0.014917
0.015574
0.016067
0.012124
0.022309
0.021651
0.021816
0.019023
0.030193
0.026579
0.026744
0.027236
0.026744
0.019680
0.020502
0.022309
0.021816
0.021980
0.021651
0.042185
0.020830
0.020994
0.020994
0.020666
0.020502
0.020830
0.021980
0.019352
0.019352
0.023130
0.021323
0.020830
0.020666
0.020337
0.018695
0.022144
0.021159
0.021323
0.021816
0.020173
0.020337
0.020502
0.020666
0.020502
0.016395
0.020830
0.021159
0.020830
0.020830
0.021159
0.020830
0.019680
0.025758
0.023951
0.023458
0.023787
0.019680
0.024773
0.023130
0.022966
0.047769
0.020337
0.020666
0.020666
0.020830
0.020830
0.020830
0.018859
0.037585
0.059761
0.074052
0.109861
0.129245
0.152570
0.173760
0.191501
0.211541
0.230267
0.248500
0.267062
0.284638
0.302707
0.320119
0.337367
0.351165
0.367263
0.402908
0.396995
0.415721
0.428698
0.442003
0.454816
0.463358
0.481427
0.491940
0.503931
0.515265
0.523314
0.536619
0.548775
0.557974
0.567994
0.569472
0.588527
0.594933
0.604460
0.613988
0.626472
0.635014
0.643555
0.651768
0.659160
0.666881
0.679529
0.671316
0.682650
0.690370
0.733900
0.709918
0.715174
0.721745
0.728480
0.734393
0.741785
0.746713
0.752626
0.758540
0.764289
0.752791
0.774474
0.778909
0.783837
0.788765
0.793528
0.796649
0.796485
0.800920
0.804698
0.804534
0.818168
0.820796
0.823753
0.828188
0.831802
0.852663
0.832459
0.841657
0.843793
0.845436
0.849049
0.817675
0.821782
0.825724
0.829338
0.834594
0.818825
0.823096
0.827202
0.831473
0.834758
0.841657
0.848392
0.853156
0.855784
0.858577
0.861369
0.859069
0.861041
0.863997
0.864983
0.870075
0.872868
0.875824
0.878124
0.881245
0.884038
0.885352
0.888801
0.891265
0.891758
0.899314
0.899807
0.901942
0.903585
0.905556
0.910155
0.906870
0.909006
0.910977
0.912784
0.914919
0.916069
0.918533
0.920340
0.922147
0.923789
0.925925
0.914426
0.929539
0.930688
0.928060
0.934631
0.934959
0.935945
0.937916
0.938737
0.940051
0.943337
0.943172
0.949415
0.938080
0.943501
0.945965
0.948757
0.949743
0.951057
0.963541
0.952207
0.953521
0.954835
0.955492
0.956478
0.934795
0.958449
0.959435
0.960092
0.961242
0.962227
0.962556
0.957628
0.971426
0.967812
0.966498
0.965020
0.967484
0.968469
0.969126
0.969619
0.993601
0.969783
0.973233
0.964527
0.968633
0.970276
0.972740
0.973233
0.973890
0.987031
0.974547
0.975532
0.975861
0.976190
0.976847
0.977339
0.978818
0.978818
0.979639
0.979639
0.979968
0.980789
0.981117
0.980789
0.981774
0.978653
0.984567
0.985881
0.985717
0.986210
0.986538
0.987195
0.984895
0.985881
0.986210
0.986210
0.986374
0.987031
0.987195
0.987524
0.989988
0.984238
0.990316
0.989002
0.989002
0.989166
0.989166
0.986702
0.988345
0.986045
0.986867
0.987852
0.988345
0.988838
0.987524
0.956971
0.956478
0.957299
0.959270
0.959270
0.959599
0.960256
0.960749
0.965841
0.962063
0.960092
0.960749
0.962063
0.963048
0.964198
0.965348
0.971590
0.968962
0.970276
0.971590
0.972247
0.972904
0.973890
0.965512
0.976682
0.975040
0.977175
0.977832
0.978653
0.979311
0.979968
0.975040
0.981282
0.979311
0.980460
0.980789
0.981282
0.982103
0.982596
0.996887
0.984895
0.986374
0.986867
0.987195
0.987524
0.987852
0.988345
0.988838
0.988181
0.991302
0.989495
0.990152
0.990645
0.990973
0.991466
0.989988
0.991302
0.992780
0.992616
0.991959
0.992123
0.992452
0.992944
0.989331
0.993601
0.987852
0.988345
0.989331
0.989495
0.990152
1.017748
0.995244
0.996722
0.996887
0.996887
0.997051
0.997708
0.997708
0.997872
0.997708
0.998201
0.998365
0.998037
0.998201
0.998201
0.998201
0.994587
1.001158
0.996394
0.997380
0.998529
0.998365
0.998365
0.998858
0.996722
0.998365
1.000008
0.999843
0.999515
0.999843
0.999843
1.010028
1.007400
0.998858
1.000829
0.998858
0.998037
0.998529
0.999679
0.999679
1.015284
1.002307
1.002307
1.002307
1.001650
1.002143
1.002636
0.986045
1.003293
1.003129
1.003622
1.003622
1.003457
1.003622
1.004114
1.003293
1.000829
1.004607
1.004607
1.004443
1.005100
1.004771
1.009535
1.004114
1.006414
1.004936
1.005100
1.005593
1.005593
1.005921
1.006250
1.007235
1.005428
1.006086
1.006414
1.006250
1.006578
1.007071
0.992616
0.984403
0.983581
0.984567
0.986045
0.986702
0.986867
0.987195
0.988345
0.988509
0.989988
0.989659
0.990645
0.991466
0.991630
0.992123
0.991630
0.994094
0.992780
0.996230
0.994423
0.995244
0.995901
0.996230
0.996887
0.997872
0.997872
0.995737
0.996558
0.996394
0.997544
0.998037
1.000501
0.999515
1.000172
1.001322
1.000993
1.001158
0.997380
1.008385
1.007400
0.992780
1.005264
1.002472
1.002636
1.003622
1.004114
1.004114
1.004771
1.008714
1.003786
1.006907
1.005264
1.005428
1.005264
1.005593
1.011013
1.005593
1.004771
1.004936
1.004771
1.005428
1.006250
1.006578
1.008385
1.008057
1.008878
1.009207
0.992287
0.988345
0.996230
0.992944
0.990973
0.997051
0.995080
0.995244
0.996558
0.996887
0.998529
0.998365
1.001650
1.000829
0.995737
0.996558
0.996230
0.996065
0.996722
0.998529
0.997872
0.999515
0.999186
0.999186
1.000172
1.000993
1.000008
1.000829
1.002472
1.002636
1.003786
1.003293
1.002143
1.002964
1.003622
1.004443
1.005921
1.004607
1.006907
1.008057
1.008385
1.010849
1.002800
1.008221
1.008385
1.007892
1.009042
1.010192
1.010028
1.009535
1.009535
1.007728
1.006743
1.006578
1.006743
1.007071
1.007400
1.002307

Kurve 3

0.018530
0.000133
0.018202
0.018695
0.018530
0.018695
0.019023
0.018530
0.018530
0.018695
0.018530
0.019680
0.020502
0.021159
0.021487
0.021159
0.037749
0.020009
0.020502
0.020009
0.018202
0.019023
0.019845
0.019516
0.019352
0.025922
0.020337
0.023623
0.022801
0.022473
0.022473
0.022473
-0.001674
-0.013665
0.021816
0.021159
0.021323
0.021651
0.020994
0.020502
0.020666
0.020009
0.021323
0.021980
0.022144
0.022637
0.021980
0.021980
0.020666
0.021651
0.021487
0.021323
0.020994
0.021159
0.021487
0.034793
0.021159
0.020337
0.020666
0.020502
0.020337
0.020337
0.020502
0.020173
0.018859
0.020173
0.020173
0.021980
0.022144
0.021159
0.020502
0.020666
0.012617
0.019352
0.019516
0.019680
0.019516
0.019680
0.019516
0.023787
0.020337
0.020337
0.020337
0.020666
0.020502
0.020830
0.020830
0.024115
0.019352
0.022637
0.020502
0.018859
0.019188
0.020173
0.020830
0.020502
0.021816
0.022801
0.023130
0.024115
0.023130
0.022473
0.022637
0.014424
0.024937
0.022966
0.022966
0.023458
0.023458
0.023294
0.022801
0.022473
0.028551
0.026415
0.025758
0.025594
0.026415
0.026251
0.025758
0.025265
0.024773
0.021323
0.020994
0.020337
0.021487
0.021980
0.020337
0.024115
0.024444
0.026087
0.026908
0.025430
0.023951
0.024115
0.014424
0.022473
0.022966
0.022966
0.023787
0.023130
0.023130
0.022637
0.023623
0.023294
0.023130
0.022309
0.022144
0.022309
0.022637
0.022144
0.021651
0.033479
0.032000
0.029208
0.028058
0.028386
0.028386
0.013603
0.020173
0.021323
0.021980
0.022637
0.022801
0.022144
0.021487
0.022473
0.013438
0.021487
0.021651
0.021980
0.021816
0.021323
0.020994
0.024444
0.021323
0.023130
0.022966
0.022144
0.022473
0.022473
0.022473
0.020666
0.023951
0.023294
0.020666
0.020337
0.020830
0.021159
0.017709
0.023130
0.022966
0.030029
0.031836
0.031179
0.030357
0.029700
0.028222
0.014917
0.021159
0.019023
0.019188
0.020009
0.019845
0.019516
0.024608
0.018530
0.023787
0.022637
0.022309
0.022473
0.023294
0.047769
0.021159
0.022801
0.021159
0.021323
0.021323
0.021323
0.021487
-0.008902
0.021487
0.018038
0.022144
0.021487
0.021816
0.021323
0.021816
0.021651
0.019352
0.024444
0.021980
0.023787
0.024444
0.024115
0.024115
0.033314
0.021487
0.023458
0.023130
0.022801
0.022801
0.022801
0.023458
0.021487
0.021323
0.020502
0.026579
0.024773
0.024937
0.024280
0.013767
0.039721
0.061568
0.081115
0.120210
0.138443
0.159798
0.180331
0.200042
0.217454
0.230431
0.251128
0.270183
0.287431
0.305500
0.322419
0.339995
0.344923
0.369234
0.385332
0.400445
0.414735
0.429191
0.442989
0.455473
0.467957
0.484548
0.494404
0.507545
0.519207
0.530706
0.534812
0.541219
0.550418
0.562573
0.568487
0.581956
0.592141
0.601504
0.611031
0.620230
0.621380
0.637806
0.646676
0.654561
0.662281
0.670166
0.677886
0.683964
0.694313
0.699076
0.706468
0.713039
0.719774
0.725030
0.732093
0.738664
0.754433
0.749341
0.760018
0.764453
0.769217
0.774309
0.777595
0.779730
0.784822
0.788929
0.798128
0.801249
0.806176
0.810612
0.814882
0.815868
0.825395
0.822767
0.828845
0.833773
0.837387
0.840836
0.846750
0.850363
0.852335
0.856277
0.859398
0.867118
0.864162
0.867775
0.871061
0.873525
0.875824
0.879438
0.882066
0.884530
0.887487
0.888637
0.891594
0.894715
0.896193
0.895372
0.900957
0.902928
0.903421
0.898986
0.900792
0.902599
0.906706
0.909498
0.910977
0.912948
0.914755
0.916890
0.915248
0.895865
0.875660
0.876974
0.881738
0.878945
0.881574
0.884366
0.885844
0.887651
0.888801
0.890115
0.892086
0.891429
0.880752
0.894386
0.884202
0.883545
0.885680
0.885680
0.893729
0.892579
0.894879
0.889623
0.880095
0.884530
0.888473
0.889951
0.892908
0.895536
0.905885
0.900464
0.904406
0.905720
0.908020
0.909663
0.912455
0.914098
0.916069
0.917876
0.921654
0.921818
0.923789
0.926582
0.927896
0.926746
0.931510
0.932167
0.933809
0.935452
0.936602
0.938409
0.939066
0.940544
0.942187
0.937095
0.945144
0.946294
0.947443
0.948922
0.949907
0.950564
0.946294
0.945801
0.945965
0.951221
0.956149
0.958285
0.959106
0.960092
0.960913
0.966662
0.961899
0.963870
0.965020
0.965512
0.966334
0.966826
0.965348
0.966334
0.966826
0.967976
0.968633
0.973561
0.973068
0.975697
0.973726
0.976354
0.976354
0.978653
0.979311
0.979475
0.980460
0.980625
0.981117
0.981117
0.985388
0.981446
0.982103
0.983253
0.983417
0.983910
0.984074
0.984074
0.985060
0.985224
0.985553
0.986210
0.984567
0.988181
0.984895
0.985224
0.985881
0.986374
0.959599
0.980460
0.990480
0.991302
0.991959
0.991959
0.992452
0.992452
0.993109
0.993601
1.003786
0.992780
0.994916
0.998037
0.995901
0.994587
0.995573
0.994423
0.994751
0.995080
0.995901
0.996722
0.996394
0.997380
0.997380
0.987031
0.999515
0.995080
0.996394
0.996230
0.996065
0.995901
0.994751
0.995408
0.995244
0.993766
1.000501
1.000172
0.998529
0.998694
0.998858
1.000336
0.995408
0.995737
0.996558
0.996887
0.997051
0.997215
0.997708
0.997872
0.998365
0.999186
0.999515
0.999351
1.000172
1.000665
1.000993
1.000501
1.000501
1.001815
1.001815
1.001979
1.002472
1.002472
1.003293
0.972740
0.974218
0.985717
0.984074
0.983089
0.983417
0.984567
0.985224
0.983253
0.983746
0.979803
0.978653
0.978161
0.979475
0.979968
0.978325
0.964198
1.008057
0.971590
0.967484
0.968633
0.970112
0.971590
0.958613
0.973068
0.974218
0.958778
0.960584
0.962227
0.963377
0.964855
0.967648
0.965512
0.969455
0.971426
0.972576
0.973890
0.975040
0.976190
0.980132
0.981282
0.975204
0.975861
0.976847
0.977175
0.978161
0.979475
0.980132
0.982103
0.982760
0.981774
0.982596
0.982267
0.983089
0.977504
0.979968
0.972411
0.974383
0.970933
0.968962
0.965512
0.966662
0.965512
0.964363
0.977996
0.976518
0.978161
0.979146
0.980296
0.981117
0.983253
0.980460
0.980132
0.978982
0.979146
0.979311
0.980953
0.982432
0.982924
0.988509
0.983417
0.987688
0.988345
0.988509
0.965020
0.966991
0.963048
0.976190
0.974218
0.975861
0.977504
0.977832
0.978161
0.979311
0.973397
0.978325
0.978653
0.979639
0.980953
0.981774
0.981939
0.983089
0.985388
0.986045
0.984074
0.983910
0.984403
0.986374
0.987524
0.984567
0.983910
0.970112
0.964034
0.962391
0.959763
0.961242
0.963213
0.964198
0.965841
0.966005
0.967484
0.969290
0.970112
0.970769
0.972083
0.973233
0.973561
0.973233
0.976354
0.978653
0.979803
0.979968
0.980625
0.986867
0.980296
0.983746
0.982924
0.982432
0.952043
0.954178
0.955821
0.972740
0.959106
0.961077
0.962556
0.964198
0.965512
0.967976
0.969290
0.970276
0.969126
0.972247
0.973561
0.974383
0.974711
0.975532
0.977011
0.979475
0.983089
0.978489
0.981282
0.982432
0.982760
0.983253
0.984403
0.986702
0.977175
0.978653
0.978653
0.979968
0.981282
0.982103
0.984074
0.990480
0.991959
0.992123
0.992287
0.992616
0.993601
0.994587
0.994751
0.993273
0.995573
0.995573
0.994423
0.988674
0.976518
0.959270
0.972740
0.971919
0.973397
0.974383
0.975532
0.975861
0.976190
0.978489
0.980296
0.989002
0.984731
0.983253
0.983746
0.984895
0.985224
0.985717
0.992287
0.985717
0.986374
0.987031
0.987852
0.989002

Kurve 4

0.025922
0.026415
0.021816
0.024280
0.025101
0.024444
0.022966
0.025101
0.025265
0.025101
0.025265
0.024937
0.023951
0.024937
0.024608
0.025758
0.025430
0.032986
0.024773
0.025594
0.025922
0.025265
0.025430
0.034464
0.024444
0.024280
0.024444
0.030357
0.023951
0.028715
0.027894
0.026579
0.026908
0.026415
0.027072
0.025758
0.027894
0.022966
0.023458
0.024937
0.024937
0.025430
0.026087
0.022309
0.024773
0.024937
0.024608
0.024937
0.024444
0.024280
0.027072
0.025758
0.025758
0.025265
0.025922
0.026251
0.021159
0.022309
0.030850
0.022966
0.025758
0.024608
0.023458
0.023623
0.023951
0.023294
0.022473
0.022801
0.024937
0.023787
0.023951
0.024115
0.024115
0.023787
0.020173
0.024937
0.024280
0.023951
0.024608
0.024280
0.026579
0.024608
0.024115
0.024444
0.023951
0.024444
0.024937
0.024115
0.029043
0.031507
0.021816
0.025922
0.024608
0.023787
0.023130
0.021487
0.019680
0.021980
0.013438
0.023458
0.022966
0.022473
0.022966
0.022801
0.022966
0.023130
0.023951
0.023130
0.022966
0.023458
0.022966
0.032821
0.022637
0.023458
0.023458
0.022966
0.023130
0.023787
0.025430
0.061732
0.023294
0.022144
0.022801
0.022309
0.022144
0.022473
0.022637
0.020994
0.024773
0.019352
0.022309
0.022637
0.022801
0.022801
0.022144
0.022473
0.015574
0.023458
0.019188
0.020337
0.020994
0.021159
0.020502
0.022966
0.023951
0.023623
0.023294
0.023458
0.024115
0.024773
0.040706
0.023458
0.023458
0.014260
0.013274
0.013603
0.013931
0.014917
0.015081
0.024280
0.022309
0.023623
0.024608
0.025265
0.024937
0.024608
0.024937
0.021159
0.026251
0.025101
0.025101
0.025594
0.025758
0.025101
0.030686
0.025594
0.025265
0.025594
0.025430
0.026251
0.026579
0.026415
0.027401
0.026908
0.023951
0.024773
0.023458
0.023130
0.024115
0.024115
0.020666
0.025594
0.029043
0.031179
0.031836
0.030850
0.029536
0.029700
0.029208
0.025265
0.023623
0.024444
0.025101
0.024773
0.024444
0.025594
0.023951
0.023951
0.023787
0.023787
0.023623
0.024444
0.024444
0.024444
0.024937
0.024444
0.022473
0.021323
0.020502
0.021323
0.022309
0.021651
0.024608
0.022801
0.027072
0.028386
0.028222
0.026744
0.026744
0.027072
0.023294
0.022637
0.023787
0.024115
0.024115
0.023458
0.022637
0.026579
0.013274
0.018038
0.018202
0.018366
0.020337
0.023130
0.023458
0.029372
0.022801
0.024280
0.021980
0.020173
0.020666
0.038735
0.051219
0.088343
0.110847
0.134337
0.156677
0.177210
0.197086
0.216962
0.237330
0.255728
0.273961
0.294494
0.311413
0.328661
0.345088
0.360364
0.381061
0.387303
0.407015
0.420156
0.434611
0.448410
0.461879
0.475185
0.493418
0.500317
0.510994
0.522000
0.533498
0.544340
0.555181
0.563723
0.578999
0.584092
0.594276
0.605775
0.615138
0.624172
0.633535
0.641913
0.643227
0.668195
0.668688
0.676572
0.684293
0.691356
0.698255
0.706304
0.704826
0.713367
0.718624
0.725523
0.732093
0.738500
0.745235
0.756076
0.760511
0.765439
0.771353
0.777102
0.781701
0.786301
0.791064
0.797963
0.792378
0.805027
0.808640
0.811597
0.815211
0.818825
0.822767
0.825560
0.828516
0.829995
0.832951
0.832459
0.832459
0.833116
0.835087
0.836401
0.838044
0.840508
0.843464
0.846421
0.849542
0.852335
0.859562
0.854306
0.866297
0.860384
0.863505
0.867447
0.869911
0.872703
0.875989
0.877303
0.877960
0.893072
0.893236
0.894879
0.897179
0.898328
0.900300
0.883545
0.896193
0.898986
0.901121
0.903092
0.904406
0.891429
0.894058
0.899150
0.900300
0.903421
0.905392
0.907856
0.911470
0.908184
0.912784
0.932495
0.915905
0.917383
0.919683
0.921161
0.922968
0.923625
0.923954
0.925103
0.929539
0.930196
0.931674
0.933481
0.935288
0.936602
0.925761
0.941037
0.938080
0.897014
0.900135
0.903092
0.905885
0.910484
0.908184
0.911962
0.911962
0.906377
0.904571
0.911634
0.904406
0.911141
0.911798
0.910813
0.915083
0.917055
0.918697
0.920176
0.913605
0.924775
0.926746
0.914098
0.939394
0.939559
0.942023
0.943830
0.945308
0.946951
0.940544
0.941858
0.944322
0.945144
0.946458
0.947772
0.951714
0.949086
0.952700
0.954178
0.955164
0.956806
0.958778
0.948922
0.953850
0.956314
0.965348
0.960584
0.962063
0.963705
0.965348
0.961570
0.980953
0.977175
0.977996
0.966334
0.975697
0.971590
0.972576
0.973726
0.974875
0.973397
0.977175
0.977996
0.978982
0.979968
0.980460
0.991630
0.981117
0.982267
0.983089
0.983581
0.984403
0.984238
0.987031
0.986538
0.987524
1.028097
1.022512
0.987524
0.988838
0.989002
0.986538
0.996887
0.997380
0.998858
0.998858
0.949250
0.964527
0.965512
0.993273
0.993930
0.989331
1.000172
0.996230
0.997051
0.997708
0.998037
0.998037
0.991795
0.999186
0.997215
0.997708
1.008221
0.997708
0.999186
0.997872
0.998037
1.011342
0.999351
0.973726
0.973890
0.974383
0.975697
0.973890
0.973397
0.975861
0.976190
0.977339
0.979146
0.979146
0.980296
0.981117
0.981939
0.983253
0.980132
0.983089
0.983581
0.983746
0.984731
0.985388
0.986538
0.985060
0.986045
1.022348
0.989002
0.989331
0.989659
0.990316
0.990645
0.991138
0.992287
0.992452
0.992616
0.993109
0.990316
1.005264
1.003293
1.002800
1.002964
0.985717
0.987031
0.961242
0.961734
0.962884
0.964198
0.965184
0.966662
0.967812
0.968962
0.970276
0.973068
0.966005
0.970440
0.972576
0.986210
0.977175
0.979475
0.981117
0.981939
0.983089
0.981117
0.981939
0.981939
0.983581
0.983746
0.934631
0.941694
0.932660
0.933317
0.935288
0.936602
0.935945
0.941037
0.939066
0.940216
0.943172
0.946294
0.945965
0.946622
0.948593
0.950729
0.956971
0.949907
0.954835
0.954999
0.956806
0.962884
0.960420
0.962063
0.962720
0.963377
0.973397
0.966005
0.966005
0.967319
0.967976
0.949579
0.897179
0.943172
0.944979
0.946622
0.948265
0.950400
0.951714
0.953521
0.954999
0.945801
0.963541
0.959927
0.962227
0.963541
0.964363
0.965348
0.968305
0.964198
0.970112
0.968633
0.970933
0.972411
0.972740
0.974218
0.975532
0.988509
0.976847
0.977832
0.978818
0.979803
0.981117
0.979639
0.980789
0.980132
0.981610
0.982924
0.983746
0.984403
0.989823
0.985224
0.974054
0.991138
0.991302
0.991466
0.992287
0.992452
0.993109
0.995737
0.994916
1.008057
0.994916
0.995408
0.995737
0.996230
0.996722
0.997380
1.006578
0.997380
0.998365
0.998365
0.991138
0.992287
0.977011
0.993930
0.994259
0.994587
0.996065
0.996558
0.996558
0.983910
0.998037
0.998037
0.999515
0.994259
0.997051
0.998201
0.998365
0.999022
1.015941
1.001486
1.005757
0.991138
0.993273
0.993930
0.994751
0.995737
0.996558
1.017912
1.006414
1.006743
1.006743
1.006086
0.995901
0.980789
0.979475
0.977339
0.978818
0.980460
0.981282
0.981939
0.982432
0.981939
0.984731
0.984895
0.990809
0.992944
0.993930
0.993930
0.993930
0.994751
0.990152
0.991630
0.986045
0.985388
0.985881
0.987195
0.989002
0.989823
1.002307
0.997215
0.998037
0.999022
0.999351
0.999843
1.000665
0.994751
1.000008
1.000829
0.999515
1.000172
0.999351
0.989002
0.977996
0.978653
0.980296
0.981446
0.983417
0.984567
0.985717
0.985881
0.987031
0.992452
0.987524
0.989823
0.989988
0.978982
0.980625
0.981774
0.983089
0.985717
0.982760
0.984074
0.984895
0.985881

Kurve 5

0.025922
0.024773
0.024937
0.024773
0.026251
0.020173
0.025758
0.025265
0.024937
0.025430
0.024937
0.025101
0.025430
0.026251
0.025265
0.025594
0.025922
0.025922
0.025265
0.024773
0.021651
0.025758
0.023787
0.023294
0.023294
0.024280
0.024280
0.025265
0.026908
0.038571
0.028879
0.027565
0.027401
0.027236
0.027565
0.026744
0.026251
0.026415
0.026251
0.027236
0.027236
0.027894
0.027565
0.027401
0.025922
0.026579
0.028222
0.027729
0.027729
0.025430
0.024608
0.023458
0.024608
0.023623
0.023787
0.024608
0.024773
0.047605
0.060582
0.023787
0.024937
0.023458
0.022966
0.023458
0.023294
0.023130
0.023458
0.023458
0.024444
0.025758
0.022309
0.023458
0.023458
0.023951
0.023787
0.019188
0.025430
0.024608
0.025758
0.026415
0.025594
0.025430
0.026415
0.028879
0.029372
0.028879
0.028222
0.028551
0.028386
0.026087
0.025265
0.026087
0.024608
0.027894
0.025922
0.024773
0.024444
0.024444
0.025430
0.026415
0.010810
-0.008573
-0.009559
0.027401
0.027894
0.027729
0.027072
0.028222
0.027401
0.027565
0.027565
0.027894
0.027236
0.030029
0.027894
0.027401
0.027236
0.027072
0.027729
0.027894
0.020830
0.020666
0.020666
0.027565
0.028715
0.027072
0.026908
0.026744
0.024937
0.028879
0.028551
0.028058
0.026415
0.028386
0.025101
0.025430
0.026579
0.026415
0.027729
0.027072
0.026744
0.027236
0.027072
0.026908
0.054012
0.028386
0.028715
0.028551
0.028386
0.028386
0.024115
0.021159
0.019188
0.019188
0.060254
0.029043
0.028058
0.028222
0.027565
0.022309
0.029865
0.028879
0.028715
0.029208
0.026415
0.027401
0.027236
0.027894
0.028879
0.024444
0.033807
0.028879
0.029700
0.030522
0.029536
0.030193
0.026908
0.029043
0.028879
0.028058
0.035778
0.027565
0.028879
0.027565
0.027236
0.036764
0.026908
0.029700
0.028879
0.027894
0.028715
0.030029
0.026908
0.028386
0.028879
0.029700
0.030193
0.028058
0.030193
0.030850
0.026087
0.003747
0.029536
0.029208
0.029700
0.029536
0.028715
0.028715
0.029372
0.029043
0.028551
0.031672
0.020502
0.024937
0.024115
0.023294
0.023951
0.028222
0.029208
0.026415
0.026087
0.026744
0.026579
0.027236
0.025430
0.026087
0.026579
0.023458
0.027236
0.026579
0.028386
0.028222
0.026415
0.024937
0.027236
0.027894
0.028058
0.027236
0.027401
0.025758
0.024937
0.024444
0.025594
0.026087
0.024115
0.023951
0.023458
0.024773
0.029208
0.019023
0.019188
0.036107
0.059761
0.085879
0.114954
0.131216
0.154048
0.176224
0.196921
0.217783
0.244394
0.259670
0.278889
0.293837
0.311742
0.329318
0.345416
0.361350
0.376791
0.399787
0.406358
0.417528
0.422127
0.432640
0.451366
0.463358
0.475349
0.487340
0.500153
0.513787
0.523478
0.534155
0.545654
0.556331
0.566187
0.578835
0.586884
0.596411
0.606103
0.615302
0.624172
0.632221
0.641584
0.651276
0.656039
0.667045
0.674765
0.682486
0.690206
0.697105
0.704169
0.710082
0.717310
0.726673
0.729465
0.736200
0.741457
0.747370
0.753612
0.759690
0.768067
0.770531
0.775295
0.780387
0.785151
0.790243
0.794842
0.799934
0.805191
0.809297
0.813897
0.818003
0.821453
0.827202
0.829338
0.820467
0.837551
0.841000
0.844614
0.848064
0.851513
0.854799
0.860219
0.861698
0.867447
0.867447
0.871225
0.874017
0.876481
0.856770
0.859562
0.888473
0.864490
0.867447
0.870239
0.873032
0.875167
0.875824
0.881245
0.882723
0.879438
0.860712
0.863340
0.865969
0.850528
0.872211
0.873525
0.878124
0.880259
0.882888
0.884695
0.886830
0.888801
0.910813
0.892744
0.898328
0.890937
0.894058
0.896850
0.898657
0.901285
0.903913
0.920668
0.904899
0.914591
0.916233
0.917219
0.917219
0.919026
0.922804
0.929539
0.932167
0.933481
0.933974
0.935288
0.936930
0.925925
0.933645
0.937259
0.932660
0.936602
0.938409
0.939723
0.941366
0.942844
0.944322
0.948922
0.949415
0.948429
0.950072
0.951550
0.952207
0.953850
0.967976
0.955821
0.961570
0.962391
0.963048
0.963870
0.964363
0.959435
0.972740
0.969947
0.967812
0.965348
0.966334
0.966826
0.967648
0.966334
0.969783
0.976190
0.977504
0.977996
0.978653
0.979146
0.979639
0.977996
0.972247
0.976190
0.977011
0.977339
0.977832
0.978489
0.978982
0.988674
0.977832
0.982432
0.982103
0.982432
0.982760
0.983417
0.975532
0.985717
0.981774
0.983253
0.983910
0.983910
0.984895
0.985224
0.985717
0.986538
0.986374
0.989495
0.989988
0.990316
0.990480
0.991138
0.997872
0.990316
0.991630
0.991959
0.991795
0.992123
0.992452
0.992944
0.993601
0.992452
0.994751
0.993601
0.993766
0.994423
0.995244
0.995573
0.994423
0.995901
0.996887
0.997215
0.997544
0.996887
0.959435
0.960092
0.957463
0.974547
0.971097
0.973726
0.975861
0.975861
0.975861
0.973890
0.971426
0.972083
0.971097
0.972904
0.974054
0.974711
0.975697
0.976354
0.987031
0.980625
0.979803
0.981282
0.982267
0.982924
0.983746
0.978818
0.983089
0.984074
0.952207
0.954178
0.955821
0.956478
0.947115
0.946294
0.949415
0.953028
0.953521
0.954671
0.956478
0.957956
0.950400
0.921325
0.898493
0.906213
0.906377
0.907856
0.909827
0.911141
0.912948
0.916562
0.914755
0.916233
0.918533
0.920504
0.922804
0.925268
0.921982
0.931181
0.928553
0.930853
0.932660
0.934631
0.936438
0.938573
0.944487
0.943008
0.953521
0.951221
0.954014
0.955492
0.957135
0.965841
0.954999
0.962063
0.946129
0.951714
0.953193
0.954014
0.955492
0.955985
0.958285
0.966334
0.968633
0.969290
0.970112
0.970933
0.971919
0.955985
0.967319
0.964691
0.965020
0.965841
0.966662
0.962884
0.957628
0.962720
0.962227
0.963541
0.964691
0.966498
0.967484
0.968633
0.971262
0.968962
0.974711
0.973397
0.974218
0.974875
0.976190
0.977011
0.977832
0.978982
0.983089
0.980460
0.982103
0.982267
0.966005
0.962720
0.964034
0.967319
0.964527
0.967484
0.968798
0.969455
0.971097
0.967976
0.973890
0.975861
0.973397
0.976518
0.977832
0.978653
0.979639
0.980460
0.980132
0.984074
0.981774
0.981117
0.986210
0.984731
0.985553
0.985060
0.983089
0.988016
0.983089
0.984074
0.984895
0.985388
0.987195
0.988345
0.989659
0.997544
0.998201
0.997872
0.996722
0.996065
0.982103
0.983581
0.986538
0.979968
0.991466
0.985553
0.987359
0.988345
0.987852
0.988509
0.983746
0.979146
0.984403
0.968469
0.976682
0.976682
0.976025
0.976682
0.978489
0.977996
0.979311
0.980132
0.980789
0.982103
0.983746
0.982267
0.983581
0.987359
0.988016
0.988345
0.989166
0.989495
0.991795
0.993601
0.994094
0.992123
0.990316
0.993273
0.993930
0.994587
0.996558
0.995408
0.994751
0.994916
0.999351
0.997544
1.000336
1.000172
0.999022
0.999515
1.000172
1.001486
1.000501
1.000993
1.001486
1.002143
0.999186
1.002636
1.003457
1.004114
1.004936
0.999351
1.009371
1.007728
1.010356
1.011342
1.004114
1.006414
1.006743
1.007400
1.007728
1.013477
1.007728
1.008385
1.008878
1.008878
1.009042
1.011999
1.010028
1.010028
1.010521
1.016434
1.001815
1.007400
1.006907
1.007235
1.008385
1.007400
1.011013
0.973397
0.975861
0.977339
0.971262
0.977832
0.975532
0.977504
0.978653
0.974711
0.980460
0.980953
0.980953
0.982267
0.981939
0.981774
0.982596
0.982924
0.982596
0.983581
0.982596
0.983746
0.984403
0.983417
0.991466
0.980789
0.982267

Kurve 6

0.025594
0.023294
0.022144
0.023294
0.024280
0.023951
0.026415
0.027401
0.030029
0.031507
0.031672
0.030850
0.030522
0.031015
0.025265
0.037257
0.032657
0.032164
0.032986
0.029700
0.029208
0.033971
0.027894
0.028222
0.028222
0.028058
0.028879
0.029372
0.029043
0.035778
0.025101
0.032164
0.028551
0.026908
0.027072
0.027894
0.028222
0.027894
0.027401
0.031179
0.031836
0.033150
0.032000
0.031343
0.031015
0.021651
0.028058
0.028058
0.027401
0.028058
0.027565
0.026744
0.027072
0.026744
0.028058
0.026579
0.026908
0.027729
0.028222
0.028551
0.028386
0.030029
0.027401
0.029208
0.027729
0.027401
0.028222
0.028879
0.028386
0.028386
0.028222
0.029700
0.030686
0.030193
0.029208
0.029700
0.020337
0.029700
0.028715
0.029043
0.029043
0.028715
0.028386
0.028222
0.028551
0.029043
0.028879
0.028715
0.028715
0.029043
0.028715
0.029043
0.026087
0.027401
0.032986
0.029208
0.028222
0.028551
0.028715
0.027072
0.017216
0.028058
0.028551
0.028386
0.028222
0.027729
0.027565
0.028222
0.027729
0.027401
0.028879
0.028715
0.028715
0.028386
0.027565
0.028551
0.028386
0.026744
0.026744
0.026579
0.027236
0.027729
0.039228
0.027401
0.030029
0.027565
0.028386
0.027729
0.027236
0.027894
0.027072
0.027729
0.028386
0.036435
0.037257
0.036764
0.034464
0.034136
0.033807
0.017545
0.025922
0.026087
0.025758
0.026908
0.026415
0.025594
0.028386
0.026908
0.024773
0.024773
0.024444
0.025594
0.025922
0.035285
0.026579
0.033150
0.025594
0.026744
0.026908
0.026744
0.026744
0.021816
0.028879
0.022966
0.033314
0.025758
0.028058
0.027894
0.027729
0.028058
0.026908
0.029536
0.025430
0.027236
0.027729
0.027401
0.026908
0.032000
0.019188
0.025265
0.025101
0.024608
0.025430
0.026415
0.029043
0.027894
0.026087
0.026415
0.023787
0.022637
0.021980
0.022309
0.019188
0.028058
0.027236
0.024608
0.027894
0.027401
0.027072
0.026744
0.026908
0.026744
0.025594
0.027072
0.027072
0.027236
0.026744
0.026579
0.044813
0.026087
0.031343
0.029536
0.028879
0.028715
0.027236
0.030850
0.028715
0.026579
0.028715
0.027072
0.026744
0.026744
0.026579
0.026087
0.028386
0.024608
0.026251
0.026415
0.026579
0.026744
0.026908
0.027401
0.027236
0.023458
0.026744
0.026744
0.026579
0.026908
0.026251
0.026087
0.025922
0.027401
0.027236
0.027072
0.027236
0.031672
0.026251
0.030850
0.029372
0.042842
0.027236
0.044320
0.067645
0.090478
0.113804
0.136801
0.157826
0.180495
0.200864
0.220411
0.239137
0.258849
0.277246
0.295316
0.305171
0.330140
0.345088
0.360857
0.376791
0.391081
0.406030
0.421306
0.435597
0.447753
0.460894
0.473706
0.489804
0.500481
0.511487
0.522328
0.533334
0.544997
0.562409
0.570294
0.579492
0.589512
0.596083
0.607253
0.617109
0.626308
0.628114
0.644869
0.651933
0.660146
0.669180
0.677065
0.684293
0.690206
0.700555
0.707618
0.714189
0.720431
0.734393
0.732586
0.737350
0.743263
0.748520
0.755747
0.764946
0.769710
0.774145
0.779073
0.783508
0.788765
0.790736
0.794842
0.799606
0.802727
0.811269
0.815704
0.818825
0.823424
0.825067
0.831637
0.836237
0.839851
0.843300
0.833609
0.847899
0.849378
0.853484
0.857098
0.860712
0.877631
0.869582
0.875496
0.877796
0.880424
0.879602
0.883873
0.885844
0.888473
0.891101
0.895536
0.896357
0.898328
0.900957
0.902764
0.901285
0.908020
0.908677
0.910977
0.913605
0.915083
0.914755
0.927403
0.928389
0.929374
0.904735
0.925761
0.927403
0.928553
0.930688
0.932660
0.933974
0.934138
0.937752
0.936766
0.956971
0.936109
0.943501
0.944322
0.945144
0.946622
0.973233
0.948265
0.952207
0.953028
0.954342
0.955492
0.954342
0.955328
0.956971
0.957135
0.958120
0.959106
0.962063
0.960584
0.963870
0.956149
0.965841
0.964855
0.966826
0.968141
0.968962
0.968962
0.970276
0.970605
0.970440
0.973726
0.972083
0.971590
0.972740
0.972904
0.973890
0.976190
0.974547
0.979146
0.977832
0.978653
0.979311
0.974218
0.978653
0.980460
0.979968
0.980789
0.981282
0.973233
0.988345
0.986045
0.987852
0.985060
0.980132
0.982924
0.984074
0.984731
0.984895
1.000008
0.987524
0.988345
0.989002
0.991466
0.991466
0.992287
0.992616
0.993109
0.992287
0.990809
0.993601
0.991630
0.992123
0.992944
0.986538
0.997544
0.964198
0.966826
0.969455
0.970769
0.971919
0.970440
0.974547
0.975040
0.976518
0.974547
0.977011
0.977339
0.978653
0.979803
0.981117
0.981939
0.983746
0.983746
0.985060
0.985881
0.986702
0.987031
0.988674
0.990809
0.989331
0.990152
0.990645
0.991630
0.989495
0.986210
0.986045
0.984238
0.987852
0.988016
0.988838
0.989823
0.990645
0.990973
0.993109
0.991466
0.993109
0.993766
0.994423
0.994587
0.995244
0.995737
0.996887
1.009042
0.996722
0.991302
0.991795
0.992616
0.993437
0.993930
0.994916
0.994259
0.996558
0.995244
0.995901
0.996722
0.997544
0.986210
1.004443
0.999186
0.999351
1.000008
1.000336
1.000829
1.001486
1.001486
0.999679
1.015284
1.011506
1.011670
1.012328
1.012163
1.011999
1.006743
1.004936
1.003293
1.005757
1.006414
1.006086
1.006743
1.006578
1.007071
1.005921
1.004279
1.003457
1.002636
1.002307
1.002472
1.002143
0.999186
1.004443
1.005921
1.005757
1.006414
1.006414
1.006743
1.006414
1.004771
1.007728
1.005264
1.006578
1.007071
1.007071
1.007400
1.007400
1.015120
1.004279
1.003457
1.004936
1.005428
1.005921
1.006578
1.007071
1.013149
1.012656
1.012328
1.012328
1.012492
1.012820
1.012820
0.984731
1.013642
1.014463
1.014134
1.014627
1.014627
1.014956
1.014956
1.003129
1.016270
1.015941
1.016106
1.015941
1.016106
1.016598
1.016598
1.016270
1.017091
1.016763
1.016927
1.017255
1.016763
1.017255
1.017091
1.019555
1.017748
1.016927
1.017091
0.991795
0.991302
0.982432
0.982267
0.987688
0.980296
0.983089
0.984238
0.985060
0.986045
0.987031
0.987688
0.990316
0.992616
0.994094
0.993930
0.994587
0.995244
0.995573
0.997708
0.995737
0.997051
0.997708
0.998694
0.999186
0.999679
1.000501
1.009207
1.000829
1.001650
1.002143
1.002307
1.003129
1.003786
1.003950
0.961406
1.005593
1.006086
1.007071
1.007071
1.007892
1.007728
0.997544
1.007892
1.011506
1.009042
1.008878
1.009371
1.009699
1.010192
1.010192
1.012492
1.000172
1.003622
1.004279
1.004936
1.005757
1.006086
1.007071
1.012820
1.017255
1.014791
1.014791
1.014956
1.015284
1.014956
1.014627
1.018241
1.019227
1.019227
1.019391
1.019062
1.019062
1.009371
1.015449
1.000172
1.011670
1.011999
1.011670
1.011999
1.012656
1.017748
1.017584
1.016927
1.018241
1.017748
1.017584
1.017748
1.018734
1.018734
1.020048
1.018898
1.018570
1.019062
1.018570
1.019227
1.019884
1.018898
1.019391
1.019884
1.020212
1.020376
1.020705
1.020869
1.020048
1.025469
0.993273
0.988674
0.988181
1.022183
1.024155
1.024319
1.025797
1.024976
1.028425
1.024647
1.025304
1.025633
1.025469
1.025633
1.025797
1.032532
1.065220
1.065877
1.061771
1.040909
1.023169
1.023169
0.981774
1.022840
1.023826
1.024319
1.024483
1.024483
1.024647
1.026618
1.030725
1.031875
1.025304
1.024647
1.026618
1.026783
1.027111
1.031711
1.029739
1.034667
1.027933
1.025304
1.024812
1.025469
1.025140
1.025140
0.998858
1.047808

Kurve 7

0.035121
0.029043
0.029536
0.030193
0.029865
0.030029
0.029865
0.031672
0.027894
0.031836
0.030029
0.032329
0.032821
0.032164
0.032164
0.029700
0.031836
0.031343
0.031179
0.031672
0.031507
0.031015
0.034628
0.031672
0.031343
0.031015
0.031015
0.031015
0.031672
0.032821
0.031015
0.031672
0.031672
0.030029
0.029865
0.030029
0.030029
0.030029
0.030193
0.028058
0.031015
0.031015
0.030850
0.030850
0.031179
0.030686
0.030850
0.030522
0.028058
0.029372
0.029865
0.029865
0.029372
0.040213
0.028222
0.033150
0.032000
0.030686
0.031343
0.031836
0.031672
0.029043
0.031672
0.017216
0.022473
0.022309
0.022309
0.023294
0.023787
0.026744
0.027894
0.034136
0.029700
0.031015
0.031343
0.030850
0.030850
0.030850
0.029700
0.030029
0.032329
0.032329
0.031836
0.031343
0.033314
0.030029
0.033971
0.032329
0.031836
0.032000
0.032493
0.032821
0.032000
0.032000
0.030029
0.030029
0.030193
0.029208
0.029700
0.030357
0.030193
0.029865
0.029536
0.030686
0.031179
0.030522
0.029208
0.028879
0.030029
0.028551
0.034300
0.031015
0.030850
0.031179
0.030357
0.029700
0.032329
0.029865
0.031672
0.030029
0.029372
0.030193
0.030357
0.030193
0.043991
0.028058
0.029208
0.029208
0.029372
0.029208
0.029536
0.029536
0.029536
0.024444
0.027894
0.029536
0.029700
0.029043
0.028879
0.029372
0.018695
0.030850
0.027072
0.027072
0.028222
0.027729
0.027729
0.027729
0.029043
0.035614
0.033150
0.032493
0.032329
0.033150
0.032657
0.032493
0.031015
0.030357
0.031507
0.030357
0.029043
0.029865
0.030850
0.027729
0.032164
0.029372
0.031015
0.031179
0.030522
0.029865
0.030029
0.021816
0.030522
0.030193
0.030193
0.029865
0.029865
0.029865
0.030193
0.026744
0.024115
0.022637
0.022309
0.022966
0.023787
0.024608
0.041199
0.031672
0.030686
0.031672
0.031343
0.031179
0.031343
0.031015
0.031507
0.027236
0.034464
0.031015
0.032329
0.032164
0.031672
0.031836
0.032329
0.032657
0.029700
0.032986
0.032657
0.033150
0.032657
0.031836
0.031343
0.032657
0.031836
0.031672
0.031507
0.032164
0.032329
0.039228
0.024115
0.033971
0.031015
0.030029
0.029865
0.029865
0.030029
0.030193
0.030850
0.031507
0.033807
0.035121
0.034793
0.034300
0.033971
0.033643
0.026579
0.029865
0.030850
0.030029
0.030686
0.030193
0.029372
0.031672
0.031672
0.026744
0.027072
0.026908
0.028058
0.028222
0.029043
0.027072
0.041692
0.042513
0.070109
0.092614
0.115118
0.137951
0.154213
0.191665
0.205792
0.223696
0.237659
0.258520
0.278561
0.296465
0.313713
0.323733
0.352151
0.360036
0.377119
0.393217
0.408165
0.421963
0.440032
0.451859
0.464179
0.477320
0.490461
0.502781
0.514937
0.524957
0.538591
0.547297
0.558467
0.570622
0.578999
0.588527
0.598054
0.606267
0.625486
0.627622
0.631892
0.653904
0.657846
0.665895
0.674601
0.681993
0.689056
0.693327
0.707290
0.715010
0.721581
0.727658
0.732422
0.735543
0.737678
0.750163
0.754598
0.759197
0.764946
0.783837
0.772174
0.777923
0.782851
0.788272
0.792543
0.781208
0.781044
0.785315
0.784329
0.797635
0.799442
0.805191
0.804534
0.808640
0.767903
0.773817
0.779237
0.784001
0.786465
0.804534
0.806012
0.809626
0.814390
0.818332
0.822767
0.819810
0.827367
0.830323
0.833937
0.838372
0.843793
0.843957
0.847571
0.851349
0.862190
0.855948
0.862026
0.864654
0.867447
0.869747
0.873196
0.874839
0.877796
0.880588
0.884530
0.886173
0.888801
0.891594
0.893565
0.890772
0.899478
0.901121
0.903256
0.905720
0.907692
0.907692
0.908677
0.914919
0.915576
0.917712
0.919354
0.918204
0.920011
0.920833
0.922311
0.930688
0.923297
0.924282
0.925103
0.926253
0.927567
0.928717
0.930853
0.932988
0.934467
0.933152
0.937916
0.938902
0.939887
0.941037
0.942351
0.945144
0.944651
0.946458
0.947608
0.948922
0.950564
0.952371
0.953357
0.935124
0.937588
0.939066
0.940873
0.942844
0.943994
0.945636
0.946951
0.947772
0.950236
0.950072
0.951878
0.953193
0.952207
0.955657
0.958120
0.958778
0.960092
0.951386
0.960913
0.961077
0.962063
0.963377
0.964034
0.965184
0.967648
0.968633
0.969619
0.970112
0.973726
0.969126
0.971919
0.972576
0.982103
0.972904
0.977668
0.976190
0.976518
0.977504
0.988345
0.977996
0.978161
0.979639
0.979968
0.963870
0.981117
0.981117
0.974875
0.974547
0.970276
0.957956
0.957135
0.959106
0.959927
0.956149
0.962063
0.961734
0.962391
0.963541
0.964527
0.971919
0.965348
0.970440
0.968962
0.972247
0.963870
0.969455
0.970605
0.971262
0.972083
0.976847
0.966826
0.969126
0.969619
0.970933
0.972904
0.976847
0.973890
0.976847
0.976847
0.977668
0.974218
0.976682
0.975204
0.976682
0.971919
0.986538
0.978818
0.979803
0.980953
0.981446
0.981939
0.980296
0.982432
0.982103
0.983746
0.984238
0.984731
0.985224
0.985881
0.985881
0.998365
0.983746
0.990152
0.989495
0.989659
0.990480
0.987031
1.002307
1.000501
0.999843
0.999679
1.000172
0.981117
0.991302
0.988345
0.989166
0.996230
0.995408
0.997380
0.998037
0.998037
0.998201
0.998529
0.985388
0.988838
0.996394
0.995901
0.994259
0.995408
0.995573
0.996394
0.996558
0.995244
1.001322
0.999679
1.000172
1.000172
0.987031
0.999843
1.000172
1.001322
1.001815
1.001979
1.002307
0.969455
1.001815
1.002307
1.003293
0.998365
1.000172
1.000336
1.000665
1.001158
1.013806
1.002307
1.011835
1.001979
1.006578
1.005100
1.005264
1.005428
1.005428
1.013806
1.002964
1.004279
0.991795
0.991959
0.992616
0.992944
0.994094
1.000008
1.000993
1.000665
1.000665
1.000336
1.000993
0.996065
0.997872
0.997215
0.995737
0.994259
0.971262
0.967484
0.968305
0.969126
0.968798
0.973233
0.970933
0.972576
0.973397
0.973561
0.974711
0.975204
0.979146
0.975532
0.976518
0.977011
0.977175
0.978325
0.978818
0.976354
0.984731
0.981610
0.982596
0.983253
0.984238
0.985224
0.985717
0.986867
0.980953
0.994587
0.991959
0.990480
0.990645
0.991138
0.991630
0.996558
0.993601
0.992287
0.992452
0.993766
0.994259
0.994423
0.994916
0.995901
0.995080
0.999515
0.997872
0.998201
0.998529
0.998858
0.991302
1.000829
0.996230
0.998365
0.998694
0.999515
0.999843
1.000501
0.990809
1.002307
1.004443
1.004936
1.004936
1.005593
1.006086
1.005757
1.016763
1.004936
0.979968
0.978818
0.979968
0.979968
0.981117
0.982432
0.983581
0.987359
0.984567
0.985224
0.985881
0.987195
0.987688
0.988674
0.986374
0.994916
0.992780
0.993273
0.993766
0.994094
0.994094
0.994916
0.985717
0.999679
0.997380
0.997380
0.998201
0.998201
0.990973
0.981282
0.980132
0.983089
0.983417
0.984238
0.985224
0.986210
0.987359
0.987524
0.989166
0.983417
0.983253
0.983089
0.983910
0.985224
0.986374
0.978161
0.987852
0.987852
0.988509
0.989331
0.989659
0.989823
0.990480
0.982432
0.992123
0.998365
0.999186
0.999186
0.999186
0.999679
1.001158
1.001650
0.991959
0.995408
0.994094
0.993766
0.995244
0.996558
0.980460
1.009371
0.983417
0.981939
0.983253
0.984074
0.985060
0.986702
0.987359
0.994094
0.985717
0.988674
0.990645
0.991302
0.991138
0.991959
0.986538
0.984895
0.995408
0.995737
0.995737
0.996887
0.996887
0.997051
0.995080
1.003622
0.997708
0.998037
0.998365
0.999186
0.999843
1.000665
1.000829

Kurve 8

0.028058
0.029536
0.027894
0.029043
0.028551
0.028715
0.028879
0.010810
0.029372
0.028715
0.028386
0.029043
0.029043
0.028222
0.021651
0.030522
0.028551
0.030850
0.028058
0.028222
0.029043
0.028715
0.028222
0.039556
0.027565
0.038571
0.028058
0.029208
0.029043
0.028879
0.029043
0.029043
0.043334
0.026744
0.027565
0.027565
0.027072
0.027236
0.027565
0.025594
0.026744
0.027072
0.027401
0.027565
0.026908
0.026251
0.024444
0.040049
0.027236
0.026744
0.026744
0.027401
0.026908
0.026415
0.026251
0.025594
0.040049
0.026415
0.025922
0.026087
0.026251
0.026251
0.026579
0.037257
0.025101
0.030850
0.029372
0.028058
0.028058
0.028551
-0.009394
0.026087
0.026579
0.026579
0.025922
0.025922
0.025594
0.025430
0.022144
0.025430
0.025758
0.025922
0.026908
0.026087
0.025101
0.025265
0.029043
0.022801
0.024280
0.025430
0.024444
0.024773
0.025265
0.025265
0.027401
0.025758
0.032657
0.031179
0.030193
0.029372
0.029865
0.026087
0.026744
0.025922
0.026087
0.026415
0.025758
0.025101
0.024937
0.025430
0.025101
0.025594
0.026744
0.026579
0.026744
0.026579
0.026415
0.039392
0.025922
0.027236
0.025758
0.024773
0.024937
0.025922
0.025922
0.025101
0.027072
0.028058
0.027401
0.026744
0.026908
0.027072
0.028058
0.015902
0.031672
0.027072
0.027236
0.028222
0.027236
0.026744
0.026744
0.021487
0.028058
0.027565
0.027236
0.027236
0.027401
0.026744
0.032821
0.031672
0.026251
0.025430
0.023951
0.024115
0.024608
0.025101
0.024608
0.028386
0.028386
0.027894
0.027565
0.027565
0.027729
0.027236
0.018859
0.029536
0.023294
0.025101
0.026579
0.025594
0.024608
0.024937
0.024937
0.025594
0.026744
0.028058
0.028715
0.029208
0.028551
0.041527
0.026744
0.025430
0.025922
0.025430
0.025265
0.025758
0.025922
0.025265
0.054669
0.025430
0.025265
0.025430
0.025265
0.025265
0.025594
0.023130
0.032493
0.027236
0.028715
0.029043
0.028879
0.027729
0.027072
0.024608
0.021323
0.033807
0.030686
0.032821
0.033314
0.032329
0.033643
0.025265
0.039885
0.023623
0.027072
0.025758
0.025430
0.025594
0.025430
0.025101
0.023623
0.024773
0.024444
0.024444
0.024444
0.025101
0.024773
0.025430
0.024444
0.024444
0.025101
0.024773
0.023951
0.024115
0.023294
0.022144
0.025265
0.022637
0.023787
0.024115
0.024444
0.024444
0.030357
0.025265
0.042020
0.031015
0.031672
0.031672
0.030850
0.030522
0.030522
0.056311
0.064524
0.088178
0.111011
0.133351
0.155034
0.176717
0.197086
0.216633
0.237330
0.256221
0.274618
0.292195
0.302707
0.326690
0.342131
0.356257
0.374162
0.389932
0.404551
0.419828
0.433790
0.494404
0.495553
0.507216
0.482577
0.494896
0.507052
0.519043
0.530213
0.540890
0.578342
0.599368
0.571772
0.581792
0.591648
0.601175
0.610374
0.618916
0.628443
0.637806
0.646512
0.655054
0.662774
0.666716
0.677886
0.686921
0.684950
0.700719
0.704661
0.713367
0.720924
0.727658
0.777266
0.739321
0.746549
0.765439
0.756569
0.762154
0.767410
0.772338
0.777595
0.783344
0.819482
0.792871
0.796813
0.800756
0.806176
0.811104
0.812911
0.819153
0.819153
0.824081
0.828681
0.831966
0.839358
0.842807
0.846421
0.850199
0.853813
0.855948
0.861533
0.864819
0.868268
0.902764
0.871882
0.874839
0.877467
0.916233
0.883380
0.885844
0.888965
0.890280
0.892908
0.897343
0.901285
0.904242
0.906049
0.907856
0.908677
0.901285
0.911470
0.912784
0.914098
0.916233
0.916726
0.920833
0.916397
0.920504
0.921982
0.923625
0.927567
0.931017
0.932167
0.933481
0.946294
0.935124
0.936930
0.938573
0.939723
0.987195
0.975532
0.957299
0.943172
0.943172
0.945965
0.944487
0.944979
0.945965
0.947115
0.948265
0.947279
0.952536
0.953193
0.954999
0.955492
0.932660
0.958613
0.958778
0.960749
0.962063
0.954671
0.963377
0.963870
0.963870
0.937259
0.928224
0.929210
0.931017
0.932167
0.933317
0.934138
0.934795
0.939394
0.938902
0.940051
0.945144
0.934302
0.937259
0.936602
0.938573
0.939559
0.940380
0.946786
0.947772
0.948593
0.949250
0.939230
0.951057
0.951550
0.952371
0.952864
0.953521
0.955328
0.954671
0.955328
0.956478
0.956642
0.958613
0.958942
0.959270
0.960584
0.961570
0.968798
0.962556
0.966826
0.967319
0.968141
0.967976
0.969290
0.969455
0.970440
0.971919
0.972740
0.972740
0.984238
0.982103
0.981939
0.975861
0.986538
0.985553
0.979146
0.979639
0.980460
0.980132
0.977996
0.979968
0.980625
0.981446
1.009699
0.980789
0.985553
0.985717
0.986045
0.986538
0.987524
0.987195
0.986702
0.987524
0.989823
0.990480
0.989331
0.990480
0.990973
0.991466
0.977339
0.992287
0.992780
0.992780
0.994423
0.964363
0.964034
0.965348
0.966662
0.967812
0.957792
0.968798
0.967812
0.968469
0.969783
0.971754
0.985881
0.975697
0.972247
0.958942
0.954507
0.955164
0.956971
0.957463
0.957628
0.961734
0.958449
0.959106
0.959927
0.960913
0.961242
0.961570
0.962556
0.963541
0.961899
0.965184
0.965512
0.965348
0.966169
0.966826
0.967484
0.966498
0.968633
0.969290
0.969619
0.970112
0.970276
0.972247
0.972411
0.973397
0.974054
0.975040
0.976025
0.977011
0.973890
0.978325
0.984567
0.974054
0.980132
0.980296
0.980625
0.981774
0.982596
0.982103
0.982924
0.982596
0.985388
0.986538
0.987195
0.987852
0.988838
0.989002
0.968962
0.989988
0.990645
0.991302
0.991959
0.992452
1.002143
0.985060
0.990809
0.991302
0.992123
0.993109
0.993273
1.001650
0.995901
0.999515
0.994259
0.999515
0.998529
0.999186
1.000172
1.000501
0.987031
1.010192
1.002143
1.006086
1.006250
1.004936
1.004607
1.005100
1.005428
0.994751
1.004936
1.005100
1.005593
1.005428
1.006086
1.006743
1.003950
0.996887
0.995901
0.996887
0.997544
0.997872
0.998365
1.033025
1.005100
1.004607
1.005593
1.003950
1.004443
1.004936
1.005593
1.005921
1.009864
1.009371
1.006250
1.008057
1.008385
1.008714
1.008714
1.009207
1.001486
1.020048
1.015941
1.016270
1.016598
1.016598
1.015941
1.014791
1.010356
1.010192
1.010685
1.010356
1.010685
1.010849
1.010521
1.013149
1.010685
1.010356
1.010028
1.010849
1.011178
1.011342
1.011999
1.003622
1.013806
1.013642
1.012656
1.013642
1.013477
1.013970
1.013970
1.004936
1.018241
1.015284
1.016763
1.016927
1.017091
1.017255
1.017420
1.014627
1.005100
0.998529
0.999515
0.999843
1.000665
1.001322
1.000829
1.000829
1.004936
1.003950
1.005264
1.005593
1.005428
1.005428
0.998858
1.007400
1.000665
1.001815
1.003457
1.003950
1.002800
1.003457
1.002636
1.010685
1.004443
1.007071
1.008221
1.008878
1.009535
1.009864
1.013313
1.011342
1.012328
1.013477
1.014134
1.014134
1.014463
1.014299
1.015120
1.011670
1.016434
1.015120
1.014627
1.015284
1.015449
1.012656
1.013806
1.021855
1.021526
1.021034
1.020705
1.020212
1.020541
1.020541
1.015120
1.015284
1.015613
1.015449
1.014791
1.015449
1.015777
1.021362
1.016763
1.017912
1.018077
1.017912
1.018077
1.018241
1.018241
1.019227
1.023990
1.019227
1.016598
1.016763
1.016927
1.018898
1.017255
1.020376
1.004936
0.998201
0.998529
0.991466
0.992616
0.993766
0.994916
0.989823
1.002636
0.997872
0.998858
0.999679
1.000008
1.000172
1.004607
0.999843
1.001650
1.001979
1.001979
1.002964
1.003950
1.004279

Kurve 9

0.029700
0.029700
0.029536
0.032493
0.026415
0.031179
0.029865
0.028879
0.029208
0.030686
0.029536
0.029372
0.030357
0.029700
0.028386
0.029865
0.030193
0.030357
0.022966
0.031015
0.029865
0.030029
0.030193
0.030029
0.030193
0.028551
0.030357
0.028715
0.042349
0.022966
0.026908
0.026251
0.028715
0.030522
0.036764
0.029208
0.032821
0.030850
0.030522
0.030850
0.030522
0.030686
0.031672
0.031015
0.032164
0.031343
0.031507
0.031179
0.031672
0.031672
0.031672
0.030686
0.030357
0.031015
0.031015
0.030686
0.031015
0.031015
0.028715
0.033150
0.031015
0.033479
0.033150
0.032493
0.032329
0.032657
0.027565
0.023458
0.022144
0.021980
0.022309
0.027072
0.032329
0.030686
0.031343
0.032329
0.031836
0.030357
0.032000
0.031179
0.031179
0.031672
0.030522
0.031015
0.031015
0.031015
0.030850
0.035450
0.030029
0.030193
0.032986
0.026251
0.027565
0.027894
0.027894
0.027894
0.028058
0.031015
0.022801
0.022966
0.023130
0.023130
0.021816
0.032000
0.030522
0.031672
0.032657
0.032329
0.031672
0.025922
0.031343
0.031179
0.029865
0.029700
0.029536
0.029536
0.030029
0.029700
0.029700
0.030850
0.031343
0.031015
0.031507
0.030850
0.031015
0.031179
0.031672
0.031672
0.031179
0.031507
0.031015
0.030357
0.030522
0.031015
0.029536
0.027401
0.029043
0.029372
0.029865
0.029372
0.029043
0.027894
0.028715
0.026415
0.028715
0.028715
0.029043
0.029043
0.029043
0.029043
0.030357
0.032000
0.019845
0.022309
0.029372
0.029536
0.030029
0.029865
0.029700
0.029865
0.030357
0.029372
0.029536
0.029208
0.030029
0.016395
0.032329
0.029700
0.030193
0.030686
0.030357
0.029700
0.029700
0.029208
0.024115
0.030357
0.030522
0.030357
0.030029
0.029372
0.028879
0.034136
0.032329
0.029865
0.028879
0.027565
0.027236
0.028222
0.028715
0.029043
0.036107
0.031179
0.030029
0.030029
0.029372
0.030193
0.029372
0.029865
0.031672
0.032164
0.031672
0.030357
0.029865
0.030522
0.030193
0.023130
0.033314
0.030522
0.032657
0.032986
0.032164
0.031179
0.031179
0.031179
0.029865
0.029536
0.028386
0.028715
0.029536
0.029865
0.029208
0.033150
0.030357
0.029043
0.028879
0.027894
0.028386
0.029043
0.023130
0.029536
0.030029
0.029700
0.030029
0.029865
0.029700
0.030193
0.026087
0.031015
0.029865
0.029700
0.031507
0.031507
0.030193
0.029865
0.032164
0.030850
0.030357
0.029865
0.030357
0.030850
0.030193
0.046948
0.079308
0.090478
0.119060
0.140743
0.161605
0.182466
0.203656
0.222875
0.243408
0.258192
0.279382
0.297451
0.314534
0.330797
0.346894
0.363485
0.376955
0.392396
0.405208
0.421635
0.436747
0.450381
0.463358
0.476170
0.486026
0.502288
0.511651
0.522164
0.534320
0.546147
0.556988
0.574400
0.578178
0.588691
0.598547
0.607089
0.616616
0.626308
0.635014
0.643719
0.651111
0.660474
0.669016
0.676244
0.683636
0.690535
0.697105
0.706304
0.713039
0.719117
0.725851
0.733243
0.738336
0.744085
0.750984
0.759361
0.761825
0.767739
0.772995
0.778416
0.784165
0.789093
0.793364
0.798456
0.803055
0.807983
0.812090
0.816197
0.820467
0.825395
0.828024
0.832130
0.836565
0.840672
0.844778
0.847899
0.850692
0.847899
0.858577
0.860055
0.863997
0.867940
0.870896
0.874017
0.875824
0.881902
0.882888
0.885516
0.889458
0.890937
0.893729
0.896029
0.898821
0.900792
0.907199
0.903913
0.910813
0.912619
0.913441
0.915576
0.918040
0.914755
0.917876
0.913769
0.907527
0.910155
0.911798
0.913769
0.911962
0.917055
0.916726
0.923625
0.922147
0.924775
0.927403
0.921161
0.922475
0.922147
0.924611
0.919519
0.912127
0.913605
0.915576
0.917876
0.920011
0.923461
0.918369
0.921654
0.923789
0.929210
0.930853
0.932824
0.931510
0.936273
0.939066
0.941530
0.943172
0.944979
0.945965
0.946294
0.946458
0.948593
0.951057
0.946951
0.950236
0.952043
0.954178
0.960913
0.944158
0.950072
0.977996
0.960420
0.961242
0.962063
0.963048
0.963870
0.965184
0.966826
0.968305
0.967648
0.968633
0.969455
0.970440
0.968633
0.971754
0.972247
0.973726
0.974875
0.975532
0.974875
0.977504
0.977832
0.980625
0.971262
0.982432
0.980789
0.981117
0.981446
0.983910
0.980625
0.985224
0.984403
0.986702
0.986210
0.987852
0.988509
0.988674
0.989331
0.992780
0.988838
0.989166
0.990152
0.990973
0.990645
0.991138
0.992452
0.991302
0.992616
0.993109
0.992944
0.988509
0.994259
0.994587
0.994751
0.980296
0.986702
0.981446
0.983089
0.984074
0.984403
0.987359
0.988345
0.988016
0.983910
0.973561
0.964198
0.958942
0.958942
0.959927
0.965020
0.961242
0.964363
0.965841
0.966498
0.967812
0.968798
0.969619
0.968962
0.972576
0.973233
0.974218
0.973561
0.975368
0.974547
0.976025
0.977504
0.981117
0.980625
0.983746
0.984895
0.985717
0.986538
0.986045
0.986538
0.987688
0.991959
0.987524
0.988674
0.986867
0.987852
0.988345
0.989002
0.982432
0.983581
0.984567
0.974383
0.961570
0.960584
0.963705
0.963541
0.964363
0.965184
0.969290
0.968633
0.970276
0.971262
0.971426
0.972083
0.972083
0.974054
0.973068
0.973726
0.976682
0.973890
0.974218
0.973890
0.974547
0.979311
0.975861
0.976354
0.976847
0.976682
0.978653
0.977011
0.976518
0.977175
0.978161
0.978982
0.972904
0.981282
0.981774
0.982103
0.978818
0.985881
0.985060
0.985717
0.986867
0.987524
0.985717
0.988838
0.990973
0.991138
0.991630
0.997215
0.991795
0.993601
0.994259
0.994751
0.995573
0.997872
0.996722
0.996722
0.998037
0.992452
0.988016
0.989002
0.990152
0.990152
0.990645
0.991466
0.994094
0.989331
0.991959
0.989823
0.995408
0.994916
0.996230
0.997380
0.997872
0.985388
0.999843
0.999679
1.000172
1.001322
1.001158
1.001979
1.004443
1.004771
1.005264
1.006086
1.006086
1.003457
1.007564
1.006743
1.012492
1.001322
1.004936
1.004443
1.004771
1.005593
1.005921
1.006414
1.005921
1.008057
1.006414
1.006414
1.007564
1.007400
1.007235
1.005921
0.997544
0.992780
0.992780
0.992780
0.992944
0.993273
1.003950
0.990973
0.995080
0.995408
0.995408
0.995901
0.996394
0.994751
0.995408
0.995901
0.995408
0.996394
0.996558
0.996887
0.997544
0.997380
0.992944
0.995901
0.996722
0.998529
0.996722
0.998529
0.998858
0.999351
1.000336
1.000336
1.001486
1.001322
1.002143
1.002307
1.002800
1.010521
1.000993
1.008057
1.006907
1.007564
1.007400
1.007071
1.010521
1.002143
1.006250
1.007400
1.008057
1.007235
1.007728
1.007728
1.008057
1.006907
1.011506
1.004443
1.012328
1.006250
1.008057
1.009207
1.009535
1.010028
1.006743
1.012656
1.014299
1.015284
1.014956
1.015449
1.014627
1.014299
1.014134
1.013642
1.014627
1.014791
1.015449
1.015449
1.017420
1.015613
1.017584
1.014134
1.002472
1.003457
1.003622
1.003622
1.004279
1.001158
0.997051
1.019391
1.014791
1.015120
1.015120
1.015284
1.015284
1.014956
1.005921
1.004771
1.006578
1.006414
1.006414
1.007071
1.022019
1.007728
1.007892
1.008385
1.008878
1.009042
1.009042
1.010192
1.009207
1.011999
1.010685
1.009207
1.008878
1.009042
1.009864
1.010028
0.992944
1.010685
0.987031
0.985388
0.986210
0.987852
0.988838
0.989823
0.991138
0.993930
0.992616
0.995244
0.995408
0.995901
0.996722
0.999186
0.997544
0.998858
0.999515
1.000008
1.000993
1.001979

Kurve 10

0.036928
0.030850
0.032821
0.031672
0.036107
0.030522
0.035778
0.033479
0.032164
0.032493
0.031343
0.032164
0.032657
0.032329
0.032657
0.030686
0.032000
0.032657
0.033150
0.026415
0.033314
0.032657
0.032821
0.032986
0.032657
0.031836
0.028879
0.030357
0.029700
0.029865
0.030357
0.032657
0.029536
0.032164
0.031179
0.030686
0.029865
0.036928
0.034300
0.033807
0.033807
0.027565
0.030357
0.031672
0.031507
0.020009
0.032164
0.031179
0.031507
0.031507
0.031179
0.031836
0.027894
0.029865
0.030522
0.030686
0.029865
0.033807
0.032164
0.029865
0.029865
0.028879
0.032000
0.032821
0.030522
0.029865
0.029536
0.033479
0.032821
0.032493
0.032493
0.032493
0.030522
0.034136
0.028551
0.029372
0.030686
0.031015
0.033314
0.033150
0.033314
0.032986
0.031015
0.042513
0.039885
0.040049
0.040378
0.039556
0.037914
0.032493
0.032657
0.032821
0.032493
0.029536
0.029208
0.027729
0.027236
0.027072
0.036764
0.034136
0.033643
0.033971
0.033971
0.029372
0.034957
0.033971
0.034300
0.034793
0.034136
0.031343
0.039228
0.038406
0.038735
0.020009
0.033643
0.028715
0.029865
0.031179
0.031015
0.030522
0.032329
0.034464
0.032657
0.041363
0.023458
0.029043
0.028386
0.027236
0.028058
0.051383
0.034793
0.034793
0.033971
0.033314
0.033807
0.034464
0.033314
0.032164
0.032657
0.032986
0.032000
0.033150
0.032329
0.032493
0.022801
0.033314
0.029700
0.031836
0.032821
0.032821
0.032493
0.033643
0.036435
0.036107
0.034628
0.033643
0.032986
0.033314
0.033150
0.033314
0.034628
0.031507
0.037092
0.034628
0.034300
0.034464
0.027401
0.036928
0.033150
0.033314
0.033807
0.033807
0.027072
0.034464
0.033479
0.034300
0.034957
0.033314
0.033479
0.034136
0.034136
0.033807
0.037749
0.031179
0.035450
0.033314
0.033971
0.033971
0.033807
0.033807
0.033971
0.034136
0.032657
0.035450
0.033643
0.033150
0.033314
0.023294
0.035450
0.033971
0.035450
0.036271
0.035778
0.035450
0.031343
0.034300
0.034464
0.032821
0.041199
0.041692
0.041035
0.040378
0.036600
0.035942
0.031343
0.034300
0.032000
0.033479
0.033314
0.033150
0.033150
0.033150
0.034136
0.032986
0.033150
0.032493
0.032493
0.032329
0.032493
0.032657
0.029536
0.029043
0.029865
0.030686
0.031179
0.031836
0.030357
0.032329
0.031179
0.032164
0.033150
0.033314
0.033150
0.032986
0.032821
0.033643
0.036600
0.028222
0.033807
0.032164
0.032000
0.049248
0.072902
0.096392
0.121524
0.142550
0.164069
0.184930
0.205135
0.225503
0.233059
0.263777
0.282339
0.299915
0.317655
0.334410
0.351001
0.366935
0.382868
0.394531
0.412272
0.423934
0.438718
0.452352
0.467136
0.480277
0.498182
0.508037
0.515922
0.528242
0.537605
0.548118
0.554853
0.561259
0.570622
0.585242
0.586556
0.596247
0.605282
0.614809
0.626800
0.634685
0.645198
0.653411
0.661953
0.670166
0.678215
0.685443
0.692999
0.699898
0.703512
0.717803
0.720431
0.728315
0.735214
0.740471
0.739650
0.746384
0.750820
0.759526
0.762318
0.767082
0.772667
0.779073
0.784165
0.788600
0.795664
0.799934
0.804534
0.808312
0.812090
0.817182
0.821453
0.821946
0.831637
0.831145
0.836237
0.840672
0.844121
0.847407
0.851021
0.840343
0.865476
0.857263
0.862848
0.867940
0.870568
0.872211
0.875003
0.855620
0.859069
0.862683
0.865640
0.868925
0.872375
0.875332
0.877960
0.882723
0.884530
0.887159
0.888965
0.890772
0.893729
0.896686
0.899314
0.904078
0.901121
0.905720
0.908513
0.910155
0.911470
0.913769
0.915083
0.917055
0.919190
0.921490
0.922968
0.924282
0.925432
0.926910
0.932495
0.926746
0.932331
0.933152
0.933974
0.936109
0.938245
0.939723
0.961077
0.941858
0.943665
0.944487
0.945636
0.946622
0.948100
0.949415
0.953357
0.954835
0.957628
0.959435
0.959435
0.959927
0.960420
0.945636
0.958942
0.960913
0.960913
0.962063
0.963377
0.963870
0.965184
0.965348
0.969947
0.958613
0.963213
0.964527
0.965512
0.966334
0.967484
0.960749
0.966005
0.966662
0.966498
0.967319
0.968141
0.969126
0.970112
0.970933
0.971919
0.972904
0.974054
0.975040
0.975204
0.975861
0.974383
0.982760
0.977832
0.977996
0.980460
0.980460
0.980789
0.981610
0.982596
0.982924
0.981939
0.976025
0.976190
0.977339
0.978489
0.979311
0.979968
0.991630
0.976682
0.982267
0.983417
0.983910
0.984731
0.985717
0.991959
0.992780
0.993766
0.993930
0.994423
0.994587
0.995080
0.993766
0.994916
0.993109
0.997215
0.997215
0.997051
0.997380
0.997872
1.000665
0.996887
1.000665
0.994751
0.995408
0.994423
0.994587
0.994916
0.995573
1.006250
1.000008
1.001158
1.000336
1.000336
1.000993
1.000993
0.999843
1.002472
1.002800
1.003129
1.003457
1.003457
1.003622
1.004936
1.004114
1.004114
1.005428
1.004114
1.004443
1.004443
1.004771
1.008385
1.005100
1.005264
1.008549
1.005100
1.005428
1.005428
1.004936
1.005428
1.005428
1.005921
1.008057
1.006086
1.006907
1.007071
1.007400
1.002472
1.008714
1.005757
1.006578
1.006907
1.006907
0.999351
1.009371
1.008549
1.009535
1.007564
1.010685
1.010028
1.009535
1.009699
1.017748
1.002307
1.005921
1.005593
1.016434
1.011178
1.009864
1.011013
1.011013
1.011342
1.014134
1.011342
1.011342
1.012163
1.012328
1.011999
1.003293
1.012492
1.011835
1.011835
1.012328
1.011670
1.008714
1.012163
1.012492
1.012985
1.011013
1.014134
1.010028
1.010356
1.011835
1.013149
1.012163
1.017420
1.014134
1.013806
1.013642
1.014956
1.012985
1.013477
1.013313
1.024319
1.013149
1.013970
1.013970
1.013806
1.014134
1.014299
1.014791
1.013642
1.014134
1.014299
1.014627
1.013970
1.012820
1.015120
1.014627
1.011835
1.018570
1.016106
1.017091
1.017420
1.016927
1.016927
1.011506
1.012328
1.013477
1.022512
1.013642
1.014956
1.015284
1.015284
1.014956
1.013642
1.019555
1.017420
1.016434
0.997872
0.997051
0.994751
0.996065
0.997544
0.997051
0.997872
0.999843
0.998858
1.000172
1.000993
1.001322
1.001815
0.998529
1.002307
1.002800
1.003293
1.012163
1.003622
1.004114
1.004936
1.005100
1.007728
1.006414
1.006250
1.006743
1.006907
1.007728
1.007728
1.007892
1.009207
1.008878
1.009042
1.003786
1.010192
1.006086
1.006743
1.003622
1.010521
1.010521
1.010685
1.011013
1.011013
1.010685
1.011342
1.011670
1.011999
1.012163
1.017255
1.009371
0.980132
0.973561
0.974383
0.974875
0.975040
0.975040
0.972083
0.971590
0.972576
0.969619
0.968962
0.968962
0.969783
0.970112
0.963213
0.971590
0.970276
0.972083
0.968469
0.970276
0.971426
0.971097
0.971426
0.971590
0.968962
0.972247
0.973068
0.973561
0.975040
0.976025
0.977832
0.972740
0.973397
0.975040
0.976518
0.977996
0.983417
0.985388
0.986045
0.992944
0.984403
0.989659
0.989659
0.989988
0.990973
0.991466
0.992287
1.001486
1.001486
0.993601
0.991630
0.992944
0.993601
0.994423
0.995244
0.992452
1.004279
1.001158
1.000829
1.001650
1.001650
1.006414
0.995737
0.998037
0.999351
0.999679
1.000336
1.007400
1.002636
1.003622
1.007071
1.003786
1.004771
1.003457
0.982103
0.983581
0.985060
0.971919
0.987031
0.988016
0.989495
0.989659
0.990480
0.991630
0.992452
0.993273
0.994259
0.996230
0.991138
0.993109
0.993601
0.994259
1.013642
0.997872
1.003457
1.003129
1.003293
1.003622

