Ladekurvenmessung
Zeit: 2016_06_21 16.41.13
Info: 2250rpm
Ladewiderstand[Ohm]: 199500
Störkapazität[pF]: 278.000000
Entladezeit[ms]: 100
Abtastrate[Hz]: 250000
Messzeit [ms]: 2.000000
Verzögerung[ms]: 1
Ladespannung[V]: 0.200000

Kurve 1

0.003418
0.004568
0.004404
-0.000360
0.004075
0.003582
0.003582
0.003254
0.003254
0.003747
0.003911
0.004075
0.004075
0.014260
0.003254
0.003911
0.004239
0.003090
0.004075
0.003747
0.003254
0.002761
0.002925
0.006539
0.004404
0.003911
0.003747
0.003418
0.004075
0.004897
0.004732
0.005389
0.005389
0.005225
0.004732
0.001118
0.000790
-0.000360
0.000133
0.005225
0.002104
0.001940
0.002761
0.002433
0.001776
0.001118
0.001776
0.003582
0.000790
0.001118
0.000954
0.000297
0.000461
0.000461
0.004732
0.001776
0.000626
-0.001346
-0.002003
-0.001674
-0.004467
-0.001674
-0.000196
-0.000031
-0.000360
-0.000031
0.000133
0.000626
-0.000688
-0.006273
0.006375
0.000626
0.000790
0.001283
0.001447
0.000461
0.007525
0.000297
0.007853
0.002761
0.004732
0.005061
0.004732
0.004568
0.004732
0.003254
-0.001181
-0.001017
-0.001510
-0.002495
-0.001674
-0.013173
0.004239
-0.000031
0.001283
0.002268
0.001776
0.001447
-0.006438
0.005718
-0.016294
-0.003645
-0.003809
-0.004138
-0.003481
-0.003645
-0.003317
0.003582
-0.003974
-0.003481
-0.002824
-0.005288
-0.003645
-0.003809
-0.003317
-0.003152
0.008346
-0.002167
-0.002167
-0.001674
-0.001510
-0.003481
-0.003481
-0.006766
0.002268
0.002761
0.001776
0.001940
0.001447
0.001776
-0.007095
-0.002495
0.000461
-0.005124
-0.002988
-0.002660
-0.002660
-0.002331
-0.002167
-0.001838
-0.001346
-0.000196
-0.002003
-0.001181
-0.001181
-0.001181
-0.001017
0.007032
-0.000524
-0.000688
-0.000031
-0.000196
0.000297
-0.000031
-0.006930
0.000461
0.000790
0.000461
0.000954
0.000790
0.000954
0.000954
-0.001346
0.001940
0.002433
0.003418
0.003090
0.003254
0.003090
0.003418
0.006211
0.000954
0.001283
0.001611
0.001447
0.001776
0.001776
0.001611
0.017216
0.001118
0.001447
0.001776
0.001447
0.001611
0.001611
0.000954
0.002104
0.001283
0.001776
0.001940
0.002104
0.001940
0.001940
0.001940
0.001940
0.001611
0.001940
0.002925
0.002925
0.002433
0.002104
0.005389
0.000626
0.001447
0.001776
0.001940
0.001776
0.001611
0.001776
0.003747
-0.002331
-0.002331
-0.003481
-0.002988
-0.002495
-0.002660
-0.002495
-0.001181
0.001611
0.001940
0.001776
0.001611
0.001776
0.001611
0.001776
-0.001017
0.002433
0.001776
0.001611
0.001776
0.002104
0.002104
0.005718
0.004239
0.002104
0.002433
0.002761
0.002597
0.002268
0.002268
0.002268
0.001447
0.001940
0.001283
0.001118
0.001447
0.000954
0.000626
-0.001674
0.000790
0.001283
0.002925
0.005718
0.009332
0.011960
0.015245
0.018366
0.019516
0.025594
0.027072
0.029372
0.031672
0.034464
0.043006
0.037914
0.040049
0.043663
0.045470
0.047112
0.049412
0.051383
0.053354
0.057954
0.050233
0.058611
0.060746
0.062060
0.063539
0.065346
0.062389
0.068960
0.069945
0.070602
0.072081
0.073230
0.074380
0.076023
0.078487
0.077009
0.080130
0.078980
0.081279
0.083086
0.083908
0.094913
0.085715
0.093271
0.087193
0.091628
0.091628
0.092121
0.093106
0.093763
0.095406
0.094421
0.095899
0.096556
0.097706
0.098363
0.099020
0.090642
0.100663
0.100991
0.101812
0.102634
0.103291
0.103784
0.084893
0.105426
0.106083
0.107233
0.104769
0.106740
0.107069
0.107397
0.108383
0.108711
0.114296
0.112654
0.110847
0.111175
0.111833
0.112161
0.112490
0.112654
0.115611
0.103127
0.104276
0.109697
0.110518
0.111340
0.111668
0.113147
0.111011
0.111833
0.112325
0.113311
0.113147
0.111011
0.114296
0.115118
0.112161
0.115446
0.113147
0.113147
0.114461
0.114625
0.117253
0.121360
0.119060
0.115775
0.111504
0.111668
0.118896
0.118732
0.118896
0.125631
0.120210
0.120539
0.120374
0.120374
0.120539
0.120703
0.121688
0.122017
0.122345
0.122674
0.123002
0.123660
0.122510
0.128916
0.128095
0.111997
0.125302
0.119717
0.121031
0.121853
0.121853
0.127766
0.125631
0.124152
0.131216
0.117253
0.120374
0.119224
0.119881
0.120539
0.121688
0.126452
0.127930
0.127766
0.127766
0.128259
0.128259
0.127109
0.129737
0.127438
0.127109
0.127273
0.127766
0.130066
0.129080
0.129080
0.129902
0.130559
0.129080
0.130723
0.130230
0.130394
0.132694
0.129737
0.129409
0.130723
0.133680
0.130066
0.133023
0.132530
0.132201
0.132366
0.130230
0.130559
0.130230
0.130230
0.130066
0.130559
0.116596
0.131051
0.125959
0.126452
0.126945
0.108547
0.131873
0.132037
0.131708
0.131873
0.130887
0.131708
0.131873
0.132037
0.132201
0.136801
0.130723
0.132201
0.132201
0.132366
0.132530
0.132530
0.131873
0.131873
0.132037
0.134829
0.132530
0.132037
0.132366
0.132037
0.133023
0.127438
0.133515
0.131873
0.132366
0.132858
0.130066
0.132366
0.132201
0.132530
0.132694
0.130230
0.132858
0.132858
0.132694
0.132858
0.132858
0.130559
0.127602
0.126945
0.126945
0.127602
0.132858
0.133351
0.133351
0.133023
0.137458
0.122181
0.126781
0.124974
0.124809
0.125466
0.127273
0.134172
0.133515

Kurve 2

0.001283
0.002433
0.003254
0.003582
0.006211
0.005061
0.005554
0.006046
-0.000031
0.008675
0.002597
0.004239
0.005389
0.004568
0.004239
0.004568
0.005554
0.005554
0.005225
0.005389
0.005389
0.005061
0.004897
0.005225
0.013274
0.001611
0.007689
0.005718
0.004732
0.005061
0.003582
0.004568
0.005882
0.005718
0.006211
-0.011858
-0.030092
0.004897
0.005061
0.005061
0.006046
0.005389
0.005389
0.005389
0.005061
0.004732
0.007689
0.005389
0.003254
0.003254
0.003254
0.004897
0.004732
0.004075
0.004568
0.004404
0.003090
0.004568
0.003254
0.002761
0.002761
-0.004467
0.015409
0.008182
0.008018
0.008346
0.007032
-0.003317
0.005718
0.002925
0.003254
0.001940
0.007032
0.004732
0.003254
0.002925
0.002433
0.009496
-0.000524
0.002268
0.010974
0.001611
0.007525
0.006375
0.005389
0.004732
0.005061
0.002104
0.002104
0.001611
0.001447
0.001611
0.000954
0.003254
-0.000196
0.002433
0.003090
0.003090
0.002104
-0.001510
0.012288
0.009989
0.000626
0.000133
0.001118
0.001118
0.001940
0.001447
0.001118
-0.000031
0.003254
0.007361
-0.004467
-0.001017
-0.001017
-0.001017
-0.001017
-0.000688
0.006046
-0.006109
-0.003809
-0.002824
-0.002824
-0.002660
0.001776
0.002104
0.002597
0.002597
0.002433
0.002597
0.002268
0.004075
0.001611
0.000461
0.007525
0.004568
0.004075
0.002597
0.002761
0.002597
0.005554
0.002925
0.006868
0.002925
0.002268
0.002761
0.002433
0.002433
0.002268
0.003090
0.002104
0.001776
0.001611
0.001447
0.001611
-0.008245
0.010153
0.004568
0.005061
0.004568
0.003911
0.003582
-0.013994
-0.031077
-0.005781
0.000790
0.000954
0.000461
0.000790
0.000954
0.000461
0.012781
0.000133
-0.000196
0.000790
0.000626
0.000461
0.000297
-0.000031
0.000133
0.002104
0.001283
0.001283
0.001940
0.001776
0.001611
0.000954
0.001776
0.001118
0.000954
0.000297
0.000461
0.000461
0.000297
-0.002988
-0.006602
0.004075
-0.002167
-0.000196
0.000626
0.000461
0.000133
0.000133
0.003090
-0.002660
-0.000853
-0.002495
-0.002495
-0.002167
-0.002495
-0.002003
0.008675
0.002597
0.002104
0.002104
0.002433
0.002268
0.002104
-0.001674
0.002761
0.002761
0.002597
0.002597
0.002433
0.002433
0.002268
0.001447
0.003747
0.003090
0.003090
0.003747
0.003747
0.004075
0.003911
0.008346
0.003090
0.001940
0.002268
0.001447
0.001283
0.001611
0.001283
0.008675
0.003090
0.003090
0.003582
0.003254
0.003090
0.003254
0.002761
0.004404
0.004732
0.008346
0.011303
0.013931
0.017052
0.019845
0.022966
0.028386
0.027072
0.031672
0.033971
0.036271
0.038571
0.040706
0.058939
0.040213
0.050069
0.051055
0.052369
0.054012
0.055654
0.057133
0.071095
0.058611
0.061075
0.062718
0.064196
0.066003
0.067317
0.068795
0.068467
0.070438
0.069945
0.070602
0.071752
0.073066
0.074545
0.075859
0.078158
0.082429
0.083743
0.084729
0.085879
0.086700
0.087686
0.129573
0.092121
0.086372
0.087686
0.088507
0.089657
0.090478
0.091792
0.092449
0.097377
0.098363
0.099677
0.100170
0.100663
0.101648
0.102634
0.097870
0.103948
0.104769
0.105590
0.105919
0.106412
0.107233
0.107726
0.109040
0.109204
0.109369
0.110026
0.110847
0.111175
0.111833
0.114461
0.112654
0.112654
0.113804
0.114789
0.115118
0.115282
0.115775
0.115939
0.119224
0.118075
0.120867
0.121853
0.121688
0.122181
0.122017
0.085715
0.121853
0.118239
0.118075
0.118567
0.118896
0.119389
0.117089
0.121853
0.118896
0.122017
0.122510
0.122181
0.122510
0.123002
0.128259
0.122017
0.127109
0.122017
0.125302
0.125631
0.125631
0.124809
0.123988
0.140907
0.121688
0.127602
0.126781
0.126945
0.127109
0.127438
0.111504
0.123824
0.123495
0.123495
0.123988
0.123660
0.123988
0.116760
0.124809
0.124974
0.125631
0.124974
0.125138
0.125466
0.125795
0.130066
0.124645
0.125466
0.125631
0.125959
0.123824
0.124481
0.124809
0.124809
0.125138
0.126288
0.127273
0.127109
0.127273
0.127109
0.127438
0.127109
0.128587
0.127602
0.127602
0.127766
0.128095
0.127930
0.122181
0.127930
0.127930
0.127766
0.128916
0.128587
0.128423
0.128423
0.128587
0.128095
0.129080
0.129080
0.127602
0.129573
0.127930
0.128095
0.128259
0.128752
0.134501
0.125631
0.124481
0.124809
0.125302
0.125138
0.125631
0.125631
0.125302
0.125959
0.126288
0.126123
0.126288
0.126945
0.125959
0.128587
0.120046
0.128423
0.124645
0.125138
0.125795
0.125959
0.128095
0.127930
0.126288
0.143207
0.127438
0.127766
0.126781
0.126123
0.126616
0.146164
0.126781
0.132694
0.130887
0.129902
0.129902
0.129902
0.120703
0.133351
0.132037
0.131873
0.132037
0.129080
0.130066
0.129409
0.129409
0.128423
0.130230
0.129080
0.130559
0.131051
0.130887
0.132037
0.130066
0.129245
0.129245
0.132201
0.130066
0.128916
0.128752
0.128259
0.128916
0.129737
0.130559
0.130559
0.130394
0.131051
0.131708
0.125466

Kurve 3

0.007361
0.005554
0.001118
0.000954
0.006539
0.005554
0.005718
0.006046
0.006539
0.006211
-0.022700
0.006868
0.006539
0.006211
0.006868
0.006046
0.008018
-0.004631
-0.000524
-0.000196
-0.000031
0.000790
0.002433
0.006211
0.008510
0.017873
0.006539
0.007032
0.006046
0.005554
0.004897
0.005389
0.002268
0.005554
0.003090
0.005882
0.005718
0.006375
0.006211
0.005718
0.005061
-0.001838
0.007361
0.001118
0.002597
0.003090
0.003582
0.014752
0.004404
0.005225
0.005554
0.004732
0.006046
0.006375
0.023458
0.006046
0.007361
0.005718
0.006375
0.006539
0.006211
0.006375
0.006539
0.002433
0.007361
0.003254
0.006046
0.005389
0.004897
0.004568
0.004404
0.004075
-0.004959
0.007689
0.001447
0.002761
0.003418
0.002925
0.002761
0.005718
0.006868
0.005389
0.005225
0.004732
0.005389
0.005554
0.008346
0.005389
0.003582
-0.000031
-0.002167
-0.002167
-0.001510
-0.000688
-0.000524
0.005718
0.004239
0.003747
0.003911
0.004732
0.004568
0.003911
0.004239
-0.011530
0.006868
0.006375
0.006211
0.006703
0.006375
0.005718
0.014095
0.006046
0.006046
0.006211
0.006211
0.006539
0.007032
0.007032
0.006703
0.006868
0.006703
0.006046
0.005882
0.005882
0.005882
0.005718
0.002761
0.010482
0.004404
0.006703
0.006539
0.006703
0.006703
0.006703
0.002597
0.007032
0.006211
0.006046
0.006046
0.005882
0.006046
0.008346
0.005225
0.001447
0.004075
0.006375
0.006703
0.006868
0.006868
0.007196
0.008346
0.008018
0.006211
0.006703
0.005882
0.005225
0.005389
-0.004138
0.008839
-0.001181
0.002104
0.002925
0.003090
0.003254
0.003418
0.003747
0.006539
0.005718
0.007032
0.006868
0.006375
0.006046
0.006046
0.043827
0.005389
0.005389
0.005389
0.005554
0.005718
0.005882
0.005882
0.020337
0.005225
0.005554
0.006375
0.006375
0.005882
0.006211
-0.018265
0.005718
0.006539
0.006868
0.006703
0.006868
0.006868
0.006868
0.007361
-0.006766
0.002433
0.002433
0.001940
0.001940
0.001940
0.001611
0.025758
0.007361
0.008018
0.007689
0.008018
0.007853
0.008018
0.007853
0.013767
0.009824
0.008182
0.007853
0.007525
0.007689
0.007196
-0.004302
0.008346
0.008346
0.007361
0.008018
0.007853
0.007689
0.007689
0.007853
-0.025821
0.007853
0.008018
0.007361
0.007525
0.007525
0.007361
0.016231
0.006703
0.007196
0.007361
0.007196
0.007525
0.007525
0.007361
0.007689
0.025594
0.006046
0.007032
0.007361
0.006703
0.006703
0.006046
0.010153
0.007525
0.015738
0.018366
0.021323
0.024608
0.027565
0.030193
0.032493
0.036435
0.033971
0.037914
0.039885
0.042185
0.044484
0.046455
0.048427
0.054504
0.054997
0.057133
0.059268
0.061239
0.062718
0.061732
0.067481
0.066167
0.070274
0.070438
0.071916
0.073723
0.074709
0.076516
0.073066
0.077337
0.078323
0.078651
0.079637
0.080787
0.082265
0.083415
0.081772
0.087521
0.088343
0.089657
0.090478
0.091628
0.092285
0.092778
0.093928
0.094913
0.095570
0.096227
0.097213
0.109204
0.098199
0.099513
0.102141
0.099513
0.102798
0.103948
0.104112
0.104769
0.102634
0.104933
0.105755
0.107233
0.106412
0.109204
0.109533
0.109697
0.110683
0.099677
0.122345
0.117253
0.118075
0.118567
0.118403
0.118403
0.111833
0.112325
0.111504
0.111668
0.112161
0.112654
0.117089
0.106412
0.110683
0.123167
0.111668
0.112982
0.113968
0.113804
0.114132
0.111011
0.115446
0.114625
0.112161
0.118075
0.113804
0.115775
0.116925
0.117910
0.117746
0.119060
0.118896
0.119060
0.119389
0.119224
0.119717
0.121688
0.120867
0.120703
0.121853
0.122181
0.122017
0.122838
0.123495
0.124645
0.125302
0.121853
0.123331
0.123167
0.123331
0.123331
0.119060
0.123988
0.124152
0.123988
0.121031
0.126123
0.123331
0.123660
0.123660
0.124481
0.125795
0.125795
0.128095
0.127438
0.124152
0.124645
0.130559
0.122345
0.127766
0.126616
0.126616
0.126616
0.124809
0.125959
0.123988
0.124809
0.129737
0.126123
0.126123
0.126288
0.126288
0.121853
0.127766
0.127109
0.126945
0.127109
0.114132
0.124645
0.125138
0.125466
0.125466
0.125959
0.129245
0.127438
0.127438
0.128095
0.128423
0.128916
0.128587
0.129737
0.129902
0.129737
0.135815
0.130559
0.132694
0.131544
0.131544
0.138443
0.129737
0.130230
0.129902
0.130066
0.130066
0.130723
0.134337
0.134994
0.134337
0.133844
0.131216
0.124974
0.127273
0.127273
0.122510
0.131873
0.125959
0.127930
0.129080
0.129409
0.129737
0.129902
0.130723
0.128916
0.129573
0.133680
0.124481
0.128423
0.128587
0.128423
0.128916
0.130394
0.131380
0.130723
0.130723
0.131051
0.130230
0.131051
0.131380
0.131544
0.125138
0.120374
0.125795
0.123824
0.124809
0.125959
0.126616
0.125631
0.125959
0.115775
0.115939
0.115775
0.118896
0.117417
0.116760
0.117417
0.119060
0.120374
0.120539
0.120703
0.120539
0.121196
0.123331
0.120539
0.120703
0.120703
0.121360

Kurve 4

0.001447
0.001611
-0.007095
0.002104
-0.005288
0.002268
0.002268
0.003254
0.002925
0.002433
0.002268
-0.009394
0.002268
0.001940
0.002925
0.003582
0.003090
0.002433
0.011139
0.001447
0.001283
0.000133
0.000133
0.000626
0.001118
0.000954
0.001776
0.000133
-0.001674
-0.002988
-0.003152
-0.002988
-0.002495
-0.001838
0.002433
-0.001181
0.015409
0.011796
0.011960
0.011796
0.010482
0.010317
0.001447
0.001776
0.001283
0.001611
0.001447
0.001776
0.001940
0.003911
0.002104
0.002104
0.001940
0.002104
0.002268
0.002268
0.002104
0.001940
0.002761
-0.001838
-0.001838
-0.002167
-0.001674
-0.000524
-0.000688
0.000133
0.002104
0.002761
0.003418
0.004075
0.003911
0.002761
0.002925
0.001940
0.000133
0.003582
0.003911
0.004897
0.004568
0.003911
0.007689
0.003090
0.003911
0.002925
0.001940
0.001940
0.002761
0.002761
0.010646
0.004239
0.003418
0.002104
0.001611
0.000954
0.001611
0.002433
0.001611
0.004404
-0.002988
0.003090
0.003418
0.002761
0.001776
0.001611
0.002104
-0.042412
0.000461
0.003254
0.003747
0.003582
0.003418
0.003747
0.005718
0.003582
0.003090
0.003090
0.002104
0.002761
0.003090
0.002761
0.007525
-0.007259
0.000954
0.000133
-0.001017
-0.000524
0.000133
0.000133
0.003911
0.003254
0.003418
0.003418
0.003418
0.003418
0.003582
0.003418
0.002104
-0.000360
0.000297
0.000790
0.000790
0.000790
0.000790
0.005389
0.003090
0.003418
0.003582
0.003582
0.003418
0.003090
0.003254
0.029208
0.003254
0.003090
0.003090
0.002761
0.003254
0.003090
0.002104
0.002925
0.003418
0.002761
0.003582
0.003911
0.003582
0.003582
0.003418
-0.015965
0.003090
0.002925
0.002761
0.002761
0.003418
0.003090
0.003254
0.002104
0.003090
0.002597
0.002925
0.002597
0.002761
0.002761
0.007525
0.004568
0.001283
0.006375
0.005554
0.005554
0.005061
0.004897
0.003418
0.000297
0.001611
0.002104
0.001940
0.001776
0.002104
0.001940
0.000790
0.002761
0.001776
0.002925
0.002268
0.002104
0.002268
0.001940
0.001447
0.002597
0.002433
0.002597
0.002761
0.002268
0.002597
0.003090
0.002433
0.000954
-0.004795
-0.004959
-0.003809
-0.003317
-0.003317
0.000461
0.009496
0.003418
0.002761
0.002433
0.003254
0.003418
0.003418
0.003090
0.002268
0.001118
0.000297
0.000626
0.000954
0.000954
0.000954
0.003747
0.004075
0.003747
0.003911
0.004239
0.004568
0.004075
0.002104
0.004075
0.006375
0.003090
0.002433
0.003090
0.002925
0.005225
0.006703
0.010974
0.010810
0.019188
0.019516
0.023787
0.026415
0.029372
0.032000
0.029208
0.037257
0.039556
0.041363
0.043663
0.046127
0.047769
0.051712
0.052533
0.053683
0.055983
0.057954
0.060089
0.067974
0.062389
0.064689
0.070438
0.066660
0.074545
0.075037
0.076023
0.077173
0.072573
0.077830
0.076023
0.075859
0.080787
0.083086
0.083908
0.084893
0.086536
0.087029
0.088836
0.089164
0.090478
0.091464
0.092285
0.093599
0.096392
0.084072
0.089164
0.090478
0.091135
0.092449
0.103291
0.100170
0.103619
0.102798
0.102305
0.106740
0.106248
0.106905
0.107397
0.083251
0.106576
0.107069
0.106740
0.105919
0.116432
0.116925
0.117253
0.117253
0.116925
0.108876
0.110026
0.110847
0.111833
0.111668
0.111997
0.133844
0.112490
0.113639
0.114132
0.114461
0.114789
0.115775
0.115611
0.115775
0.116432
0.118732
0.117089
0.116596
0.117582
0.117582
0.114461
0.118403
0.118403
0.119060
0.118896
0.120374
0.119717
0.120374
0.120703
0.120867
0.114461
0.125138
0.122510
0.122017
0.122838
0.123167
0.123495
0.121853
0.124481
0.124317
0.124809
0.124974
0.124317
0.125302
0.125138
0.125631
0.133515
0.125138
0.125795
0.125466
0.125302
0.125631
0.127273
0.126616
0.127109
0.126616
0.120210
0.127766
0.125959
0.127109
0.127602
0.122017
0.131051
0.127109
0.128423
0.128752
0.128752
0.128916
0.140086
0.129080
0.128752
0.126945
0.136472
0.125795
0.129080
0.127602
0.127273
0.127438
0.126123
0.132530
0.131216
0.131380
0.129409
0.120867
0.122181
0.123002
0.122674
0.122838
0.122181
0.122838
0.124974
0.124645
0.124974
0.124645
0.120046
0.121853
0.121853
0.122017
0.122510
0.128095
0.126288
0.126288
0.126616
0.131051
0.119881
0.123988
0.123824
0.123824
0.123988
0.127438
0.122181
0.122345
0.123331
0.123660
0.121031
0.129573
0.129409
0.129080
0.129573
0.129409
0.129737
0.129573
0.130723
0.130230
0.080622
0.130394
0.131380
0.131544
0.131544
0.131544
0.136144
0.131216
0.131873
0.132366
0.133351
0.132201
0.131544
0.132366
0.132366
0.132201
0.134172
0.132858
0.130887
0.130887
0.130723
0.130887
0.090642
0.094421
0.133515
0.133844
0.133844
0.133187
0.134665
0.133844
0.134337
0.130887
0.147314
0.143207
0.142714
0.141236
0.139922
0.139757
0.133515
0.134501
0.133187
0.133351
0.134008
0.134172
0.133680
0.133351
0.133844
0.151420
0.133515
0.133680
0.134501

Kurve 5

-0.001838
-0.001510
-0.001181
-0.001017
0.000133
-0.001674
-0.000360
0.000626
-0.003152
-0.000031
0.000133
0.000626
0.000954
-0.009066
0.000790
0.000790
0.000954
0.001776
0.000954
0.002761
0.000954
0.000461
0.000790
-0.000031
0.000790
0.003911
0.000461
0.000626
0.003747
-0.011037
-0.005124
0.000790
-0.000360
-0.000360
-0.000196
-0.008573
0.001776
0.001283
0.005225
-0.000524
0.001447
0.001776
0.001940
0.001776
-0.019579
0.002597
0.002268
0.002104
0.002104
0.002268
0.007196
0.001611
0.002104
0.001940
0.001940
0.002104
0.002597
0.003418
0.002761
0.008346
-0.002824
0.003911
0.002433
0.001940
0.001940
0.002433
-0.008902
0.003090
-0.000688
0.002761
0.002761
0.002433
0.002925
0.002268
0.002433
-0.004631
0.003911
-0.000853
-0.000196
0.000626
0.000954
0.000626
0.002597
0.003911
0.003582
0.002761
0.003254
0.003747
0.003911
0.002433
0.003747
0.002104
0.003747
0.003090
0.003254
0.003254
0.003418
0.003418
0.006046
-0.000524
0.013931
0.010153
0.010646
0.010482
0.009496
0.011139
-0.011366
0.004897
0.004897
0.005718
0.006211
0.006046
0.005554
0.006375
0.005225
0.005061
0.004732
0.004732
0.004732
0.005389
0.007853
0.004404
0.004732
0.006211
0.003582
0.002925
0.003747
0.003911
0.003911
0.004732
0.004568
0.007525
0.007689
0.007853
0.008182
0.007525
0.007196
-0.000360
0.008839
0.002925
0.004075
0.005554
0.005554
0.004897
0.018530
0.005554
0.006211
0.006046
0.006046
0.006046
0.006046
0.006046
0.009332
0.006703
0.003090
0.003747
0.003911
0.003911
0.004404
0.004897
-0.006273
0.008675
0.003747
0.005882
0.006211
0.006375
0.006375
0.006539
0.006046
0.007196
0.001611
0.003090
0.003090
0.003254
0.003254
0.003418
0.007032
0.006375
0.004897
0.005554
0.005718
0.006211
0.006211
0.006046
0.009003
0.006211
0.005554
0.007032
0.005718
0.005718
0.005389
0.000954
0.007196
-0.000031
0.003254
0.003747
0.005225
0.005061
0.005389
0.005554
0.006211
0.004075
0.005061
0.004404
0.004568
0.004568
0.004239
0.010482
0.004568
0.005718
0.005225
0.005225
0.005389
0.005718
0.005882
0.011796
0.004075
0.005389
0.005061
0.005061
0.004897
0.004732
-0.006438
0.003582
0.005554
0.005554
0.005225
0.005225
0.004568
0.004404
0.004732
-0.002331
0.013603
0.010646
0.010317
0.010317
0.009332
0.008675
0.012945
0.002597
0.003747
0.003911
0.003582
0.004239
0.004568
0.004404
0.006539
0.007196
0.003254
0.004732
0.004897
0.006211
0.009332
0.011960
0.017216
0.017216
0.023623
0.027072
0.029372
0.032164
0.034957
0.037585
0.017873
0.039556
0.041692
0.043827
0.046455
0.048427
0.050726
0.052697
0.053026
0.057133
0.057461
0.059597
0.061896
0.063703
0.064853
0.067153
0.069945
0.068960
0.071424
0.072902
0.074380
0.075530
0.077009
0.079308
0.077830
0.082922
0.082265
0.083579
0.085057
0.086536
0.087357
0.088343
0.089000
0.087029
0.088343
0.089328
0.090150
0.090971
0.092285
0.092614
0.096063
0.094092
0.095899
0.096884
0.097870
0.098856
0.098856
0.100334
0.115282
0.104441
0.104605
0.105919
0.106248
0.105098
0.101812
0.102469
0.099348
0.103948
0.104933
0.104933
0.106248
0.106740
0.107562
0.104605
0.107890
0.110518
0.110683
0.111668
0.111997
0.111997
0.112818
0.113804
0.112325
0.114132
0.114625
0.114954
0.126288
0.113968
0.115446
0.119717
0.112325
0.114296
0.114296
0.114132
0.110518
0.106248
0.111833
0.112161
0.109369
0.115775
0.115611
0.114954
0.114132
0.113475
0.104441
0.113475
0.112982
0.113311
0.114132
0.114461
0.114789
0.118403
0.114789
0.118403
0.119060
0.119389
0.119389
0.133187
0.117417
0.118896
0.120046
0.116760
0.121853
0.120210
0.120210
0.120867
0.086207
0.087193
0.112161
0.122181
0.123331
0.122838
0.123331
0.123167
0.123660
0.123660
0.124645
0.119717
0.121031
0.121031
0.121196
0.121688
0.142550
0.125631
0.127930
0.127930
0.127766
0.127930
0.172282
0.159798
0.147314
0.125631
0.126288
0.125631
0.125795
0.125631
0.125959
0.122181
0.127766
0.126452
0.126288
0.122017
0.127438
0.127602
0.126945
0.127766
0.127930
0.125631
0.128259
0.126781
0.126288
0.126452
0.126781
0.131873
0.128095
0.128916
0.129080
0.128916
0.128916
0.130230
0.127109
0.125959
0.126616
0.137458
0.130230
0.129737
0.129737
0.129737
0.130066
0.130887
0.130066
0.130230
0.130230
0.126781
0.130394
0.131380
0.131051
0.131544
0.125795
0.132366
0.132366
0.131873
0.132201
0.132201
0.132201
0.132201
0.136472
0.135322
0.135487
0.143043
0.132037
0.132694
0.132858
0.132858
0.143371
0.131873
0.133351
0.132037
0.131544
0.131873
0.123167
0.133023
0.133515
0.133680
0.133844
0.133187
0.131544
0.132366
0.132037
0.131051
0.134501
0.134008
0.134172
0.134172
0.134172
0.134665
0.135979
0.123167
0.125959
0.127109
0.140414
0.133187
0.137786
0.136636
0.135158
0.134994
0.133351
0.134994

Kurve 6

-0.001674
-0.003645
-0.003481
-0.002824
0.000297
0.011631
0.000954
-0.043726
0.006046
0.005882
0.006046
0.005882
0.006046
0.006046
0.007032
0.006046
0.006375
0.006539
0.006539
0.006046
0.007196
0.000461
0.008510
0.005882
0.004897
0.005225
0.006375
0.009003
0.002597
0.005718
0.003911
-0.002824
-0.002003
-0.000688
-0.000853
-0.000031
0.006868
0.002433
-0.010216
0.004897
0.002761
0.004568
0.005061
0.004897
0.004897
-0.009394
0.004732
0.005225
0.005554
0.005718
0.004732
0.004897
0.006046
0.005554
0.005225
0.005389
0.005225
0.005554
0.006703
-0.004795
-0.004631
0.033314
0.005882
0.005061
0.005718
0.004732
0.004568
0.000790
0.004897
0.005554
0.003911
0.005554
0.005554
0.005554
0.005882
0.005554
-0.019250
0.005882
0.005554
0.005554
0.005882
0.005554
0.005389
0.010153
-0.001510
-0.000196
0.000461
0.000790
0.001447
0.003254
0.006375
0.005225
0.010153
0.000954
0.010153
0.007853
0.006703
0.006868
0.003090
0.010317
0.006375
0.006375
0.004404
0.003911
0.005718
0.005389
0.005389
0.005061
0.005554
-0.000360
0.002761
0.003090
0.002761
0.002433
0.007689
0.005718
0.009167
0.008018
0.007032
0.016559
0.002761
0.005061
0.003582
0.004404
0.005225
0.006703
0.004732
0.004239
0.004075
0.000133
0.004897
0.004404
0.004404
0.004404
0.006211
0.000461
0.003090
0.004239
0.004239
0.003090
0.003747
0.006703
0.006868
0.007032
0.006703
0.011631
-0.002660
0.001940
0.001447
0.001447
0.011139
-0.005124
-0.001510
-0.001674
-0.001838
0.044156
0.005554
0.005389
0.005389
0.005718
0.002761
0.006703
0.005882
0.005718
0.006046
0.000297
0.006868
0.005554
0.005718
0.006211
0.002433
0.006868
0.002925
0.002761
0.003418
0.003418
0.004239
0.048591
0.043170
0.007032
0.005225
0.006046
0.005554
0.004404
0.005225
0.004568
0.007689
-0.000524
0.003747
0.003582
0.004239
0.004404
0.003747
0.011139
0.010974
0.009660
0.009496
0.002433
0.003911
0.004897
0.004897
-0.009066
0.004732
0.004404
0.004075
0.004404
0.004568
0.004732
0.010317
-0.001346
-0.000524
0.000790
0.004239
0.005389
0.005389
0.005225
0.004897
0.006703
-0.001346
-0.000196
-0.001510
-0.000688
-0.000360
0.004239
0.005718
0.006046
0.005061
0.005554
0.005882
0.006046
0.005554
0.006046
0.006868
0.010153
0.009824
0.011467
0.012124
0.011631
0.010974
0.009003
0.005882
0.005718
0.015574
0.005389
0.005718
0.006211
0.006211
0.006046
0.005718
0.005225
0.006539
0.006375
0.009824
0.013274
0.001940
0.022966
0.021323
0.025594
0.028058
0.030522
0.033150
0.036107
0.035450
0.039721
0.042020
0.045634
0.048262
0.050562
0.052697
0.054504
0.062882
0.048262
0.052205
0.073723
0.063210
0.068631
0.069945
0.071095
0.072081
0.073723
0.073723
0.075037
0.075859
0.077337
0.079144
0.080130
0.082265
0.082265
0.083415
0.085057
0.085879
0.086864
0.082265
0.101977
0.098527
0.085715
0.103784
0.102305
0.102141
0.103127
0.103455
0.104441
0.095899
0.097377
0.100991
0.095406
0.096884
0.098199
0.098691
0.099513
0.100334
0.112818
0.103291
0.103948
0.104605
0.105590
0.105919
0.104276
0.106740
0.107397
0.107069
0.107562
0.108219
0.108383
0.107726
0.109861
0.108219
0.111668
0.108219
0.110026
0.111340
0.111668
0.111833
0.117417
0.115118
0.114461
0.108054
0.107397
0.108876
0.109533
0.109697
0.110518
0.122674
0.118896
0.119060
0.119553
0.120046
0.120374
0.110518
0.124645
0.121360
0.122017
0.122017
0.121853
0.122181
0.122017
0.122510
0.116268
0.123988
0.123988
0.123660
0.124152
0.124317
0.124481
0.127273
0.120374
0.119060
0.123002
0.121196
0.121360
0.121688
0.121688
0.122345
0.125138
0.123660
0.126288
0.127109
0.126781
0.127109
0.127273
0.123824
0.124481
0.124645
0.124809
0.124809
0.124809
0.125138
0.125138
0.125302
0.126123
0.125959
0.125795
0.125959
0.126288
0.126288
0.126288
0.129573
0.116760
0.124317
0.124317
0.123988
0.124481
0.124481
0.124481
0.130723
0.127766
0.127273
0.128259
0.128259
0.128259
0.128423
0.113475
0.129080
0.128752
0.128587
0.128423
0.128259
0.128423
0.127930
0.124152
0.130394
0.125631
0.128423
0.128916
0.128587
0.128916
0.129080
0.133680
0.129902
0.129080
0.129573
0.129737
0.129245
0.129080
0.129080
0.131544
0.129080
0.128752
0.128587
0.128423
0.128259
0.128259
0.128259
0.127766
0.125138
0.127602
0.127273
0.127109
0.126945
0.127109
0.127109
0.125959
0.130723
0.129080
0.128423
0.128916
0.129080
0.129245
0.130559
0.128423
0.129080
0.128916
0.129080
0.129080
0.129080
0.129080
0.132694
0.128916
0.129573
0.129573
0.129573
0.129902
0.130394
0.130394
0.128916
0.129737
0.130066
0.130066
0.130230
0.130394
0.130066
0.130559
0.131873
0.132037
0.128916
0.130394
0.130394
0.131051
0.130723
0.133023
0.134172
0.129737
0.134008
0.132858
0.131873
0.131873
0.132366
0.132037
0.131544
0.132201

Kurve 7

0.002104
-0.001674
-0.002824
-0.002331
-0.002003
-0.001510
0.004568
0.000133
0.001447
0.001776
0.001611
0.001118
0.000790
0.006211
0.007032
0.000133
0.000461
0.001447
0.001118
0.001283
0.001283
0.000954
-0.000853
0.006703
-0.000196
0.000133
0.000133
-0.000031
0.000297
0.000461
0.002104
-0.000360
-0.001674
-0.002331
-0.002495
-0.002331
-0.001674
-0.003974
0.008346
0.004239
0.004404
0.005061
0.004239
0.003582
-0.008080
0.003911
-0.001674
0.000297
-0.000196
0.000461
0.000626
-0.000031
-0.000360
0.003747
0.008675
-0.002495
0.001611
-0.000196
-0.000688
0.000133
0.000133
-0.000196
0.000954
0.001940
0.000297
-0.000360
0.000133
0.000461
-0.011201
0.002268
-0.001346
0.000461
0.001283
0.000626
0.000133
-0.000524
-0.000360
-0.000031
0.002268
0.002104
0.002104
0.001776
0.001283
0.001118
0.011139
0.004568
-0.004959
-0.006109
-0.006438
-0.006602
-0.005616
-0.005124
-0.005616
0.001447
0.001776
0.001447
0.001611
0.001776
0.002104
0.002761
-0.012680
0.001940
0.003254
0.003582
0.002761
0.001940
0.001611
0.001940
-0.000360
0.002597
0.002597
0.002433
0.002597
0.002104
-0.000196
0.000133
0.000790
0.001940
0.000461
-0.000360
-0.001017
-0.000196
0.000133
-0.000524
0.048262
0.001283
0.000954
0.000790
0.000626
0.001118
0.001611
-0.011037
0.001447
0.001283
0.000954
0.001776
0.001118
0.000626
0.000790
-0.004631
0.002925
0.001611
0.001776
0.002104
0.001940
0.001776
0.001776
0.003418
-0.006438
-0.003645
-0.002660
-0.002824
-0.002660
-0.002331
-0.002003
0.006211
0.004075
0.002761
0.003418
0.003418
0.003747
0.003418
0.003747
0.004075
0.003090
0.003254
0.003747
0.003254
0.003582
0.003254
-0.001674
0.001940
0.003254
0.003090
0.003254
0.003418
0.003582
0.003747
0.002597
0.002925
0.003418
0.003090
0.003090
0.003254
0.003090
0.003582
0.011796
0.002761
0.003254
0.003090
0.003747
0.003582
0.003911
0.003911
0.003747
0.003254
0.004075
0.003418
0.003090
0.003090
0.003418
-0.004138
0.012453
0.005225
0.003418
0.004897
0.004732
0.004897
0.004568
0.004568
0.012945
-0.003974
-0.001017
-0.002331
-0.002167
-0.001838
-0.001838
-0.001674
0.004897
0.005061
0.004732
0.004897
0.005061
0.005225
0.005061
0.003911
0.002925
0.002433
0.001940
0.002104
0.002104
0.001776
0.003418
0.004568
0.003747
0.004404
0.005225
0.004897
0.004568
0.005718
0.007032
0.005225
0.011139
-0.001510
0.001447
0.001611
0.001940
0.002268
0.002433
0.014917
-0.007095
-0.000031
0.003747
0.006868
0.010153
0.013274
0.020502
0.034957
0.034300
0.035614
0.037749
0.040049
0.042185
0.039885
0.039556
0.020009
0.046784
0.048427
0.050233
0.052533
0.054340
0.059597
0.051219
0.057133
0.060911
0.063703
0.065346
0.066824
0.068303
0.069781
0.072409
0.072081
0.074216
0.075694
0.076844
0.078487
0.079472
0.056804
0.080787
0.077173
0.078487
0.079965
0.080951
0.082593
0.089985
0.090807
0.092121
0.093435
0.090150
0.092285
0.092778
0.093763
0.115775
0.097706
0.098856
0.100005
0.099841
0.101155
0.101812
0.101484
0.100663
0.101484
0.101977
0.102634
0.101320
0.102634
0.102962
0.104112
0.090314
0.106083
0.106412
0.106905
0.107562
0.107890
0.082922
0.088836
0.109697
0.110518
0.109861
0.110847
0.112325
0.112654
0.113475
0.114296
0.112654
0.119553
0.118403
0.119060
0.114954
0.115775
0.116432
0.116432
0.116925
0.120374
0.117746
0.117582
0.118239
0.118567
0.118732
0.118732
0.120210
0.116432
0.117910
0.117746
0.119060
0.117417
0.120374
0.118732
0.118567
0.116268
0.122674
0.117417
0.118567
0.119224
0.119717
0.168011
0.156020
0.122181
0.122017
0.123660
0.122674
0.122510
0.122838
0.123002
0.131216
0.122017
0.128095
0.126123
0.126123
0.125959
0.126123
0.124317
0.126123
0.125959
0.125631
0.125631
0.125302
0.124809
0.126945
0.126288
0.126781
0.125959
0.125795
0.125959
0.125959
0.125959
0.170311
0.126452
0.126123
0.126288
0.126288
0.125631
0.127109
0.126781
0.127109
0.127109
0.125795
0.131216
0.129573
0.130230
0.130230
0.130230
0.085057
0.127602
0.127930
0.127930
0.127602
0.128916
0.128587
0.128259
0.128587
0.128587
0.128587
0.128095
0.126781
0.125631
0.125795
0.133680
0.115775
0.120867
0.120539
0.121196
0.130723
0.125138
0.130887
0.129245
0.129080
0.129902
0.128587
0.128587
0.128587
0.128423
0.128916
0.118896
0.140250
0.136472
0.136636
0.116268
0.136472
0.127273
0.126781
0.127109
0.127438
0.124809
0.127109
0.123988
0.123331
0.123331
0.123002
0.121196
0.126945
0.124974
0.123331
0.123824
0.139593
0.122838
0.123331
0.123824
0.126452
0.123824
0.123660
0.124152
0.124317
0.124645
0.125302
0.081444
0.086700
0.126616
0.126288
0.129245
0.122674
0.121196
0.121524
0.121688
0.113968
0.121524
0.121360
0.121688
0.121688
0.122017
0.122017
0.120210
0.121196
0.120867
0.121524
0.121853
0.122181
0.122674
0.121688
0.140250

Kurve 8

0.002925
0.003582
0.005061
0.003090
0.002761
0.002925
0.003582
-0.000196
0.003418
0.003747
0.003418
-0.003809
0.011631
0.006539
0.008018
0.008510
0.008018
0.002597
0.002268
0.002597
0.003090
0.003090
0.011631
0.001611
0.004404
0.003418
0.003090
0.003418
0.002597
0.006375
0.004075
0.003582
0.004404
0.004897
0.006046
0.005061
0.004239
0.004732
-0.002167
0.004568
-0.002331
-0.000360
-0.037812
-0.027299
0.004897
0.004568
0.004732
0.004897
0.001447
0.004404
0.006211
0.006211
0.006703
0.005718
0.004075
0.005225
0.005225
0.004239
0.004404
0.013274
0.004568
0.004732
0.003582
0.008018
0.004732
0.004404
0.004239
0.003911
0.003747
0.004404
0.004404
0.003090
0.005554
0.002433
0.004075
0.004239
0.004897
0.005061
0.005225
-0.000031
0.004404
0.004404
0.004239
0.004239
0.003747
0.003911
0.003747
0.004075
0.003582
0.003090
0.003418
0.016231
0.002597
0.002761
0.006211
0.002268
0.002597
0.002761
0.001940
0.001611
0.002268
0.001447
0.001776
0.002597
0.002761
0.002268
0.002104
0.002433
0.002433
0.002433
-0.009723
0.003254
0.002433
0.002433
0.002597
0.002433
0.006868
-0.000196
0.001940
0.001447
0.000297
0.000954
0.001283
0.048919
0.036764
0.005882
0.000626
0.001283
0.000954
0.000790
0.000954
0.000954
-0.001838
0.001776
-0.003809
0.007853
0.005225
0.006539
0.006703
0.006375
0.006211
0.003911
-0.035512
-0.033048
-0.030092
0.003911
0.004404
0.003747
0.003747
0.004897
0.003582
0.003911
0.004404
0.004075
0.004732
0.004732
0.004897
0.004568
0.004897
0.004732
0.004568
0.004897
0.005061
0.004568
0.005554
-0.001838
0.014424
0.010153
0.009824
0.009824
0.009496
0.009332
-0.000853
0.004404
0.003582
0.003418
0.003090
0.002925
0.002761
0.045141
0.003254
0.003090
0.003582
0.003090
0.003418
0.003418
0.007525
0.002268
0.002925
0.003582
0.002925
0.002761
0.002597
0.002433
0.002433
-0.026314
0.001447
0.009824
0.007032
0.006703
0.006868
0.006868
0.006868
0.001776
-0.033541
0.002597
0.002761
0.003090
0.003090
0.003090
0.008018
-0.004795
0.003418
0.003418
0.003582
0.003747
0.003911
0.004075
0.010646
0.004404
0.003582
0.003090
0.002925
0.003254
0.002761
0.003090
-0.006109
0.003254
0.002433
0.003418
0.003418
0.003090
0.003254
0.003254
0.003254
0.003582
-0.002660
-0.001017
-0.000688
-0.000524
-0.001017
-0.001017
0.003582
0.003747
0.004239
0.005389
0.005389
0.005389
0.004897
0.005225
0.005225
0.004897
0.007853
0.010646
0.013603
0.016395
0.019188
0.022309
0.026415
0.027565
0.030522
0.033479
0.035778
0.038571
0.040870
0.043170
0.045141
0.046455
0.048919
0.051055
0.053026
0.054340
0.056311
0.066496
0.059104
0.064853
0.065674
0.066988
0.068467
0.070766
0.071424
0.078323
0.071095
0.077666
0.076680
0.077337
0.078651
0.079965
0.080294
0.079965
0.082265
0.083743
0.084565
0.086043
0.087193
0.088178
0.089164
0.084565
0.090478
0.091464
0.092449
0.093106
0.094092
0.094421
0.095570
0.095899
0.097377
0.098363
0.099020
0.100005
0.100498
0.101484
0.105262
0.105919
0.093928
0.098527
0.098856
0.099184
0.100170
0.100498
0.108054
0.106740
0.115775
0.115775
0.116268
0.116268
0.116432
0.116925
0.103948
0.114461
0.111011
0.112654
0.112982
0.113147
0.113311
0.113639
0.112490
0.113311
0.113804
0.113804
0.114954
0.115282
0.115775
0.119060
0.116268
0.113311
0.113311
0.112325
0.112490
0.113147
0.113311
0.118567
0.117417
0.121031
0.116760
0.118896
0.119389
0.119389
0.119881
0.119389
0.119717
0.119060
0.118732
0.115939
0.116432
0.115775
0.116268
0.116103
0.119389
0.119224
0.120374
0.120374
0.121031
0.121524
0.118403
0.119224
0.120867
0.121031
0.121524
0.122674
0.122345
0.122510
0.119060
0.120374
0.117910
0.121688
0.122181
0.122181
0.122838
0.123167
0.123660
0.117417
0.124974
0.121688
0.121196
0.121688
0.121853
0.122345
0.125466
0.125302
0.124645
0.125302
0.125466
0.125631
0.127273
0.123660
0.127273
0.129902
0.113804
0.118403
0.118567
0.118239
0.118896
0.099020
0.126781
0.122345
0.122017
0.122345
0.123167
0.122674
0.122674
0.122674
0.114625
0.123495
0.122674
0.122674
0.123167
0.122510
0.123002
0.127930
0.112325
0.116760
0.117582
0.117746
0.118075
0.149778
0.123002
0.126945
0.126616
0.124481
0.125631
0.125466
0.125466
0.125302
0.094256
0.126288
0.126781
0.126945
0.127930
0.126288
0.127930
0.127930
0.128095
0.128423
0.127766
0.128423
0.128752
0.128916
0.128916
0.128916
0.155527
0.163247
0.165875
0.164561
0.163083
0.126616
0.128752
0.127602
0.129573
0.129573
0.127602
0.128587
0.129409
0.129902
0.127930
0.119224
0.126781
0.123167
0.125302
0.116268
0.124974
0.124974
0.126123
0.126452
0.126452
0.123002
0.124974
0.126123
0.124974
0.125631
0.125795
0.126781
0.125795
0.126616
0.125631
0.125959
0.126616
0.127602
0.129409
0.128259

Kurve 9

0.004568
0.003418
0.009496
0.004075
0.002761
0.001776
0.000133
0.000461
0.000790
0.004897
0.008346
0.009496
-0.003809
0.001447
0.001776
0.001611
0.002597
0.002761
-0.022371
0.002268
0.001940
0.002761
0.003090
0.003090
0.003090
0.002925
0.002761
0.002925
0.002433
0.002597
0.003582
0.003911
0.004897
0.017873
0.002433
0.002433
0.002433
0.002597
0.002268
0.002925
0.000790
0.002268
0.002761
0.001447
0.000954
0.000626
0.000461
0.000790
0.001283
-0.001181
0.004075
0.000790
0.002925
0.003582
0.003747
0.018859
0.003418
0.003418
0.002597
0.001940
0.001776
0.002761
0.003911
0.004404
0.004404
0.002104
0.004897
0.004568
0.004075
0.003747
0.004239
-0.002660
0.012945
0.006211
0.006868
0.009332
0.010317
0.010153
0.010153
0.009824
0.002597
0.005554
0.004404
0.004239
0.005061
0.004897
0.005061
0.003747
0.007525
0.005225
0.004239
0.005061
0.005225
0.013603
0.004239
0.005225
0.004568
0.008510
0.006539
0.006539
0.006211
0.006375
0.006703
0.006539
0.003418
0.006703
0.005718
0.005389
0.005389
0.005389
0.004897
-0.000196
0.006539
0.005718
0.005718
0.006539
0.006703
0.005882
0.053519
0.005718
0.005554
0.005554
0.005554
0.005554
0.006375
0.009989
0.005554
0.006211
0.007032
0.005389
0.005225
0.005554
0.005389
0.005554
0.005061
0.003582
0.006211
0.006539
0.007689
0.007525
0.006703
0.006539
0.006046
0.006211
0.006703
0.008182
0.008675
0.008510
0.008346
0.025922
0.004568
0.004732
0.005389
0.005225
0.005718
0.005718
0.005554
0.007361
0.014260
-0.006438
-0.002824
-0.000196
0.000461
0.000626
0.000790
-0.002495
0.007689
0.008018
0.008182
0.007853
0.008346
0.008018
0.008182
0.008182
0.008182
0.004568
0.006046
0.006046
0.005718
0.006539
0.006375
0.009660
0.007032
0.007032
0.006868
0.006868
0.006539
0.006868
0.006703
0.007853
0.006703
0.005718
0.006046
0.005882
0.005718
0.005554
0.005389
0.007196
0.006375
0.006375
0.006211
0.006375
0.006211
0.006211
0.006046
0.005225
0.005882
0.008018
0.007361
0.007196
0.007196
0.007032
0.016559
0.006046
0.006375
0.005882
0.006703
0.006703
0.006539
0.006868
0.019680
0.004075
0.006539
0.007032
0.006539
0.006539
0.006703
0.006375
0.006375
0.006375
0.006211
0.006211
0.006046
0.006046
0.006211
0.006046
0.003582
0.006046
0.006375
0.006539
0.006539
0.006211
0.006046
0.006211
0.005389
0.006539
0.006046
0.005718
0.006375
0.006211
0.006703
0.022801
0.012617
0.015409
0.017545
0.020994
0.022966
0.025430
0.028222
0.032986
0.015738
0.025758
0.030029
0.032657
0.035450
0.038406
0.041035
0.039228
0.053519
0.051219
0.054176
0.056804
0.058282
0.060089
0.061896
0.067481
0.062060
0.062882
0.065839
0.067974
0.069781
0.071588
0.109861
0.078651
0.078980
0.081279
0.081279
0.082593
0.083908
0.084893
0.086043
0.087521
0.091135
0.087521
0.089657
0.090971
0.091957
0.093106
0.094256
0.096720
0.096556
0.098034
0.099184
0.100170
0.100827
0.101320
0.102798
0.104605
0.104933
0.106083
0.107069
0.107397
0.108383
0.108219
0.107726
0.109040
0.109040
0.109369
0.110026
0.111011
0.111175
0.109861
0.111833
0.111504
0.120867
0.118896
0.119060
0.119389
0.119881
0.119881
0.080294
0.116103
0.116760
0.116925
0.117089
0.117582
0.117417
0.123331
0.116925
0.119060
0.120046
0.120210
0.120703
0.120703
0.119389
0.113311
0.126781
0.121031
0.121853
0.122017
0.120374
0.120374
0.117910
0.120539
0.121853
0.115775
0.122510
0.124481
0.124152
0.124152
0.124974
0.118732
0.125631
0.119389
0.121853
0.123167
0.123495
0.123988
0.126945
0.125138
0.124809
0.125631
0.125466
0.126123
0.126288
0.124974
0.125959
0.125631
0.125631
0.126945
0.126123
0.126452
0.126781
0.121031
0.128259
0.128095
0.117746
0.136801
0.127766
0.127438
0.127438
0.127602
0.128259
0.127766
0.125466
0.128423
0.128259
0.128423
0.128423
0.148628
0.128259
0.133187
0.132201
0.132366
0.132201
0.132858
0.128916
0.128423
0.126616
0.127930
0.126781
0.126616
0.126781
0.126945
0.126288
0.128095
0.127273
0.127273
0.084565
0.128259
0.128423
0.128916
0.128916
0.129245
0.127766
0.129245
0.127766
0.128259
0.129245
0.129409
0.129573
0.130230
0.131216
0.131216
0.131216
0.131544
0.134829
0.132530
0.132037
0.132530
0.135815
0.132037
0.133351
0.133187
0.132694
0.133023
0.133351
0.132037
0.132530
0.131873
0.130559
0.131216
0.132366
0.132530
0.132201
0.122674
0.133844
0.132530
0.132694
0.133187
0.132366
0.132530
0.132201
0.132694
0.132037
0.132037
0.132366
0.131708
0.133023
0.130723
0.131216
0.139100
0.131873
0.137458
0.135322
0.135487
0.134665
0.127109
0.138279
0.135815
0.135322
0.135158
0.131051
0.129737
0.128423
0.128916
0.129409
0.130230
0.129409
0.129737
0.129902
0.129737
0.130066
0.176388
0.163411
0.129737
0.127766
0.127766
0.127109
0.132201

Kurve 10

0.006211
0.004239
0.004732
0.004404
0.003747
0.005061
0.004732
0.004568
0.004239
0.004568
-0.013337
0.005389
0.004897
0.005061
0.005225
0.005554
0.005389
0.005554
0.005389
0.005389
0.004897
0.004075
0.004239
0.004075
0.004239
0.005389
0.003090
0.008675
0.007361
0.006211
0.004732
0.005061
0.010317
0.003418
0.004404
0.004239
0.004239
0.004568
0.003911
0.003747
0.004075
0.004239
0.005554
0.001447
0.005882
0.002433
0.004732
0.004732
0.004897
0.004732
0.001776
0.005389
0.005225
0.005225
0.005554
0.005389
0.004732
0.008018
0.005718
0.008346
0.007689
0.007361
0.007689
0.008182
0.044484
0.006046
0.006539
0.006046
0.005882
0.005389
0.005389
0.005718
0.005718
0.003254
0.002761
0.017545
0.008182
0.010153
0.010317
0.009660
0.008839
0.008346
0.006211
0.004404
0.004897
0.005061
0.005554
0.004732
0.021159
0.004239
0.004897
0.005225
0.005061
0.005225
0.005718
0.005718
0.005389
0.007689
-0.001346
0.001447
0.000954
0.000626
0.001447
0.001611
-0.006438
0.003747
0.005225
0.005554
0.005389
0.006211
0.005225
0.004897
0.005389
-0.007259
0.005389
0.006703
0.006868
0.006868
0.006375
0.005718
0.006375
0.006703
0.007361
0.007196
0.006703
0.007525
0.006868
0.006868
0.006375
0.003911
0.007032
0.005061
0.003911
0.004732
0.005389
0.004897
0.002597
0.005061
0.004897
0.006211
0.006539
0.005882
0.005718
0.006046
0.003911
0.004732
0.004732
0.004732
0.005061
0.004568
0.004239
0.031836
0.004404
0.003747
0.003582
0.004239
0.004568
0.004732
0.004897
0.010482
0.001447
0.003090
0.003747
0.003254
0.003090
0.003090
0.002761
0.001940
0.012781
0.011303
0.010153
0.010153
0.009824
0.010153
0.009989
-0.025985
0.001776
0.002104
0.001940
0.002104
0.002104
0.002433
0.002761
0.003418
0.008839
0.007525
0.007853
0.007525
0.007689
0.007525
0.007525
0.003911
0.003747
0.003254
0.003582
0.003254
0.003090
0.002925
0.003582
0.004075
0.002104
0.003254
0.003418
0.003418
0.003254
0.003418
-0.015801
0.003582
0.002761
0.002433
0.002597
0.002433
0.002268
0.002433
0.003254
0.003254
0.002433
0.002597
0.002433
0.002268
0.002268
0.010482
-0.001017
0.001118
-0.000853
-0.003317
-0.002988
-0.002988
-0.002660
0.001940
-0.000196
0.003254
0.003747
0.004239
0.004075
0.004732
0.004568
0.004568
0.003090
0.000626
0.001611
0.001447
0.001776
0.001776
0.002597
0.006868
-0.003645
-0.002495
-0.001838
-0.001346
-0.001181
0.001611
0.038735
0.011467
0.014752
0.018202
0.021323
0.024280
0.026908
0.029536
0.029043
0.032986
0.035614
0.041856
0.044156
0.046291
0.048262
0.050398
0.052040
0.046455
0.052205
0.054340
0.055654
0.057625
0.059432
0.061239
0.067317
0.064360
0.066003
0.067481
0.069124
0.070766
0.072409
0.074380
0.076516
0.108876
0.077009
0.078487
0.079637
0.080458
0.081936
0.080951
0.084729
0.086372
0.088836
0.093106
0.095570
0.094749
0.094421
0.095570
0.087193
0.093435
0.093763
0.094421
0.095242
0.096063
0.097049
0.102305
0.097542
0.099020
0.100498
0.100991
0.102141
0.102469
0.102305
0.102962
0.102305
0.103948
0.105755
0.106576
0.107069
0.107562
0.101155
0.109533
0.109533
0.103619
0.118239
0.110026
0.111504
0.112161
0.112490
0.112490
0.113147
0.112982
0.113804
0.114296
0.114132
0.114461
0.130066
0.114461
0.115611
0.116103
0.116268
0.116760
0.127602
0.114296
0.117910
0.118075
0.121196
0.119553
0.119553
0.120374
0.120046
0.119717
0.121360
0.120210
0.121196
0.092285
0.121031
0.121524
0.121196
0.121524
0.122017
0.120046
0.136472
0.123331
0.122181
0.122838
0.122838
0.123331
0.122838
0.125302
0.123495
0.124481
0.124481
0.129080
0.124152
0.128095
0.127930
0.162262
0.124809
0.124481
0.124974
0.125138
0.125466
0.125631
0.125466
0.126123
0.126288
0.127602
0.125795
0.127766
0.127438
0.127273
0.117417
0.127930
0.127602
0.127438
0.127766
0.127602
0.127930
0.121853
0.124974
0.124152
0.124974
0.125138
0.125302
0.124152
0.122345
0.123002
0.125466
0.123824
0.127766
0.126616
0.126616
0.126945
0.123988
0.123331
0.122838
0.122510
0.109697
0.122510
0.120374
0.120374
0.120539
0.121031
0.122345
0.121031
0.121524
0.121853
0.122345
0.122345
0.124974
0.122838
0.122674
0.123002
0.123331
0.121524
0.122838
0.121853
0.122674
0.123331
0.123167
0.124152
0.123824
0.124152
0.124317
0.121031
0.124645
0.124974
0.125631
0.125959
0.088178
0.125631
0.127109
0.127109
0.127602
0.119224
0.126616
0.126945
0.126452
0.127109
0.126945
0.141564
0.127438
0.127930
0.128095
0.131708
0.127438
0.132530
0.131380
0.131051
0.131544
0.130559
0.129573
0.131216
0.131051
0.130723
0.126945
0.130559
0.129080
0.130887
0.130723
0.130887
0.129902
0.131873
0.131216
0.131051
0.128259
0.130887
0.131544
0.131380
0.131544
0.131873
0.132037
0.130887
0.132201
0.132366
0.137293
0.126616

