Ladekurvenmessung
Zeit: 2016_06_21 16.28.55
Info: 2250rpm
Ladewiderstand[Ohm]: 199500
Störkapazität[pF]: 278.000000
Entladezeit[ms]: 100
Abtastrate[Hz]: 250000
Messzeit [ms]: 3.000000
Verzögerung[ms]: 1
Ladespannung[V]: 1.000000

Kurve 1

0.007689
0.016724
0.016231
0.016395
0.016231
0.016395
0.018038
0.015574
0.017216
0.016724
0.013931
0.016724
0.017216
0.016395
0.017052
0.017216
0.024773
0.016231
0.016724
0.017381
0.017873
0.010810
0.017545
0.016067
0.016395
0.016395
0.025922
0.009824
0.015081
0.017381
0.017381
0.017381
0.018859
0.016888
0.017216
0.017381
0.017216
0.011467
0.017873
0.017216
0.017052
0.011960
0.018695
0.013110
0.014917
0.015574
0.016231
0.017709
0.016559
0.018859
0.017873
0.021816
0.016559
0.020994
0.020337
0.019845
0.019845
0.021487
0.016559
0.017545
0.017873
0.017709
0.017873
0.016559
0.015574
0.013931
0.012781
0.012781
0.012453
-0.021057
0.016395
0.018202
0.018202
0.012945
0.014917
0.016724
0.017709
0.017873
0.017873
0.020009
0.017545
0.017873
0.020173
0.018366
0.017873
0.018530
0.018366
0.018202
0.018202
0.016888
0.018366
0.017709
0.018366
0.018366
0.006539
0.018366
0.017709
0.017381
0.017545
0.017709
0.017381
0.017216
0.016724
0.018859
0.017873
0.014424
0.015902
0.015409
0.015409
0.015409
0.030522
0.017216
0.017545
0.017709
0.020994
0.019845
0.020009
0.019680
0.019516
0.019188
0.017873
0.017709
0.017545
0.017381
0.017709
0.017381
0.018530
0.012945
0.014424
0.014095
0.014260
0.014588
0.016067
0.020502
0.019845
0.016559
0.017052
0.017873
0.017873
0.017545
0.017873
0.017381
0.017381
0.017873
0.014424
0.015574
0.013931
0.014752
0.015245
0.016888
0.017052
0.021159
0.012945
0.012617
0.013603
0.014095
0.014588
0.016724
0.017709
0.019188
0.019516
0.019352
0.019188
0.019023
0.014752
0.021651
0.015081
0.018202
0.018202
0.018530
0.018695
0.018695
0.018366
0.026744
0.028058
0.017216
0.018202
0.018038
0.017545
0.017709
0.017545
0.017709
0.018859
0.011139
0.012453
0.013274
0.013767
0.014095
0.006703
0.019352
0.018530
0.018038
0.018038
0.017873
0.017709
0.017873
0.016067
0.015081
0.018530
0.019680
0.019516
0.020337
0.019680
0.019680
0.033479
0.019845
0.018859
0.018202
0.018366
0.018366
0.018038
0.018530
0.018038
0.025101
0.018530
0.018038
0.018202
0.018038
0.018038
0.018202
0.015574
0.025430
0.023130
0.022309
0.021651
0.021159
0.020666
0.020502
0.013603
0.017381
0.017709
0.017381
0.017052
0.017216
0.017381
0.017545
0.016724
0.018202
0.017709
0.017381
0.017216
0.017381
0.017216
0.016888
0.019188
0.017216
0.016395
0.017381
0.017381
0.017381
0.017052
0.020830
0.045963
0.058611
0.074709
0.089657
0.103455
0.117253
0.130559
0.143864
0.157991
0.169161
0.185094
0.197086
0.208420
0.219754
0.230595
0.239301
0.249814
0.259506
0.269690
0.279218
0.288252
0.296794
0.304514
0.318312
0.320612
0.332932
0.340817
0.348373
0.356257
0.363978
0.371206
0.375969
0.382047
0.388618
0.395188
0.401102
0.407344
0.413914
0.419006
0.426234
0.431655
0.437075
0.442332
0.447917
0.451859
0.457116
0.460894
0.466150
0.473213
0.476170
0.480605
0.485205
0.489147
0.492925
0.497196
0.542861
0.504095
0.507709
0.511487
0.515429
0.519043
0.522821
0.526106
0.528242
0.533334
0.535470
0.538426
0.541547
0.544668
0.538755
0.552389
0.552717
0.552389
0.556660
0.558959
0.561423
0.564216
0.567665
0.573907
0.570951
0.576700
0.577193
0.578342
0.580478
0.583270
0.584749
0.587541
0.588691
0.588527
0.590662
0.592305
0.594605
0.596576
0.598547
0.600190
0.602818
0.604132
0.605282
0.606267
0.607253
0.602818
0.606596
0.603146
0.612509
0.610374
0.611359
0.612838
0.614152
0.614316
0.613659
0.616452
0.616123
0.616616
0.618094
0.617930
0.614645
0.616123
0.628279
0.616452
0.621051
0.621215
0.621708
0.623351
0.624665
0.621872
0.626143
0.627622
0.608567
0.608567
0.610045
0.611031
0.613002
0.610867
0.601175
0.612017
0.612345
0.613823
0.615466
0.616616
0.620065
0.619080
0.623515
0.622037
0.623187
0.621872
0.617109
0.613331
0.614809
0.616287
0.616287
0.620558
0.619737
0.620887
0.622201
0.624008
0.619244
0.626472
0.626965
0.627293
0.628936
0.629264
0.629429
0.632221
0.627457
0.630578
0.633371
0.633042
0.634685
0.635671
0.636492
0.645526
0.634685
0.640270
0.639449
0.638956
0.639777
0.640434
0.637149
0.621544
0.619573
0.623351
0.612838
0.615630
0.617437
0.618587
0.620558
0.613988
0.609717
0.607089
0.611524
0.613659
0.614809
0.606103
0.615959
0.612181
0.614809
0.616123
0.620065
0.622858
0.624172
0.626143
0.627622
0.625815
0.627129
0.628607
0.645362
0.630086
0.631400
0.631235
0.631400
0.632385
0.640598
0.636163
0.637313
0.638463
0.638956
0.640106
0.641748
0.644705
0.640434
0.643227
0.644541
0.645034
0.641913
0.644048
0.645198
0.645855
0.644869
0.647498
0.647498
0.648155
0.649140
0.649304
0.649962
0.651768
0.650619
0.650783
0.664745
0.652754
0.652754
0.653083
0.652754
0.654068
0.691849
0.654725
0.655218
0.655054
0.655875
0.657189
0.636985
0.657353
0.658010
0.658339
0.658668
0.658996
0.659325
0.659982
0.660146
0.660803
0.662117
0.657353
0.659817
0.661131
0.661460
0.664417
0.651440
0.655875
0.656532
0.656696
0.664581
0.666059
0.663924
0.663267
0.663760
0.666388
0.666881
0.666881
0.667045
0.667702
0.668523
0.665567
0.668359
0.668359
0.668195
0.667209
0.668852
0.662446
0.665402
0.666552
0.667045
0.666881
0.667209
0.668031
0.668031
0.668195
0.673616
0.657189
0.660474
0.657518
0.654725
0.653904
0.652261
0.651276
0.649304
0.648155
0.655382
0.642898
0.646676
0.647333
0.647333
0.648155
0.648812
0.658503
0.653083
0.655054
0.628443
0.657682
0.658010
0.658175
0.659653
0.659653
0.655054
0.669837
0.665567
0.666388
0.660803
0.659489
0.658010
0.665238
0.664088
0.663431
0.663431
0.663431
0.656696
0.661460
0.660474
0.681500
0.663595
0.663431
0.664417
0.663760
0.664088
0.665074
0.666716
0.665238
0.668195
0.662446
0.666552
0.667373
0.667702
0.668359
0.668688
0.643555
0.669180
0.669180
0.669180
0.669509
0.669673
0.671644
0.664252
0.667209
0.667538
0.667209
0.668031
0.673451
0.671316
0.671316
0.675422
0.669837
0.673451
0.672301
0.671316
0.672137
0.672630
0.672466
0.673123
0.674108
0.671809
0.671809
0.671973
0.672137
0.672301
0.672137
0.672630
0.673616
0.672794
0.674765
0.675258
0.675587
0.678708
0.673123
0.672958
0.673287
0.672794
0.673123
0.673944
0.670823
0.667538
0.666552
0.662446
0.661953
0.660803
0.660639
0.660474
0.661296
0.651276
0.663595
0.659325
0.664417
0.662774
0.665238
0.665731
0.666388
0.666716
0.666552
0.666881
0.663431
0.666881
0.667209
0.667045
0.668359
0.666552
0.672301
0.670330
0.670166
0.670330
0.670987
0.671480
0.667702
0.670166
0.669673
0.673287
0.672630
0.672630
0.672958
0.672466
0.672630
0.672137
0.651768
0.671809
0.672466
0.673944
0.674765
0.674273
0.671316
0.667209
0.671480
0.666881
0.670166
0.671316
0.671152
0.671152
0.676408
0.672794
0.671480
0.672137
0.672137
0.672794
0.673944
0.676901
0.662117
0.674108
0.674108
0.671644
0.671973
0.671973
0.672794
0.673451
0.642570
0.674108
0.676408
0.674765
0.676244
0.676737
0.676572
0.676572
0.676901
0.678872
0.674108
0.675751
0.676572
0.677065
0.676901
0.693491
0.677394
0.679693
0.678215
0.677722
0.678051
0.679036
0.679858
0.681007
0.681664
0.679201
0.678708
0.678708
0.679365
0.679365

Kurve 2

0.016559
0.016559
0.016724
0.017873
0.016231
0.016724
0.017216
0.017052
0.016395
0.016395
0.015081
0.029372
0.017216
0.015409
0.017873
0.018202
0.018366
0.017873
0.016724
0.017873
0.011631
0.011139
0.009824
0.009989
0.010646
0.010974
0.011303
0.019845
0.019023
0.018695
0.018530
0.019023
0.019023
0.019188
0.018859
0.015574
0.016231
0.016231
0.016231
0.016395
0.016231
0.018859
0.018038
0.016395
0.019023
0.018366
0.018202
0.018038
0.013603
0.015245
0.015081
0.017873
0.014260
0.014260
0.014424
0.014424
0.014588
0.014424
0.024773
0.007853
0.012453
0.012453
0.012617
0.012945
0.012617
0.014095
0.014752
0.014588
0.013931
0.014424
0.014260
0.014917
0.016888
0.016395
0.012124
0.017709
0.017381
0.017545
0.017873
0.017381
0.020830
0.004239
0.007853
0.017873
0.016067
0.011796
0.012288
0.012124
0.012288
0.012288
0.012945
0.014588
0.012781
0.013274
0.013767
0.013931
0.006868
0.016067
0.012781
0.012617
0.012781
0.012617
0.002761
0.019023
0.014752
0.016559
0.015081
0.015245
0.015409
0.015738
0.015738
0.019188
0.015245
0.017052
0.016395
0.014588
0.011303
0.010153
0.010482
0.010482
0.010974
0.018202
0.017216
0.018366
0.019023
0.018695
0.019023
-0.008737
0.017381
0.017052
0.016559
0.016888
0.016724
0.015081
0.017052
0.016724
0.016888
0.014424
0.026579
0.023294
0.021816
0.020337
0.022473
0.014752
0.016559
0.016231
0.023458
0.014752
0.016559
0.016231
0.016231
0.016231
0.050398
0.016231
0.015409
0.015738
0.015409
0.015738
0.015081
0.016888
0.014917
0.015902
0.015574
0.015902
0.015409
0.014752
0.015409
0.014752
-0.009887
0.015902
0.015574
0.015409
0.015245
0.015409
0.013438
0.005882
0.005225
0.006046
0.042020
0.036600
0.014917
0.015245
0.015081
0.019845
0.006375
0.014917
0.013603
0.013767
0.013767
0.014260
0.015245
0.015081
0.015245
0.015409
0.013274
0.022473
0.022144
0.023458
0.022966
0.022309
0.018530
0.019188
0.021159
0.021323
0.020009
0.016067
0.014424
0.012781
0.013274
0.013438
0.014917
0.014917
0.013931
0.014588
0.014752
0.014095
0.017216
0.015574
0.016559
0.016559
0.016395
0.011139
0.017216
0.016559
0.015902
0.008839
0.015409
0.015409
0.014588
0.014752
0.015081
0.015574
0.015738
0.016067
0.015902
0.016231
0.020666
0.004239
0.009332
0.009660
0.009660
0.010810
0.016724
0.017052
0.016724
0.016888
0.018530
0.016888
0.016888
0.017052
0.017052
0.028551
0.038899
0.060254
0.075366
0.089328
0.102634
0.126945
0.136965
0.145342
0.157991
0.169818
0.174581
0.188051
0.199714
0.210062
0.220740
0.234374
0.239959
0.249322
0.257699
0.267555
0.277082
0.302543
0.296794
0.305993
0.313549
0.325376
0.329647
0.341474
0.349194
0.356257
0.363978
0.370877
0.376462
0.382704
0.389767
0.396831
0.401266
0.410136
0.415557
0.421799
0.427384
0.400116
0.438882
0.444467
0.449888
0.455473
0.460072
0.464179
0.468943
0.472392
0.477484
0.482084
0.486519
0.493254
0.491118
0.485862
0.494404
0.483891
0.491611
0.486355
0.489804
0.493582
0.497853
0.506723
0.511323
0.516743
0.521179
0.521836
0.527421
0.530706
0.533663
0.537112
0.528406
0.536455
0.537276
0.541712
0.545818
0.549761
0.561259
0.558795
0.561588
0.563887
0.566351
0.568322
0.570951
0.575221
0.575386
0.577193
0.576700
0.579164
0.579328
0.581299
0.583435
0.585734
0.584749
0.595262
0.585734
0.595262
0.596411
0.597726
0.599368
0.600847
0.601832
0.595262
0.608238
0.603311
0.606103
0.607746
0.609060
0.612181
0.612838
0.614973
0.615795
0.617273
0.618587
0.619737
0.620887
0.621051
0.627622
0.622529
0.625158
0.625979
0.626308
0.627786
0.628607
0.629921
0.632057
0.627950
0.631564
0.632714
0.633535
0.634356
0.635671
0.636163
0.625486
0.638135
0.638463
0.639120
0.639449
0.640270
0.640763
0.643062
0.642734
0.643227
0.643555
0.644377
0.639284
0.638135
0.647169
0.638299
0.641420
0.631400
0.631564
0.632550
0.634028
0.635671
0.636820
0.640927
0.641420
0.643391
0.644048
0.645034
0.645691
0.646183
0.646841
0.645362
0.649304
0.647990
0.650126
0.651768
0.651933
0.652261
0.657353
0.650947
0.657518
0.656532
0.656368
0.657025
0.658175
0.658339
0.657025
0.656368
0.651276
0.653247
0.652918
0.652918
0.654889
0.657353
0.648647
0.664581
0.665402
0.668359
0.669837
0.669673
0.668523
0.668195
0.668359
0.660146
0.659489
0.660803
0.661789
0.662117
0.661624
0.662117
0.662610
0.663267
0.661460
0.661953
0.661953
0.663267
0.664088
0.664252
0.668195
0.664745
0.664910
0.665402
0.664252
0.664745
0.666388
0.661296
0.669180
0.658175
0.662774
0.665731
0.667866
0.668523
0.668688
0.665238
0.651440
0.648319
0.648812
0.649962
0.650947
0.651276
0.651440
0.665402
0.655875
0.654889
0.655382
0.655875
0.657025
0.658175
0.658503
0.679693
0.657518
0.662117
0.659982
0.658668
0.659325
0.660310
0.653247
0.659325
0.661624
0.662117
0.662610
0.663431
0.662281
0.662774
0.663431
0.662281
0.668359
0.665074
0.664910
0.665074
0.665074
0.664745
0.678051
0.665731
0.670002
0.668359
0.667702
0.668523
0.669673
0.670166
0.705811
0.669509
0.667866
0.667373
0.666224
0.666224
0.667373
0.667702
0.670987
0.669509
0.668852
0.669673
0.670330
0.670166
0.670002
0.670823
0.662938
0.675587
0.670659
0.672137
0.673616
0.673451
0.672958
0.673123
0.671480
0.672794
0.672958
0.672466
0.673287
0.674108
0.673780
0.675587
0.674437
0.672958
0.675094
0.673287
0.673944
0.674930
0.674930
0.676408
0.666059
0.672958
0.671973
0.675587
0.676244
0.676244
0.676408
0.676572
0.677065
0.674930
0.675422
0.676079
0.676408
0.675915
0.675751
0.676901
0.677886
0.677886
0.677394
0.677886
0.678543
0.678215
0.678215
0.679201
0.679529
0.680022
0.678543
0.678543
0.678543
0.679036
0.679529
0.676408
0.676901
0.679693
0.681336
0.681172
0.681993
0.682157
0.681664
0.675422
0.679529
0.679036
0.679201
0.680679
0.679529
0.671316
0.664417
0.665074
0.665238
0.665731
0.665895
0.666224
0.667866
0.660639
0.661953
0.674273
0.666552
0.670659
0.669837
0.669345
0.669673
0.669673
0.670495
0.672301
0.671644
0.671152
0.671973
0.672301
0.673123
0.673123
0.666224
0.674273
0.673944
0.673944
0.675094
0.674930
0.674601
0.677065
0.675258
0.673780
0.658175
0.648483
0.650290
0.658339
0.653247
0.654232
0.654889
0.654725
0.657025
0.655054
0.655218
0.655875
0.648976
0.667702
0.663431
0.663595
0.663595
0.657353
0.659817
0.661131
0.662117
0.662446
0.663760
0.663431
0.664088
0.655546
0.647005
0.645691
0.662938
0.647333
0.652918
0.653083
0.652918
0.654232
0.653247
0.651768
0.652425
0.653247
0.659325
0.648976
0.651276
0.652097
0.652425
0.650947
0.660310
0.655382
0.657846
0.658503
0.671809
0.667209
0.668688
0.670330
0.670330
0.662446
0.666059
0.664581
0.665895
0.666881
0.666881
0.681829
0.668031
0.667045
0.663595
0.663595
0.664252
0.664252
0.664088
0.663924
0.664252
0.700062
0.667866
0.667866
0.668359
0.667209
0.668195
0.670659
0.670166
0.670987
0.671973
0.668031
0.677065
0.674437
0.675094
0.676572
0.663924
0.683143
0.677229
0.678051
0.678379
0.678379
0.660146
0.656204
0.659325
0.659325
0.659653
0.664745
0.658832
0.664745
0.662774
0.662281
0.670002
0.658010
0.665895
0.663924

Kurve 3

0.018202
0.018366
0.019023
0.018859
0.019680
0.019845
0.021323
0.021651
0.021159
0.020502
0.020337
0.020337
0.016888
0.020337
0.020666
0.020666
0.020994
0.020502
0.019845
0.027401
0.019516
0.021651
0.020666
0.020337
0.020337
0.021159
0.020830
0.019845
0.020337
0.024280
0.023951
0.023458
0.023130
0.023130
0.023458
-0.005452
0.019680
0.019845
0.019516
0.019188
0.019188
0.019023
0.019188
0.013274
0.020502
0.016559
0.019680
0.020173
0.020666
0.020502
0.028058
0.020009
0.020173
0.019188
0.019188
0.019352
0.019023
0.018695
0.018695
0.021816
0.011796
0.015902
0.016724
0.017052
0.017709
0.017545
0.014260
0.020994
0.020173
0.019188
0.019188
0.019516
0.019023
0.019188
0.015081
0.002433
0.020009
0.020337
0.020009
0.020502
0.020502
0.025922
0.019188
0.018695
0.023294
0.021487
0.021816
0.021323
0.021323
0.020502
0.026251
0.018859
0.019188
0.019188
0.019188
0.019188
0.019188
0.019845
0.020173
0.019516
0.019352
0.019516
0.019516
0.019188
0.019516
-0.028778
0.019845
0.021159
0.020173
0.020173
0.020666
0.020830
0.020337
0.020173
0.021980
0.020830
0.020830
0.020994
0.020830
0.020666
0.020666
0.020337
0.020830
0.012781
0.013110
0.014260
0.014424
0.014917
0.015245
0.022637
0.021487
0.021816
0.021651
0.021323
0.021323
0.021159
0.022144
0.021159
0.020666
0.023458
0.022144
0.022473
0.022637
0.022473
0.021487
0.022144
0.025758
0.021159
0.020666
0.021159
0.020830
0.020830
0.020666
0.032821
0.021487
0.020830
0.020994
0.021323
0.021323
0.021651
0.021159
0.021323
0.021487
0.021159
0.021816
0.021323
0.008182
0.022473
0.021651
0.014752
0.022309
0.021980
0.021980
0.021980
0.021816
0.023294
0.022801
0.022966
0.021980
0.021816
0.019845
0.020502
0.020173
0.020173
0.024773
0.059761
0.059268
0.056475
0.054504
0.021323
0.018202
0.016888
0.023458
0.021487
0.020337
0.020666
0.020666
0.014424
0.017381
0.018038
0.017381
0.018695
0.017381
0.017545
0.018038
0.018038
0.021487
0.017052
0.020666
0.020994
0.014588
0.009003
0.007689
0.008346
0.009332
0.009824
0.018695
0.018859
0.018530
0.018530
0.018530
0.018530
0.013274
0.025594
0.021159
0.021159
0.021159
0.021159
-0.027299
0.019680
0.019845
0.020009
0.018859
0.019845
0.022309
0.022144
0.022801
0.029208
0.015081
0.019845
0.018695
0.040542
0.019845
0.020337
0.020337
0.020502
0.020173
0.022801
0.017709
0.022637
0.022801
0.033643
0.049248
0.056147
0.080458
0.094585
0.109697
0.124317
0.137786
0.151420
0.162426
0.177702
0.189037
0.168504
0.212034
0.223204
0.234374
0.244886
0.255728
0.261149
0.272483
0.280203
0.290552
0.305993
0.299422
0.312070
0.320941
0.329647
0.356257
0.353794
0.362171
0.369727
0.376791
0.383854
0.389439
0.393874
0.396666
0.404880
0.410957
0.397981
0.424099
0.429191
0.434119
0.440196
0.441839
0.451859
0.456294
0.461551
0.466314
0.471078
0.475842
0.480770
0.476006
0.476335
0.476335
0.476827
0.480934
0.482577
0.487669
0.491775
0.493911
0.496539
0.498017
0.501795
0.505738
0.509516
0.516579
0.520357
0.523478
0.523807
0.518058
0.522000
0.525121
0.528242
0.531034
0.534155
0.538262
0.546475
0.541876
0.544997
0.547789
0.558631
0.555017
0.561259
0.563394
0.565366
0.567830
0.562902
0.566187
0.567994
0.570294
0.573086
0.577028
0.578342
0.580478
0.582942
0.584913
0.572922
0.593783
0.591319
0.593619
0.592633
0.594112
0.596576
0.597726
0.599368
0.601175
0.601668
0.603968
0.607581
0.608567
0.609881
0.624336
0.611688
0.613331
0.614809
0.615959
0.617273
0.638956
0.618916
0.620723
0.621051
0.624336
0.607253
0.606924
0.608403
0.609553
0.610867
0.609388
0.614645
0.614973
0.616123
0.619408
0.615466
0.618751
0.619573
0.620558
0.622037
0.608567
0.625650
0.627622
0.628279
0.628936
0.629593
0.629593
0.631071
0.631564
0.630414
0.631564
0.632385
0.635014
0.630414
0.636163
0.641584
0.633699
0.639613
0.639449
0.639449
0.639941
0.641091
0.638792
0.639941
0.619737
0.641256
0.636820
0.631728
0.632385
0.633207
0.634192
0.632385
0.636820
0.636985
0.638135
0.639284
0.639284
0.642077
0.640927
0.641256
0.641748
0.642405
0.643719
0.644869
0.644705
0.645362
0.654725
0.645526
0.646676
0.647662
0.647990
0.648319
0.649304
0.644869
0.655218
0.635014
0.651276
0.653083
0.654068
0.654725
0.655546
0.655875
0.629264
0.654889
0.655546
0.655875
0.657353
0.657518
0.663924
0.655218
0.661789
0.660639
0.659982
0.660803
0.661624
0.662281
0.659325
0.660146
0.654725
0.661460
0.660803
0.660639
0.661460
0.661953
0.660967
0.662774
0.660967
0.660803
0.661131
0.661789
0.662938
0.663103
0.663431
0.646841
0.664417
0.664417
0.664581
0.664910
0.665238
0.665074
0.666059
0.667538
0.668523
0.668688
0.668195
0.669345
0.669673
0.672958
0.665567
0.665238
0.669345
0.666716
0.666388
0.666881
0.668195
0.667866
0.666716
0.664252
0.673123
0.674601
0.675587
0.675422
0.674437
0.674930
0.660967
0.669345
0.668688
0.669016
0.668852
0.668688
0.668523
0.690863
0.669016
0.669345
0.668523
0.656861
0.648155
0.649469
0.649633
0.652425
0.651768
0.651604
0.651933
0.653083
0.653740
0.654232
0.654725
0.651933
0.663431
0.657189
0.660803
0.662117
0.662117
0.662446
0.662446
0.661460
0.660639
0.660639
0.660639
0.661953
0.662610
0.662446
0.663595
0.663431
0.662774
0.662774
0.663267
0.664088
0.665567
0.665895
0.666224
0.673287
0.666881
0.666224
0.666059
0.666716
0.667209
0.667373
0.661624
0.678215
0.667702
0.670823
0.672958
0.672794
0.670659
0.670987
0.660639
0.656696
0.656368
0.658010
0.659160
0.659653
0.659489
0.659817
0.664417
0.660803
0.660639
0.661953
0.661953
0.662774
0.664088
0.664088
0.664088
0.658010
0.661296
0.658503
0.657353
0.658832
0.660310
0.655875
0.651604
0.664745
0.663924
0.663924
0.662774
0.662938
0.663760
0.664581
0.663431
0.664581
0.665567
0.665895
0.667373
0.667045
0.666388
0.674273
0.667209
0.668031
0.667702
0.667209
0.668031
0.669345
0.669509
0.672137
0.672958
0.669345
0.672466
0.671644
0.671480
0.672137
0.666059
0.672630
0.673287
0.679365
0.681829
0.681829
0.680843
0.680022
0.680679
0.660474
0.672958
0.672794
0.672466
0.668359
0.667209
0.666716
0.676901
0.667209
0.668195
0.667538
0.667538
0.668359
0.670002
0.670166
0.670823
0.671973
0.669673
0.667702
0.668523
0.668031
0.668852
0.667866
0.675258
0.653247
0.660639
0.657846
0.659982
0.660967
0.661296
0.661460
0.661789
0.661624
0.660474
0.663103
0.663103
0.663267
0.663103
0.663267
0.662117
0.664417
0.664417
0.664088
0.665074
0.666224
0.666059
0.660967
0.666388
0.662610
0.663431
0.661789
0.662938
0.663595
0.664745
0.666388
0.662281
0.663760
0.666716
0.667538
0.667209
0.667866
0.668688
0.668523
0.666059
0.668359
0.670002
0.669837
0.670659
0.670495
0.670166
0.670495
0.672137
0.672137
0.671973
0.672301
0.673123
0.684785
0.673123
0.673123
0.675258
0.673780
0.674273
0.674437
0.673944
0.674108
0.673944
0.674601
0.676244
0.675587
0.682322
0.682486
0.682157
0.682650
0.682322
0.657025
0.675915
0.675751
0.675258
0.676244
0.676244
0.675751
0.679529
0.676572
0.676408
0.674765
0.674765
0.675422
0.676901
0.675751
0.675751
0.677886
0.673123
0.677229

Kurve 4

0.019516
0.019680
0.019516
0.020009
0.011631
0.020994
0.020173
0.019845
0.020666
0.020337
0.019845
0.019680
0.017381
0.021980
0.021159
0.020009
0.021816
0.022473
0.021816
0.021651
0.022473
0.019680
0.023458
0.021816
0.021159
0.020666
0.020830
0.021159
0.020830
0.032493
0.014260
0.018859
0.018038
0.017381
0.017381
0.018202
0.012781
0.020666
0.020337
0.020502
0.020830
0.020009
0.019516
0.005718
0.021816
0.018530
0.025594
0.027894
0.027894
0.026908
0.025101
0.023294
0.021980
0.020502
0.021487
0.019023
0.019352
0.019516
0.019516
0.019188
0.030193
0.019845
0.020666
0.021159
0.021159
0.021323
0.021159
0.014917
0.024444
0.019516
0.020009
0.020173
0.020337
0.020666
0.020337
0.018038
0.020337
0.020502
0.020994
0.021159
0.021159
0.021323
0.021159
0.027236
0.018038
0.026415
0.024608
0.023787
0.023458
0.022801
0.022309
0.024115
0.019845
0.024444
0.022966
0.022966
0.022966
0.022801
0.022144
0.020666
0.020502
0.021487
0.020337
0.020502
0.020173
0.020009
0.020173
0.018366
0.020337
0.020666
0.021159
0.020666
0.019188
0.019516
0.022801
0.018695
0.019188
0.019188
0.019188
0.019516
0.019680
0.019188
0.019352
0.018366
0.022801
0.021159
0.021487
0.021323
0.021487
0.021159
0.016724
0.020173
0.020830
0.020173
0.020666
0.020173
0.020173
0.020337
0.016724
0.020830
0.020009
0.020994
0.021816
0.021487
0.020666
0.023623
0.024773
0.016724
0.019188
0.019023
0.018859
0.018859
0.019845
0.019845
0.022966
0.021159
0.022144
0.022637
0.022966
0.022473
0.022144
0.009660
0.028058
0.020502
0.020502
0.020502
0.020173
0.019845
0.019845
0.018202
0.016888
0.019680
0.019680
0.018859
0.019188
0.019680
0.034300
0.019188
0.018695
0.019845
0.019680
0.019680
0.019352
0.019188
0.019352
0.027236
0.018859
0.019845
0.020009
0.019845
0.020009
0.020337
0.017873
0.032329
0.027072
0.026415
0.025922
0.024937
0.020502
0.019845
0.020830
0.017709
0.020830
0.020009
0.020502
0.020666
0.021159
0.026908
0.018530
0.027894
0.010974
0.013603
0.012617
0.012945
0.013438
0.014095
0.013931
0.020830
0.021323
0.021159
0.021323
0.021323
0.021323
0.020502
0.026251
0.020502
0.022144
0.021980
0.021651
0.021651
0.017381
0.021651
0.020830
0.017873
0.030357
0.029536
0.028715
0.028551
0.028222
0.019352
0.020337
0.022473
0.020173
0.019845
0.020009
0.019845
0.019845
0.020009
0.022473
0.009989
0.014752
0.027072
0.042513
0.058939
0.074545
0.094585
0.108054
0.122017
0.135815
0.148792
0.161933
0.140579
0.187065
0.198892
0.205299
0.221889
0.233059
0.243572
0.253921
0.264270
0.274125
0.283324
0.290059
0.299586
0.307800
0.316670
0.325540
0.333918
0.341474
0.359871
0.354779
0.367263
0.373341
0.380240
0.387139
0.393710
0.397324
0.403237
0.412107
0.417528
0.423441
0.429026
0.432640
0.438554
0.444960
0.449395
0.457444
0.454159
0.461222
0.466150
0.470092
0.481591
0.480441
0.487176
0.491940
0.493911
0.498674
0.502452
0.506395
0.509844
0.513458
0.516086
0.521343
0.523971
0.527256
0.530706
0.533991
0.534648
0.540069
0.543518
0.545654
0.548775
0.551403
0.555510
0.555510
0.559616
0.562080
0.564380
0.566680
0.571115
0.571936
0.574072
0.588034
0.576864
0.578999
0.580971
0.588691
0.581299
0.587705
0.588198
0.590005
0.591648
0.595426
0.595919
0.595590
0.598054
0.598547
0.597397
0.574072
0.592798
0.589512
0.588855
0.589184
0.571772
0.591648
0.592633
0.594440
0.595919
0.593783
0.597561
0.598711
0.598383
0.600025
0.608896
0.601504
0.603803
0.604625
0.605775
0.610702
0.608074
0.608238
0.609553
0.602161
0.609553
0.603475
0.605282
0.606267
0.606432
0.607253
0.607417
0.611524
0.611852
0.614316
0.615795
0.594605
0.617109
0.618587
0.619901
0.620887
0.611195
0.624172
0.623022
0.625650
0.626636
0.627950
0.628607
0.630743
0.630578
0.632221
0.633207
0.633864
0.634356
0.627786
0.628607
0.629593
0.628607
0.630086
0.628936
0.629100
0.630578
0.632550
0.636163
0.636820
0.637970
0.638463
0.637970
0.639120
0.641913
0.642077
0.642898
0.643227
0.620723
0.617273
0.619737
0.620558
0.621215
0.626472
0.618259
0.622037
0.622858
0.624008
0.625815
0.631235
0.633207
0.634028
0.634685
0.635178
0.630250
0.630414
0.631400
0.632385
0.634028
0.639449
0.643555
0.644048
0.636656
0.635014
0.634028
0.635014
0.635671
0.635999
0.636492
0.636820
0.645034
0.645362
0.646019
0.645691
0.646019
0.636163
0.641913
0.641420
0.640927
0.641748
0.658668
0.641584
0.642734
0.642898
0.644377
0.644869
0.645362
0.645034
0.645034
0.645855
0.633535
0.647498
0.648319
0.643062
0.656039
0.652918
0.654561
0.655546
0.656204
0.656532
0.651111
0.666059
0.663924
0.658668
0.659817
0.659982
0.655546
0.656696
0.657025
0.658010
0.658339
0.658996
0.660803
0.660146
0.663760
0.684621
0.660967
0.660803
0.661460
0.661296
0.661789
0.662446
0.664088
0.663103
0.661296
0.677394
0.669673
0.653411
0.654561
0.654561
0.654561
0.632878
0.639284
0.637313
0.638135
0.639284
0.640106
0.642077
0.630250
0.634356
0.635671
0.636163
0.637313
0.639120
0.647498
0.648812
0.651768
0.647333
0.648155
0.648319
0.647990
0.648976
0.649797
0.650619
0.651933
0.650783
0.653247
0.655382
0.655875
0.656368
0.656532
0.657353
0.653411
0.656696
0.656039
0.655546
0.640927
0.641420
0.652590
0.642405
0.645691
0.645034
0.645198
0.646512
0.646019
0.647005
0.646676
0.648319
0.647333
0.649140
0.647990
0.647990
0.648483
0.649797
0.636820
0.662610
0.653247
0.649962
0.654725
0.655546
0.655875
0.656039
0.657189
0.649140
0.658503
0.656039
0.657353
0.659325
0.660146
0.660146
0.661296
0.663431
0.663760
0.663595
0.664581
0.665731
0.666224
0.677558
0.662938
0.663595
0.666059
0.663760
0.664252
0.666552
0.667373
0.667702
0.666388
0.668359
0.668031
0.668852
0.669509
0.669016
0.669016
0.670166
0.664088
0.671152
0.671316
0.671973
0.672466
0.672630
0.672466
0.700226
0.672958
0.673287
0.673944
0.673123
0.673944
0.674930
0.675422
0.707454
0.674273
0.674765
0.674930
0.675094
0.674765
0.675422
0.675587
0.667373
0.676408
0.677886
0.679693
0.681500
0.681172
0.680186
0.680843
0.667373
0.645034
0.678051
0.678708
0.678872
0.678872
0.678215
0.677722
0.678872
0.679858
0.679036
0.679036
0.679693
0.680022
0.680515
0.680515
0.681336
0.681500
0.681829
0.681007
0.680350
0.680843
0.681993
0.647990
0.681664
0.681172
0.681500
0.681829
0.681500
0.681007
0.681500
0.680350
0.688564
0.681172
0.682486
0.683636
0.683471
0.683143
0.682979
0.684785
0.683800
0.682814
0.682486
0.682157
0.682979
0.683964
0.683800
0.684457
0.682157
0.686592
0.684293
0.683471
0.683471
0.684785
0.677229
0.683636
0.687249
0.681172
0.681336
0.681172
0.680350
0.670166
0.664581
0.663595
0.670166
0.669673
0.669509
0.670495
0.670495
0.670495
0.670002
0.667702
0.672301
0.671809
0.671644
0.672466
0.673944
0.673616
0.669673
0.673287
0.671316
0.669345
0.668359
0.668359
0.667866
0.664745
0.670495
0.668523
0.665402
0.668359
0.669345
0.669345
0.669345
0.670002
0.654232
0.669837
0.670330
0.665402
0.667209
0.667209
0.667373
0.672630
0.667702
0.669673
0.669016
0.668523
0.669673
0.671152
0.671644
0.670166
0.675587
0.669180

Kurve 5

0.021159
0.021816
0.021651
0.021651
0.021651
0.014095
0.021487
0.020994
0.021816
0.022309
0.021980
-0.009230
0.021159
0.020994
0.020830
0.020009
0.020994
0.021159
0.021816
0.022144
0.021816
0.031179
0.014752
0.020502
0.020337
0.020337
0.026415
0.024444
0.023130
0.022473
0.022637
0.022473
0.020994
0.021816
0.021651
0.021323
0.021323
0.021323
0.020502
0.020502
0.020666
0.020337
0.020009
0.020009
0.020502
0.020337
0.017873
0.020830
0.021323
0.021323
0.022144
0.021487
0.021323
0.020173
0.019845
0.048591
0.021651
0.024280
0.023294
0.022473
0.022144
0.022144
0.025265
0.019845
0.020009
0.020830
0.019680
0.019845
0.019352
0.018038
0.016231
0.016067
0.016724
0.016559
0.016067
0.019680
0.020502
0.016395
0.020994
0.021323
0.020994
0.021816
0.022473
0.021651
0.023623
0.021816
0.023458
0.016888
0.019023
0.019845
0.019845
0.020337
0.020994
0.027401
0.013274
0.019680
0.019845
0.019680
0.020173
0.012288
0.022473
0.021980
0.021159
0.021487
0.021159
0.021323
0.019680
0.023787
0.012288
0.026415
0.023294
0.024280
0.024280
0.023951
0.024115
0.035778
0.021159
0.021816
0.022473
0.021816
0.021816
0.022144
0.021323
0.021816
0.031672
0.021980
0.021323
0.021487
0.021651
0.021980
0.022144
0.023130
0.023623
0.024444
0.024280
0.023951
0.023787
0.023458
-0.008409
0.022637
0.023458
0.022637
0.022309
0.022966
0.022473
0.022473
0.022473
0.021323
0.034628
0.028879
0.026908
0.026579
0.026579
0.025922
0.025430
0.038078
0.020666
0.020502
0.020337
0.020502
0.020666
0.020337
0.017873
0.021159
0.021487
0.020502
0.020830
0.020666
0.020994
0.020502
0.018366
0.018038
0.022637
0.023623
0.024280
0.024280
0.023458
0.023130
0.032493
0.020830
0.020994
0.020994
0.021159
0.020666
0.020830
0.020502
0.028058
0.017216
0.023130
0.021651
0.021651
0.021816
0.021816
0.017216
0.022144
0.018366
0.019188
0.019188
0.017052
0.016724
0.016395
0.016395
0.017381
0.016888
0.018038
0.017381
0.017873
0.018202
0.017216
0.023130
0.017709
0.018366
0.018366
0.017545
0.017545
0.017873
0.017709
0.018202
0.017545
0.018695
0.018859
0.018859
0.019352
0.019845
0.019680
0.017545
0.019188
0.020830
0.019352
0.019845
0.019680
0.019516
0.019516
0.018366
0.021159
0.020173
0.020502
0.020830
0.021159
0.021159
0.023294
0.030850
0.015902
0.018202
0.018530
0.018038
0.018038
0.018038
0.018202
0.021487
0.022637
0.033971
0.050398
0.066167
0.081444
0.096556
0.105919
0.122345
0.136472
0.149120
0.162262
0.175074
0.187065
0.199221
0.210391
0.220904
0.232731
0.244722
0.255071
0.265419
0.275604
0.287431
0.287102
0.302215
0.312728
0.319955
0.328333
0.336710
0.344759
0.352315
0.365785
0.364306
0.377612
0.384347
0.391081
0.397816
0.404551
0.402908
0.416050
0.411122
0.415228
0.421306
0.426563
0.432147
0.438061
0.444796
0.444960
0.459908
0.461879
0.468121
0.473213
0.476827
0.486026
0.480770
0.493089
0.481262
0.488983
0.492761
0.497032
0.501795
0.509352
0.515101
0.517565
0.519372
0.521671
0.525449
0.529228
0.532677
0.532677
0.543354
0.545654
0.547954
0.550746
0.553374
0.556167
0.550089
0.562245
0.564380
0.567008
0.566351
0.570129
0.572265
0.574729
0.577850
0.579985
0.582942
0.586391
0.585734
0.590334
0.592305
0.593783
0.595262
0.596904
0.606103
0.598711
0.600518
0.600025
0.593455
0.593290
0.594276
0.597233
0.592469
0.595426
0.597233
0.598054
0.599697
0.601011
0.604460
0.606596
0.603968
0.610045
0.608567
0.609717
0.611524
0.613166
0.615138
0.617766
0.618751
0.619408
0.619901
0.618094
0.618587
0.619901
0.620887
0.631892
0.616944
0.623187
0.624336
0.625815
0.627293
0.628443
0.629921
0.630578
0.631071
0.632550
0.633371
0.634192
0.635178
0.634849
0.637149
0.624336
0.648483
0.647005
0.648976
0.649140
0.649304
0.643062
0.643062
0.642898
0.645691
0.638792
0.638792
0.639120
0.640270
0.642241
0.643719
0.646676
0.651768
0.650454
0.651111
0.651604
0.652425
0.648976
0.651276
0.652097
0.652590
0.653083
0.653575
0.654725
0.654561
0.655054
0.655382
0.656532
0.656204
0.658668
0.658832
0.659325
0.660474
0.658503
0.658503
0.659325
0.662774
0.659489
0.659982
0.656696
0.653083
0.653904
0.657189
0.656368
0.653247
0.650126
0.638463
0.640106
0.637642
0.642077
0.642898
0.644048
0.645526
0.637149
0.653740
0.650619
0.651768
0.652918
0.646841
0.648483
0.648976
0.648976
0.650126
0.659982
0.649304
0.654561
0.652754
0.652590
0.654889
0.652425
0.649962
0.649962
0.650290
0.656368
0.651440
0.656204
0.655382
0.655546
0.656861
0.643062
0.657518
0.655218
0.657518
0.658832
0.657353
0.662774
0.660639
0.661624
0.662610
0.656039
0.674765
0.668852
0.668523
0.667866
0.661460
0.645198
0.647498
0.645691
0.644869
0.645198
0.644048
0.646019
0.645691
0.646019
0.652590
0.646183
0.647662
0.648319
0.648812
0.649469
0.650454
0.651933
0.646512
0.648483
0.649633
0.651768
0.648483
0.649304
0.650783
0.651933
0.652097
0.655382
0.655054
0.656204
0.657025
0.657025
0.657189
0.657846
0.636656
0.638135
0.638627
0.640434
0.639449
0.646348
0.644705
0.645198
0.643719
0.650290
0.649633
0.649304
0.649962
0.651604
0.649140
0.649797
0.649962
0.647990
0.654561
0.654232
0.655382
0.657025
0.658010
0.658175
0.658503
0.654397
0.657518
0.659160
0.660146
0.664417
0.657353
0.663267
0.663267
0.662938
0.663760
0.668688
0.655054
0.663924
0.665238
0.666059
0.666881
0.667209
0.667209
0.667045
0.667866
0.663760
0.669345
0.665402
0.664417
0.670659
0.671152
0.671152
0.648812
0.649797
0.650947
0.650126
0.652097
0.654561
0.655054
0.655875
0.660146
0.656368
0.657682
0.658668
0.658832
0.659489
0.660967
0.664910
0.661789
0.661953
0.668359
0.663103
0.663595
0.645855
0.632221
0.630414
0.631235
0.632221
0.631892
0.631728
0.633042
0.633042
0.633371
0.634192
0.635178
0.636163
0.636163
0.642241
0.640763
0.641913
0.643227
0.643555
0.645034
0.636985
0.639284
0.641256
0.642241
0.643391
0.647826
0.650947
0.651768
0.653904
0.645855
0.650290
0.651276
0.651276
0.652261
0.653247
0.654397
0.655711
0.657189
0.659817
0.660803
0.661460
0.661953
0.662446
0.662774
0.658668
0.660639
0.662610
0.663103
0.664088
0.663924
0.677722
0.657682
0.663431
0.664581
0.664252
0.665238
0.666716
0.669673
0.665074
0.692506
0.667866
0.668523
0.668523
0.669345
0.670166
0.670330
0.658832
0.672137
0.673451
0.671480
0.672630
0.673451
0.673451
0.673123
0.673780
0.672301
0.673944
0.674437
0.674601
0.674930
0.674765
0.675587
0.674601
0.673123
0.672301
0.672301
0.672794
0.674273
0.675258
0.682322
0.677229
0.677065
0.678051
0.675751
0.675258
0.676244
0.676901
0.676901
0.677394
0.679858
0.679693
0.679693
0.679858
0.679693
0.680022
0.677886
0.668688
0.679858
0.677229
0.677229
0.677065
0.677229
0.677065
0.681336
0.678379
0.678215
0.677229
0.677229
0.677886
0.678872
0.679201
0.681007
0.678872
0.683471
0.681172
0.680022
0.680350
0.681336
0.681993
0.674437
0.687085
0.682157
0.682814
0.684457
0.683471
0.683307
0.683636
0.671480
0.684785
0.677394
0.678708
0.679858
0.680186
0.679858
0.679858
0.681172
0.672301
0.670659
0.670495
0.671644
0.672466
0.672958
0.673287
0.670166

Kurve 6

0.018859
0.019516
0.020173
0.020666
0.020009
0.020009
0.020502
-0.004467
0.025430
0.019845
0.021159
0.022144
0.021651
0.021159
0.017709
0.033150
0.028386
0.020994
0.020009
0.022309
0.020994
0.020666
0.028222
0.019680
0.020502
0.022144
0.007853
0.011467
0.011631
0.011139
0.011631
0.011796
0.021980
0.021816
0.020994
0.020994
0.020830
0.020830
0.019845
0.022473
0.019516
0.021487
0.022637
0.022309
0.021487
0.020337
0.020994
0.021487
0.020337
0.021487
0.021816
0.021816
0.021651
0.021651
0.021651
0.019023
0.018038
0.022473
0.022966
0.021159
0.020994
0.020173
0.020337
0.054833
0.021159
0.021159
0.021159
0.021323
0.021816
0.021816
0.021980
0.021159
0.021159
0.021487
0.021323
0.020666
0.022473
0.016559
0.019188
0.019352
0.022966
0.016395
0.018038
0.019516
0.019188
0.022473
0.022473
0.021980
0.021980
0.018366
0.024773
0.021980
0.021323
0.020830
0.022966
0.021159
0.021651
0.021816
0.021323
0.021816
0.022144
0.019680
0.019188
0.018530
0.019188
0.019516
0.011139
0.030850
0.026579
0.027729
0.028386
0.022966
0.023787
0.025594
0.026251
0.026087
0.022637
0.021323
0.021980
0.022309
0.025265
0.020009
0.020173
0.020337
0.020173
0.020173
0.017545
0.017545
0.017545
0.017545
0.017709
0.017873
0.014424
0.018202
0.014752
0.015574
0.017873
0.015738
0.018038
0.019188
0.018859
0.018859
0.016559
0.017545
0.017873
0.017216
0.017709
0.025430
0.017873
0.023130
0.022309
0.022473
0.021159
0.019845
0.020830
0.021159
0.020830
0.022309
0.019680
0.018530
0.019188
0.018859
0.019352
0.014260
0.027729
0.023787
0.024608
0.024773
0.019023
0.018038
0.018366
0.017545
0.017709
0.016395
0.020337
0.020502
0.020009
0.020337
0.021816
0.019845
0.020830
0.020502
0.020666
0.020830
0.020337
0.021159
0.020666
0.020666
0.042349
0.011303
0.019023
0.018366
0.018530
0.018530
0.018695
0.021816
0.019845
0.021980
0.021651
0.021651
0.020337
0.020994
0.020830
0.020994
0.013931
0.026744
0.022966
0.024280
0.024608
0.024280
0.021159
0.023623
0.023787
0.024115
0.023951
0.024115
0.020830
0.019352
0.018202
0.019352
0.019516
0.021323
0.021159
0.021323
0.021323
0.021651
0.020666
0.024773
0.024115
0.005554
0.021159
0.020994
0.020830
0.020994
0.020994
0.020994
0.021487
0.020994
0.020994
0.021323
0.020666
0.023787
0.018366
0.022637
0.022309
0.022144
0.022473
0.025430
0.019845
0.021159
0.020009
0.030522
0.040213
0.055161
0.071588
0.087521
0.103455
0.117417
0.147314
0.155691
0.159633
0.173924
0.186244
0.198564
0.209898
0.221397
0.232402
0.242587
0.252935
0.263941
0.273797
0.283653
0.294658
0.297779
0.308292
0.315849
0.324555
0.333096
0.341309
0.356422
0.360364
0.367427
0.379254
0.374491
0.382047
0.390096
0.397488
0.404551
0.410300
0.422127
0.425084
0.431490
0.449067
0.453502
0.457608
0.462701
0.467464
0.471899
0.466150
0.472392
0.477977
0.482412
0.486847
0.491118
0.495553
0.499824
0.503438
0.507545
0.511651
0.515265
0.519207
0.522164
0.526106
0.530706
0.532513
0.533827
0.537112
0.540233
0.543026
0.545982
0.549925
0.552717
0.557645
0.557974
0.561095
0.563723
0.566351
0.568651
0.571115
0.569801
0.580971
0.582285
0.583270
0.585242
0.586884
0.592141
0.587377
0.589184
0.590991
0.592633
0.594440
0.596411
0.597890
0.599040
0.602818
0.601668
0.606432
0.606267
0.604953
0.606596
0.607746
0.577193
0.564380
0.612509
0.613823
0.614809
0.617109
0.617930
0.619573
0.620723
0.614481
0.622365
0.624172
0.625322
0.626472
0.627457
0.630743
0.635999
0.632057
0.632057
0.633535
0.634685
0.635671
0.636328
0.643555
0.639120
0.622858
0.625322
0.624172
0.624172
0.625486
0.626800
0.628114
0.633699
0.634849
0.636328
0.637477
0.638299
0.638956
0.639941
0.640598
0.639120
0.645855
0.638463
0.638135
0.638463
0.638463
0.638956
0.640763
0.638627
0.639120
0.640598
0.640763
0.641748
0.642405
0.642898
0.645198
0.643555
0.645034
0.646019
0.646512
0.647005
0.647333
0.648155
0.647005
0.649304
0.651276
0.651111
0.651768
0.652754
0.653247
0.654232
0.649304
0.654232
0.655382
0.655218
0.655875
0.655875
0.645855
0.646348
0.645855
0.649140
0.648812
0.649797
0.650619
0.651440
0.652097
0.653411
0.652754
0.656696
0.655711
0.656696
0.657518
0.658010
0.658339
0.652261
0.660474
0.658010
0.658339
0.659160
0.659653
0.659982
0.660310
0.652590
0.661789
0.660803
0.661624
0.662117
0.662281
0.662610
0.662938
0.663267
0.664088
0.664088
0.664910
0.665567
0.665895
0.666552
0.666881
0.666224
0.665074
0.666388
0.666388
0.666059
0.667045
0.668031
0.666552
0.666059
0.668031
0.668359
0.668359
0.669509
0.669673
0.670330
0.670495
0.670987
0.670330
0.672301
0.671644
0.671973
0.672137
0.671809
0.672958
0.672794
0.672137
0.672137
0.672137
0.672630
0.673287
0.676737
0.666059
0.676737
0.666388
0.666716
0.667045
0.667702
0.669016
0.673287
0.674601
0.673780
0.671809
0.670823
0.671152
0.671644
0.672137
0.672794
0.670330
0.672794
0.673123
0.673780
0.674601
0.674601
0.674601
0.676408
0.675258
0.675094
0.675258
0.675751
0.676572
0.676901
0.679858
0.674601
0.677886
0.667373
0.671973
0.671316
0.671316
0.672301
0.675258
0.678051
0.673616
0.679201
0.675915
0.677065
0.675751
0.674765
0.675094
0.668031
0.677886
0.670823
0.648155
0.650126
0.650947
0.650783
0.666388
0.655875
0.656039
0.657189
0.656696
0.657189
0.658503
0.660310
0.659817
0.660310
0.659982
0.661953
0.660310
0.660310
0.661131
0.639284
0.664581
0.664910
0.665074
0.665567
0.664252
0.664745
0.665895
0.666388
0.666716
0.666552
0.665731
0.667702
0.668031
0.668523
0.668523
0.674108
0.661131
0.666552
0.666059
0.666059
0.666881
0.668195
0.671809
0.675422
0.675258
0.674930
0.675587
0.673944
0.674273
0.674437
0.673944
0.677065
0.675258
0.676244
0.677229
0.675094
0.674765
0.675422
0.676244
0.675587
0.669345
0.674437
0.675915
0.676244
0.676737
0.676244
0.676244
0.674437
0.682157
0.679858
0.679201
0.679693
0.682979
0.674437
0.678051
0.676572
0.681829
0.678215
0.678872
0.679365
0.679529
0.680022
0.680186
0.676901
0.677722
0.668852
0.682486
0.680515
0.681500
0.682157
0.682650
0.672301
0.687249
0.681172
0.683143
0.683964
0.684128
0.683471
0.682322
0.683800
0.682157
0.682157
0.682814
0.689056
0.683143
0.683471
0.682814
0.683636
0.683471
0.684950
0.685278
0.684293
0.685114
0.678708
0.690863
0.688071
0.688071
0.669509
0.689713
0.684621
0.685114
0.686100
0.686264
0.686100
0.686264
0.688235
0.688892
0.688071
0.687742
0.687742
0.686428
0.688071
0.687742
0.687085
0.687414
0.686592
0.685771
0.686100
0.686100
0.686428
0.686757
0.686100
0.685607
0.685771
0.681664
0.687249
0.687085
0.687085
0.687906
0.683964
0.685607
0.688071
0.688235
0.688892
0.685278
0.684293
0.684293
0.684950
0.685607
0.685278
0.689385
0.686757
0.686921
0.686428
0.685607
0.686921
0.687578
0.687578
0.686921
0.687414
0.692670
0.687906
0.687578
0.687742
0.687414
0.680679
0.690370
0.687085
0.688892
0.689385
0.688235
0.691192
0.694477
0.695955
0.695463
0.681993
0.691685
0.687085
0.688399
0.689549
0.689221
0.689221
0.686921
0.687906
0.687742
0.689549
0.688071
0.688892
0.687085
0.686428

Kurve 7

0.699241
0.715339
0.699569
0.699898
0.700555
0.699405
0.700062
0.700883
0.701048
0.700555
0.700555
0.701212
0.701540
0.701540
0.700555
0.700719
0.700719
0.696448
0.701705
0.701376
0.702033
0.703347
0.703019
0.702197
0.703019
0.707782
0.698419
0.698584
0.698912
0.700555
0.701869
0.702362
0.702033
0.702197
0.698419
0.699733
0.703512
0.703676
0.704169
0.704333
0.702197
0.703347
0.705811
0.705811
0.705483
0.705318
0.704497
0.704497
0.705154
0.704990
0.704497
0.705318
0.705483
0.704990
0.704497
0.707125
0.706304
0.704169
0.705318
0.705154
0.704990
0.705154
0.705318
0.705154
0.708768
0.705976
0.706633
0.706468
0.705318
0.705647
0.705647
0.699898
0.702690
0.703183
0.703019
0.703183
0.702855
0.703019
0.690042
0.704004
0.702362
0.715339
0.710903
0.707454
0.706633
0.706468
0.706797
0.703840
0.710411
0.703183
0.703347
0.703019
0.702855
0.703019
0.703019
0.710739
0.703347
0.702526
0.695298
0.685114
0.681172
0.680515
0.646676
0.681172
0.681500
0.681664
0.683143
0.659160
0.659982
0.656204
0.639449
0.637642
0.643227
0.644541
0.646348
0.648155
0.649797
0.675751
0.651933
0.653575
0.655054
0.656204
0.656861
0.658010
0.659325
0.660474
0.661624
0.662446
0.663924
0.664417
0.665238
0.666224
0.667373
0.662938
0.673123
0.665731
0.668359
0.669673
0.670166
0.670987
0.674108
0.673616
0.674437
0.675422
0.676737
0.677886
0.678379
0.679365
0.681172
0.679201
0.681336
0.681336
0.681007
0.685607
0.684128
0.684621
0.684785
0.685278
0.686921
0.684621
0.684785
0.685607
0.686100
0.686921
0.687249
0.690863
0.692670
0.694641
0.694149
0.694149
0.694313
0.689221
0.686264
0.688235
0.682157
0.694313
0.688728
0.689713
0.690042
0.690535
0.691028
0.692013
0.692013
0.696941
0.691685
0.692506
0.692999
0.692834
0.693163
0.696612
0.691685
0.694313
0.693327
0.693820
0.693820
0.694477
0.694806
0.695134
0.694641
0.695134
0.695134
0.669673
0.691685
0.691685
0.690535
0.690863
0.692177
0.691685
0.691356
0.691685
0.691520
0.693820
0.693327
0.691520
0.692177
0.699733
0.693984
0.693984
0.694477
0.694477
0.694970
0.694313
0.695463
0.695463
0.695955
0.695463
0.695955
0.695298
0.695955
0.698584
0.697927
0.698584
0.652261
0.662938
0.699405
0.699569
0.700226
0.698748
0.695298
0.696612
0.697270
0.697598
0.710082
0.691192
0.695955
0.696120
0.696120
0.701540
0.701048
0.700391
0.700719
0.700883
0.704333
0.701376
0.700883
0.701212
0.701212
0.701048
0.697598
0.699241
0.698912
0.690535
0.678379
0.678379
0.688728
0.688728
0.687578
0.687414
0.676572
0.686921
0.683800
0.683143
0.683964
0.692013
0.677558
0.684457
0.683471
0.683471
0.683636
0.681500
0.681993
0.681993
0.682157
0.685607
0.672466
0.678215
0.681007
0.682650
0.684621
0.683636
0.692506
0.684128
0.686428
0.683143
0.688235
0.686428
0.688728
0.689056
0.689056
0.685443
0.696448
0.692342
0.692999
0.693656
0.694149
0.689385
0.690370
0.689385
0.690535
0.691192
0.698091
0.691685
0.692834
0.693491
0.698912
0.692013
0.697598
0.696284
0.694641
0.694477
0.694806
0.694641
0.694970
0.694806
0.692013
0.696120
0.695463
0.695463
0.695791
0.695627
0.695627
0.697270
0.695298
0.696941
0.697927
0.697762
0.700719
0.696941
0.695298
0.696284
0.696284
0.696284
0.699076
0.697270
0.700555
0.700062
0.694970
0.699898
0.698255
0.698419
0.698748
0.697927
0.694806
0.697105
0.697270
0.695791
0.692670
0.692999
0.692670
0.692013
0.687578
0.684128
0.683636
0.682979
0.684128
0.684128
0.684457
0.694970
0.675258
0.680022
0.680186
0.681829
0.682650
0.683307
0.686921
0.687085
0.686592
0.685607
0.686100
0.685771
0.685443
0.685935
0.686100
0.677394
0.693984
0.686592
0.688235
0.687578
0.689713
0.689549
0.690535
0.690370
0.690042
0.641091
0.652097
0.663595
0.692999
0.693984
0.694806
0.693820
0.694970
0.692834
0.693656
0.693820
0.694149
0.694313
0.695134
0.695298
0.699241
0.685607
0.687742
0.688728
0.689056
0.689549
0.689878
0.697270
0.697105
0.698419
0.697270
0.697762
0.697762
0.697927
0.697598
0.697927
0.697434
0.698091
0.698748
0.698912
0.698912
0.698748
0.700719
0.699076
0.697927
0.698584
0.698584
0.698748
0.698912
0.703183
0.689056
0.702690
0.699405
0.699241
0.699405
0.699569
0.699405
0.699898
0.694313
0.694477
0.701212
0.700555
0.700062
0.700391
0.700719
0.700883
0.701048
0.700226
0.698584
0.698584
0.700719
0.700883
0.698419
0.685771
0.670987
0.671316
0.670659
0.671480
0.672301
0.673616
0.674273
0.713532
0.678708
0.676408
0.676737
0.678051
0.678215
0.678872
0.680022
0.670166
0.679529
0.686592
0.684457
0.684785
0.685607
0.686428
0.686757
0.687085
0.683307
0.684785
0.685607
0.685935
0.686592
0.686428
0.686921
0.688564
0.687906
0.687906
0.688235
0.688892
0.689549
0.690042
0.690535
0.707618
0.689713
0.690370
0.690535
0.689549
0.690370
0.691356
0.691849
0.689878
0.688564
0.686264
0.684457
0.684128
0.684785
0.684785
0.683636
0.678215
0.683143
0.684950
0.683143
0.682650
0.683143
0.683471
0.691028
0.682486
0.689713
0.688235
0.688071
0.688399
0.689056
0.689056
0.688892
0.685935
0.687578
0.687578
0.687742
0.688071
0.689549
0.690370
0.687906
0.689056
0.689549
0.690370
0.690863
0.690699
0.690370
0.691849
0.685114
0.701705
0.695463
0.695463
0.693163
0.692670
0.692177
0.692342
0.692342
0.693491
0.692999
0.693163
0.693984
0.694313
0.694313
0.693984
0.700719
0.694149
0.696448
0.693984
0.693656
0.694313
0.695298
0.690206
0.693984
0.694477
0.695791
0.696120
0.696120
0.695627
0.696120
0.696777
0.696120
0.695298
0.695298
0.695627
0.695627
0.695955
0.695627
0.695955
0.696612
0.696448
0.696120
0.695955
0.697105
0.697270
0.708439
0.695298
0.695463
0.696612
0.696120
0.695627
0.695955
0.696612
0.695134
0.691192
0.706468
0.694149
0.694970
0.695298
0.694970
0.694641
0.695791
0.692342
0.693163
0.694970
0.694641
0.695134
0.694641
0.694477
0.694970
0.694970
0.694477
0.694641
0.694806
0.695134
0.696284
0.734229
0.694970
0.696777
0.695463
0.695955
0.695955
0.695955
0.696448
0.694641
0.696448
0.694149
0.697598
0.694806
0.695463
0.696612
0.696777
0.696777
0.686592
0.701705
0.696941
0.698419
0.699241
0.699405
0.698912
0.701705
0.699569
0.698584
0.698584
0.690863
0.671316
0.672794
0.673944
0.674273
0.675751
0.675422
0.676572
0.677065
0.677558
0.678708
0.661296
0.682979
0.678215
0.680843
0.680679
0.681993
0.682157
0.682486
0.682814
0.683307
0.684621
0.679201
0.682979
0.684128
0.684457
0.684457
0.690206
0.685278
0.691520
0.690535
0.690042
0.690370
0.691192
0.687906
0.689221
0.688564
0.689385
0.689549
0.689385
0.689056
0.689221
0.678215
0.690370
0.690206
0.689878
0.691520
0.690535
0.690699
0.691520
0.692177
0.692013
0.689878
0.691685
0.692342
0.692834
0.693327
0.693491
0.703676
0.692999
0.694149
0.694313
0.693656
0.693820
0.699733
0.692342
0.696941
0.694806
0.701869
0.686757
0.692013
0.692013
0.691356
0.692013
0.697762
0.697270
0.697434
0.693327
0.701705
0.696120
0.697762
0.698584
0.698584
0.692177
0.699241
0.694806
0.696448
0.697270
0.696777
0.696777
0.698419
0.698748
0.697105
0.696448
0.693984
0.699405
0.693491

Kurve 8

0.026908
0.026415
0.026415
0.030522
0.026087
0.024608
0.024608
0.024280
0.024608
0.014588
0.025594
0.025430
0.025430
0.025265
0.025265
0.024608
0.024608
0.024937
0.020830
0.026251
0.021487
0.025430
0.025430
0.025101
0.024608
0.029043
0.032164
0.018695
0.021159
0.019023
0.018695
0.019516
0.020173
0.019845
0.035942
0.026415
0.026251
0.026251
0.026579
0.026579
0.026744
0.021487
0.022966
0.022801
0.022801
0.023294
0.022966
0.022473
0.022637
0.021159
0.024608
0.024280
0.024773
0.025594
0.024937
0.024115
0.024444
0.026415
0.025101
0.023458
0.022473
0.021651
0.022473
0.022801
0.022473
0.028222
0.024773
0.024444
0.024937
0.023787
0.024444
0.024937
0.007689
0.024937
0.024444
0.024773
0.024773
0.024444
0.023787
0.023458
0.023951
0.025594
0.024280
0.024444
0.024773
0.024773
0.024608
0.024115
0.027894
0.025265
0.024608
0.024773
0.023130
0.023787
0.024444
0.023951
0.032821
0.024773
0.024280
0.023951
0.023294
0.023294
0.024444
0.024608
0.025430
0.024444
0.024608
0.024937
0.024444
0.023951
0.023294
0.023787
0.021651
0.024608
0.024773
0.024773
0.025101
0.024608
0.023951
0.024773
0.024280
0.018038
0.015738
0.015081
0.015738
0.016724
0.017052
0.017052
0.024280
0.026251
0.025430
0.024608
0.024608
0.025265
0.025922
0.025265
0.025101
0.025594
0.025922
0.025758
0.022637
0.021980
0.019680
0.023787
0.023130
0.022473
0.025922
0.026579
0.026579
0.026251
0.025430
0.035778
0.023623
0.023787
0.022144
0.021816
0.022309
0.022637
0.022144
0.026415
0.024937
0.024444
0.024608
0.024773
0.024608
0.024937
0.023458
0.023458
0.023458
0.022966
0.022637
0.022801
0.022637
-0.000524
0.025758
0.023294
0.027401
0.024444
0.024444
0.024937
0.025265
0.028222
0.019516
0.027401
0.025922
0.025594
0.025265
0.025594
0.025101
0.025101
0.033150
0.024280
0.024608
0.025594
0.025430
0.025758
0.025758
0.022144
0.026579
0.022637
0.022473
0.022473
0.022801
0.022801
0.022637
0.024280
0.020830
0.025922
0.025265
0.025265
0.024937
0.025430
0.029043
0.014260
0.018859
0.024444
0.025265
0.024773
0.024937
0.024444
0.024444
0.024280
0.024115
0.025265
0.025101
0.025265
0.025430
0.025430
0.003747
0.025265
0.025101
0.024280
0.024608
0.024280
0.024444
0.024937
0.024280
0.025265
0.025265
0.023787
0.026579
0.026579
0.026415
0.034628
0.022637
0.028715
0.027894
0.018202
0.017709
0.016559
0.016724
0.028386
0.044320
0.075694
0.084236
0.099513
0.114789
0.128752
0.141893
0.147149
0.169653
0.179181
0.192486
0.204477
0.215812
0.221889
0.237823
0.248007
0.259670
0.266077
0.277904
0.287431
0.296958
0.305993
0.315684
0.322583
0.332768
0.340652
0.351330
0.355600
0.363321
0.370056
0.377448
0.384839
0.401923
0.395352
0.407015
0.412764
0.418678
0.424756
0.430998
0.436747
0.440853
0.446931
0.451859
0.457116
0.459251
0.477649
0.472885
0.477649
0.476499
0.487176
0.490461
0.494568
0.498674
0.502945
0.507380
0.513458
0.516908
0.521014
0.524464
0.514444
0.520029
0.524300
0.533827
0.538262
0.540562
0.544668
0.547461
0.550253
0.553210
0.555674
0.558302
0.559288
0.562409
0.564709
0.567501
0.566515
0.568158
0.549925
0.544833
0.543190
0.545982
0.547461
0.548775
0.550418
0.552553
0.552553
0.553374
0.553867
0.556167
0.558467
0.560766
0.563723
0.565366
0.567830
0.569965
0.571443
0.573415
0.575221
0.576864
0.578671
0.580642
0.576043
0.592798
0.590498
0.591484
0.592633
0.590498
0.589841
0.592798
0.593948
0.595097
0.595262
0.598054
0.598875
0.579985
0.582121
0.591812
0.585406
0.588034
0.590169
0.592469
0.599040
0.588198
0.591484
0.592305
0.594605
0.607089
0.605775
0.609881
0.612181
0.613166
0.613988
0.603968
0.622201
0.620558
0.623022
0.613988
0.621215
0.621051
0.622365
0.623679
0.624829
0.622694
0.627622
0.629100
0.629429
0.630907
0.632057
0.631071
0.637970
0.637313
0.638299
0.639284
0.643391
0.637149
0.638135
0.639449
0.658668
0.640270
0.643062
0.642898
0.643227
0.644377
0.645034
0.646841
0.646512
0.647169
0.646019
0.648647
0.649469
0.650126
0.650619
0.651440
0.646348
0.653247
0.651768
0.634849
0.635506
0.636163
0.640763
0.631564
0.633207
0.634521
0.635342
0.635671
0.642898
0.641091
0.643391
0.644705
0.640598
0.642077
0.642241
0.642241
0.642734
0.643227
0.642570
0.643719
0.644377
0.643884
0.643719
0.643719
0.643391
0.644048
0.644212
0.645198
0.649633
0.648155
0.649962
0.650454
0.651111
0.657682
0.651604
0.656532
0.656696
0.657353
0.658010
0.658503
0.654561
0.659653
0.659160
0.657189
0.653575
0.652754
0.654068
0.654725
0.656039
0.652590
0.655875
0.642734
0.640106
0.636820
0.639120
0.639941
0.640763
0.642077
0.643062
0.645034
0.644705
0.646348
0.646512
0.646841
0.647990
0.646348
0.647169
0.647990
0.648647
0.649304
0.649962
0.651111
0.648812
0.650619
0.652754
0.653904
0.653904
0.654561
0.655382
0.656368
0.657353
0.658503
0.648319
0.658668
0.658668
0.658832
0.659982
0.660310
0.660803
0.660967
0.661460
0.661296
0.662117
0.661789
0.662117
0.660803
0.662281
0.661624
0.661789
0.662117
0.662774
0.663595
0.664745
0.665074
0.663595
0.666388
0.665074
0.665731
0.665895
0.666716
0.667045
0.667538
0.666552
0.662774
0.680843
0.676244
0.677065
0.677558
0.677722
0.677065
0.677229
0.669673
0.666552
0.670495
0.670987
0.671316
0.671316
0.687578
0.669837
0.676408
0.674930
0.674601
0.675258
0.676079
0.676737
0.679201
0.676572
0.660967
0.665731
0.674108
0.673451
0.674437
0.674930
0.654068
0.671644
0.675422
0.674765
0.676901
0.677394
0.677065
0.677065
0.677558
0.677065
0.677722
0.678051
0.678708
0.679201
0.678543
0.656039
0.658175
0.659653
0.660639
0.660967
0.661460
0.662610
0.663595
0.664088
0.665567
0.662446
0.662774
0.663267
0.663267
0.664252
0.665731
0.665895
0.667538
0.666059
0.667538
0.668359
0.668688
0.669345
0.669673
0.670495
0.668031
0.669016
0.667702
0.668195
0.669345
0.669509
0.669016
0.693327
0.672630
0.672794
0.672137
0.671644
0.672630
0.673780
0.674273
0.674930
0.671644
0.681500
0.677558
0.676737
0.676408
0.677394
0.677722
0.676901
0.676244
0.677558
0.678543
0.679201
0.679201
0.679036
0.679693
0.639941
0.679201
0.679693
0.679693
0.680022
0.680186
0.679858
0.680022
0.679858
0.686100
0.683964
0.683471
0.683636
0.684457
0.684621
0.684457
0.681500
0.680350
0.679858
0.679693
0.678872
0.679529
0.648319
0.650126
0.650783
0.651440
0.652590
0.654397
0.654561
0.654889
0.656039
0.653740
0.659489
0.655382
0.657682
0.659325
0.659982
0.660146
0.660639
0.660310
0.659982
0.659489
0.659817
0.660146
0.661953
0.662938
0.679858
0.666388
0.666881
0.671809
0.669509
0.669016
0.670002
0.671316
0.670002
0.664745
0.680022
0.676079
0.677558
0.677722
0.676572
0.675915
0.675094
0.669673
0.671480
0.671316
0.671480
0.672301
0.672466
0.672301
0.674273
0.674601
0.674765
0.675094
0.675915
0.676572
0.677065
0.680679
0.676244
0.678379
0.672630
0.675258
0.675422
0.675258
0.675915
0.647990
0.678379
0.678543
0.679365
0.679693
0.680022
0.680022
0.680186
0.680843
0.670002
0.681172
0.681336
0.681500
0.681664
0.681829
0.681664
0.682979
0.681829
0.684128
0.683964
0.683636
0.684293

Kurve 9

0.024773
0.025430
0.025265
0.024280
0.026415
0.025922
0.024773
0.024444
0.024444
0.024937
0.024608
0.024608
0.024280
0.024773
0.025430
0.025430
0.025101
0.024280
0.024608
0.024773
0.027401
0.027401
0.027401
0.027236
0.027236
0.026087
0.038735
0.026087
0.027072
0.026251
0.025758
0.025922
0.026744
0.027236
0.040378
0.034300
0.022309
0.024444
0.023623
0.023130
0.024115
0.025101
0.018202
0.028551
0.026744
0.027894
0.029536
0.029043
0.028386
0.027894
0.028715
0.027565
0.026415
0.026908
0.027072
0.027401
0.026579
0.026579
0.027894
0.027072
0.026744
0.026744
0.026579
0.027072
0.027401
0.027236
0.034628
0.016559
0.024937
0.023294
0.021980
0.022309
0.023458
0.018038
0.028386
0.024608
0.028551
0.030357
0.029700
0.028715
0.028879
0.029372
0.026087
0.026579
0.026744
0.026579
0.026579
0.026415
0.026251
0.045141
0.025922
0.025922
0.026087
0.025265
0.025758
0.026415
0.026251
0.040378
0.026087
0.026251
0.025758
0.024937
0.024937
0.025594
0.019845
0.021159
0.034136
0.030850
0.028386
0.029043
0.028386
0.027729
0.028058
0.020009
0.024937
0.025430
0.025101
0.025430
0.025265
0.024444
0.031343
0.024444
0.024608
0.024444
0.024608
0.025265
0.026415
0.027401
0.032164
0.027565
0.025758
0.025594
0.024937
0.024444
0.025101
0.024773
0.030193
0.024115
0.034628
0.033971
0.032164
0.029865
0.028222
0.028386
0.025922
0.029208
0.025758
0.026415
0.026579
0.025758
0.025922
0.025922
0.024773
0.029208
0.026251
0.025594
0.026087
0.026579
0.026908
0.026744
0.026415
0.025101
0.025101
0.023130
0.022637
0.023458
0.023951
0.027401
0.025758
0.027236
0.026744
0.026908
0.026908
0.026744
0.026744
0.026744
0.024937
0.027401
0.026087
0.025922
0.026415
0.025758
0.025430
0.025758
0.027236
0.025594
0.026087
0.026579
0.026579
0.026415
0.025922
0.025922
0.027236
0.021651
0.023951
0.024280
0.024115
0.024115
0.025265
0.024444
0.016067
0.028551
0.024773
0.024444
0.024444
0.024115
0.023787
0.018530
0.027894
0.023951
0.023787
0.023787
0.023294
0.022966
0.023623
0.025265
0.024773
0.024937
0.024444
0.023787
0.028715
0.019845
0.025430
0.027565
0.020830
0.021980
0.022473
0.022309
0.021980
0.014588
0.029372
0.027072
0.019845
0.029208
0.027894
0.026744
0.027401
0.027236
0.026579
0.023951
0.022637
0.022801
0.022966
0.022966
0.022801
0.024773
0.022966
0.022966
0.023130
0.023130
0.023294
0.038571
0.045141
0.066167
0.081608
0.095570
0.112654
0.124645
0.138608
0.152077
0.160455
0.188708
0.195279
0.207763
0.214333
0.222054
0.234702
0.244886
0.253264
0.261313
0.272647
0.281517
0.290059
0.298272
0.306650
0.314534
0.326197
0.330632
0.339174
0.348701
0.356093
0.363814
0.387796
0.377940
0.384511
0.391246
0.399623
0.404880
0.410629
0.418021
0.423934
0.420813
0.435761
0.441182
0.446603
0.442989
0.458430
0.462372
0.467300
0.472228
0.476992
0.479127
0.486190
0.491283
0.494239
0.498510
0.502617
0.510830
0.509844
0.514444
0.517893
0.522164
0.525285
0.528570
0.532020
0.534320
0.537769
0.562902
0.544011
0.546968
0.550253
0.552389
0.555345
0.559452
0.558959
0.563723
0.566187
0.566515
0.574729
0.572757
0.575221
0.577685
0.573086
0.584420
0.579657
0.583270
0.585899
0.587377
0.589512
0.592962
0.596411
0.595754
0.598218
0.610538
0.601339
0.603639
0.605282
0.606596
0.608403
0.609224
0.611359
0.612181
0.613659
0.614645
0.615466
0.617437
0.619080
0.620065
0.621544
0.621872
0.623679
0.625322
0.626308
0.627622
0.629100
0.629100
0.629921
0.631071
0.631235
0.631728
0.634521
0.634685
0.633535
0.635014
0.640106
0.636985
0.641420
0.642241
0.642570
0.643719
0.641913
0.646512
0.646512
0.647498
0.648483
0.609388
0.646348
0.647169
0.647498
0.648319
0.649140
0.649962
0.648976
0.651768
0.651768
0.649797
0.659160
0.657846
0.656532
0.656532
0.652425
0.652097
0.646348
0.649797
0.650290
0.652425
0.653411
0.653740
0.655054
0.654889
0.654561
0.666224
0.653904
0.657353
0.658339
0.658668
0.652425
0.645855
0.645855
0.647005
0.647662
0.646512
0.637806
0.648976
0.649140
0.650126
0.649304
0.651768
0.652261
0.652918
0.653740
0.654725
0.655382
0.654068
0.656204
0.656532
0.655382
0.658010
0.658010
0.658503
0.659160
0.659489
0.663431
0.646183
0.651933
0.652918
0.653083
0.654068
0.659160
0.669345
0.669673
0.669016
0.669016
0.669016
0.660639
0.664745
0.665567
0.659325
0.671809
0.668031
0.668688
0.669016
0.668852
0.668688
0.667045
0.669180
0.674437
0.653740
0.655711
0.655218
0.656532
0.658996
0.661789
0.673780
0.666059
0.669837
0.653247
0.653740
0.653904
0.618094
0.652097
0.653083
0.653411
0.653904
0.654232
0.654397
0.646676
0.655546
0.655711
0.650947
0.647169
0.644048
0.644377
0.645198
0.645855
0.672466
0.646841
0.649797
0.648319
0.648976
0.650290
0.650290
0.650783
0.651276
0.669509
0.651768
0.652918
0.653247
0.653575
0.654725
0.650783
0.657682
0.656861
0.658832
0.659325
0.659817
0.660474
0.660967
0.661296
0.661624
0.663103
0.662938
0.663267
0.664252
0.664581
0.665238
0.665731
0.664252
0.668195
0.667538
0.667209
0.667702
0.667866
0.668523
0.669345
0.677229
0.667866
0.669673
0.670330
0.670002
0.670823
0.671644
0.663267
0.672466
0.670002
0.670330
0.670987
0.671316
0.671316
0.670495
0.675094
0.662117
0.673287
0.674765
0.674601
0.657846
0.655711
0.657025
0.658175
0.646019
0.645198
0.644541
0.644705
0.646019
0.647662
0.648812
0.654561
0.650783
0.652261
0.652918
0.653247
0.654232
0.656039
0.637642
0.657353
0.658010
0.658668
0.659982
0.659982
0.660146
0.660474
0.632385
0.662281
0.662610
0.665402
0.667045
0.667373
0.664581
0.664581
0.700555
0.664745
0.665895
0.663760
0.662938
0.664088
0.665238
0.666059
0.665895
0.669180
0.675587
0.660146
0.659160
0.660146
0.661131
0.660639
0.657518
0.658503
0.659817
0.660639
0.661296
0.661953
0.663103
0.663595
0.658339
0.664417
0.666224
0.667866
0.670002
0.670166
0.669837
0.681500
0.667538
0.669345
0.669837
0.670330
0.670987
0.672466
0.672137
0.672301
0.672958
0.677558
0.674930
0.673944
0.674930
0.675751
0.676737
0.670823
0.687906
0.682814
0.683800
0.684457
0.683800
0.683307
0.683471
0.651111
0.678051
0.677722
0.679858
0.680843
0.681172
0.680350
0.682979
0.681829
0.679036
0.678708
0.677558
0.677394
0.678708
0.679365
0.678543
0.712218
0.669509
0.669673
0.670166
0.670166
0.671480
0.671644
0.667209
0.671973
0.671809
0.672466
0.672794
0.672466
0.665895
0.661789
0.660639
0.659489
0.676737
0.672466
0.673780
0.674273
0.673944
0.680186
0.663103
0.665238
0.654561
0.653904
0.654397
0.656204
0.658175
0.658832
0.673123
0.669673
0.670823
0.670823
0.670330
0.670823
0.672630
0.666716
0.674765
0.673287
0.673451
0.674601
0.674765
0.674273
0.674273
0.675587
0.674601
0.678215
0.673287
0.676244
0.676901
0.676901
0.677558
0.676572
0.678051
0.677558
0.678543
0.678708
0.679036
0.679693
0.679858
0.679693
0.680186
0.680843
0.680515
0.680843
0.680843
0.681664
0.682650
0.682650
0.682486
0.682486
0.682979
0.683143
0.683143
0.683800
0.684457
0.684128
0.682979
0.684293
0.684785
0.684950
0.684950
0.685114
0.684785
0.685935
0.696941
0.684128
0.688399

Kurve 10

0.026908
0.027236
0.047605
0.027894
0.027894
0.030357
0.027401
0.027565
0.027894
0.027565
0.027894
0.028386
0.019516
0.029865
0.020666
0.038735
0.034793
0.035778
0.027565
0.027565
0.027072
0.021323
0.027894
0.026579
0.026908
0.026251
0.025430
0.030357
0.021980
0.023294
0.023458
0.023130
0.023130
0.023787
0.025265
0.023951
0.025265
0.017216
0.018695
0.017216
0.016888
0.017052
0.017709
0.020337
0.024115
0.019845
0.031179
0.028386
0.028551
0.028715
0.028715
0.028879
0.010482
-0.008245
0.025594
0.026744
0.027072
0.026415
0.029865
0.025594
0.029865
0.028058
0.027236
0.027236
0.027894
0.028058
0.026087
0.027236
0.026251
0.026744
0.026579
0.026251
0.026251
0.026415
0.026415
0.026415
0.024280
0.034957
0.033807
0.032986
0.027894
0.025922
0.026087
0.016559
0.027729
0.025922
0.025758
0.026579
0.026415
0.025430
0.033643
0.023130
0.025101
0.024608
0.024280
0.024773
0.025265
0.028551
0.025430
0.025430
0.026744
0.025922
0.025101
0.025430
0.026087
0.026087
0.021651
0.024937
0.025265
0.027401
0.027565
0.027565
0.027236
0.026908
0.019023
0.027072
0.026579
0.026908
0.026579
0.026579
0.025758
0.037749
0.025594
0.030522
0.029372
0.028386
0.028551
0.028715
0.028879
0.029043
0.026744
0.026908
0.025594
0.024608
0.024444
0.025430
0.025101
-0.004795
0.026908
0.026087
0.028551
0.029865
0.029536
0.028386
0.028222
0.028222
0.026251
0.025594
0.026087
0.026579
0.026415
0.025758
0.025922
0.025922
0.026087
0.025922
0.025758
0.025758
0.026415
0.026579
0.026415
0.033314
0.026579
0.026415
0.025594
0.024115
0.024280
0.025265
0.012781
0.034464
0.019680
0.022801
0.024773
0.023951
0.023294
0.023458
0.024444
0.025594
0.021487
0.022309
0.022801
0.022801
0.022309
0.021980
0.034793
0.014424
0.019680
0.019516
0.019516
0.020173
0.021487
0.024115
0.039228
0.025922
0.021651
0.020009
0.019352
0.019023
0.020337
0.018859
0.022473
0.025430
0.025758
0.025758
0.026087
0.025430
0.025594
0.025922
0.023787
0.025265
0.025594
0.025758
0.025758
0.025265
0.024937
0.041856
0.017873
0.022801
0.022473
0.022801
0.022966
0.022966
0.023458
0.029043
0.050891
0.025594
0.025922
0.025758
0.025758
0.025594
0.019516
0.026908
0.026087
0.024608
0.026087
0.025758
0.025922
0.026087
0.026908
0.018859
0.031015
0.024115
0.025594
0.025594
0.025594
0.025758
0.035121
0.023951
0.027401
0.027072
0.027072
0.038735
0.054012
0.070438
0.088178
0.093763
0.113311
0.128587
0.142221
0.155198
0.168504
0.180495
0.194293
0.203492
0.224025
0.235031
0.246858
0.257042
0.267226
0.271661
0.281682
0.289073
0.297615
0.307800
0.315849
0.324390
0.333096
0.341145
0.348866
0.357736
0.364963
0.372355
0.380240
0.386646
0.395845
0.393053
0.399130
0.415557
0.420813
0.427384
0.433790
0.439047
0.444467
0.448410
0.452516
0.450052
0.460565
0.465329
0.470585
0.475020
0.479456
0.484055
0.474528
0.492597
0.497360
0.500974
0.505573
0.509023
0.512801
0.516579
0.520522
0.524135
0.527585
0.530706
0.534155
0.541547
0.539905
0.543190
0.550089
0.548939
0.551567
0.554688
0.557317
0.559616
0.560109
0.571608
0.572593
0.567337
0.572757
0.575386
0.576864
0.579492
0.581628
0.575221
0.587213
0.585242
0.588527
0.590334
0.592141
0.591812
0.595590
0.597069
0.598547
0.601175
0.602654
0.603639
0.606924
0.607253
0.608403
0.610538
0.609224
0.613988
0.613002
0.615302
0.616616
0.614152
0.619737
0.620558
0.621708
0.624336
0.621215
0.623844
0.624501
0.625486
0.626472
0.629757
0.629429
0.633535
0.633535
0.634192
0.635014
0.640434
0.635671
0.635999
0.637313
0.637642
0.636656
0.624665
0.626800
0.626636
0.628443
0.633207
0.631400
0.631892
0.633699
0.634521
0.629429
0.640106
0.636328
0.637642
0.635178
0.639941
0.638956
0.640598
0.641748
0.642570
0.638956
0.652097
0.648976
0.649469
0.650126
0.650619
0.656039
0.640434
0.645691
0.645691
0.646512
0.626308
0.627129
0.630907
0.630250
0.631400
0.670330
0.635835
0.637806
0.638463
0.639284
0.638956
0.642241
0.640106
0.643227
0.643884
0.640270
0.651933
0.648483
0.649140
0.650126
0.627622
0.649140
0.647826
0.648976
0.649962
0.650454
0.651111
0.651604
0.654397
0.652425
0.653575
0.658175
0.655546
0.656039
0.657518
0.658010
0.670330
0.657682
0.658668
0.659325
0.659489
0.660146
0.661131
0.660803
0.662774
0.662610
0.663431
0.662446
0.663267
0.665074
0.664417
0.665074
0.669509
0.670495
0.671152
0.670987
0.671152
0.671316
0.667373
0.667702
0.667702
0.668195
0.670002
0.669509
0.671480
0.671973
0.671644
0.671644
0.668031
0.670002
0.668523
0.669345
0.651111
0.649469
0.652425
0.653247
0.653411
0.654561
0.655218
0.658339
0.659160
0.660967
0.660967
0.658832
0.657353
0.658832
0.658832
0.659325
0.657682
0.691356
0.643391
0.647662
0.648812
0.656861
0.657353
0.657518
0.658668
0.658832
0.659817
0.660310
0.660803
0.661296
0.661624
0.661789
0.659653
0.663760
0.663924
0.663760
0.663924
0.664417
0.658339
0.666716
0.665567
0.665238
0.655218
0.668195
0.667209
0.667045
0.667373
0.667866
0.676901
0.666388
0.673616
0.680350
0.668852
0.674765
0.673616
0.673123
0.673616
0.673451
0.674108
0.669345
0.674437
0.674273
0.674108
0.674765
0.674437
0.671316
0.673287
0.673123
0.673287
0.673451
0.672630
0.676079
0.676901
0.670659
0.677558
0.674108
0.674930
0.677229
0.677722
0.675751
0.675094
0.678215
0.676901
0.664745
0.661789
0.650454
0.650454
0.651604
0.653247
0.661296
0.644705
0.651440
0.651604
0.652918
0.654725
0.659817
0.662117
0.663103
0.663760
0.664581
0.664910
0.665074
0.663267
0.665895
0.654725
0.669016
0.669016
0.669180
0.670002
0.670002
0.670659
0.672958
0.671809
0.674273
0.672958
0.673287
0.673616
0.673944
0.673944
0.673451
0.683964
0.672794
0.676572
0.675422
0.675258
0.675751
0.665238
0.678215
0.672137
0.674601
0.675751
0.674108
0.672958
0.672958
0.676572
0.670495
0.678215
0.672137
0.674765
0.676079
0.676079
0.676244
0.681664
0.674437
0.679365
0.679858
0.677722
0.677886
0.678872
0.680022
0.669016
0.666552
0.654068
0.655875
0.657189
0.657189
0.656368
0.658175
0.654397
0.662938
0.663103
0.663760
0.663924
0.663760
0.663760
0.656696
0.668688
0.665402
0.662774
0.666388
0.667866
0.667538
0.667866
0.668688
0.667866
0.667702
0.669509
0.669345
0.669837
0.670330
0.670495
0.671152
0.679693
0.668523
0.674765
0.673780
0.673123
0.673451
0.674601
0.656368
0.674437
0.674601
0.674601
0.675587
0.675587
0.675094
0.675587
0.674601
0.676901
0.675915
0.677394
0.678872
0.678543
0.678051
0.677722
0.685278
0.678543
0.680515
0.678872
0.677229
0.678215
0.679036
0.679201
0.683964
0.679858
0.680843
0.681007
0.680515
0.680679
0.681500
0.680350
0.682486
0.681172
0.682814
0.683471
0.682979
0.682322
0.682486
0.682814
0.681664
0.680186
0.678379
0.679201
0.680679
0.680186
0.680186
0.687906
0.681007
0.684293
0.683471
0.681500
0.681993
0.683636
0.683471
0.683143
0.683307
0.689221
0.688071
0.686921
0.687249
0.687742
0.688399
0.675258
0.684621
0.685443
0.685114
0.685114
0.684621
0.684785
0.685443
0.682814
0.686428
0.685935
0.685607
0.686921
0.686264
0.685607
0.691685
0.690699
0.686264
0.685607

