Ladekurvenmessung
Zeit: 2016_06_21 16.28.18
Info: 2250rpm
Ladewiderstand[Ohm]: 199500
Störkapazität[pF]: 278.000000
Entladezeit[ms]: 100
Abtastrate[Hz]: 250000
Messzeit [ms]: 1.000000
Verzögerung[ms]: 0
Ladespannung[V]: 0.800000

Kurve 1

-0.001017
0.018038
0.030522
0.042842
0.054669
0.067153
0.079801
0.089821
0.100991
0.111504
0.122017
0.132201
0.141729
0.151092
0.161605
0.171789
0.177867
0.187230
0.194950
0.202999
0.210555
0.218768
0.226325
0.234538
0.241273
0.249814
0.256056
0.262791
0.269526
0.275768
0.282174
0.284967
0.290716
0.294987
0.299915
0.305500
0.311249
0.317163
0.332439
0.330140
0.334739
0.339503
0.344102
0.348373
0.353301
0.356422
0.369234
0.364142
0.368577
0.372355
0.376298
0.380076
0.383854
0.387796
0.390096
0.393545
0.396995
0.399130
0.402416
0.406030
0.408658
0.411779
0.411943
0.409808
0.412107
0.415228
0.418514
0.421306
0.423770
0.426563
0.427548
0.425905
0.426891
0.429848
0.432969
0.435597
0.438225
0.440361
0.447588
0.449067
0.450217
0.433462
0.435597
0.438554
0.441182
0.442496
0.445289
0.443153
0.446767
0.448738
0.451366
0.453338
0.455144
0.443646
0.459908
0.461551
0.463686
0.464836
0.467136
0.467957
0.469271
0.461386
0.461386
0.462701
0.464343
0.465986
0.467629
0.468943
0.483234
0.473378
0.472228
0.475020
0.474035
0.474363
0.476992
0.478634
0.478470
0.471242
0.483891
0.485205
0.485533
0.487012
0.488490
0.489640
0.490297
0.492268
0.489640
0.492268
0.493418
0.494732
0.495225
0.495553
0.497853
0.501795
0.502124
0.500810
0.501467
0.502781
0.503931
0.505738
0.500974
0.502124
0.505409
0.505081
0.505573
0.506559
0.507709
0.504095
0.505738
0.507216
0.506559
0.510009
0.510173
0.510666
0.510666
0.511651
0.508366
0.510830
0.511651
0.512308
0.513622
0.513458
0.513951
0.515922
0.515922
0.513951
0.514444
0.514772
0.516086
0.516743
0.562080
0.538098
0.519864
0.518222
0.518386
0.519043
0.519536
0.519536
0.517565
0.520193
0.506888
0.485698
0.486519
0.523150
0.523807
0.524300
0.524135
0.516086
0.525942
0.525778
0.525942
0.526764
0.527092
0.526271
0.528406
0.527421
0.526928
0.527421
0.527749
0.527913
0.529063
0.527749
0.528570
0.528242
0.527421
0.529228
0.529063
0.528899
0.529063
0.525778
0.529556
0.529885
0.527092
0.539248
0.534648
0.534977
0.536127
0.536291
0.535798
0.530377
0.529885
0.530542
0.531199
0.531363
0.530706
0.559452
0.530870
0.531199
0.531034
0.530213
0.530706
0.535305
0.524135
0.524957
0.523971
0.573907
0.562409
0.562902
0.559945
0.557809
0.548775
0.518222
0.516415
0.519372
0.527913
0.532020
0.533334
0.533170
0.534484
0.534320

Kurve 2

0.013438
0.021980
0.034136
0.057133
0.069124
0.080294
0.091464
0.102798
0.104441
0.115775
0.127602
0.135979
0.145671
0.155691
0.164726
0.174089
0.182630
0.194129
0.188380
0.200535
0.209241
0.217290
0.225175
0.232402
0.247186
0.253428
0.260984
0.267062
0.273140
0.279218
0.277082
0.293180
0.298272
0.302050
0.309607
0.315191
0.319955
0.325212
0.330140
0.335889
0.339831
0.344102
0.347716
0.353794
0.356093
0.360364
0.364635
0.368577
0.383690
0.365292
0.373177
0.376462
0.379912
0.383854
0.387796
0.397981
0.401923
0.405537
0.408658
0.411450
0.414571
0.414407
0.420156
0.423441
0.424591
0.424427
0.427877
0.431819
0.434447
0.437075
0.441511
0.441675
0.443646
0.448738
0.439047
0.451531
0.451531
0.453173
0.455144
0.457116
0.458594
0.461551
0.462865
0.463850
0.465822
0.467629
0.429684
0.437732
0.437240
0.475185
0.476663
0.477977
0.477484
0.483234
0.482741
0.483562
0.483398
0.484219
0.485533
0.486026
0.487012
0.496539
0.490461
0.491940
0.493254
0.498346
0.494732
0.495389
0.496375
0.497032
0.498182
0.502452
0.493746
0.496868
0.498017
0.498674
0.500153
0.498839
0.505738
0.501631
0.503438
0.505245
0.505409
0.509352
0.507216
0.509187
0.509680
0.477977
0.510830
0.511158
0.511980
0.512473
0.513130
0.512637
0.514772
0.514772
0.514772
0.516086
0.518386
0.519043
0.518879
0.518715
0.527092
0.518386
0.523643
0.522657
0.522164
0.522657
0.523150
0.521507
0.520686
0.521671
0.522493
0.517729
0.525449
0.519043
0.521836
0.517401
0.514279
0.519372
0.519207
0.519864
0.520850
0.520686
0.521179
0.525285
0.523314
0.522821
0.522164
0.522000
0.527585
0.525778
0.525285
0.526599
0.523478
0.525778
0.525449
0.524957
0.525778
0.526435
0.527092
0.526599
0.527585
0.528570
0.521671
0.528078
0.527585
0.529063
0.530213
0.530049
0.529556
0.524464
0.527256
0.528078
0.528406
0.535305
0.530542
0.529063
0.529885
0.528899
0.536948
0.528406
0.532513
0.531034
0.530377
0.532677
0.537441
0.536455
0.534484
0.533170
0.534155
0.530706
0.532513
0.533006
0.533991
0.531527
0.541876
0.540069
0.540233
0.541055
0.540397
0.508530
0.532677
0.535305
0.535798
0.535634
0.539083
0.533498
0.534155
0.534320
0.533498
0.533827
0.570786
0.565037
0.567830
0.565530
0.533827
0.533170
0.532513
0.533006
0.531856
0.533334
0.519864
0.534155
0.534155
0.534155
0.535141
0.534484
0.534977
0.535141

Kurve 3

0.013931
0.022801
0.035614
0.044813
0.060746
0.073230
0.083743
0.095570
0.106576
0.120046
0.127766
0.137786
0.147806
0.157334
0.166204
0.175731
0.184109
0.192815
0.208913
0.208584
0.216797
0.224846
0.232238
0.239630
0.247022
0.255564
0.265419
0.272976
0.278725
0.279382
0.283489
0.291209
0.297451
0.303200
0.303036
0.325376
0.328333
0.334246
0.339174
0.343445
0.339010
0.344266
0.347880
0.352644
0.357407
0.365128
0.363485
0.372191
0.374984
0.378105
0.373669
0.376298
0.378597
0.382704
0.387139
0.391410
0.399459
0.403566
0.407836
0.407508
0.414243
0.413914
0.418678
0.421142
0.423770
0.426234
0.430341
0.431490
0.435597
0.437732
0.440032
0.444796
0.443810
0.445946
0.448574
0.450545
0.452516
0.464343
0.454652
0.460072
0.462208
0.460729
0.450217
0.449888
0.451366
0.453173
0.455473
0.437732
0.458430
0.459744
0.456130
0.463522
0.461386
0.463358
0.465329
0.466807
0.468286
0.470421
0.471571
0.473542
0.474199
0.475185
0.478470
0.476827
0.478634
0.479948
0.480770
0.482084
0.483234
0.485040
0.485040
0.485369
0.487833
0.489640
0.491283
0.492761
0.493254
0.493911
0.482248
0.483562
0.482248
0.481591
0.485369
0.484548
0.485862
0.487833
0.489147
0.490297
0.485040
0.493746
0.495389
0.495882
0.496703
0.497689
0.501467
0.491940
0.493911
0.495061
0.496210
0.498182
0.499003
0.503767
0.504916
0.507216
0.494896
0.499167
0.500481
0.500646
0.501960
0.502945
0.510009
0.511323
0.511980
0.512308
0.513951
0.514279
0.515101
0.515594
0.516251
0.509516
0.516415
0.516251
0.517072
0.518386
0.518222
0.552882
0.519536
0.519864
0.520029
0.520850
0.520686
0.521343
0.523807
0.517565
0.527421
0.522821
0.523314
0.523807
0.524464
0.524792
0.525285
0.517236
0.527421
0.525778
0.510501
0.513787
0.514608
0.515101
0.515101
0.515429
0.511158
0.523807
0.520850
0.521014
0.521836
0.521179
0.522164
0.514772
0.517072
0.517072
0.517729
0.518550
0.519372
0.520522
0.524300
0.523478
0.519043
0.520850
0.521343
0.521179
0.522164
0.523150
0.523150
0.521836
0.512801
0.513130
0.516415
0.518058
0.517893
0.518550
0.519372
0.524464
0.528242
0.528735
0.528735
0.529885
0.530213
0.529720
0.532513
0.531034
0.534977
0.534648
0.534977
0.535470
0.536455
0.536127
0.531691
0.531691
0.533663
0.531363
0.530213
0.528406
0.529720
0.530049
0.527749
0.531199
0.532184
0.532513
0.533006
0.532513

Kurve 4

0.009660
0.018366
0.030522
0.043006
0.055654
0.079144
0.080951
0.091628
0.102305
0.112818
0.123331
0.133844
0.146821
0.150599
0.162097
0.169982
0.178852
0.187230
0.195771
0.204970
0.212691
0.222218
0.228460
0.236345
0.243737
0.250307
0.242422
0.264105
0.267883
0.274618
0.281682
0.287595
0.293509
0.299094
0.306321
0.306978
0.327347
0.324719
0.328661
0.333096
0.337860
0.342459
0.349523
0.352644
0.351001
0.358064
0.362992
0.366606
0.370548
0.374491
0.377776
0.381883
0.385989
0.387960
0.392067
0.395352
0.398638
0.400445
0.400609
0.408986
0.412107
0.414735
0.417528
0.420320
0.423113
0.419992
0.402251
0.430505
0.433297
0.435597
0.437897
0.439868
0.442168
0.444303
0.446110
0.448245
0.449559
0.451531
0.453502
0.455144
0.447588
0.449559
0.452845
0.454487
0.455802
0.457773
0.459580
0.461386
0.463029
0.460729
0.467793
0.466150
0.467300
0.468778
0.470421
0.471571
0.472721
0.459087
0.478141
0.479456
0.480277
0.481755
0.483069
0.484383
0.485205
0.486683
0.491118
0.491447
0.492761
0.493582
0.494404
0.495389
0.496046
0.511980
0.495882
0.496539
0.497360
0.498182
0.499824
0.500974
0.501138
0.501795
0.501303
0.504095
0.504752
0.505573
0.505902
0.506066
0.506723
0.506723
0.507380
0.508037
0.508037
0.509187
0.509844
0.510666
0.512637
0.510501
0.515101
0.513622
0.513130
0.513951
0.514937
0.515101
0.523643
0.513294
0.521179
0.520193
0.519864
0.520522
0.521343
0.521671
0.519207
0.518550
0.519372
0.520193
0.519864
0.519864
0.520686
0.503767
0.477156
0.524135
0.523971
0.524300
0.524792
0.525121
0.525778
0.526106
0.530213
0.517565
0.520686
0.520686
0.520686
0.521671
0.522328
0.522657
0.529885
0.530870
0.531034
0.531034
0.531691
0.532513
0.532841
0.528735
0.532020
0.531199
0.530377
0.526764
0.516743
0.514279
0.486355
0.516908
0.517236
0.517893
0.519043
0.519372
0.519700
0.519700
0.522493
0.510501
0.520193
0.523971
0.522493
0.522985
0.523643
0.524135
0.524464
0.526599
0.524792
0.524464
0.524957
0.525285
0.525285
0.525942
0.523971
0.524464
0.523971
0.525778
0.527092
0.527421
0.527749
0.511158
0.514772
0.514608
0.517236
0.519043
0.519864
0.521014
0.521343
0.522000
0.507380
0.509187
0.505738
0.511816
0.507873
0.508695
0.509187
0.510337
0.529228
0.510337
0.516908
0.516415
0.516251
0.517565
0.518222
0.510501
0.513951
0.514937
0.515101
0.515922

Kurve 5

0.016888
0.025758
0.038078
0.050891
0.063210
0.040542
0.084565
0.096227
0.106576
0.117582
0.127602
0.137458
0.148628
0.156841
0.167025
0.176553
0.185587
0.194457
0.202835
0.211377
0.218111
0.229938
0.218768
0.230267
0.236345
0.243572
0.251128
0.258849
0.276754
0.272647
0.293509
0.294658
0.301229
0.306814
0.312728
0.318148
0.323405
0.327676
0.331618
0.336874
0.340981
0.345416
0.350015
0.354615
0.357736
0.363321
0.366113
0.370384
0.373834
0.377448
0.379419
0.382868
0.388125
0.382047
0.375148
0.378105
0.382211
0.385989
0.388946
0.400773
0.403894
0.406522
0.409151
0.410957
0.413586
0.416707
0.419499
0.422127
0.417035
0.427548
0.428205
0.429848
0.432476
0.435433
0.438061
0.443482
0.446274
0.448245
0.450217
0.451859
0.454159
0.460401
0.456294
0.460729
0.462865
0.463193
0.464179
0.467136
0.467957
0.469928
0.469928
0.472064
0.473871
0.476827
0.476006
0.478963
0.480277
0.481591
0.482905
0.473542
0.485040
0.485862
0.486683
0.487833
0.489311
0.490297
0.492761
0.481755
0.484548
0.487012
0.488490
0.489804
0.505409
0.498839
0.483891
0.486847
0.486355
0.487833
0.489311
0.490790
0.491611
0.490790
0.494075
0.495882
0.496210
0.497853
0.498017
0.500153
0.501138
0.501795
0.502452
0.503602
0.499003
0.503767
0.504588
0.504916
0.505902
0.510830
0.508530
0.508366
0.509023
0.510009
0.510666
0.528899
0.512801
0.513458
0.513951
0.514279
0.515594
0.513622
0.513787
0.514444
0.489640
0.518550
0.518386
0.519043
0.512473
0.523150
0.519700
0.520686
0.521836
0.522493
0.518550
0.522821
0.523478
0.523971
0.524464
0.524957
0.528899
0.524792
0.525285
0.525614
0.525778
0.526106
0.525121
0.528406
0.527749
0.527749
0.536784
0.525614
0.529556
0.528899
0.528735
0.528899
0.486683
0.488983
0.495389
0.497525
0.531527
0.532020
0.533334
0.532841
0.533663
0.531034
0.533827
0.533991
0.533991
0.534320
0.534648
0.534812
0.533663
0.535305
0.535141
0.534812
0.541219
0.534484
0.540397
0.538098
0.537276
0.541219
0.536291
0.536291
0.535305
0.535634
0.537605
0.537441
0.537605
0.538098
0.538262
0.538591
0.542369
0.544504
0.546639
0.546968
0.539576
0.539412
0.538919
0.540233
0.541219
0.541055
0.540233
0.539576
0.539905
0.540233
0.539740
0.542040
0.539248
0.543847
0.542861
0.541712
0.541876
0.538591
0.538755
0.538919
0.538262
0.538262
0.536455
0.530049
0.527092
0.527421

Kurve 6

0.012453
0.025101
0.038406
0.050398
0.063210
0.075037
0.086700
0.096884
0.108383
0.119224
0.129573
0.139922
0.149613
0.159141
0.174581
0.176553
0.184437
0.193308
0.202014
0.209898
0.225339
0.225503
0.236673
0.243901
0.246693
0.256713
0.263613
0.269855
0.275932
0.280696
0.287267
0.291373
0.293344
0.298272
0.304514
0.310099
0.315520
0.320941
0.319462
0.331289
0.336053
0.340324
0.344923
0.349687
0.353958
0.358557
0.363157
0.365949
0.371041
0.374327
0.378269
0.384018
0.385661
0.388125
0.402251
0.394531
0.398145
0.401923
0.404880
0.407672
0.408822
0.412600
0.413914
0.413586
0.423277
0.423606
0.428041
0.429848
0.431326
0.433954
0.438882
0.437897
0.441018
0.442660
0.444796
0.447260
0.452188
0.438061
0.443974
0.446767
0.449067
0.450874
0.461715
0.463850
0.465493
0.466807
0.467957
0.470421
0.469928
0.472064
0.473706
0.470914
0.477813
0.478963
0.480113
0.471735
0.482741
0.483891
0.485533
0.487012
0.487997
0.487669
0.489147
0.490461
0.491611
0.490625
0.491775
0.485369
0.483398
0.485862
0.486519
0.487340
0.492925
0.488983
0.490461
0.489640
0.491118
0.495553
0.495389
0.496046
0.497196
0.498182
0.493254
0.500481
0.497525
0.501303
0.501467
0.498182
0.503274
0.504424
0.504916
0.505738
0.504095
0.517072
0.512801
0.512801
0.513622
0.514115
0.514772
0.509680
0.510994
0.512144
0.512473
0.515429
0.513130
0.513294
0.513130
0.512965
0.519207
0.515758
0.518058
0.517072
0.516908
0.506066
0.507545
0.508859
0.510501
0.510830
0.511980
0.511651
0.510666
0.511487
0.512637
0.507216
0.514279
0.514279
0.514608
0.514937
0.515758
0.516415
0.516579
0.517729
0.517565
0.517565
0.519864
0.513130
0.515758
0.517236
0.519207
0.521671
0.519207
0.527092
0.525285
0.524957
0.525778
0.522328
0.522821
0.520686
0.521343
0.522328
0.519372
0.526599
0.522000
0.523971
0.524628
0.528406
0.527256
0.529720
0.529556
0.529885
0.530213
0.531856
0.529556
0.529392
0.529556
0.529063
0.526271
0.526271
0.526435
0.527256
0.528570
0.531856
0.533170
0.532841
0.532677
0.532677
0.527749
0.534484
0.528570
0.529885
0.531691
0.532020
0.502617
0.535470
0.536127
0.536784
0.533170
0.533334
0.533827
0.534484
0.535634
0.536619
0.541383
0.536948
0.537441
0.540397
0.529556
0.539740
0.538262
0.537769
0.537769
0.538262
0.541219
0.539248
0.538591
0.539083
0.538919
0.538919
0.539905
0.539248

Kurve 7

0.018530
0.023787
0.038406
0.050398
0.062718
0.074873
0.086536
0.098034
0.108876
0.120867
0.125466
0.139757
0.149778
0.159305
0.175896
0.174910
0.185423
0.192486
0.201028
0.211541
0.218933
0.230595
0.235688
0.242587
0.249322
0.260327
0.265419
0.272154
0.278725
0.284967
0.290388
0.296465
0.301229
0.307964
0.313220
0.318148
0.323897
0.328990
0.333753
0.334246
0.344430
0.347716
0.353794
0.358229
0.361678
0.365785
0.371863
0.374819
0.378269
0.382211
0.385496
0.389110
0.392724
0.396009
0.400116
0.401759
0.405865
0.407344
0.409972
0.412929
0.415885
0.418842
0.421470
0.419663
0.429355
0.430176
0.432640
0.434283
0.433462
0.427548
0.427220
0.431326
0.432805
0.435761
0.438061
0.440853
0.442660
0.452516
0.446767
0.448574
0.451038
0.452680
0.454816
0.456951
0.458594
0.459251
0.464672
0.458594
0.462865
0.465329
0.466479
0.468121
0.469764
0.470092
0.471735
0.483234
0.481591
0.482412
0.484383
0.485533
0.487012
0.488326
0.486519
0.482412
0.485040
0.485862
0.487176
0.488490
0.492432
0.488162
0.487504
0.488819
0.489968
0.490790
0.492268
0.493089
0.498839
0.497032
0.496703
0.497525
0.498674
0.499660
0.500481
0.501467
0.502288
0.502945
0.503438
0.504424
0.505738
0.506231
0.507216
0.508037
0.508695
0.506888
0.507709
0.510337
0.510666
0.511323
0.511651
0.512473
0.525449
0.514444
0.514772
0.515758
0.516086
0.516579
0.517072
0.517729
0.526271
0.512801
0.524135
0.522985
0.522657
0.523314
0.523971
0.524300
0.521343
0.521671
0.522657
0.523150
0.523314
0.524135
0.524792
0.525449
0.523643
0.525449
0.526435
0.525778
0.526106
0.526435
0.526764
0.527092
0.527092
0.529063
0.529228
0.530049
0.530706
0.531034
0.531691
0.536291
0.531199
0.534648
0.533991
0.533170
0.533170
0.533991
0.534484
0.528735
0.534484
0.530706
0.532020
0.533170
0.534155
0.534648
0.534977
0.531199
0.535141
0.535798
0.536291
0.536455
0.536784
0.536948
0.537112
0.536127
0.537769
0.536127
0.536291
0.536619
0.537441
0.538098
0.551896
0.544340
0.536784
0.538755
0.525778
0.523150
0.524792
0.525614
0.525778
0.523150
0.526764
0.525614
0.526106
0.527256
0.528078
0.528570
0.528570
0.531527
0.528570
0.530542
0.531691
0.531856
0.531691
0.531363
0.532184
0.533663
0.531527
0.531363
0.532349
0.533663
0.534648
0.537769
0.534484
0.534648
0.536619
0.535470
0.535141
0.535798
0.536619
0.534484

Kurve 8

0.014917
0.028879
0.040542
0.052697
0.064689
0.077830
0.084729
0.097542
0.107726
0.118896
0.128916
0.141072
0.149778
0.158812
0.168668
0.180988
0.186737
0.196593
0.203656
0.212034
0.219754
0.221889
0.228132
0.234866
0.242587
0.252443
0.255235
0.262791
0.269198
0.274947
0.281189
0.287267
0.296301
0.295808
0.302872
0.299258
0.316177
0.319791
0.326033
0.330961
0.335889
0.328990
0.344923
0.346730
0.351987
0.355436
0.359871
0.365785
0.370220
0.373341
0.377283
0.381061
0.384675
0.387632
0.391739
0.395188
0.403566
0.391081
0.396995
0.399130
0.402580
0.406358
0.409643
0.420813
0.421963
0.426070
0.423277
0.434776
0.432640
0.418349
0.421635
0.424427
0.426563
0.430505
0.431490
0.434283
0.436418
0.438882
0.445617
0.443974
0.444960
0.448245
0.450052
0.452023
0.460401
0.454816
0.457608
0.459580
0.460401
0.463358
0.463029
0.465329
0.467136
0.468778
0.468121
0.473706
0.476006
0.474528
0.476992
0.479291
0.480113
0.481755
0.483069
0.484548
0.486190
0.487012
0.488490
0.489804
0.490954
0.502124
0.492432
0.494239
0.495225
0.496210
0.497196
0.498017
0.501303
0.499989
0.499496
0.501138
0.502781
0.503274
0.503602
0.504424
0.504916
0.502781
0.511323
0.512308
0.506559
0.506723
0.508037
0.508202
0.508859
0.509352
0.508366
0.510994
0.511651
0.512473
0.512473
0.513294
0.513787
0.515265
0.515429
0.516251
0.517401
0.518222
0.519043
0.519700
0.519372
0.519864
0.521014
0.521343
0.519372
0.520357
0.520850
0.521671
0.522164
0.520850
0.521507
0.527421
0.524464
0.525285
0.526271
0.526599
0.527256
0.527256
0.527913
0.526435
0.519207
0.519864
0.520522
0.521014
0.529392
0.522328
0.521836
0.522000
0.522493
0.523314
0.523807
0.524464
0.524300
0.527913
0.523478
0.526106
0.526271
0.526599
0.527585
0.527913
0.494732
0.526928
0.529556
0.529556
0.529720
0.530049
0.530213
0.530870
0.531527
0.531363
0.531034
0.533334
0.532841
0.533006
0.533006
0.536127
0.531527
0.533498
0.532841
0.533170
0.533498
0.534812
0.535141
0.542204
0.537769
0.525449
0.529556
0.528406
0.528242
0.529720
0.531034
0.531034
0.537112
0.539412
0.539740
0.539740
0.540397
0.540890
0.540397
0.540562
0.533663
0.547297
0.545818
0.544504
0.544340
0.544176
0.544011
0.543683
0.540233
0.543683
0.543190
0.543354
0.543683
0.544176
0.543847
0.545490
0.532513
0.538919
0.537605
0.535962
0.537112
0.538262

Kurve 9

0.016724
0.025922
0.032657
0.056804
0.068960
0.067153
0.088014
0.097542
0.108547
0.119060
0.129573
0.124481
0.151420
0.160455
0.170639
0.180166
0.188544
0.198728
0.205135
0.211705
0.220575
0.227639
0.235523
0.250964
0.247350
0.257371
0.263941
0.263613
0.269526
0.274783
0.280860
0.287102
0.293180
0.300901
0.312892
0.318477
0.320284
0.314699
0.321269
0.326033
0.331454
0.336382
0.341145
0.349523
0.352644
0.358557
0.362335
0.366442
0.381883
0.373341
0.377940
0.381390
0.385004
0.388946
0.392067
0.398145
0.395024
0.401266
0.403730
0.408001
0.410300
0.408658
0.411122
0.414407
0.409315
0.420485
0.421799
0.425413
0.427384
0.429519
0.432476
0.434611
0.437075
0.434119
0.444139
0.448738
0.451695
0.453173
0.454487
0.456294
0.453009
0.458923
0.460237
0.462701
0.464507
0.465657
0.466807
0.462208
0.463029
0.465986
0.456459
0.458430
0.461058
0.462701
0.464343
0.467464
0.475842
0.470257
0.491940
0.487669
0.488819
0.489968
0.490790
0.491775
0.490954
0.486683
0.483234
0.485862
0.486519
0.489804
0.490790
0.501960
0.487176
0.492597
0.494075
0.494404
0.495389
0.496375
0.497525
0.498182
0.540890
0.527421
0.527749
0.500481
0.501138
0.501303
0.501795
0.499167
0.499660
0.504095
0.501795
0.502617
0.503767
0.504752
0.505738
0.506888
0.509023
0.496375
0.497853
0.498346
0.499167
0.499989
0.505409
0.502124
0.505081
0.504916
0.506066
0.507380
0.508366
0.509516
0.522657
0.513294
0.508037
0.510173
0.511651
0.511816
0.512637
0.513294
0.513130
0.514772
0.515265
0.515922
0.516579
0.517072
0.517565
0.517893
0.518550
0.518879
0.519372
0.520029
0.520686
0.521507
0.522000
0.522328
0.524628
0.523314
0.522985
0.524300
0.524464
0.525285
0.525121
0.525942
0.532841
0.499824
0.507545
0.508037
0.508530
0.515265
0.529556
0.529228
0.530377
0.526435
0.528406
0.528242
0.528735
0.529063
0.530049
0.530049
0.531199
0.532020
0.533991
0.533334
0.533663
0.533663
0.533991
0.533991
0.527913
0.527913
0.527421
0.528078
0.528899
0.529885
0.530706
0.535141
0.536784
0.541055
0.539248
0.538262
0.538098
0.538591
0.539248
0.537276
0.545490
0.543354
0.543190
0.542533
0.541547
0.541055
0.540726
0.535141
0.538262
0.538591
0.537934
0.538426
0.538098
0.538426
0.538591
0.538426
0.539412
0.539412
0.539083
0.539576
0.540233
0.540726
0.561752
0.543683
0.539083
0.540069
0.539740
0.540233

Kurve 10

0.017052
0.026415
0.038735
0.022801
0.064360
0.076023
0.087521
0.098691
0.109533
0.120374
0.130559
0.141072
0.149449
0.160619
0.169818
0.178852
0.188051
0.196757
0.223696
0.212198
0.222875
0.216797
0.226325
0.234538
0.241601
0.248665
0.255892
0.270840
0.276754
0.283489
0.290059
0.295808
0.301393
0.307307
0.305171
0.319955
0.318477
0.324390
0.329647
0.334246
0.339338
0.343116
0.357572
0.359707
0.361842
0.360200
0.366113
0.370384
0.375148
0.380404
0.382375
0.388453
0.389275
0.395024
0.396995
0.400116
0.403566
0.406030
0.409315
0.412272
0.408986
0.411779
0.415393
0.418349
0.421306
0.423934
0.431162
0.431819
0.433790
0.436090
0.438390
0.440525
0.436418
0.446931
0.448245
0.448574
0.451859
0.454816
0.455966
0.457773
0.459908
0.461058
0.464343
0.471407
0.461058
0.468943
0.469928
0.471571
0.473378
0.474528
0.481427
0.477484
0.478798
0.480770
0.482084
0.483398
0.484876
0.486026
0.486519
0.487997
0.489476
0.490625
0.491447
0.490133
0.493418
0.494896
0.492432
0.497360
0.497360
0.499496
0.500974
0.501795
0.502617
0.503767
0.504588
0.545654
0.504259
0.503931
0.504752
0.505081
0.506066
0.510830
0.507380
0.508859
0.509680
0.510337
0.511158
0.511487
0.511158
0.511980
0.511487
0.511487
0.512144
0.513130
0.515594
0.515429
0.517729
0.517565
0.517072
0.521179
0.523314
0.523478
0.523807
0.521836
0.521014
0.519372
0.520522
0.522000
0.522000
0.522164
0.522657
0.522985
0.523150
0.523478
0.524464
0.524464
0.524792
0.524957
0.525778
0.523478
0.526435
0.526599
0.527092
0.527256
0.527256
0.529392
0.531034
0.532677
0.532513
0.527421
0.529063
0.530213
0.530377
0.531199
0.537769
0.523807
0.533334
0.532184
0.532184
0.530542
0.531527
0.530706
0.531199
0.531856
0.535962
0.534812
0.535470
0.536291
0.536455
0.536619
0.518715
0.536291
0.536784
0.536784
0.537112
0.533170
0.546804
0.538098
0.537276
0.537605
0.500974
0.538591
0.536455
0.537276
0.537441
0.538591
0.538426
0.521671
0.522493
0.522657
0.526435
0.522821
0.524135
0.524792
0.524792
0.530049
0.525449
0.526435
0.526764
0.527256
0.528078
0.528899
0.529720
0.529063
0.530706
0.530706
0.529063
0.530377
0.528899
0.529063
0.529392
0.519864
0.533006
0.533170
0.532513
0.533170
0.533334
0.534155
0.534484
0.534484
0.534812
0.534812
0.575878
0.568322
0.534484
0.534484
0.535141
0.529228
0.529720
0.527913

