Ladekurvenmessung
Zeit: 2016_06_21 16.28.44
Info: 2250rpm
Ladewiderstand[Ohm]: 199500
Störkapazität[pF]: 278.000000
Entladezeit[ms]: 100
Abtastrate[Hz]: 250000
Messzeit [ms]: 2.000000
Verzögerung[ms]: 1
Ladespannung[V]: 1.000000

Kurve 1

0.011303
0.014752
0.014752
0.004568
0.005882
0.008346
0.007689
0.007361
0.007689
0.011960
0.012945
0.010974
0.010646
0.011139
0.011467
-0.004631
0.012781
0.013110
0.013274
0.014095
0.013274
0.006539
0.013767
0.012945
0.014424
0.012945
0.012124
0.013931
0.014424
0.014588
0.040542
0.011796
0.012124
0.010974
0.011303
0.013767
0.012288
0.011960
0.011467
0.011467
0.013274
0.013110
0.010646
0.010317
0.010317
0.010646
0.000954
0.012453
0.012453
0.013931
0.014588
0.013931
0.007032
0.009989
0.010317
0.009824
0.007689
0.009660
0.010317
0.009824
0.009989
0.011631
0.008182
0.012945
0.010317
0.023130
0.001447
0.006211
0.005225
0.004732
0.004568
0.037914
0.009824
0.009660
0.009989
0.009167
0.009660
0.010153
0.010153
0.009989
0.009989
0.010810
0.010646
-0.038141
-0.001346
0.012617
0.012453
0.005389
0.012617
0.011631
0.012945
0.014095
0.013767
0.010974
0.011631
0.010317
0.010317
0.013603
0.011631
0.011631
0.011303
0.011631
0.012288
0.009989
0.012124
0.011796
0.011303
0.011467
0.011960
0.011960
0.011631
0.012453
0.012617
0.012945
0.012288
0.011960
0.012124
0.012945
0.012945
0.012781
0.011796
0.012945
0.013603
0.013438
0.013603
0.011303
0.010810
0.010646
0.010153
0.011139
0.010974
0.010810
0.010974
0.010810
0.010810
0.013438
0.012288
0.011467
0.011467
0.011960
0.009167
0.010482
0.012124
0.012453
0.000790
0.011631
0.010810
0.009660
0.010317
0.010317
0.008182
0.009660
0.010153
0.009824
0.009660
0.013767
0.009496
0.008675
0.008182
0.007196
0.007196
0.008346
0.009167
0.008675
0.008018
0.009989
0.009167
0.008675
0.008510
0.008675
0.008839
0.003911
0.010482
0.004075
0.005718
0.006539
0.009003
0.008839
0.008839
0.009989
0.009989
0.006375
0.009003
0.009167
0.009332
0.009660
0.011467
0.008346
0.009496
0.009332
0.009003
0.008675
0.018859
0.008182
0.010153
0.009496
0.016395
0.009496
0.009660
0.008839
0.007689
0.008182
0.009167
0.011467
0.010646
0.010810
0.009167
0.016559
0.015574
0.015081
0.015574
0.014917
0.003418
0.011303
0.010646
0.010482
0.010810
0.010482
0.010646
0.010810
0.010317
0.009824
0.009660
0.009660
0.014260
0.010153
0.010317
0.012453
0.009496
0.010646
0.010317
0.010317
0.010153
0.010482
0.008839
0.008675
0.008675
0.010317
0.009824
0.010153
0.009989
0.009989
0.009824
0.008018
0.009496
0.007689
0.009660
0.009989
0.009496
0.016724
0.007689
0.019023
0.034300
0.049412
0.064853
0.080458
0.096063
0.108876
0.122181
0.132037
0.149942
0.160455
0.170146
0.181645
0.193800
0.185916
0.214662
0.214826
0.237166
0.247350
0.257206
0.267226
0.276754
0.285624
0.285788
0.304350
0.312070
0.320612
0.328825
0.336710
0.345909
0.351658
0.359871
0.367099
0.373505
0.380404
0.387796
0.394531
0.399952
0.406851
0.411943
0.419335
0.424263
0.429355
0.435269
0.440196
0.445617
0.452845
0.451038
0.453173
0.454323
0.460072
0.464836
0.469271
0.473706
0.470914
0.486026
0.488490
0.493911
0.497360
0.500810
0.503438
0.509352
0.511980
0.514279
0.517401
0.520850
0.524792
0.527585
0.536619
0.525778
0.545490
0.536619
0.539083
0.542204
0.544833
0.548118
0.550746
0.554524
0.554688
0.560766
0.564051
0.566680
0.568487
0.569636
0.571936
0.573415
0.577357
0.575714
0.578835
0.581299
0.583599
0.584749
0.600190
0.583106
0.587870
0.588034
0.588198
0.590334
0.592962
0.594605
0.618751
0.605282
0.595097
0.599532
0.602325
0.605446
0.607089
0.608731
0.597233
0.611359
0.608896
0.613002
0.615138
0.616123
0.616123
0.617109
0.618751
0.619080
0.619737
0.621051
0.622529
0.623844
0.624008
0.624829
0.630086
0.626636
0.626965
0.627622
0.628771
0.629593
0.630578
0.630907
0.636328
0.630086
0.632385
0.628114
0.620723
0.621051
0.621544
0.606596
0.609060
0.609060
0.609553
0.611524
0.612674
0.612838
0.613659
0.597726
0.597890
0.600354
0.602654
0.604460
0.606432
0.606596
0.607746
0.610045
0.605775
0.607581
0.604132
0.602489
0.604625
0.606432
0.608074
0.624829
0.610538
0.615959
0.615302
0.614973
0.616123
0.617930
0.604625
0.618259
0.619737
0.619901
0.607089
0.606432
0.606432
0.607253
0.608896
0.608731
0.612017
0.613659
0.615302
0.616944
0.618094
0.618751
0.623022
0.620065
0.621708
0.623187
0.623351
0.624665
0.626472
0.627950
0.649304
0.629757
0.630414
0.630250
0.629593
0.630086
0.632385
0.632221
0.636985
0.636328
0.634521
0.637149
0.637642
0.636985
0.636328
0.637477
0.633535
0.640106
0.639941
0.640598
0.641913
0.641256
0.641584
0.640434
0.638299
0.637970
0.636656
0.633207
0.634356
0.635342
0.636163
0.638463
0.637806
0.637149
0.640270
0.639284
0.640434
0.640927
0.641584
0.643555
0.643062
0.653740
0.652590
0.652754
0.652261
0.651933
0.650947
0.650290
0.644705
0.646348
0.649304
0.649304
0.649797
0.649962
0.650454

Kurve 2

0.011303
0.012124
0.015574
0.014424
0.014095
0.013438
0.010317
0.010317
0.009496
0.009660
0.009496
0.011467
0.012453
0.012288
0.012124
0.012124
0.008839
0.011139
0.013438
0.013274
0.013931
0.012617
0.009332
0.010974
0.011467
0.011467
0.012124
0.011139
0.012945
0.013438
0.013438
0.012781
0.014424
0.013110
0.011303
0.010974
0.017216
0.009989
0.015081
0.013438
0.012781
0.013274
0.016888
0.013767
0.013603
0.013274
0.013274
0.008675
0.014095
0.014095
0.013603
0.013931
0.013767
0.014588
0.013931
0.014588
0.015081
0.012288
0.013603
0.014095
0.014588
0.015081
0.014588
0.019845
0.008182
0.013438
0.012453
0.034628
0.014588
0.016231
0.015245
0.014260
0.014260
0.018530
0.014752
0.017216
0.016559
0.015902
0.014260
0.015902
0.008839
0.010646
0.011796
0.012124
0.007361
0.016888
0.012453
0.014260
0.009332
0.021159
0.014588
0.015245
0.016231
0.016067
0.015081
0.012781
0.013931
0.013603
0.019845
0.009496
0.011631
0.011796
0.010810
0.010974
0.026908
0.016231
0.016395
0.016559
0.016067
0.016395
0.015902
0.015574
0.016395
0.016559
0.017052
0.016231
0.014260
0.016067
0.016559
0.000790
0.016559
0.016067
0.016395
0.017545
0.017381
0.016724
0.016231
0.013767
0.014424
0.015245
0.015574
0.015902
0.015245
0.015245
0.014917
0.017709
0.014588
0.015409
0.015574
0.014917
0.015081
0.010482
0.023623
0.018366
0.018695
0.019352
0.019188
0.018695
0.013931
0.015574
0.016067
0.016559
0.015902
0.015738
0.016395
0.016559
0.016231
0.019845
0.015409
0.016724
0.014424
0.014917
0.015245
0.014588
0.014424
0.014588
0.021323
0.013931
0.014588
0.014424
0.014095
0.014260
0.011631
0.015574
0.011631
0.013438
0.014588
0.014588
0.014095
0.014095
0.016559
0.015409
0.016395
0.017873
0.018530
0.018530
0.018530
0.018038
0.017873
0.014424
0.018202
0.014917
0.015902
0.015245
0.015081
0.015738
0.015574
0.020337
0.019188
0.018530
0.017052
0.015902
0.015738
0.016231
0.013110
0.013931
0.014588
0.014917
0.015409
0.014917
0.014095
0.009332
0.015245
0.013438
0.013274
0.014917
0.015245
0.014917
0.014752
0.014752
0.048262
0.015245
0.014917
0.015245
0.014917
0.014588
0.015409
0.015245
0.015081
0.013274
0.016067
0.013767
0.013274
0.013274
0.013438
0.002104
0.018038
0.012945
0.014260
0.015081
0.014588
0.013767
0.013438
0.010646
0.011303
0.013603
0.010810
0.011960
0.012781
0.011796
0.011139
0.034628
0.040049
0.056475
0.071424
0.086207
0.100827
0.114954
0.128423
0.141236
0.154377
0.171953
0.182959
0.193636
0.204970
0.216633
0.227639
0.234374
0.245379
0.257042
0.267062
0.277082
0.285624
0.294494
0.303857
0.303693
0.338517
0.340652
0.348701
0.355436
0.362007
0.367756
0.374491
0.369727
0.379747
0.382704
0.387960
0.394695
0.401759
0.408493
0.415721
0.423113
0.430669
0.431983
0.436911
0.442003
0.447753
0.452845
0.451202
0.466971
0.465822
0.472064
0.477484
0.481427
0.484712
0.489147
0.482084
0.498839
0.500974
0.504752
0.508695
0.512144
0.514444
0.525121
0.531856
0.529063
0.533170
0.534155
0.536784
0.540562
0.543026
0.545490
0.547789
0.549268
0.553867
0.555345
0.556495
0.559452
0.548282
0.543518
0.553539
0.548611
0.552717
0.555838
0.557645
0.559616
0.561259
0.559945
0.565858
0.573250
0.570294
0.573743
0.576371
0.576700
0.578999
0.578507
0.584256
0.586556
0.585570
0.586227
0.588855
0.590662
0.591155
0.599697
0.592305
0.598054
0.598218
0.599368
0.600682
0.602818
0.604460
0.607581
0.605446
0.608731
0.611195
0.611195
0.601504
0.602654
0.602325
0.615466
0.575386
0.580971
0.609717
0.611688
0.612838
0.612838
0.654725
0.622201
0.615795
0.617273
0.617437
0.618259
0.619573
0.620394
0.621051
0.623351
0.624665
0.625486
0.625979
0.626472
0.627457
0.628936
0.630086
0.629757
0.630907
0.632221
0.632878
0.632878
0.633207
0.635014
0.638627
0.634849
0.636492
0.639449
0.639777
0.640763
0.640598
0.640598
0.641584
0.644048
0.624829
0.624829
0.625979
0.626636
0.627786
0.628936
0.635342
0.631564
0.632550
0.633042
0.633699
0.634356
0.635835
0.635835
0.635999
0.639449
0.640106
0.640763
0.640927
0.640927
0.642570
0.641748
0.632878
0.649633
0.641913
0.643227
0.644048
0.643884
0.645691
0.644705
0.646841
0.644541
0.646512
0.646676
0.646348
0.645198
0.645362
0.648812
0.642734
0.648319
0.646841
0.646676
0.647333
0.647990
0.633042
0.647169
0.639449
0.637149
0.636985
0.636985
0.632878
0.646348
0.639449
0.640598
0.643062
0.637806
0.639941
0.640598
0.641091
0.662117
0.642570
0.643062
0.644048
0.642898
0.645526
0.645034
0.644705
0.644377
0.645526
0.646676
0.649797
0.648976
0.649469
0.649797
0.650290
0.635999
0.648319
0.648976
0.648812
0.650290
0.650290
0.649633
0.651276
0.652918
0.653904
0.651604
0.656532
0.654725
0.655711
0.656368

Kurve 3

0.015409
0.015245
0.015574
0.018530
0.016559
0.014752
0.015574
0.015574
0.015409
0.015409
0.015738
0.022144
0.014917
0.014917
0.014588
0.014260
0.014752
0.014752
0.014917
0.015902
0.016067
0.016067
0.016559
0.016559
0.015902
0.015409
0.015574
0.016395
0.015574
0.015902
0.015902
0.016231
0.015902
0.015081
0.020666
0.006539
0.009824
0.010153
0.010974
0.012288
0.012781
0.012617
0.017216
0.021816
0.009989
0.010646
0.011960
0.012453
0.012453
0.015245
0.014424
0.018366
0.014260
0.016888
0.017873
0.017216
0.016559
0.017052
0.014588
0.017381
0.017873
0.017545
0.018202
0.017709
0.017545
0.021323
0.018038
0.019188
0.018695
0.018202
0.018530
0.018530
0.018366
0.017216
0.018530
0.017873
0.017545
0.018530
0.018038
0.018366
0.006868
0.018202
0.014917
0.017545
0.018202
0.018202
0.018530
0.017873
0.018038
0.012617
0.024115
0.018530
0.020009
0.021487
0.020830
0.020337
0.043663
0.017709
0.017709
0.017545
0.017216
0.017381
0.017873
0.028058
0.015902
0.016231
0.015409
0.016724
0.014752
0.014752
0.015081
0.006375
0.017873
0.013274
0.017216
0.026415
0.018202
0.017545
0.017873
0.017709
0.017873
0.017052
0.016724
0.017545
0.017545
0.017873
0.017052
0.020502
0.016559
0.017381
0.017381
0.016724
0.016888
0.017545
0.019023
0.017709
0.016888
0.022309
0.011303
0.013931
0.014588
0.015245
0.015738
0.018366
0.016559
0.017873
0.018530
0.017052
0.017216
0.017873
0.017709
0.017381
0.014588
0.020173
0.015574
0.016067
0.016231
0.016231
0.015902
0.016559
0.017873
0.015902
0.015081
0.014917
0.015574
0.017381
0.016724
0.016395
0.021323
0.015902
0.016231
0.016724
0.015574
0.015409
0.016724
0.016231
0.016231
0.014588
0.016231
0.016888
0.017381
0.018202
0.018366
0.012288
0.021816
0.014752
0.017052
0.017052
0.016559
0.015738
0.017052
0.017052
0.016559
0.016067
0.016067
0.016067
0.015081
0.015574
0.014917
0.014424
0.014588
0.014917
0.015081
0.015081
0.015409
0.004075
0.015081
0.012453
0.012617
0.015245
0.023951
0.021816
0.021487
0.021980
0.020830
0.012945
0.016067
0.017545
0.017545
0.017216
0.016888
0.018038
0.016724
0.016231
0.016067
0.015574
0.030357
0.015409
0.015902
0.013931
0.012781
0.014095
0.014260
0.011631
0.010810
0.010810
0.008182
0.013603
0.013438
0.012781
0.012945
0.014917
0.010482
0.011960
0.012453
0.012945
0.011960
0.013274
0.013438
0.014260
0.014752
0.025101
0.042513
0.054997
0.070274
0.084729
0.097377
0.114461
0.125631
0.138115
0.150599
0.162590
0.179509
0.188051
0.198235
0.206777
0.216962
0.222711
0.242422
0.250636
0.261641
0.271497
0.271497
0.291045
0.299422
0.308292
0.317163
0.318148
0.343116
0.341309
0.350180
0.358064
0.364306
0.371370
0.377283
0.385168
0.391903
0.396995
0.404880
0.401759
0.408822
0.413914
0.418678
0.443317
0.433133
0.447917
0.450381
0.455144
0.460072
0.465165
0.467464
0.474363
0.478798
0.483069
0.483398
0.492268
0.492104
0.497853
0.500974
0.508366
0.510994
0.514937
0.518386
0.521671
0.523643
0.529228
0.534977
0.535634
0.538426
0.536291
0.540069
0.541547
0.543847
0.546147
0.549432
0.560766
0.560766
0.560930
0.562737
0.565530
0.566023
0.578835
0.576371
0.578342
0.580971
0.582285
0.577521
0.581792
0.585899
0.587870
0.589020
0.587541
0.590498
0.585242
0.580478
0.582121
0.588034
0.578671
0.584913
0.594276
0.578835
0.585242
0.586720
0.587377
0.589020
0.590991
0.603639
0.603968
0.605117
0.606432
0.607746
0.605775
0.612509
0.607746
0.610538
0.612674
0.613659
0.614481
0.617930
0.626143
0.627457
0.619573
0.621708
0.624172
0.625486
0.626965
0.627457
0.635014
0.627622
0.635014
0.631564
0.631071
0.631892
0.632878
0.633535
0.634192
0.635014
0.637806
0.637806
0.637970
0.639120
0.639284
0.640270
0.641091
0.640763
0.641584
0.642405
0.642734
0.643391
0.643719
0.645691
0.644705
0.643719
0.646019
0.647005
0.647826
0.648155
0.648319
0.648812
0.649304
0.650783
0.651111
0.651440
0.650947
0.651440
0.652261
0.652918
0.653411
0.654725
0.653575
0.653411
0.654397
0.654725
0.655875
0.651111
0.656204
0.656861
0.656532
0.657353
0.657189
0.657025
0.652261
0.663924
0.647826
0.658832
0.659653
0.659489
0.660146
0.660146
0.659817
0.663924
0.652261
0.651933
0.653575
0.653904
0.654397
0.655218
0.655711
0.656039
0.696612
0.657025
0.658503
0.659160
0.658668
0.659653
0.653904
0.655875
0.655546
0.657518
0.658832
0.659325
0.658668
0.658668
0.660474
0.656368
0.663760
0.663267
0.664088
0.665238
0.664417
0.657682
0.651768
0.648647
0.646841
0.648155
0.648483
0.648812
0.650290
0.651440
0.651440
0.653740
0.652425
0.651440
0.651604
0.651933
0.651933
0.652590
0.650126
0.653247
0.654725
0.655218
0.655875
0.655875
0.655711
0.656204
0.656861
0.657518
0.657189
0.656039
0.658010

Kurve 4

0.016559
0.015902
0.016231
0.025265
0.004897
0.008346
0.007689
0.007853
0.009332
0.017381
0.017545
0.015574
0.016067
0.039721
0.016559
0.016395
0.016724
0.016559
0.016559
0.008346
0.018530
0.016395
0.016067
0.008182
0.017545
0.016559
0.015738
0.015409
0.015574
0.008182
0.017052
0.016231
0.015245
0.015574
0.015902
0.015409
0.015902
0.014260
0.015081
0.015574
0.015409
0.014424
0.017545
0.015902
0.024444
0.014752
0.015409
0.015738
0.015245
0.015409
0.015409
0.015409
0.021651
0.022309
-0.024342
-0.013501
0.016231
0.016395
0.016559
0.016559
0.011631
0.017545
0.016559
0.017052
0.017216
0.017216
0.025101
0.017216
0.019845
0.019680
0.019352
0.019516
0.046127
0.015409
0.015902
0.016559
0.014588
0.015245
0.013603
0.013767
0.014095
0.014095
0.012945
0.015574
0.015574
0.016067
0.015081
0.016231
0.016067
0.016395
0.016231
0.015738
0.016888
0.015245
0.015902
0.016067
0.015574
0.028386
0.014752
0.015574
0.015574
0.015574
0.016067
0.016559
0.037257
0.015902
0.015738
0.014424
0.018859
0.017052
0.017216
0.017381
0.017052
0.007196
0.015409
0.011303
0.017381
0.014752
0.014588
0.014917
0.014752
0.014752
0.011139
0.015409
0.012781
0.013603
0.014260
0.014095
0.013603
0.014917
0.019680
0.018859
0.018202
0.017873
0.018038
0.018695
0.015574
0.015902
0.015574
0.017873
0.017381
0.017052
0.016888
0.017216
0.017381
0.015574
0.012617
0.017216
0.018530
0.019680
0.019845
0.019352
0.019023
0.018366
0.017873
0.017216
0.017709
0.017381
0.017052
0.016231
0.057954
0.016067
0.015574
0.015245
0.014424
0.014917
0.015574
0.015574
0.014424
0.029700
0.006868
0.009003
0.009003
0.008839
0.009824
0.010317
0.012781
0.014752
0.016067
0.017216
0.017052
0.016559
0.016395
0.016395
0.016724
0.017052
0.011960
0.012453
0.013274
0.013438
0.011796
0.018366
0.051712
0.048098
0.013931
0.013767
0.014424
0.014588
0.014752
0.019023
0.016559
0.013603
0.012781
0.011467
0.010646
0.011631
0.012781
0.004239
0.014752
0.012453
0.015409
0.016559
0.016724
0.015409
0.015738
0.016559
0.013274
0.014424
0.014095
0.014095
0.014260
0.013767
0.013603
0.015902
0.014588
0.013931
0.014260
0.014424
0.014588
0.014917
0.014917
0.024115
0.007361
0.015574
0.013274
0.012945
0.013438
0.014260
0.014424
0.015738
0.013931
0.014917
0.015574
0.014917
0.014095
0.013931
0.015081
0.013931
0.014588
0.014095
0.013767
0.025758
0.040706
0.056147
0.072409
0.086864
0.109040
0.121196
0.134172
0.147642
0.161440
0.173596
0.191336
0.193965
0.201521
0.212526
0.222547
0.232567
0.243572
0.254414
0.269362
0.279218
0.288416
0.297615
0.306321
0.315027
0.322748
0.331454
0.336217
0.359707
0.361514
0.368906
0.376298
0.383033
0.388618
0.395024
0.395024
0.401923
0.408001
0.414078
0.419992
0.426563
0.432476
0.443810
0.448574
0.438718
0.447753
0.450874
0.456459
0.462701
0.468614
0.476827
0.473542
0.489804
0.492432
0.496868
0.500810
0.503767
0.507380
0.510337
0.510994
0.513622
0.517236
0.520029
0.523314
0.523478
0.521836
0.526764
0.523807
0.523478
0.523643
0.518550
0.521014
0.519043
0.523478
0.524300
0.526435
0.530706
0.530542
0.533827
0.536948
0.540233
0.544997
0.546639
0.552224
0.552060
0.556824
0.559288
0.561423
0.563887
0.566351
0.566680
0.569801
0.572265
0.574729
0.577193
0.578507
0.579985
0.582613
0.584749
0.584913
0.586720
0.588034
0.590498
0.592798
0.595262
0.596576
0.601011
0.599204
0.599368
0.600847
0.602489
0.605117
0.603475
0.609553
0.588034
0.610538
0.611852
0.612509
0.614481
0.615466
0.616452
0.607417
0.619408
0.620394
0.621051
0.622037
0.622858
0.623351
0.627293
0.626965
0.625815
0.626308
0.627129
0.628607
0.629757
0.630743
0.634356
0.636328
0.632221
0.635014
0.634028
0.633699
0.634192
0.630086
0.640270
0.636328
0.621051
0.623351
0.622037
0.623515
0.625322
0.626472
0.627129
0.631235
0.631235
0.632221
0.633371
0.633864
0.633864
0.646019
0.630250
0.635999
0.636328
0.635999
0.637149
0.659982
0.638792
0.639613
0.640106
0.640434
0.641913
0.641913
0.642241
0.642898
0.635506
0.645362
0.644705
0.645691
0.646019
0.645034
0.647990
0.648483
0.649633
0.649797
0.647662
0.649633
0.650619
0.650783
0.650947
0.651276
0.658339
0.651933
0.653904
0.652425
0.651933
0.652590
0.682322
0.655546
0.655382
0.655546
0.657518
0.656696
0.657518
0.657025
0.656532
0.657353
0.663103
0.657025
0.658668
0.659325
0.660474
0.657189
0.659489
0.659982
0.660310
0.627457
0.660474
0.654232
0.654561
0.655875
0.656532
0.656204
0.655546
0.654561
0.652754
0.653083
0.653740
0.659817
0.661296
0.660967
0.660967
0.666388
0.659817
0.663595
0.661460
0.660474
0.660967
0.661624
0.661131
0.663595
0.663760
0.653904
0.664581
0.659325
0.661296
0.662774
0.660146
0.670659
0.666881

Kurve 5

0.013767
0.013438
0.013438
0.012617
0.012288
0.018530
0.014752
0.014260
0.013274
0.013931
0.013931
0.014260
0.014260
0.014917
0.014588
0.014095
0.013438
0.014095
0.013931
0.013274
0.013931
0.009332
0.018202
0.011960
0.015409
0.014917
0.013274
0.013767
0.013438
0.013767
0.013110
0.011631
0.012124
0.012124
0.012288
0.012124
0.012124
0.014260
0.012781
0.015081
0.015902
0.015902
0.015245
0.014424
0.014260
0.016559
0.012124
0.011960
0.013110
0.012781
0.012453
0.012453
0.006046
0.012945
0.011467
0.012453
0.012781
0.013110
0.013274
0.013603
0.013603
0.013110
0.013274
0.013603
0.013931
0.013603
0.013274
0.013274
0.019188
0.012945
0.014095
0.014424
0.014095
0.014752
0.014917
0.014917
0.030193
0.015902
0.014424
0.014095
0.013931
0.014095
0.013767
0.006375
0.012781
0.023458
0.021816
0.022144
0.022309
0.021980
0.021487
0.020994
0.003418
0.014752
0.009660
0.009496
0.010646
0.010482
0.010153
0.020009
0.013274
0.013603
0.014095
0.013603
0.013767
0.013603
0.013438
0.016888
0.016559
0.005061
0.009824
0.008839
0.008675
0.009003
0.008675
0.014588
0.010810
0.013110
0.013931
0.013603
0.014260
0.013931
0.013931
0.014095
0.018038
0.018038
0.019188
0.019188
0.018695
0.018202
0.017545
0.012288
0.013110
0.013274
0.013274
0.013274
0.013767
0.013767
0.013767
0.014095
0.012945
0.014588
0.012617
0.012945
0.012945
0.012617
0.013767
0.013603
0.013110
0.013767
0.013931
0.014424
0.014588
0.014424
0.014588
0.010646
0.013767
0.014588
0.014588
0.015081
0.014260
0.014095
0.014095
0.014917
0.014752
0.014917
0.014917
0.015409
0.016231
0.014095
0.015409
0.017545
0.002925
0.006703
0.006868
0.006539
0.007032
0.014917
0.013931
0.010974
0.017052
0.015902
0.016231
0.016724
0.017052
0.016724
0.008346
0.018202
0.012453
0.013767
0.014588
0.014424
0.013603
0.019023
0.017873
0.018202
0.017873
0.017381
0.017381
0.023294
0.015574
0.015902
0.031672
0.005554
0.009660
0.008182
0.008018
0.008182
0.014095
0.016559
0.017545
0.013438
0.016888
0.016231
0.016724
0.017709
0.017709
0.016888
0.017873
0.016559
0.018202
0.018202
0.017709
0.017052
0.018695
0.016724
0.016559
0.016559
0.016395
0.016559
0.017381
0.015409
0.014095
0.013438
0.014588
0.015574
0.013603
0.012945
0.012781
0.008346
0.015902
0.015902
0.015574
0.013767
0.015245
0.016559
0.016724
0.017052
0.016559
0.016067
0.016559
0.028058
0.043827
0.059432
0.074216
0.099020
0.103948
0.122674
0.134994
0.147149
0.160455
0.171953
0.184273
0.195443
0.206613
0.221232
0.220083
0.234866
0.245215
0.254578
0.259013
0.282010
0.290716
0.299422
0.309607
0.318312
0.326033
0.334082
0.342788
0.351494
0.351658
0.365128
0.372355
0.379090
0.385825
0.392396
0.399623
0.403566
0.415064
0.418514
0.423606
0.429191
0.429848
0.440689
0.445289
0.449888
0.465493
0.454487
0.464836
0.467957
0.471407
0.476335
0.483726
0.487176
0.492104
0.496046
0.485862
0.503931
0.507545
0.511158
0.515101
0.512308
0.530049
0.530377
0.535634
0.539412
0.541547
0.543518
0.537276
0.522821
0.525614
0.528735
0.541712
0.537276
0.542040
0.541055
0.542533
0.545654
0.547461
0.551896
0.553867
0.556167
0.558795
0.559945
0.562902
0.565530
0.567830
0.569144
0.569801
0.573579
0.576371
0.579164
0.581628
0.582613
0.580149
0.584092
0.586556
0.588363
0.589184
0.595426
0.595262
0.596411
0.597890
0.601668
0.601504
0.602489
0.603968
0.604625
0.606596
0.603968
0.593455
0.592962
0.594769
0.596247
0.593619
0.602654
0.598547
0.601339
0.604296
0.605446
0.607581
0.608896
0.613166
0.614481
0.569144
0.586227
0.617273
0.618916
0.620558
0.620723
0.628279
0.622201
0.628114
0.627293
0.626472
0.627786
0.628607
0.628771
0.629429
0.630578
0.641420
0.632878
0.633371
0.633864
0.634521
0.634849
0.631071
0.627457
0.630250
0.631564
0.632385
0.632221
0.633371
0.633207
0.634685
0.632714
0.635342
0.633371
0.635999
0.637477
0.637970
0.638299
0.639120
0.640927
0.641748
0.640927
0.642734
0.643227
0.643062
0.641091
0.640106
0.641420
0.632385
0.632878
0.632385
0.632221
0.632385
0.631400
0.631892
0.633042
0.633699
0.634685
0.635178
0.623844
0.637806
0.637970
0.634521
0.648319
0.641748
0.640106
0.638299
0.636820
0.634849
0.631564
0.630250
0.637642
0.631235
0.633042
0.633371
0.633535
0.634849
0.636163
0.647662
0.637970
0.642734
0.641913
0.642077
0.642898
0.637970
0.644212
0.645362
0.646676
0.647990
0.626308
0.626965
0.620887
0.609388
0.610210
0.614152
0.610538
0.613988
0.615959
0.617109
0.617437
0.642570
0.619080
0.622201
0.621872
0.625650
0.626965
0.627293
0.628771
0.629757
0.640106
0.629593
0.631071
0.631892
0.632878
0.634028
0.634356
0.636328
0.635506
0.636820
0.638627
0.639449
0.639284
0.637313
0.630907
0.629921
0.617930

Kurve 6

0.018202
0.021323
0.017216
0.018038
0.018202
0.018530
0.024280
0.010646
0.013274
0.014260
0.014424
0.015081
0.017873
0.019680
0.018859
0.018695
0.019188
0.019352
0.019023
0.018859
0.019188
0.019188
0.017216
0.027565
0.024115
0.023294
0.020502
0.017545
0.018695
0.018859
0.019023
0.019023
0.019023
0.017381
0.018695
0.017709
0.017709
0.046127
0.015081
0.019352
0.018695
0.018859
0.018859
0.039556
0.018859
0.019023
0.018695
0.019845
0.019352
0.019023
0.018859
0.018859
0.018859
0.014260
0.020009
0.018695
0.002761
0.019188
0.016888
0.018530
0.018859
0.018859
0.018695
0.016724
0.018695
0.019188
0.019188
0.019188
0.019188
0.016888
0.019023
0.018038
0.018366
0.018695
0.018695
0.020994
0.019845
0.019516
0.025594
0.012945
0.016559
0.017216
0.017052
0.017216
0.017216
0.019845
0.019023
0.017052
0.019352
0.019845
0.019845
0.020173
0.020173
0.020337
0.017052
0.020830
0.020830
0.020502
0.020666
0.020502
0.026415
0.016231
0.020502
0.021487
0.022144
0.022473
0.021651
0.023623
0.011303
0.034136
0.021651
0.021159
0.021159
0.020502
0.020502
0.020666
0.020830
0.020173
0.017052
0.028879
0.028058
0.027236
0.026908
0.026087
0.025265
0.014260
0.020666
0.020666
0.020502
0.020337
0.020009
0.031836
0.013110
0.019680
0.019188
0.018530
0.018859
0.018695
0.019023
0.019845
0.025922
0.017873
0.020173
0.020502
0.020173
0.020173
0.020009
0.008510
0.020009
0.020994
0.019352
0.019680
0.020502
0.020009
0.019680
0.020173
0.004897
0.020009
0.020830
0.021159
0.021816
0.020994
0.020173
0.019352
0.020173
0.019680
0.019516
0.019352
0.020173
0.020173
0.032821
0.019188
0.016888
0.016888
0.015409
0.015574
0.015902
0.016231
0.017052
0.012617
0.020502
0.019516
0.021816
0.022473
0.021816
0.021323
0.021651
0.014260
0.020337
0.020173
0.019680
0.019680
0.019680
0.018859
0.024773
0.019516
0.021980
0.021487
0.020666
0.021159
0.021980
0.021651
0.059268
0.019516
0.023787
0.021487
0.019845
0.020173
0.020830
0.020994
0.013767
0.019352
0.020009
0.020009
0.020830
0.020173
0.020009
0.020009
0.008018
0.023623
0.015902
0.017052
0.018038
0.018038
0.017381
0.017052
0.018859
0.019680
0.019188
0.019023
0.018859
0.019845
0.020009
0.020009
0.020830
0.020009
0.019352
0.019352
0.019516
0.019352
0.019188
0.016067
0.019352
0.019352
0.021651
0.022966
0.021980
0.021159
0.021323
0.017381
0.019845
0.030029
0.045634
0.061403
0.076680
0.090642
0.105262
0.122017
0.134501
0.148628
0.161276
0.173924
0.186244
0.198564
0.210062
0.220740
0.230595
0.241601
0.251950
0.260656
0.270840
0.281025
0.288416
0.284638
0.300408
0.307307
0.317491
0.326690
0.334739
0.342459
0.351165
0.364635
0.380897
0.386646
0.392888
0.399459
0.404551
0.410136
0.414078
0.418514
0.428205
0.433297
0.437732
0.443810
0.449067
0.453995
0.454323
0.468943
0.455144
0.461715
0.466150
0.470585
0.476006
0.485698
0.492432
0.497196
0.499660
0.506559
0.510173
0.513622
0.516251
0.520522
0.498346
0.525449
0.522164
0.526106
0.530213
0.533006
0.535141
0.574893
0.545654
0.547954
0.550746
0.552882
0.556331
0.559288
0.564544
0.562573
0.571772
0.563230
0.569144
0.569472
0.571115
0.574236
0.569472
0.579328
0.577685
0.583270
0.584749
0.586063
0.587870
0.590169
0.591484
0.593619
0.599697
0.602818
0.604953
0.605775
0.606596
0.606760
0.609717
0.593619
0.600190
0.601504
0.602982
0.604789
0.606924
0.617109
0.612838
0.614645
0.614481
0.619244
0.618259
0.619080
0.619737
0.617930
0.622201
0.622694
0.622201
0.630086
0.626636
0.627129
0.628279
0.629264
0.629921
0.629264
0.630086
0.633207
0.633371
0.634356
0.634849
0.635342
0.634849
0.636492
0.637477
0.637970
0.638792
0.639449
0.644869
0.635671
0.638627
0.643391
0.642734
0.642241
0.643719
0.644048
0.644048
0.646348
0.642898
0.644869
0.647005
0.646676
0.647990
0.648483
0.648976
0.649304
0.645855
0.650783
0.651111
0.651604
0.652425
0.652097
0.652261
0.652261
0.654889
0.652918
0.652590
0.639941
0.641584
0.641913
0.639120
0.639284
0.659982
0.644212
0.645691
0.645362
0.645198
0.645362
0.647169
0.648483
0.649633
0.648976
0.650947
0.650783
0.651768
0.652425
0.653083
0.652425
0.615138
0.643391
0.656204
0.657189
0.657189
0.657189
0.658832
0.658996
0.658996
0.659653
0.660310
0.663595
0.652754
0.654725
0.652918
0.653247
0.697105
0.691849
0.689221
0.661460
0.661789
0.659489
0.671480
0.666881
0.667045
0.645034
0.663431
0.663431
0.663760
0.664252
0.664417
0.663760
0.665238
0.665567
0.666224
0.665731
0.665567
0.669509
0.665731
0.666552
0.666716
0.666059
0.671644
0.667045
0.667045
0.667866
0.667866
0.669180
0.668688
0.667866
0.668359
0.668195
0.662281
0.677886
0.672958
0.674273
0.675094
0.628279
0.637477
0.636820
0.667538
0.663760

Kurve 7

0.017381
0.008510
-0.015308
-0.012023
0.018366
0.018530
0.018366
0.023294
0.013931
0.021159
0.017873
0.019188
0.019023
0.018859
0.018695
0.018859
0.018859
0.018695
0.024444
0.022637
0.022473
0.022801
0.022144
0.008018
0.025594
0.018859
0.019352
0.019023
0.019352
0.019188
0.018202
0.018530
0.018859
0.018859
0.021159
0.021651
0.020830
0.020830
0.030357
0.018202
0.018366
0.021816
0.018366
0.018530
0.018859
0.018530
0.018859
0.018695
0.020666
0.019023
0.018695
0.018859
0.018530
0.018695
0.014588
0.021159
0.015081
0.016395
0.016724
0.016395
0.016559
0.019188
0.018038
0.020009
-0.006273
0.018366
0.018695
0.018202
0.018038
0.018038
0.016724
0.015902
0.015902
0.016724
0.015245
0.018695
0.018038
0.018038
0.017709
0.037257
0.015574
0.020994
0.020173
0.019845
0.020009
0.019845
0.017545
0.023787
0.024444
0.023623
0.023294
0.006375
0.024608
0.022637
0.024115
0.011796
0.016888
0.013274
0.015081
0.015081
0.015081
0.016724
0.017052
0.016231
0.017052
0.017216
0.017052
0.017216
0.017545
0.017545
0.017545
0.016395
0.018038
0.017709
0.017709
0.017545
0.017873
0.014588
0.020666
0.019516
0.018859
0.018859
0.015902
0.018366
0.018530
0.018366
0.019023
0.019023
0.014917
0.015902
0.015409
0.015738
0.058282
0.049905
0.052369
0.017381
0.017052
0.016888
0.019680
0.018366
0.018202
0.018530
0.021651
0.017216
0.016888
0.016724
0.016888
0.017052
-0.002824
0.017381
0.017545
0.017381
0.017709
0.012124
0.018038
0.018530
0.018366
0.018530
0.017381
0.017545
0.018038
0.017873
0.017545
0.028222
0.015902
0.022144
0.021159
0.020009
0.022637
0.016559
0.017709
0.016888
0.016724
0.019845
0.015081
0.018695
0.019023
0.018695
0.018695
0.006703
0.025758
0.021816
0.023130
0.023294
0.013767
0.015245
0.017709
0.018530
0.017873
-0.004631
0.016724
0.011796
0.013603
0.014752
0.015081
0.014260
0.013767
0.012945
0.014424
0.017873
0.021980
0.018859
0.018530
0.018859
0.026908
0.016559
0.019188
0.019352
0.019188
0.019352
0.019352
0.020173
0.018859
0.019352
0.013438
0.020337
0.019680
0.021159
0.021980
0.021816
0.016888
0.020337
0.019680
0.019680
0.019516
0.019023
0.019845
0.019845
0.019352
0.019023
0.018859
0.019023
0.023623
0.020994
0.021816
0.021487
0.016395
0.023130
0.021159
0.020173
0.019188
0.020009
0.016395
0.016888
0.018695
0.014588
0.029865
0.023787
0.020009
0.020502
0.020666
0.030850
0.047112
0.056968
0.074380
0.089821
0.104276
0.125138
0.133515
0.146821
0.159798
0.172117
0.184602
0.197250
0.207927
0.218604
0.227803
0.241437
0.252443
0.261477
0.270676
0.279710
0.289731
0.291045
0.308292
0.313056
0.325212
0.333096
0.341802
0.349194
0.357079
0.362828
0.363485
0.365456
0.371534
0.378597
0.385168
0.391574
0.398145
0.401102
0.410629
0.403073
0.408165
0.413914
0.419828
0.432969
0.427712
0.438718
0.442168
0.446603
0.451366
0.456130
0.460729
0.465493
0.470421
0.476663
0.477156
0.486190
0.487997
0.494239
0.498346
0.501960
0.505409
0.509187
0.511323
0.514772
0.519700
0.523150
0.526764
0.529556
0.533991
0.536455
0.538591
0.541547
0.544176
0.547461
0.550253
0.555674
0.555181
0.559288
0.554524
0.555674
0.558467
0.560438
0.563230
0.565530
0.566023
0.564873
0.574729
0.572265
0.576700
0.579164
0.580478
0.582449
0.584913
0.584420
0.588363
0.590005
0.592141
0.593619
0.595754
0.603968
0.597561
0.600190
0.601996
0.602654
0.603968
0.606267
0.607910
0.609553
0.615466
0.607910
0.612017
0.612345
0.613166
0.614645
0.616123
0.607417
0.617766
0.620723
0.622037
0.623187
0.624172
0.624336
0.625486
0.626800
0.627457
0.628607
0.628279
0.629264
0.630907
0.631564
0.632385
0.634849
0.636492
0.636820
0.637806
0.638463
0.639120
0.639941
0.640434
0.645034
0.639449
0.643227
0.642898
0.642898
0.644212
0.645198
0.645362
0.646183
0.625815
0.627129
0.627950
0.628771
0.628607
0.628936
0.630250
0.610702
0.631235
0.632057
0.632385
0.633042
0.633042
0.633207
0.638463
0.624993
0.628279
0.628279
0.628607
0.630250
0.632221
0.634521
0.635835
0.633699
0.636985
0.627786
0.624336
0.623679
0.625322
0.626143
0.626965
0.624501
0.627129
0.628771
0.630414
0.631071
0.631400
0.633042
0.628443
0.633699
0.634849
0.635835
0.636985
0.637477
0.637477
0.637970
0.640270
0.640763
0.641420
0.641584
0.642734
0.643227
0.644541
0.644048
0.645526
0.645362
0.648812
0.647662
0.645855
0.646841
0.648155
0.646512
0.650126
0.652918
0.650126
0.651111
0.651604
0.649797
0.641748
0.638792
0.644377
0.643391
0.645034
0.646512
0.647169
0.646676
0.647333
0.647169
0.639284
0.630907
0.629757
0.631400
0.630907
0.630086
0.638135
0.630907
0.630086
0.632714
0.631892
0.632714
0.634356
0.631892
0.633207
0.627129
0.643555
0.639449
0.640434
0.634521
0.633535
0.632714

Kurve 8

0.022966
0.023130
0.022801
0.021159
0.022637
0.021980
0.022637
0.022473
0.022473
0.033807
0.017381
0.022309
0.022473
0.022473
0.021651
0.020994
0.019516
0.020502
0.022801
0.013931
0.015245
0.016231
0.016395
0.016559
0.009496
0.019845
0.024608
0.024280
0.024773
0.023951
0.023458
0.022966
0.023130
0.011796
0.016559
0.016888
0.016395
0.016724
0.016888
0.017216
0.020173
0.016231
0.017381
0.017216
0.017381
0.017216
0.017873
0.016888
0.019023
0.023458
0.015081
0.016888
0.017216
0.017052
0.017545
0.016559
0.019516
0.012945
0.018366
0.015245
0.015738
0.015902
0.016724
0.017052
0.016559
0.020009
0.013767
0.016067
0.015738
0.015902
0.015738
0.016231
0.018695
0.020009
0.019188
0.019188
0.019845
0.019680
0.019680
0.019352
0.020666
0.022144
0.014588
0.014095
0.015081
0.015738
0.016888
0.021980
0.020830
0.020337
0.018202
0.019352
0.019845
0.020009
0.019845
0.019845
0.018530
0.022309
0.020830
0.020009
0.020502
0.020337
0.020173
0.019845
0.023951
0.020830
0.021323
0.021323
0.021323
0.022144
0.019352
0.020502
0.021980
0.020502
0.020337
0.020666
0.020666
0.020830
0.019352
0.019680
0.020502
0.027729
0.020337
0.020009
0.020337
0.020173
0.020173
0.015081
0.025430
0.020994
0.021159
0.021159
0.021159
0.021487
0.020830
0.020666
0.019023
0.019845
0.020009
0.019845
0.025101
0.020009
0.019188
0.026087
0.016067
0.021980
0.020666
0.020502
0.020666
0.016231
0.020337
0.017873
0.015409
0.020173
0.020337
0.019845
0.020173
0.020337
0.020337
0.021651
0.019352
0.021816
0.021487
0.021159
0.020994
0.022966
0.020502
0.019845
0.020337
0.020337
0.020502
0.021980
0.020502
0.020009
0.020502
0.019352
0.020994
0.020502
0.020337
0.020337
0.016395
0.021159
0.020337
0.020994
0.019023
0.028715
0.026908
0.025758
0.025758
0.024608
0.016231
0.017873
0.018859
0.018530
0.019188
0.018695
0.022801
0.018202
0.018202
0.017873
0.017216
0.017545
0.018366
0.017545
0.017052
0.017052
0.021323
0.006539
0.010646
0.011467
0.011631
0.008346
0.019845
0.018366
0.018038
0.018530
0.018859
0.018038
0.019352
0.019516
0.019352
0.015245
0.020502
0.020994
0.022144
0.022637
0.022144
0.024280
0.020173
0.020830
0.018695
0.019516
0.023458
0.014588
0.015409
0.014095
0.014424
0.026251
0.018038
0.023787
0.023130
0.022473
0.023130
0.021980
0.016231
0.017381
0.017873
0.007525
0.021487
0.021159
0.022144
0.034628
0.043663
0.068138
0.076516
0.093928
0.109533
0.123002
0.136308
0.148956
0.163247
0.175403
0.187394
0.203328
0.200699
0.216304
0.226325
0.236673
0.247679
0.263941
0.275111
0.285295
0.294001
0.303364
0.310921
0.319791
0.329318
0.337039
0.344923
0.348373
0.360200
0.367920
0.375805
0.383525
0.389110
0.395188
0.401923
0.408658
0.414735
0.420320
0.430176
0.422127
0.432147
0.437568
0.451366
0.455144
0.462372
0.466643
0.469928
0.474199
0.478141
0.486026
0.488983
0.492925
0.496703
0.495225
0.503767
0.504916
0.504095
0.505902
0.508366
0.497689
0.512144
0.514937
0.514608
0.518879
0.522000
0.526599
0.529228
0.532349
0.534320
0.543518
0.538262
0.541383
0.544668
0.546147
0.550746
0.552060
0.552389
0.546639
0.549596
0.579821
0.555345
0.559781
0.561916
0.563887
0.564051
0.567172
0.561916
0.566351
0.569144
0.571115
0.573086
0.580314
0.579657
0.583106
0.580642
0.594276
0.591484
0.593455
0.596247
0.597561
0.598711
0.597069
0.599861
0.602818
0.598383
0.606596
0.606267
0.607089
0.608238
0.609553
0.614973
0.608403
0.613823
0.615302
0.615959
0.617766
0.618916
0.620230
0.621872
0.623351
0.624336
0.624829
0.617930
0.628279
0.628114
0.620394
0.637642
0.631564
0.629921
0.613002
0.614481
0.615795
0.617273
0.619244
0.622037
0.620394
0.621708
0.623351
0.623844
0.624665
0.625815
0.635835
0.624336
0.630578
0.630086
0.630578
0.631564
0.625979
0.634685
0.635178
0.635671
0.637149
0.637477
0.638135
0.634849
0.639613
0.638135
0.648155
0.642077
0.643227
0.644705
0.645198
0.645362
0.652425
0.646348
0.647990
0.647333
0.646019
0.646348
0.647333
0.647990
0.648483
0.664417
0.647005
0.653247
0.652261
0.652261
0.652754
0.651604
0.655875
0.654561
0.656039
0.656696
0.657189
0.656861
0.657025
0.656368
0.657846
0.661953
0.656532
0.659982
0.660639
0.660803
0.660803
0.661296
0.659489
0.663267
0.662446
0.661460
0.662774
0.663431
0.664088
0.664088
0.677394
0.663760
0.664417
0.664417
0.663595
0.664252
0.665074
0.664745
0.665074
0.663595
0.664581
0.665074
0.665074
0.664581
0.665402
0.668359
0.665238
0.674273
0.673616
0.674765
0.674437
0.673451
0.673287
0.669180
0.667209
0.669016
0.666881
0.665402
0.666552
0.667045
0.667209
0.676244
0.668359
0.669345
0.670002
0.669180
0.669509
0.670823
0.660474
0.671644
0.671316
0.671809
0.672301
0.672301
0.671644

Kurve 9

0.021980
0.021651
0.022144
0.022637
0.017216
0.029043
0.025758
0.027072
0.026744
0.026251
0.022473
0.021980
0.021816
0.022309
0.022473
0.022144
0.021816
0.021487
0.021651
0.021487
0.020173
0.021159
0.020666
0.020830
0.021159
0.020666
0.008675
0.021159
0.019845
0.014424
0.022637
0.019680
0.020666
0.021159
0.021159
0.021323
0.022637
0.021487
0.021323
0.021323
0.021159
0.030357
0.020337
0.021159
0.021980
0.021816
0.021816
0.028715
0.020337
0.021323
0.021980
0.021159
0.019680
0.018695
0.019352
0.019516
0.019845
0.014095
0.021487
0.018859
0.017216
0.019188
0.019845
0.019352
0.018530
0.018530
0.018366
0.018038
0.016559
0.017545
0.017381
0.017709
0.021651
0.017709
0.018859
0.018859
0.018695
0.018859
0.019188
0.020502
0.019188
0.017545
0.020173
0.020337
0.019023
0.019352
0.019516
0.019188
0.019023
0.019516
0.017873
0.017873
0.020009
0.019845
0.019680
0.019845
0.020009
0.020009
0.016559
0.018038
0.017052
0.016559
0.016559
0.017216
0.019516
0.020666
0.021159
0.021816
0.022144
0.021980
0.021487
0.020337
0.012945
0.022144
0.019352
0.018695
0.018695
0.018530
0.018366
0.018038
0.017216
0.018202
0.019516
0.018859
0.018859
0.019352
0.019188
0.019188
0.019352
0.014752
0.018366
0.019845
0.019188
0.019352
0.019352
0.025594
0.012945
0.017709
0.019845
0.019516
0.019516
0.019680
0.019845
0.017545
0.026908
0.017873
0.020502
0.020337
0.019680
0.019680
0.019845
0.012617
0.015081
0.020830
0.016724
0.018695
0.019845
0.020009
0.019680
0.020173
0.018695
0.019680
0.020009
0.019845
0.019845
0.019680
0.020830
0.019352
0.021487
0.020009
0.020502
0.020337
0.019845
0.020009
0.027236
0.027401
0.010482
0.013767
0.013603
0.013931
0.014588
0.014752
0.016559
0.016724
0.025101
0.023130
0.023130
0.023623
0.023294
0.023458
0.023130
0.017709
0.020173
0.020502
0.019845
0.019680
0.019680
0.019680
0.022966
0.020337
0.019516
0.019845
0.020009
0.019845
0.019845
0.020666
0.033479
0.016888
0.025430
0.023623
0.023130
0.022801
0.022637
0.022473
0.018202
0.019188
0.022144
0.021159
0.021487
0.021651
0.021651
0.021816
-0.013665
0.020830
0.019680
0.019352
0.019845
0.019845
0.019188
0.021651
0.063210
0.020337
0.019845
0.019680
0.019845
0.020009
0.020009
0.020337
0.021323
0.020666
0.017216
0.018038
0.017873
0.018202
0.018202
0.019680
0.020337
0.020009
0.020009
0.021323
0.021159
0.031836
0.047934
0.048427
0.082265
0.092449
0.108054
0.122510
0.135979
0.148792
0.161605
0.174910
0.188215
0.198400
0.210391
0.221397
0.233224
0.243901
0.254085
0.263777
0.272976
0.283817
0.293016
0.301558
0.310592
0.318970
0.327018
0.334739
0.343773
0.353958
0.362171
0.369891
0.376791
0.383197
0.390589
0.395024
0.400609
0.407672
0.413914
0.419499
0.425084
0.430176
0.439539
0.443317
0.447260
0.452516
0.457280
0.462865
0.468121
0.484548
0.476006
0.481262
0.485533
0.487669
0.492104
0.496375
0.500153
0.503931
0.508530
0.514444
0.522821
0.528406
0.531199
0.533663
0.536619
0.539576
0.532349
0.540890
0.541219
0.544011
0.547789
0.550089
0.552060
0.600025
0.591812
0.559288
0.561752
0.559124
0.558302
0.559781
0.602489
0.594933
0.564380
0.562737
0.568815
0.570129
0.571443
0.573907
0.573086
0.577028
0.575057
0.591155
0.587213
0.588527
0.589184
0.590169
0.591812
0.589184
0.595262
0.593619
0.596083
0.597069
0.597561
0.598383
0.605117
0.602325
0.603968
0.605282
0.606596
0.608074
0.609881
0.611195
0.612509
0.614316
0.613495
0.614973
0.616287
0.616780
0.617602
0.593455
0.620394
0.621544
0.621051
0.635999
0.632550
0.633207
0.634521
0.635342
0.635999
0.586556
0.599532
0.602818
0.604625
0.633371
0.635178
0.640270
0.636163
0.639941
0.638956
0.638463
0.639120
0.640434
0.640106
0.641584
0.641748
0.643227
0.643062
0.644048
0.644212
0.642898
0.640763
0.640927
0.635342
0.637477
0.642077
0.641748
0.644212
0.645034
0.646019
0.646348
0.642898
0.655875
0.652261
0.652425
0.653411
0.653247
0.653247
0.648155
0.650126
0.650290
0.650126
0.650947
0.664417
0.651933
0.652261
0.652590
0.655218
0.658832
0.664252
0.662774
0.661624
0.661789
0.654889
0.651111
0.652754
0.653083
0.647333
0.648812
0.651276
0.652754
0.653247
0.647005
0.659160
0.658832
0.658832
0.659489
0.659489
0.659160
0.660146
0.660639
0.659160
0.659325
0.659653
0.665895
0.662281
0.662281
0.661460
0.661131
0.662446
0.663595
0.662938
0.663103
0.663431
0.660967
0.674765
0.671644
0.671316
0.645034
0.664581
0.663924
0.665074
0.666388
0.666059
0.664745
0.661131
0.655054
0.648319
0.647498
0.647498
0.652590
0.647826
0.647990
0.648483
0.648483
0.649633
0.637806
0.632221
0.625979
0.624665
0.676408
0.634521
0.635342
0.635835
0.636985
0.636328
0.649633
0.645034
0.645855
0.647005
0.638463

Kurve 10

0.020009
0.019845
0.020009
0.019845
0.009496
0.021651
0.021651
0.020830
0.021159
0.021651
0.021159
0.021651
0.020173
0.023951
0.015081
0.022473
0.021487
0.020994
0.021159
0.020830
0.020830
0.019845
0.023294
0.020502
0.020502
0.020830
0.020994
0.021159
0.021159
0.020830
0.020830
0.020994
0.020666
0.020337
0.020830
0.019845
0.020666
0.019680
0.020502
0.020666
0.020666
0.020666
0.020830
0.036600
0.020173
0.020666
0.020009
0.018038
0.018038
0.018202
0.017381
0.017052
0.025430
0.018695
0.018366
0.018530
0.018859
0.019188
0.019352
0.017873
0.016888
0.017545
0.016888
0.016724
0.016724
0.017052
0.020173
0.019352
0.017545
0.019845
0.020173
0.019516
0.019680
0.020009
0.024608
0.011631
0.013767
0.019680
0.020009
0.020337
0.020337
0.020337
0.020009
0.022309
0.019023
0.020009
0.020337
0.020173
0.020502
0.020337
0.009989
0.019516
0.017709
0.017216
0.017052
0.017216
0.007689
0.021487
0.020173
0.020009
0.021980
0.018695
0.020830
0.020994
0.020337
0.028222
0.019845
0.019680
0.030193
0.013767
0.016888
0.015902
0.015902
0.016395
0.016231
0.019188
0.021651
0.020830
0.021323
0.021323
0.021323
0.010153
0.020337
0.019845
0.018859
0.019188
0.019023
0.017216
0.019188
0.019680
0.019188
0.018530
0.018366
0.020666
0.020173
0.020173
0.029372
0.018038
0.017216
0.017216
0.022801
0.009824
0.013931
0.015245
0.015245
0.015738
0.027565
0.016888
0.015902
0.017381
0.017216
0.017381
0.011960
0.018366
0.017709
0.018038
0.018530
0.018038
0.016724
0.016724
0.016888
0.017545
0.014588
0.016559
0.016888
0.016067
0.016395
0.016888
0.014752
0.018695
0.017052
0.017216
0.016724
0.016395
0.016395
0.015574
0.016395
0.025922
0.015081
0.016231
0.016395
0.016559
0.016231
0.016395
0.017381
0.016395
0.016559
0.016067
0.016067
0.016888
0.016395
0.016724
0.016724
0.016231
0.016888
0.016395
0.016231
0.016395
0.016231
0.016724
0.020173
0.017216
0.017873
0.017709
0.014260
0.018695
0.016888
0.016888
0.016888
0.022309
0.016067
0.016067
0.016231
0.016231
0.016559
0.015738
0.018366
0.018366
0.017216
0.010974
0.017545
0.016724
0.016888
0.016724
0.017052
0.017545
0.016231
0.019516
0.018859
0.018530
0.020173
0.017545
0.016724
0.017873
0.017216
0.024937
0.015902
0.016888
0.017216
0.017052
0.017216
0.017381
0.017216
0.017381
0.016395
0.016231
0.012453
0.016395
0.016395
0.016231
0.000954
0.020830
0.033150
0.048427
0.064032
0.078815
0.100334
0.114625
0.128259
0.141400
0.154048
0.171132
0.177702
0.190515
0.202506
0.213019
0.223861
0.236509
0.235688
0.249814
0.260327
0.278232
0.285624
0.294494
0.303529
0.312563
0.321105
0.324555
0.339338
0.345580
0.352644
0.358721
0.365621
0.369070
0.372684
0.379254
0.385661
0.385825
0.403566
0.405044
0.411286
0.417528
0.422620
0.426727
0.436747
0.441018
0.445946
0.451366
0.456130
0.459251
0.464015
0.468286
0.477156
0.465493
0.474035
0.478798
0.482741
0.487012
0.490625
0.501631
0.503767
0.508202
0.514937
0.517236
0.520686
0.524300
0.527092
0.529228
0.528735
0.536948
0.536455
0.540233
0.544340
0.546475
0.553539
0.553374
0.555838
0.558467
0.560273
0.562902
0.565530
0.567172
0.569965
0.574400
0.570129
0.578999
0.579657
0.581135
0.582942
0.584749
0.583599
0.587541
0.582613
0.593455
0.589512
0.592798
0.594769
0.596904
0.598218
0.598054
0.603803
0.604132
0.605446
0.607417
0.608567
0.623022
0.610538
0.612509
0.613988
0.613988
0.615795
0.617437
0.626308
0.616780
0.622529
0.620887
0.623351
0.624336
0.625158
0.626308
0.627129
0.623351
0.630578
0.626965
0.637970
0.634356
0.635178
0.636163
0.635999
0.636328
0.628771
0.638463
0.634356
0.636328
0.638135
0.638299
0.639120
0.640927
0.642898
0.642734
0.643227
0.643555
0.645034
0.645855
0.647990
0.646348
0.646183
0.647826
0.647826
0.647498
0.647169
0.646841
0.645691
0.640763
0.617273
0.617766
0.619737
0.621708
0.622694
0.623351
0.625650
0.620394
0.630250
0.624665
0.627129
0.629593
0.630578
0.631071
0.639613
0.636163
0.641420
0.641584
0.641420
0.642570
0.643884
0.644212
0.642734
0.644048
0.645362
0.645034
0.644869
0.645198
0.646676
0.647662
0.644377
0.649469
0.646019
0.649304
0.651276
0.650454
0.643719
0.644048
0.644212
0.638792
0.630250
0.631071
0.632714
0.633535
0.633535
0.637149
0.634356
0.635835
0.636163
0.636163
0.636820
0.638299
0.639613
0.639777
0.642570
0.642077
0.641091
0.641420
0.641420
0.643062
0.644212
0.635342
0.648976
0.646512
0.641420
0.639777
0.640270
0.640270
0.641420
0.642734
0.643555
0.643391
0.644869
0.646019
0.646676
0.646841
0.647005
0.651111
0.648812
0.647333
0.630414
0.631235
0.633207
0.634028
0.635178
0.641256
0.634356
0.635999
0.637149
0.637806
0.638463
0.639284
0.635999
0.641584
0.639284
0.638956

