Ladekurvenmessung
Zeit: 2016_06_21 16.41.29
Info: 2250rpm
Ladewiderstand[Ohm]: 199500
Störkapazität[pF]: 278.000000
Entladezeit[ms]: 100
Abtastrate[Hz]: 250000
Messzeit [ms]: 1.000000
Verzögerung[ms]: 0
Ladespannung[V]: 0.200000

Kurve 1

0.005061
0.007032
0.004404
0.013274
0.012617
0.016559
0.019188
0.021816
0.024773
0.026744
0.021980
0.025101
0.033971
0.035121
0.039063
0.041527
0.043006
0.045306
0.048755
0.050233
0.052862
0.051876
0.053847
0.055490
0.056968
0.058775
0.060089
0.064524
0.070438
0.071424
0.073395
0.074709
0.076187
0.077173
0.071752
0.075202
0.076351
0.077994
0.079144
0.080458
0.081115
0.082265
0.075530
0.085550
0.087193
0.086372
0.087850
0.089164
0.089821
0.090807
0.091299
0.094749
0.093106
0.094421
0.095406
0.095899
0.096227
0.096884
0.098199
0.098691
0.099020
0.100498
0.100991
0.101812
0.102634
0.103291
0.063210
0.098856
0.105426
0.105755
0.105755
0.106412
0.106412
0.091792
0.108876
0.109369
0.110026
0.110354
0.111175
0.111833
0.112325
0.116103
0.111997
0.112982
0.112818
0.112490
0.112818
0.113147
0.113475
0.121360
0.107397
0.112654
0.113147
0.113804
0.114132
0.114296
0.115118
0.119881
0.113475
0.115775
0.115775
0.116103
0.116268
0.116432
0.114132
0.114625
0.121196
0.120374
0.120374
0.121031
0.121031
0.120703
0.127930
0.122838
0.120867
0.118896
0.119553
0.119717
0.119553
0.119717
0.121853
0.121360
0.122510
0.122674
0.122674
0.123167
0.123167
0.123167
0.124481
0.133187
0.133187
0.132530
0.132201
0.131873
0.132037
0.122181
0.130066
0.124152
0.124317
0.124974
0.124974
0.125302
0.125302
0.125138
0.125138
0.124152
0.125302
0.124974
0.124809
0.124645
0.124481
0.124481
0.125959
0.117746
0.119224
0.120374
0.118732
0.118896
0.119717
0.123988
0.124317
0.124974
0.124645
0.124645
0.124809
0.124809
0.125795
0.125302
0.123824
0.125959
0.126288
0.126288
0.126616
0.126616
0.171460
0.159141
0.129737
0.125302
0.125959
0.125466
0.125631
0.126288
0.125795
0.135979
0.126945
0.126781
0.127273
0.127438
0.127602
0.127602
0.125631
0.128095
0.125795
0.125302
0.125466
0.125959
0.126123
0.130066
0.129080
0.125302
0.129573
0.129080
0.130230
0.130723
0.130723
0.132530
0.129080
0.128752
0.131708
0.129245
0.128423
0.129245
0.129080
0.128916
0.129245
0.128259
0.129409
0.129573
0.129080
0.129573
0.129409
0.125795
0.129737
0.130230
0.129245
0.129737
0.129573
0.117089
0.130066
0.129737
0.129409
0.123331
0.131544
0.131708
0.130723
0.130887
0.140250
0.126616
0.124645
0.123331
0.122838
0.124317
0.122674
0.123167
0.122838
0.123495
0.124809
0.124974
0.124481
0.125138

Kurve 2

0.001118
0.002925
0.006375
0.009824
0.015245
0.011467
0.020502
0.018366
0.021816
0.025758
0.028715
0.031015
0.033971
0.038899
0.040049
0.042349
0.044813
0.046784
0.048262
0.049905
0.052040
0.054833
0.055326
0.057790
0.059432
0.061568
0.063210
0.065346
0.066660
0.068303
0.071424
0.072081
0.073723
0.075037
0.076516
0.075202
0.077666
0.076680
0.090314
0.089657
0.089657
0.086864
0.086207
0.086864
0.084072
0.086043
0.085222
0.085057
0.086372
0.087686
0.091299
0.102469
0.093106
0.094585
0.096556
0.097377
0.098199
0.098856
0.098034
0.100827
0.102798
0.091299
0.096227
0.097542
0.098199
0.098199
0.055326
0.104769
0.106083
0.111175
0.106905
0.108219
0.108219
0.108876
0.109533
0.090150
0.110683
0.111011
0.110847
0.111175
0.111504
0.111997
0.115118
0.112982
0.114625
0.115446
0.115775
0.115939
0.133680
0.114296
0.115446
0.118239
0.109697
0.115118
0.113804
0.114132
0.114789
0.112818
0.118567
0.118732
0.116596
0.123167
0.119389
0.120703
0.121196
0.121196
0.121524
0.123495
0.127930
0.129245
0.129245
0.129245
0.128587
0.128095
0.121031
0.121688
0.122510
0.122510
0.122674
0.124974
0.122838
0.122674
0.123660
0.123331
0.118075
0.118567
0.119060
0.119553
0.115446
0.126123
0.123331
0.124809
0.122017
0.125466
0.122838
0.122674
0.123331
0.123660
0.124974
0.126123
0.126616
0.125795
0.120867
0.121196
0.127602
0.121031
0.121853
0.121853
0.121853
0.122674
0.123331
0.123167
0.122838
0.122674
0.129245
0.117253
0.121360
0.121853
0.121688
0.122345
0.126452
0.120374
0.122345
0.122838
0.124809
0.125138
0.127438
0.127109
0.127273
0.115282
0.126452
0.126452
0.126288
0.126452
0.126616
0.126452
0.125959
0.127273
0.125959
0.126288
0.126123
0.126945
0.130559
0.129409
0.129409
0.150599
0.119717
0.123495
0.123167
0.122838
0.123331
0.126945
0.127602
0.129902
0.129245
0.127602
0.130230
0.124645
0.126781
0.127109
0.125138
0.130066
0.129245
0.129245
0.129737
0.129080
0.128916
0.129737
0.128916
0.128423
0.128259
0.131380
0.117910
0.119553
0.117746
0.118075
0.118732
0.123002
0.118732
0.117746
0.118403
0.119389
0.123331
0.127438
0.127438
0.127438
0.127766
0.121360
0.128587
0.128259
0.128259
0.128423
0.128916
0.131051
0.131051
0.129409
0.129245
0.129409
0.137622
0.119060
0.123660
0.123660
0.140743
0.124152
0.127766
0.127766
0.127602
0.127930
0.130230
0.130230

Kurve 3

-0.002003
0.000133
0.003254
0.006703
0.009660
0.017381
0.022637
0.025922
0.028222
0.031015
0.033314
0.035614
0.038571
0.041856
0.042842
0.053354
0.055818
0.057954
0.059268
0.060089
0.061239
0.058447
0.057790
0.061732
0.062718
0.064689
0.066660
0.067974
0.069452
0.079801
0.070109
0.072245
0.074052
0.075037
0.076351
0.077666
0.069452
0.081444
0.081279
0.083086
0.084236
0.085057
0.086372
0.087193
0.070602
0.089164
0.090807
0.093763
0.094092
0.094913
0.095078
0.095406
0.117746
0.095735
0.097706
0.098856
0.099348
0.100170
0.100827
0.101648
0.103784
0.102141
0.103948
0.102962
0.103948
0.104933
0.105426
0.106576
0.105262
0.107726
0.109369
0.109533
0.109697
0.110190
0.110683
0.111340
0.107726
0.111997
0.112818
0.113147
0.113147
0.113804
0.114296
0.136636
0.113804
0.115446
0.113804
0.114461
0.114625
0.115282
0.115446
0.115939
0.116925
0.121524
0.120374
0.120046
0.120374
0.120539
0.121031
0.115118
0.119717
0.119389
0.119389
0.119881
0.119881
0.120374
0.120539
0.118239
0.121031
0.121360
0.121688
0.122181
0.122510
0.122181
0.136472
0.126452
0.120374
0.123988
0.123660
0.123167
0.123495
0.119717
0.119553
0.157005
0.115775
0.115775
0.115775
0.116596
0.116760
0.117089
0.114296
0.126123
0.123495
0.124152
0.124317
0.124152
0.124645
0.124481
0.118896
0.118567
0.135322
0.130887
0.129902
0.130559
0.130723
0.135487
0.120539
0.122510
0.121853
0.121524
0.122181
0.122181
0.122345
0.120539
0.127273
0.118732
0.122181
0.119553
0.114954
0.115611
0.115775
0.114296
0.115446
0.114625
0.113968
0.113639
0.112818
0.108876
0.109204
0.110518
0.110190
0.116432
0.118567
0.119553
0.119553
0.118732
0.117746
0.110683
0.117417
0.111997
0.114296
0.113639
0.113968
0.114296
0.114132
0.114461
0.115282
0.116268
0.114296
0.115118
0.115446
0.115939
0.115775
0.118075
0.116760
0.117417
0.117582
0.117582
0.118075
0.115775
0.120210
0.119389
0.118403
0.108876
0.106740
0.106576
0.107069
0.107726
0.110683
0.111668
0.115775
0.111668
0.112490
0.112490
0.112490
0.113147
0.113475
0.117417
0.111997
0.114625
0.115446
0.115775
0.115775
0.115939
0.116760
0.116760
0.117417
0.117253
0.117746
0.118075
0.110683
0.132037
0.128423
0.114296
0.127602
0.123331
0.123824
0.123988
0.123988
0.130066
0.121688
0.120046
0.136801
0.122345
0.122017
0.122838
0.122674
0.122838
0.129573
0.122181

Kurve 4

0.021323
0.006375
0.008839
0.013274
0.016231
0.019023
0.020173
0.023787
0.027072
0.029700
0.032000
0.034793
0.037257
0.040870
0.041692
0.035778
0.050233
0.047769
0.050069
0.052862
0.054340
0.056311
0.074709
0.059432
0.062718
0.063210
0.064360
0.065674
0.067317
0.068631
0.070274
0.080622
0.073723
0.074873
0.075366
0.076516
0.077337
0.060418
0.080294
0.076844
0.079308
0.081444
0.082593
0.083743
0.074216
0.087850
0.086207
0.090314
0.091464
0.091792
0.092942
0.094092
0.095078
0.107726
0.095735
0.102962
0.097870
0.098199
0.100170
0.100663
0.101484
0.102141
0.105919
0.104605
0.104276
0.105919
0.106248
0.107069
0.107397
0.108547
0.112490
0.113804
0.113147
0.113475
0.113311
0.113475
0.108219
0.110026
0.119881
0.117746
0.119717
0.119717
0.119717
0.120046
0.119717
0.113475
0.112325
0.114461
0.113804
0.114132
0.114625
0.115118
0.115446
0.123331
0.119060
0.123824
0.124645
0.124481
0.124317
0.123988
0.117253
0.122838
0.120046
0.120046
0.119881
0.120374
0.120703
0.120539
0.122017
0.123988
0.121360
0.122838
0.123167
0.123331
0.123167
0.123660
0.129409
0.123660
0.130066
0.129245
0.128587
0.128423
0.128095
0.128423
0.142386
0.125466
0.126452
0.126616
0.126452
0.126616
0.126616
0.125795
0.127602
0.126781
0.126945
0.127109
0.124317
0.124645
0.124974
0.125302
0.125795
0.125302
0.125466
0.125959
0.125959
0.126123
0.126781
0.139429
0.125795
0.126781
0.126945
0.127109
0.127602
0.127438
0.125138
0.125138
0.120046
0.121360
0.121853
0.122345
0.122674
0.123002
0.122838
0.120539
0.122838
0.123167
0.123002
0.123167
0.123167
0.122838
0.123002
0.119717
0.124809
0.125138
0.125138
0.125466
0.125302
0.125795
0.163904
0.126288
0.125795
0.126123
0.126123
0.126452
0.126452
0.126452
0.126288
0.126288
0.127273
0.126945
0.127109
0.127602
0.127602
0.127930
0.123495
0.127930
0.128259
0.127766
0.127930
0.127602
0.127930
0.127602
0.124809
0.128587
0.129080
0.129409
0.129573
0.129245
0.129409
0.131380
0.118732
0.128259
0.134829
0.132530
0.132366
0.132530
0.131873
0.131708
0.133515
0.130230
0.130230
0.131051
0.131216
0.131544
0.131380
0.119553
0.131216
0.131216
0.130887
0.130887
0.130887
0.131216
0.131216
0.133023
0.126452
0.145671
0.141236
0.140414
0.140250
0.139265
0.140743
0.121031
0.140414
0.130230
0.134008
0.133680
0.133351
0.133187
0.133023
0.139757

Kurve 5

0.003418
0.009167
0.008675
0.011139
0.014588
0.018038
0.020830
0.011467
0.024608
0.026908
0.029043
0.035450
0.036435
0.039228
0.041692
0.043991
0.037421
0.050891
0.048427
0.051383
0.054012
0.055654
0.057790
0.061896
0.063210
0.064196
0.066496
0.067974
0.072738
0.068795
0.074380
0.075037
0.077666
0.075694
0.077666
0.078323
0.079308
0.080622
0.078815
0.082593
0.084072
0.085222
0.082922
0.088178
0.086372
0.088836
0.090314
0.091299
0.093271
0.095899
0.098527
0.100170
0.100005
0.100334
0.100334
0.099020
0.101648
0.102798
0.102798
0.105098
0.097542
0.097542
0.098691
0.099677
0.100498
0.101484
0.100991
0.101977
0.102962
0.097049
0.111833
0.107397
0.108876
0.109040
0.105919
0.107069
0.107890
0.108711
0.109204
0.108876
0.108383
0.107890
0.107726
0.108876
0.109533
0.131873
0.113311
0.118403
0.117582
0.117582
0.115446
0.115939
0.116268
0.116268
0.116432
0.120046
0.117582
0.116596
0.117910
0.118403
0.117910
0.120374
0.114461
0.116596
0.116925
0.116925
0.121524
0.120867
0.121031
0.119717
0.102141
0.118567
0.115775
0.116103
0.116268
0.117253
0.117417
0.116925
0.118075
0.117089
0.117746
0.118075
0.119224
0.117910
0.118403
0.118567
0.125959
0.117910
0.119881
0.120703
0.120703
0.121031
0.114132
0.122017
0.121688
0.121524
0.121524
0.115939
0.122838
0.121688
0.123495
0.108054
0.124152
0.123495
0.123824
0.124809
0.124974
0.124481
0.128095
0.125959
0.125302
0.133680
0.124974
0.128259
0.127109
0.126945
0.126781
0.130723
0.125795
0.126288
0.126781
0.127109
0.126945
0.124974
0.140743
0.135979
0.134665
0.134337
0.133515
0.121688
0.127602
0.124481
0.124974
0.127930
0.127602
0.127602
0.127602
0.127602
0.127602
0.131216
0.128095
0.127930
0.130723
0.128423
0.127602
0.128423
0.128423
0.128587
0.128259
0.128587
0.129080
0.128916
0.128916
0.129080
0.122345
0.130559
0.127109
0.128587
0.128916
0.128752
0.128587
0.127766
0.129080
0.130230
0.125631
0.134829
0.135979
0.135158
0.135158
0.135158
0.135815
0.129080
0.130559
0.130559
0.131216
0.129737
0.130394
0.130230
0.130230
0.130887
0.132530
0.133351
0.132037
0.132858
0.132858
0.133023
0.131873
0.128916
0.129573
0.129080
0.128916
0.129245
0.129245
0.132366
0.131216
0.130066
0.130723
0.129573
0.129902
0.130230
0.130394
0.130559
0.133680
0.127438
0.130394
0.129245
0.127602
0.127273
0.127930
0.127766

Kurve 6

0.006211
0.012453
0.008510
0.012288
0.015245
0.018038
0.020830
0.023787
0.026415
0.029536
0.034628
0.037421
0.039063
0.040870
0.042842
0.044484
0.036271
0.048919
0.050398
0.051055
0.052862
0.055161
0.056804
0.058282
0.066660
0.061896
0.054833
0.057297
0.057625
0.059268
0.060746
0.062553
0.064196
0.076351
0.077666
0.078815
0.079965
0.081279
0.082429
0.083579
0.074380
0.086700
0.086864
0.086864
0.087686
0.088507
0.089493
0.089493
0.092778
0.092942
0.094256
0.095735
0.096392
0.097706
0.098527
0.100827
0.100334
0.102962
0.101484
0.101484
0.102798
0.103455
0.103948
0.104441
0.109369
0.104605
0.105426
0.105098
0.104933
0.105426
0.106248
0.104769
0.106740
0.106412
0.106576
0.107069
0.107233
0.108054
0.110354
0.108383
0.090642
0.076351
0.075366
0.114132
0.114954
0.115446
0.118075
0.116103
0.116596
0.117417
0.117910
0.118075
0.118567
0.119060
0.119389
0.120046
0.118896
0.120539
0.118075
0.116268
0.115446
0.115446
0.109861
0.116760
0.116925
0.117253
0.117746
0.117910
0.118075
0.121196
0.123495
0.124809
0.120046
0.119224
0.120046
0.120210
0.120539
0.138115
0.120046
0.121196
0.121853
0.118075
0.117417
0.116432
0.117417
0.117910
0.118403
0.124317
0.125302
0.123660
0.124481
0.123660
0.121853
0.110354
0.131216
0.128259
0.129573
0.128095
0.128095
0.108547
0.121196
0.121031
0.120867
0.119717
0.124481
0.122017
0.122510
0.123167
0.123331
0.166204
0.161605
0.123002
0.121853
0.121360
0.122510
0.122345
0.122510
0.122510
0.126616
0.123002
0.122017
0.122345
0.122345
0.122510
0.122345
0.121524
0.124317
0.124645
0.124809
0.124974
0.123824
0.124974
0.123002
0.123167
0.094092
0.126452
0.126945
0.126288
0.126616
0.126452
0.131051
0.126781
0.126945
0.127602
0.130230
0.127766
0.127766
0.128259
0.128259
0.130559
0.127438
0.128423
0.128423
0.127930
0.127109
0.125631
0.125466
0.125138
0.127602
0.126616
0.126781
0.125959
0.125631
0.125795
0.125631
0.126288
0.126945
0.124317
0.125959
0.125795
0.126123
0.133515
0.126945
0.126781
0.126452
0.125302
0.133351
0.125795
0.120539
0.121360
0.121360
0.122181
0.122838
0.123002
0.123002
0.122838
0.123660
0.120210
0.124481
0.121031
0.121360
0.120867
0.125631
0.122017
0.123824
0.124152
0.124152
0.123660
0.125795
0.125466
0.125302
0.125302
0.129409
0.115446
0.120539
0.119881
0.120210
0.124152
0.126945
0.127602

Kurve 7

0.000954
0.003582
0.006703
0.015902
0.015574
0.019352
0.021651
0.024115
0.027565
0.026744
0.033479
0.036107
0.037257
0.039721
0.041692
0.043991
0.040049
0.055490
0.049084
0.054012
0.054504
0.056475
0.058775
0.060254
0.062225
0.072738
0.065346
0.069945
0.067481
0.073395
0.074380
0.073887
0.075202
0.076680
0.089821
0.077666
0.079472
0.080622
0.081936
0.083086
0.083415
0.088507
0.082593
0.085057
0.086207
0.087193
0.087850
0.089000
0.096392
0.100498
0.094913
0.094913
0.095735
0.097706
0.098199
0.098691
0.100005
0.099677
0.105426
0.100827
0.103291
0.103784
0.104441
0.104441
0.105098
0.116103
0.105262
0.106576
0.106576
0.107397
0.107890
0.108711
0.106083
0.110190
0.109040
0.108876
0.109369
0.109533
0.110190
0.106740
0.113475
0.114296
0.111175
0.113311
0.113475
0.113804
0.114296
0.114954
0.118075
0.118567
0.117253
0.116268
0.117089
0.117417
0.117417
0.117582
0.128423
0.118075
0.119060
0.120210
0.120046
0.120539
0.121031
0.112982
0.122345
0.117582
0.118732
0.119224
0.119060
0.119060
0.118896
0.118403
0.121031
0.121196
0.121853
0.122181
0.122510
0.122838
0.123331
0.133023
0.121196
0.123988
0.123824
0.123988
0.124152
0.124152
0.124152
0.126288
0.123331
0.126288
0.125466
0.125302
0.125795
0.125959
0.125959
0.125466
0.123660
0.123660
0.123167
0.123495
0.123660
0.123824
0.124152
0.123495
0.126288
0.127930
0.127602
0.128259
0.128095
0.128095
0.134665
0.121688
0.128587
0.128916
0.128259
0.128423
0.128259
0.128095
0.128259
0.127438
0.126288
0.125302
0.126616
0.126781
0.126945
0.127109
0.124974
0.135158
0.130394
0.130394
0.130230
0.130230
0.130066
0.129573
0.123824
0.133844
0.136144
0.137293
0.135979
0.134829
0.134665
0.145014
0.131051
0.128752
0.131051
0.130230
0.130066
0.130066
0.129573
0.129902
0.175403
0.129080
0.128095
0.129245
0.129245
0.129080
0.129409
0.115282
0.130230
0.124317
0.126123
0.125959
0.125959
0.126123
0.125959
0.127930
0.124645
0.138115
0.134008
0.133844
0.133844
0.133844
0.135487
0.127766
0.131216
0.120046
0.120210
0.121688
0.121853
0.122017
0.122181
0.140579
0.159469
0.160783
0.158976
0.129902
0.129245
0.129737
0.129573
0.129573
0.130066
0.130066
0.130230
0.129902
0.129737
0.130066
0.130230
0.130230
0.131544
0.130559
0.130559
0.130723
0.130887
0.130887
0.128587
0.127438
0.129573
0.131873
0.131380
0.131380

Kurve 8

0.036435
0.010317
0.012945
0.016067
0.021159
0.021651
0.024115
0.027729
0.030029
0.032164
0.034464
0.039392
0.038078
0.042513
0.044320
0.038242
0.048427
0.051383
0.052697
0.054833
0.048427
0.058775
0.060418
0.062225
0.064196
0.065674
0.065346
0.058775
0.060254
0.063210
0.064689
0.074380
0.076351
0.077501
0.078980
0.090150
0.071424
0.075694
0.076187
0.077173
0.078980
0.082593
0.088507
0.087357
0.089000
0.090150
0.092121
0.093599
0.094913
0.095899
0.096884
0.096063
0.096556
0.096227
0.097213
0.098199
0.098856
0.101977
0.100663
0.104441
0.105426
0.105755
0.107562
0.102634
0.108547
0.107562
0.108054
0.152570
0.107562
0.106248
0.106905
0.107233
0.107890
0.105098
0.109040
0.110026
0.109697
0.111668
0.110683
0.112982
0.113147
0.113311
0.113804
0.113804
0.112982
0.116103
0.116596
0.116760
0.125959
0.114789
0.116596
0.116268
0.116103
0.117089
0.145342
0.143535
0.113475
0.113968
0.114461
0.115775
0.115611
0.116103
0.116432
0.116760
0.110518
0.112982
0.111833
0.107726
0.129737
0.127273
0.126452
0.127109
0.126781
0.126781
0.118075
0.120867
0.116432
0.115282
0.112325
0.112818
0.112654
0.108219
0.108054
0.109369
0.110354
0.111175
0.126616
0.116268
0.117417
0.120539
0.107726
0.110354
0.111504
0.111997
0.112161
0.112982
0.121360
0.117417
0.118075
0.122017
0.122345
0.122181
0.123167
0.123167
0.123167
0.120046
0.122510
0.123167
0.123331
0.123495
0.123331
0.127602
0.124481
0.123988
0.124152
0.124481
0.124645
0.125138
0.124809
0.127766
0.132858
0.113804
0.117910
0.118075
0.119881
0.122674
0.122345
0.125302
0.127602
0.126288
0.126616
0.127930
0.127438
0.127766
0.127766
0.128259
0.087521
0.129080
0.129573
0.129902
0.130230
0.130394
0.147971
0.126123
0.130230
0.129573
0.129409
0.129573
0.129737
0.129573
0.130066
0.133844
0.130230
0.130559
0.130394
0.130066
0.130230
0.130559
0.124809
0.134665
0.132201
0.127766
0.130559
0.130230
0.130230
0.130230
0.130723
0.126945
0.129409
0.129737
0.130066
0.130066
0.130066
0.130723
0.130230
0.132530
0.130887
0.131216
0.131216
0.131216
0.131380
0.138443
0.130559
0.123660
0.131544
0.129737
0.129902
0.130066
0.129902
0.130230
0.131216
0.133023
0.132037
0.132201
0.132530
0.132201
0.132366
0.132858
0.128259
0.132858
0.133515
0.133187
0.133515
0.133515
0.133351
0.151913
0.133187
0.132858
0.133023
0.133187

Kurve 9

0.005389
0.022309
0.010153
0.013603
0.016231
0.019352
0.022637
0.025430
0.026744
0.030522
0.032329
0.019680
0.038571
0.040049
0.043663
0.046127
0.042185
0.049084
0.051219
0.052533
0.055326
0.054833
0.059104
0.060582
0.062060
0.063867
0.065674
0.071752
0.067974
0.070109
0.070766
0.072409
0.075366
0.071095
0.073887
0.076023
0.077009
0.101977
0.080787
0.080130
0.079965
0.080787
0.081772
0.083908
0.083908
0.086043
0.086536
0.087850
0.088507
0.089164
0.090807
0.091792
0.088178
0.101812
0.099020
0.100170
0.100991
0.101977
0.102141
0.096884
0.096884
0.096720
0.098034
0.100498
0.101648
0.102141
0.102634
0.103127
0.119717
0.103784
0.104933
0.105755
0.106248
0.106905
0.104112
0.117253
0.115775
0.115446
0.116103
0.116760
0.111668
0.111340
0.111997
0.112490
0.113968
0.108219
0.110683
0.112161
0.112654
0.112982
0.133680
0.116268
0.115282
0.131216
0.116268
0.117417
0.117582
0.118075
0.118403
0.118567
0.118567
0.119224
0.119717
0.119553
0.120374
0.094092
0.120703
0.120867
0.121196
0.121196
0.120867
0.100827
0.121853
0.122345
0.121853
0.123002
0.122510
0.123002
0.123002
0.122510
0.123167
0.127273
0.122017
0.126616
0.126945
0.123002
0.122510
0.123331
0.123824
0.123824
0.123824
0.124152
0.127273
0.127766
0.128095
0.128095
0.126616
0.125959
0.124974
0.126288
0.125795
0.125959
0.125959
0.121853
0.138279
0.134829
0.089328
0.103455
0.127109
0.127602
0.127930
0.128095
0.128095
0.124974
0.129902
0.144685
0.133515
0.134665
0.134665
0.134337
0.134172
0.133680
0.130559
0.128752
0.129245
0.130230
0.130066
0.130230
0.127438
0.126616
0.125302
0.124974
0.125466
0.125466
0.126945
0.129409
0.128423
0.087521
0.095406
0.094749
0.111997
0.132858
0.132530
0.132201
0.134008
0.128916
0.127602
0.120374
0.119553
0.120046
0.120703
0.121031
0.120867
0.131051
0.130230
0.130066
0.129902
0.129573
0.129573
0.117253
0.133680
0.128752
0.128916
0.129573
0.129245
0.128916
0.129080
0.090478
0.123495
0.133023
0.129573
0.129737
0.130066
0.129902
0.130066
0.149942
0.131873
0.131708
0.137129
0.134665
0.134172
0.131051
0.130559
0.130230
0.130066
0.129409
0.129080
0.129409
0.129573
0.129573
0.129737
0.128916
0.126945
0.128259
0.127766
0.127930
0.127930
0.128259
0.125959
0.126945
0.132694
0.128916
0.129902
0.130230
0.130230
0.130066
0.130723
0.134008
0.130887
0.131216

Kurve 10

0.029208
0.021323
0.022637
0.025101
0.028058
0.030357
0.032329
0.028386
0.029536
0.032000
0.033971
0.036928
0.039063
0.034793
0.045963
0.043499
0.046291
0.048591
0.051219
0.053190
0.055326
0.058775
0.056640
0.062553
0.064032
0.065510
0.067153
0.069124
0.070766
0.088507
0.073066
0.074380
0.077009
0.076844
0.078487
0.079801
0.081115
0.082265
0.086043
0.077173
0.081279
0.083743
0.085057
0.087850
0.088671
0.092942
0.089328
0.091464
0.092285
0.093271
0.094092
0.094913
0.066496
0.098691
0.102305
0.102634
0.103291
0.104441
0.105262
0.106083
0.106576
0.109697
0.107233
0.108219
0.108711
0.108876
0.109369
0.110026
0.110190
0.124809
0.107233
0.107233
0.109040
0.109369
0.110026
0.110847
0.075859
0.111340
0.111668
0.112161
0.112325
0.112818
0.112982
0.113311
0.073887
0.115446
0.115282
0.116103
0.116596
0.116760
0.117253
0.117089
0.121688
0.118896
0.121853
0.121853
0.121524
0.121031
0.120539
0.121031
0.124645
0.119881
0.120210
0.120374
0.120703
0.121360
0.121688
0.118732
0.122674
0.122674
0.122838
0.122838
0.123002
0.123331
0.122674
0.122017
0.114132
0.130394
0.132694
0.132201
0.131544
0.131544
0.130559
0.127273
0.121524
0.123002
0.123002
0.122838
0.122674
0.123167
0.123331
0.134008
0.123824
0.124809
0.124974
0.124974
0.125631
0.125631
0.125959
0.124481
0.125959
0.126452
0.126452
0.126616
0.126945
0.126945
0.126945
0.117417
0.132366
0.129902
0.130723
0.131380
0.131216
0.131544
0.130723
0.130230
0.128587
0.127438
0.127930
0.127602
0.127602
0.127602
0.127602
0.128752
0.130230
0.129080
0.129573
0.130066
0.130230
0.130559
0.127438
0.129573
0.129902
0.129902
0.129737
0.129737
0.129902
0.128587
0.130887
0.129902
0.127109
0.128259
0.129245
0.129737
0.129737
0.134665
0.117582
0.131216
0.135322
0.133187
0.133680
0.133187
0.133351
0.133023
0.134337
0.131380
0.130723
0.131544
0.131380
0.131544
0.131708
0.129080
0.132037
0.131380
0.131051
0.131216
0.130887
0.130887
0.121688
0.132201
0.128259
0.145507
0.141072
0.141564
0.141564
0.140743
0.136308
0.130559
0.137458
0.126452
0.124317
0.123495
0.123660
0.123660
0.123824
0.129245
0.125138
0.125795
0.125631
0.124974
0.124317
0.124974
0.121360
0.126616
0.124645
0.124809
0.124152
0.124481
0.124809
0.119881
0.127109
0.124974
0.127438
0.126288
0.126616
0.126616
0.127109
0.134172
0.117253
0.119389

