Ladekurvenmessung
Zeit: 2016_06_21 16.28.24
Info: 2250rpm
Ladewiderstand[Ohm]: 199500
Störkapazität[pF]: 278.000000
Entladezeit[ms]: 100
Abtastrate[Hz]: 250000
Messzeit [ms]: 1.000000
Verzögerung[ms]: 0
Ladespannung[V]: 0.800000

Kurve 1

0.011139
0.018859
0.028058
0.048755
0.057461
0.069452
0.081279
0.092614
0.102962
0.114789
0.116103
0.134008
0.143535
0.153227
0.162097
0.171460
0.180495
0.188872
0.241108
0.205463
0.212691
0.220411
0.228132
0.235852
0.235031
0.249979
0.256549
0.262627
0.270347
0.275768
0.281517
0.273797
0.294001
0.295480
0.317163
0.317984
0.321105
0.320776
0.325704
0.330468
0.341802
0.333918
0.341802
0.351165
0.353629
0.358064
0.361678
0.365785
0.369563
0.376298
0.376955
0.380240
0.383690
0.387139
0.390753
0.391410
0.386646
0.392396
0.396995
0.400280
0.402744
0.406194
0.408986
0.415557
0.415721
0.430341
0.426070
0.428205
0.430505
0.432969
0.435269
0.437568
0.445453
0.434776
0.442825
0.443974
0.445946
0.447753
0.449559
0.451531
0.462865
0.456623
0.457116
0.459415
0.461386
0.462536
0.464015
0.449067
0.460401
0.460072
0.465493
0.467793
0.469271
0.470421
0.471899
0.476663
0.479456
0.479948
0.482248
0.483562
0.484548
0.485698
0.486683
0.488819
0.487833
0.488162
0.489640
0.489968
0.490954
0.491775
0.492925
0.499331
0.494404
0.495553
0.496375
0.497196
0.498182
0.499496
0.494239
0.501303
0.500646
0.502288
0.502452
0.503274
0.503438
0.503931
0.503110
0.499167
0.493582
0.492597
0.493089
0.494075
0.494732
0.496046
0.499989
0.497689
0.498182
0.499167
0.499496
0.499989
0.500646
0.501467
0.509187
0.497360
0.503602
0.503274
0.503931
0.505081
0.505573
0.506888
0.503438
0.513294
0.512965
0.512144
0.512308
0.512637
0.513458
0.513951
0.506231
0.511158
0.510009
0.511980
0.512637
0.513294
0.513622
0.520029
0.515922
0.516251
0.516086
0.516251
0.516415
0.516743
0.517072
0.517565
0.517893
0.519043
0.519207
0.519864
0.519700
0.520522
0.521014
0.519536
0.520686
0.521507
0.521671
0.522000
0.522164
0.522164
0.522493
0.524135
0.522985
0.522657
0.524135
0.524135
0.524300
0.524792
0.567830
0.525449
0.518058
0.518550
0.517401
0.517401
0.518222
0.518550
0.519207
0.529063
0.527913
0.527913
0.527749
0.528406
0.528735
0.528735
0.522164
0.529556
0.529392
0.529556
0.529392
0.529392
0.529556
0.512473
0.530706
0.528735
0.531856
0.528735
0.529063
0.529556
0.530049
0.536619
0.530706
0.536455
0.531691
0.531856
0.532184
0.532349
0.532184
0.532677
0.545818
0.531856
0.533170
0.533498
0.533498
0.533498
0.533991
0.502452
0.533991
0.533991
0.533991
0.534320
0.534320
0.534484

Kurve 2

0.014260
0.022801
0.027729
0.048919
0.060418
0.079965
0.092778
0.104112
0.114625
0.124809
0.127930
0.137458
0.143700
0.150270
0.157826
0.167025
0.176553
0.185916
0.195114
0.214826
0.212198
0.223532
0.231088
0.238316
0.245872
0.253264
0.259670
0.266898
0.274947
0.281353
0.287431
0.293016
0.298437
0.301065
0.308621
0.312070
0.319791
0.322419
0.328333
0.334082
0.338681
0.370713
0.349030
0.376298
0.357079
0.360857
0.364963
0.368742
0.372520
0.376298
0.390589
0.380569
0.387139
0.390589
0.394038
0.397652
0.401266
0.401266
0.406358
0.410136
0.413421
0.416707
0.418842
0.421142
0.423441
0.423934
0.427548
0.432805
0.430833
0.435926
0.438718
0.441182
0.467300
0.445124
0.450217
0.451695
0.451366
0.455473
0.457773
0.459251
0.460565
0.462044
0.460729
0.464507
0.465000
0.466479
0.468286
0.470092
0.463850
0.476335
0.474528
0.475513
0.477320
0.478141
0.479291
0.481591
0.485040
0.487176
0.472064
0.473213
0.476499
0.477320
0.478634
0.485369
0.478798
0.481098
0.481591
0.482905
0.484548
0.483891
0.485698
0.486683
0.487833
0.498017
0.487997
0.491940
0.493746
0.494404
0.495061
0.495882
0.497360
0.497525
0.497032
0.498346
0.498839
0.494239
0.508530
0.502452
0.503767
0.499660
0.503767
0.504424
0.505245
0.505738
0.506723
0.506066
0.511651
0.510666
0.512473
0.509187
0.514608
0.512965
0.513787
0.514115
0.525449
0.513294
0.513787
0.514937
0.514937
0.515758
0.516415
0.516743
0.515922
0.517565
0.517729
0.518715
0.516908
0.518879
0.521179
0.520522
0.507052
0.522164
0.521836
0.523643
0.524135
0.524464
0.526106
0.524464
0.523150
0.524135
0.544176
0.524957
0.525121
0.526106
0.525778
0.526764
0.525614
0.526928
0.527092
0.527585
0.527749
0.518386
0.518222
0.518879
0.521836
0.521343
0.522164
0.521507
0.522000
0.522657
0.523150
0.523643
0.522821
0.520850
0.522000
0.522164
0.522657
0.528406
0.522493
0.522493
0.523643
0.523643
0.526435
0.525121
0.525121
0.525449
0.525778
0.526435
0.528242
0.528078
0.529063
0.529392
0.529556
0.524135
0.529063
0.529063
0.529720
0.529063
0.530049
0.529228
0.529885
0.530377
0.530213
0.530049
0.530213
0.530049
0.529720
0.530706
0.541055
0.531363
0.535962
0.520522
0.521014
0.521836
0.518386
0.519700
0.519372
0.520522
0.523314
0.521507
0.522000
0.522821
0.522985
0.523643
0.522328
0.526764
0.522657
0.525778
0.521836
0.527913

Kurve 3

0.010317
0.022637
0.034300
0.047112
0.059432
0.071095
0.083908
0.093271
0.106576
0.117746
0.128095
0.179509
0.145507
0.154705
0.164561
0.172939
0.186901
0.190022
0.198071
0.205463
0.212526
0.222711
0.226160
0.232731
0.239959
0.246858
0.254250
0.263120
0.272154
0.278396
0.284310
0.286938
0.309442
0.309442
0.315191
0.321762
0.326033
0.320284
0.324390
0.329154
0.334082
0.339174
0.364306
0.384018
0.389932
0.391081
0.360528
0.364635
0.368742
0.372191
0.374162
0.378105
0.384347
0.384347
0.387796
0.390917
0.393874
0.397324
0.388618
0.366278
0.360364
0.366442
0.404715
0.408658
0.411943
0.414900
0.417364
0.420320
0.414900
0.425741
0.428534
0.431162
0.433462
0.436254
0.435104
0.440853
0.441675
0.443482
0.445946
0.447917
0.452352
0.453173
0.454816
0.460237
0.447424
0.454487
0.455966
0.456951
0.459415
0.462372
0.470092
0.472556
0.475020
0.472392
0.475349
0.476992
0.478306
0.479620
0.481098
0.479127
0.483726
0.485040
0.486026
0.487504
0.488654
0.493582
0.490790
0.491447
0.492432
0.493254
0.494568
0.509187
0.495718
0.498839
0.505738
0.498182
0.499660
0.499660
0.500317
0.500974
0.501631
0.502288
0.505409
0.505573
0.507545
0.507545
0.508202
0.508859
0.509680
0.510173
0.500481
0.511816
0.511816
0.512637
0.513130
0.513622
0.525449
0.507709
0.516579
0.516251
0.516908
0.517072
0.518222
0.520686
0.518058
0.517565
0.515922
0.518058
0.516908
0.517236
0.517565
0.518222
0.511651
0.523150
0.517072
0.530377
0.526928
0.527749
0.528406
0.528406
0.528570
0.509680
0.525614
0.523314
0.524464
0.524464
0.524957
0.525121
0.526599
0.531527
0.530542
0.531691
0.531527
0.531691
0.532184
0.531034
0.528735
0.527913
0.528899
0.528899
0.529063
0.529228
0.530049
0.530049
0.530213
0.526271
0.532841
0.531363
0.530870
0.531199
0.531199
0.531363
0.521014
0.539412
0.529885
0.531856
0.532184
0.532020
0.532349
0.540233
0.533170
0.533663
0.534320
0.534812
0.534812
0.534977
0.535141
0.534320
0.535141
0.535634
0.534648
0.533827
0.533991
0.534320
0.534155
0.532020
0.533334
0.534320
0.534812
0.534812
0.534648
0.535305
0.535634
0.534320
0.536948
0.535470
0.536948
0.536784
0.536948
0.535962
0.543847
0.535141
0.536127
0.536127
0.535962
0.536291
0.536455
0.536948
0.554031
0.537441
0.536784
0.536619
0.536948
0.536948
0.536784
0.536948
0.525449
0.541547
0.544176
0.546147

Kurve 4

0.018202
0.025758
0.039556
0.051712
0.063703
0.075366
0.083415
0.096720
0.106740
0.117417
0.128259
0.138115
0.147971
0.160455
0.166697
0.176060
0.185259
0.192815
0.202014
0.210720
0.227474
0.226653
0.236838
0.240287
0.248007
0.254907
0.261806
0.268540
0.268212
0.282010
0.287267
0.282010
0.305993
0.307635
0.313220
0.318970
0.324390
0.329154
0.328497
0.335560
0.340981
0.345909
0.350673
0.354615
0.359543
0.362171
0.366278
0.370713
0.374162
0.377940
0.382540
0.385496
0.389932
0.392231
0.398638
0.400280
0.405044
0.408001
0.409972
0.413257
0.414735
0.416871
0.420978
0.378762
0.424920
0.428534
0.431326
0.433954
0.435926
0.434447
0.442003
0.439868
0.430505
0.432969
0.435433
0.437240
0.440525
0.443646
0.445617
0.447753
0.450052
0.452845
0.452845
0.455802
0.457773
0.461058
0.461222
0.462865
0.464672
0.465493
0.467300
0.468286
0.480113
0.479948
0.481098
0.474528
0.476170
0.477813
0.479291
0.480441
0.474199
0.483726
0.484055
0.485369
0.487012
0.487669
0.488162
0.490297
0.493911
0.496210
0.496703
0.497032
0.522985
0.496046
0.496539
0.495718
0.496375
0.499003
0.501303
0.501960
0.502288
0.503602
0.501631
0.505081
0.502781
0.504259
0.500153
0.506395
0.504916
0.501795
0.502124
0.502288
0.503438
0.503602
0.504424
0.505573
0.506559
0.507380
0.510501
0.508366
0.512965
0.513787
0.513787
0.513951
0.512801
0.515429
0.515922
0.516579
0.515594
0.516743
0.514772
0.516086
0.516579
0.512144
0.519372
0.519700
0.519372
0.520686
0.519372
0.521343
0.522328
0.522493
0.522821
0.518386
0.530542
0.528735
0.528406
0.524792
0.525449
0.533663
0.520029
0.521507
0.522000
0.522328
0.523971
0.524792
0.523150
0.524135
0.524300
0.527421
0.522328
0.526271
0.526599
0.523150
0.522821
0.525942
0.520029
0.522328
0.522657
0.522985
0.525778
0.526271
0.526599
0.527421
0.519207
0.528242
0.528570
0.528078
0.528899
0.529063
0.529885
0.527913
0.526435
0.525449
0.526435
0.527092
0.527749
0.526599
0.527256
0.528570
0.539412
0.532513
0.533827
0.533498
0.532841
0.533498
0.534320
0.544833
0.544504
0.543354
0.543190
0.532841
0.536619
0.535798
0.535470
0.530706
0.537934
0.531856
0.533170
0.533498
0.533991
0.534320
0.537934
0.538098
0.537769
0.542040
0.536619
0.538098
0.538591
0.538591
0.538591
0.538919
0.538426
0.539905
0.539248
0.539740
0.540069
0.536784
0.543026
0.541547

Kurve 5

0.013931
0.024773
0.037257
0.050398
0.061075
0.070109
0.082265
0.094749
0.102141
0.118239
0.128095
0.136472
0.145671
0.154705
0.163247
0.171789
0.181809
0.190187
0.202835
0.204970
0.216469
0.222711
0.228789
0.236345
0.245872
0.249650
0.256549
0.263448
0.269855
0.275932
0.281353
0.285952
0.294166
0.299751
0.305500
0.310921
0.317820
0.320776
0.327511
0.322091
0.338188
0.340652
0.345416
0.350015
0.354615
0.358064
0.363157
0.367099
0.369563
0.376791
0.378269
0.381883
0.385989
0.388618
0.392067
0.398638
0.398473
0.402251
0.405044
0.407836
0.411286
0.410957
0.419828
0.417857
0.421142
0.424920
0.427055
0.407508
0.432312
0.433462
0.437240
0.440361
0.440196
0.442825
0.445453
0.447096
0.448738
0.454652
0.452845
0.456130
0.457116
0.459744
0.459415
0.461551
0.463358
0.465000
0.466807
0.465657
0.462865
0.463686
0.465329
0.467464
0.464179
0.479948
0.474856
0.478141
0.480441
0.481427
0.482412
0.483891
0.486847
0.489311
0.489804
0.489968
0.491283
0.492925
0.493418
0.494732
0.496046
0.484383
0.482577
0.482412
0.487669
0.486683
0.486847
0.487997
0.489311
0.493254
0.490625
0.492104
0.492597
0.493254
0.494075
0.496046
0.493911
0.495553
0.496703
0.498182
0.499824
0.500153
0.500810
0.502945
0.501795
0.503767
0.504752
0.505738
0.506559
0.507052
0.507873
0.508859
0.509844
0.512308
0.508202
0.512308
0.510830
0.511487
0.512637
0.513130
0.515101
0.514279
0.516251
0.516415
0.516251
0.516251
0.517565
0.482741
0.518879
0.519700
0.520193
0.520522
0.521014
0.521179
0.521671
0.522657
0.521507
0.522493
0.523314
0.523807
0.524300
0.524628
0.524957
0.529228
0.527421
0.525285
0.525614
0.526599
0.526271
0.527092
0.527256
0.527585
0.527585
0.528570
0.527421
0.528078
0.528570
0.529063
0.526435
0.531527
0.533827
0.535141
0.534648
0.533827
0.533827
0.533663
0.528242
0.528406
0.538262
0.535141
0.535798
0.535962
0.535798
0.536127
0.535962
0.533334
0.533170
0.532841
0.533170
0.533334
0.533663
0.533663
0.533827
0.536948
0.535305
0.534155
0.534484
0.534812
0.534812
0.534812
0.533170
0.535634
0.535470
0.535141
0.535141
0.535470
0.535634
0.535634
0.530706
0.549432
0.543354
0.543847
0.543847
0.543354
0.542861
0.543026
0.536127
0.537605
0.536291
0.533827
0.533663
0.533663
0.529885
0.529720
0.531034
0.529720
0.530870
0.530542
0.529392
0.528735
0.529556
0.529228

Kurve 6

0.013603
0.024937
0.035778
0.050233
0.063375
0.075037
0.086043
0.096884
0.105098
0.116268
0.134172
0.141400
0.151913
0.162262
0.170639
0.179181
0.188544
0.191336
0.200864
0.209241
0.216797
0.224682
0.233224
0.240616
0.247350
0.253921
0.264762
0.271169
0.276589
0.282667
0.288909
0.295316
0.291702
0.303529
0.309935
0.314370
0.320612
0.325212
0.329647
0.334410
0.332275
0.341638
0.346730
0.352315
0.353958
0.356915
0.359871
0.363649
0.363978
0.369070
0.372027
0.375641
0.379419
0.383690
0.387468
0.389932
0.393710
0.396338
0.398966
0.401923
0.404880
0.408658
0.412107
0.412764
0.418514
0.420156
0.422620
0.426398
0.428698
0.430669
0.433133
0.418842
0.437568
0.440853
0.443153
0.446438
0.448902
0.450545
0.452188
0.456459
0.449067
0.452845
0.452188
0.453502
0.456130
0.458758
0.460565
0.480605
0.469764
0.476335
0.477320
0.477156
0.478963
0.480934
0.482084
0.480605
0.480770
0.482577
0.484712
0.485533
0.486190
0.487176
0.481427
0.483069
0.492432
0.491940
0.492761
0.493911
0.494239
0.495553
0.505738
0.499496
0.498839
0.500481
0.500317
0.501467
0.502617
0.503110
0.503767
0.500974
0.506231
0.505573
0.505573
0.506395
0.507709
0.509023
0.509680
0.509352
0.510666
0.512308
0.512308
0.512637
0.513130
0.511980
0.524628
0.514279
0.514772
0.515594
0.516086
0.516579
0.517072
0.517565
0.521014
0.517729
0.522164
0.520686
0.521014
0.521671
0.522000
0.522328
0.533334
0.522657
0.521836
0.522164
0.522821
0.523971
0.524135
0.524135
0.523807
0.525121
0.525778
0.526435
0.525942
0.526435
0.527749
0.524792
0.524792
0.534812
0.530706
0.531034
0.531856
0.532184
0.530377
0.529885
0.533170
0.529392
0.531199
0.531034
0.530870
0.531363
0.531363
0.539905
0.531034
0.532020
0.532513
0.532677
0.532677
0.533006
0.529392
0.532841
0.533663
0.533334
0.532349
0.532677
0.530213
0.534155
0.529063
0.525121
0.536948
0.524628
0.526106
0.526435
0.525942
0.523807
0.519864
0.520029
0.523643
0.521507
0.521014
0.521507
0.521507
0.522328
0.522328
0.523150
0.525285
0.524957
0.525778
0.526435
0.526764
0.496539
0.507380
0.503767
0.504752
0.505245
0.506723
0.507380
0.512801
0.511158
0.511487
0.513294
0.513458
0.516086
0.516415
0.516743
0.524135
0.516908
0.518222
0.519207
0.520522
0.516251
0.519043
0.520029
0.520522
0.521179
0.524135
0.521179
0.519043
0.519536
0.520193
0.521014

Kurve 7

0.016395
0.025430
0.038571
0.050891
0.062553
0.074545
0.088178
0.099348
0.110354
0.121031
0.131544
0.139100
0.150270
0.161112
0.170639
0.180331
0.188708
0.240616
0.203820
0.211705
0.219754
0.227474
0.235031
0.242258
0.250800
0.256713
0.264762
0.270019
0.276261
0.282503
0.289073
0.294823
0.301558
0.304022
0.311906
0.319791
0.318805
0.327183
0.332275
0.336546
0.341309
0.346237
0.350015
0.354286
0.359707
0.364635
0.368742
0.372191
0.381883
0.379747
0.384018
0.387468
0.390917
0.394531
0.397981
0.400937
0.404551
0.410136
0.409808
0.412764
0.415064
0.417692
0.420978
0.424263
0.426563
0.429684
0.433462
0.434611
0.437732
0.440525
0.442496
0.443810
0.446438
0.446438
0.449231
0.449231
0.452023
0.454652
0.456294
0.457444
0.462701
0.464015
0.465657
0.466807
0.468121
0.470092
0.472228
0.473378
0.475842
0.475677
0.477813
0.479291
0.480113
0.482412
0.484219
0.485533
0.475513
0.484876
0.482577
0.485205
0.487340
0.487833
0.488654
0.490297
0.491611
0.496046
0.498017
0.499824
0.501303
0.502288
0.502288
0.526928
0.502124
0.502617
0.503602
0.503602
0.504752
0.506066
0.506888
0.514444
0.506723
0.509023
0.509516
0.508366
0.509352
0.510994
0.512144
0.508366
0.512144
0.508859
0.510830
0.512965
0.512965
0.512965
0.513951
0.511651
0.518715
0.518550
0.519207
0.520522
0.520522
0.520193
0.521014
0.522985
0.515429
0.516251
0.516743
0.517236
0.518386
0.519207
0.519864
0.529556
0.526271
0.528242
0.527421
0.526599
0.527585
0.528899
0.522985
0.528242
0.527913
0.528078
0.528406
0.528570
0.529063
0.529063
0.527585
0.532677
0.526928
0.530049
0.530706
0.530870
0.530542
0.530706
0.533334
0.532349
0.532020
0.532349
0.532349
0.532513
0.533170
0.533006
0.532349
0.532841
0.536619
0.532841
0.532513
0.533334
0.534484
0.532841
0.529885
0.541712
0.537112
0.539576
0.539740
0.539083
0.538755
0.539248
0.532513
0.532841
0.534320
0.534648
0.534977
0.534648
0.534648
0.536619
0.535634
0.534648
0.534977
0.535305
0.535470
0.535798
0.549925
0.535470
0.545818
0.536291
0.536291
0.529063
0.529392
0.529720
0.498182
0.530706
0.530706
0.530706
0.531856
0.531856
0.532349
0.532841
0.533170
0.521343
0.545325
0.540397
0.541055
0.541383
0.541219
0.541219
0.548282
0.535798
0.535962
0.536455
0.536619
0.536948
0.537276
0.540397
0.537934
0.545325
0.537112
0.542861
0.541547
0.541219

Kurve 8

0.017709
0.027072
0.021323
0.053354
0.065017
0.077173
0.089000
0.100498
0.109861
0.131544
0.140414
0.150763
0.131708
0.160783
0.170803
0.179509
0.188872
0.197250
0.208256
0.212855
0.221232
0.229117
0.237987
0.244722
0.249979
0.257371
0.262956
0.270183
0.279710
0.284638
0.289895
0.295151
0.300901
0.306978
0.314042
0.318148
0.323733
0.329811
0.335067
0.339338
0.344595
0.348373
0.352479
0.352479
0.367099
0.365785
0.370713
0.375476
0.377283
0.371206
0.369399
0.377119
0.379090
0.380733
0.385332
0.389275
0.392067
0.395024
0.398638
0.410793
0.405044
0.408986
0.410793
0.412764
0.416542
0.418349
0.422784
0.425577
0.428369
0.431655
0.434283
0.424591
0.438554
0.440361
0.426727
0.445617
0.447096
0.448738
0.451366
0.453502
0.454980
0.458758
0.459251
0.468450
0.458594
0.465657
0.466150
0.467629
0.469600
0.471242
0.477977
0.473706
0.478470
0.476827
0.477649
0.479291
0.469271
0.483234
0.483726
0.485369
0.487012
0.487833
0.488654
0.486190
0.491447
0.490297
0.494239
0.493089
0.495882
0.497525
0.498017
0.499167
0.516086
0.499331
0.503438
0.500810
0.501960
0.503110
0.504095
0.505245
0.506066
0.518550
0.505081
0.507873
0.508202
0.506888
0.506395
0.507545
0.508366
0.508366
0.510009
0.511323
0.511980
0.511980
0.512801
0.511980
0.513294
0.515265
0.514115
0.515594
0.515922
0.516415
0.516415
0.517072
0.520193
0.521343
0.519372
0.521507
0.522000
0.522164
0.523314
0.523643
0.534648
0.521507
0.524464
0.523807
0.523478
0.523971
0.525121
0.518386
0.526928
0.523807
0.524628
0.526435
0.526435
0.526599
0.527092
0.528406
0.526599
0.526764
0.528242
0.528899
0.529392
0.529228
0.529228
0.532841
0.544176
0.537769
0.537112
0.536619
0.536619
0.537769
0.538098
0.539740
0.534812
0.534812
0.533663
0.533498
0.533170
0.534155
0.530213
0.534812
0.534648
0.535634
0.536291
0.536784
0.536127
0.536127
0.534648
0.533991
0.535305
0.535305
0.536784
0.537605
0.537276
0.536948
0.542369
0.532349
0.544340
0.540890
0.539412
0.539905
0.541055
0.541219
0.540726
0.537934
0.535470
0.534648
0.534320
0.534648
0.535798
0.536291
0.538919
0.541547
0.541876
0.541876
0.542204
0.541876
0.541055
0.541712
0.537112
0.542040
0.542533
0.542204
0.542533
0.542533
0.543190
0.553867
0.538755
0.532841
0.531856
0.532841
0.534977
0.539083
0.542533
0.544176
0.545490
0.545982
0.544504
0.544668

Kurve 9

0.015081
0.024608
0.037092
0.050562
0.059268
0.074216
0.087193
0.096720
0.108219
0.119224
0.128916
0.138772
0.149120
0.155198
0.168504
0.177867
0.186573
0.195279
0.203328
0.210884
0.221725
0.223368
0.230431
0.237330
0.243244
0.250471
0.256385
0.266077
0.266241
0.277411
0.279382
0.286117
0.292195
0.297779
0.303529
0.301065
0.316177
0.313549
0.324390
0.328825
0.333918
0.339010
0.344102
0.348537
0.351001
0.358229
0.361185
0.365621
0.370877
0.374491
0.377940
0.398309
0.413257
0.389767
0.391574
0.394202
0.397816
0.401594
0.436418
0.407344
0.410300
0.412764
0.414571
0.415885
0.418678
0.421635
0.423770
0.430998
0.431490
0.432640
0.436583
0.436090
0.438718
0.438882
0.437404
0.438061
0.435926
0.436583
0.439868
0.442168
0.444303
0.446110
0.448081
0.448738
0.454487
0.454487
0.455802
0.457937
0.460401
0.462865
0.463522
0.464507
0.470092
0.469107
0.470585
0.472228
0.472885
0.474528
0.475842
0.476663
0.478141
0.479620
0.479784
0.483234
0.484548
0.486355
0.486847
0.482084
0.488490
0.484548
0.486683
0.488983
0.490133
0.490954
0.494896
0.497360
0.495718
0.496210
0.497196
0.498839
0.499496
0.503931
0.503274
0.515265
0.502288
0.505245
0.504424
0.504424
0.505409
0.501960
0.514772
0.513294
0.499824
0.510501
0.505409
0.508037
0.509844
0.510830
0.508366
0.515594
0.513458
0.516579
0.517729
0.517565
0.517893
0.517893
0.518715
0.516743
0.516743
0.517236
0.518386
0.518550
0.519864
0.520193
0.520029
0.500481
0.503438
0.502288
0.502452
0.503274
0.504752
0.508366
0.509352
0.509680
0.473542
0.511487
0.512144
0.511980
0.511816
0.512637
0.512637
0.512801
0.515429
0.516251
0.517072
0.513458
0.512308
0.507545
0.508037
0.509187
0.509187
0.523150
0.511816
0.512965
0.512801
0.512801
0.516415
0.509680
0.512308
0.513458
0.514115
0.495225
0.519536
0.519372
0.520029
0.520522
0.519864
0.527749
0.526435
0.527092
0.527585
0.520850
0.522493
0.520522
0.521507
0.522985
0.522493
0.530542
0.524628
0.532677
0.529885
0.528406
0.516579
0.516415
0.516579
0.517072
0.517072
0.521836
0.519372
0.519700
0.520686
0.521507
0.522493
0.524300
0.526435
0.528078
0.528899
0.529228
0.525121
0.524135
0.526599
0.526435
0.512965
0.521836
0.510830
0.512637
0.497525
0.497525
0.497853
0.493911
0.500974
0.499660
0.500317
0.496539
0.500481
0.499167
0.499660
0.500153
0.522000
0.502781

Kurve 10

0.034793
0.027072
0.038899
0.050726
0.063539
0.067810
0.088343
0.099513
0.109861
0.121688
0.096227
0.138115
0.146657
0.157498
0.167847
0.144193
0.185751
0.194950
0.203492
0.212034
0.219918
0.236345
0.233552
0.242258
0.249486
0.255071
0.262134
0.273961
0.278889
0.284146
0.289566
0.296630
0.299751
0.305171
0.307471
0.312235
0.316834
0.324226
0.328333
0.333261
0.338353
0.343116
0.347880
0.351822
0.358393
0.363321
0.333261
0.369399
0.373341
0.377448
0.380897
0.384347
0.387303
0.390917
0.381061
0.382540
0.386482
0.391081
0.395517
0.398802
0.400609
0.403730
0.416707
0.410465
0.413421
0.415885
0.418021
0.421799
0.424920
0.426398
0.429191
0.431819
0.435104
0.436747
0.401923
0.442660
0.445289
0.445124
0.442825
0.442168
0.445946
0.448902
0.450545
0.451531
0.450545
0.443482
0.447424
0.479620
0.457116
0.459087
0.460565
0.461058
0.462701
0.464836
0.466479
0.472064
0.471571
0.472721
0.474363
0.462372
0.475020
0.476663
0.478306
0.479456
0.480934
0.477813
0.483398
0.484383
0.485862
0.487176
0.487669
0.489147
0.490461
0.491611
0.492597
0.497360
0.494732
0.495061
0.498346
0.497853
0.497032
0.498182
0.498182
0.499167
0.500317
0.501631
0.503931
0.502288
0.502781
0.503602
0.497689
0.515922
0.513622
0.515922
0.516908
0.516579
0.516251
0.500974
0.510009
0.510666
0.507709
0.518550
0.518550
0.518550
0.517401
0.517565
0.517236
0.513787
0.515265
0.515101
0.516743
0.514772
0.515265
0.515922
0.516743
0.516908
0.519700
0.520029
0.520029
0.517401
0.511158
0.512801
0.511816
0.512144
0.514115
0.514772
0.510994
0.511980
0.512308
0.512801
0.511487
0.512308
0.513622
0.514937
0.515594
0.516086
0.516743
0.517236
0.518222
0.519536
0.512637
0.513622
0.502452
0.496210
0.492925
0.494239
0.495553
0.503110
0.504095
0.504588
0.504916
0.505738
0.506723
0.503438
0.512637
0.508202
0.509516
0.511323
0.511980
0.511651
0.512801
0.515265
0.503931
0.518715
0.515922
0.516908
0.518222
0.518550
0.518879
0.524464
0.523478
0.520686
0.521343
0.522164
0.522164
0.523643
0.524464
0.524628
0.525614
0.525778
0.526106
0.526106
0.526271
0.527585
0.526271
0.529228
0.526928
0.529063
0.529885
0.530213
0.529720
0.529556
0.523643
0.522328
0.537112
0.531856
0.533498
0.534648
0.534155
0.533663
0.534812
0.537605
0.531856
0.533827
0.533827
0.533170
0.534155
0.535141
0.534648
0.537112

