Ladekurvenmessung
Zeit: 2018_05_02 15.12.15
Info: FVA3, v = 0.1074, T = 40, F = 20, h = 95.8
Ladewiderstand[Ohm]: 1012700
Störkapazität[nF]: 0.000000
Entladezeit[ms]: 100
Abtastrate[Hz]: 250000
Anzahl der Messwerte: 2500
Verzögerung [ms]: 1
Ladespannung[V]: 0.200000
	Kurve_1	Kurve_2	Kurve_3	Kurve_4
0	0.00287	0.000206	-0.000781	0.001291
1	0.002969	7.4e-05	0.000206	0.001916
2	0.003101	0.000403	-2.5e-05	-0.00213
3	0.002278	-0.000288	4.1e-05	0.001949
4	0.003923	0.000765	0.000502	-0.000354
5	0.00241	0.000173	-0.000485	0.002607
6	0.005371	-0.000551	0.001258	0.001851
7	0.004877	-0.000156	-0.00065	0.00116
8	0.006095	7.4e-05	-9e-05	0.001949
9	0.00616	0.000107	-0.000222	0.000798
10	0.005963	0.000173	4.1e-05	0.0006
11	0.000568	0.00037	-0.000452	0.002377
12	0.000995	0.000403	-2.5e-05	0.003463
13	8e-06	-2.5e-05	0.002311	-0.001143
14	0.001686	0.000173	8e-06	0.00593
15	-0.000387	0.000206	7.4e-05	0.001587
16	0.000436	-0.000123	0.000173	0.002114
17	-2.5e-05	-0.000156	0.000436	0.003134
18	-0.000123	-2.5e-05	0.000469	0.007082
19	-0.000321	8e-06	-0.000354	0.007378
20	-0.001439	-0.000288	7.4e-05	0.007904
21	0.001785	0.00037	0.001258	0.010437
22	-0.00338	-2.5e-05	0.000239	0.007147
23	0.002081	0.000206	0.000666	0.001851
24	-0.000683	-2.5e-05	0.000403	-0.000387
25	0.001686	0.000271	-0.000123	-2.5e-05
26	0.001094	8e-06	0.001061	0.003528
27	0.003134	0.000304	0.00162	0.006292
28	0.002607	-9e-05	-0.001637	0.005766
29	0.004779	7.4e-05	0.000173	0.007476
30	0.00139	-0.000452	-0.000255	0.006226
31	0.002509	-0.000617	-0.000387	0.008858
32	0.002739	0.000633	0.00014	0.007279
33	0.000929	-0.000123	-0.000716	0.004581
34	0.001127	4.1e-05	0.000403	0.001357
35	-0.002459	0.00014	-0.002591	0.002114
36	0.001752	0.000239	0.00037	-0.001077
37	0.001818	-0.000781	7.4e-05	-0.001933
38	0.002903	0.000337	0.000666	-0.001538
39	0.000436	-0.000156	-9e-05	0.002706
40	0.003199	-9e-05	-0.000156	0.003265
41	-0.001439	8e-06	4.1e-05	0.003002
42	0.000271	0.000206	0.000535	0.003857
43	7.4e-05	-0.000189	0.000436	0.000568
44	0.000239	-0.000222	-0.000387	0.00366
45	0.00037	0.000304	-0.000156	0.000798
46	0.000271	0.00014	-5.8e-05	-0.001505
47	0.001193	0.000337	-2.5e-05	-0.004137
48	0.002541	-2.5e-05	-0.001209	-0.000452
49	0.003627	0.00037	0.00037	0.00014
50	0.00139	-0.000156	0.001357	0.000107
51	0.001686	0.000107	0.003298	0.00014
52	0.002278	-0.000189	-0.000387	0.000107
53	0.0006	-0.000222	4.1e-05	-2.5e-05
54	0.000568	-0.000321	-0.000288	-5.8e-05
55	0.001982	0.000502	0.000436	-0.000123
56	-0.000354	-0.000222	-5.8e-05	-0.000123
57	0.005272	0.000271	7.4e-05	-0.000288
58	0.002541	0.000271	0.00014	4.1e-05
59	-0.004334	-2.5e-05	-0.000321	0.000206
60	0.00241	0.000239	0.000271	0.000239
61	0.002739	7.4e-05	0.003101	0.000798
62	0.003068	8e-06	0.000173	0.000239
63	0.003298	4.1e-05	-2.5e-05	0.000633
64	0.002739	-0.000255	-0.000387	0.001028
65	0.004844	-2.5e-05	-0.000288	0.000995
66	0.004548	0.000469	-9e-05	-0.00065
67	0.003364	0.000173	0.000107	4.1e-05
68	-0.001077	0.000337	0.000107	0.000206
69	-0.000189	-0.000156	-0.002755	-0.001045
70	0.000962	-5.8e-05	0.000206	0.004252
71	4.1e-05	-0.000551	-0.000387	-0.001406
72	-0.000979	0.000436	0.001489	0.000699
73	-0.001341	0.00014	-0.000156	-0.000222
74	0.000403	-0.000485	4.1e-05	-0.001143
75	7.4e-05	0.000666	7.4e-05	0.003561
76	0.003561	-5.8e-05	0.004219	-0.000123
77	0.000337	0.001653	0.000568	0.000897
78	0.001653	-0.000387	0.000337	0.000831
79	0.000304	0.000633	-0.000222	-0.000781
80	0.002772	-0.000354	-9e-05	0.000502
81	0.000995	0.000403	-0.000189	-0.000123
82	0.002476	-0.000156	-0.000321	0.000337
83	0.003693	0.00037	-0.000814	0.000403
84	0.002706	-9e-05	-0.001209	0.000469
85	0.000469	0.000107	-0.00088	-0.000354
86	7.4e-05	-0.000946	-0.001308	0.001061
87	0.002673	7.4e-05	-0.000748	-0.002821
88	0.000107	-0.001341	-0.000222	-0.000979
89	0.000666	-0.00088	4.1e-05	-0.000485
90	-0.000452	-0.001176	-0.000683	0.000107
91	0.000699	-0.000123	0.000469	0.000337
92	-0.000551	-0.000452	4.1e-05	0.000239
93	-0.000847	-0.000518	0.00116	0.001719
94	-0.002426	0.000502	0.000929	-5.8e-05
95	0.003101	-0.001341	-0.002064	0.000173
96	-0.000452	-0.000419	0.002245	0.000897
97	-0.000913	0.000864	-0.000222	0.000239
98	4.1e-05	0.001324	0.002212	-5.8e-05
99	0.002311	0.000271	-0.002229	-9e-05
100	0.00389	0.001094	0.001719	-0.000683
101	0.000337	0.000271	-0.001374	0.000239
102	0.001554	0.000699	0.000864	0.000173
103	0.000995	-0.000222	-0.001703	-0.000485
104	0.000929	-0.001406	-0.000716	-0.000321
105	0.000897	-0.000156	-0.000123	-0.002064
106	-0.000847	-0.00167	-0.001308	-0.000255
107	0.000107	7.4e-05	0.001522	0.000962
108	4.1e-05	0.00389	0.000666	0.001291
109	0.000107	0.000897	0.000271	-9e-05
110	0.000173	0.000337	0.001324	0.000271
111	0.000568	0.002443	-0.000123	-5.8e-05
112	-0.001045	0.001851	0.002081	-2.5e-05
113	0.001489	0.000897	0.000699	-2.5e-05
114	0.002212	-0.001308	8e-06	8e-06
115	0.001423	0.002739	0.000798	0.000107
116	-0.000584	0.004252	-0.002854	7.4e-05
117	-0.001834	0.003101	0.00162	0.000107
118	-0.005946	0.003035	-0.003808	0.00014
119	0.00468	-0.003973	0.000436	7.4e-05
120	-0.000255	0.002607	-0.001374	-2.5e-05
121	0.000798	0.001291	-0.001735	-0.000189
122	0.002147	0.002081	0.001587	-2.5e-05
123	0.001916	0.003331	4.1e-05	-9e-05
124	0.001127	0.005897	-0.000452	-9e-05
125	0.001456	0.003561	-0.000452	4.1e-05
126	0.001423	0.00616	-0.000617	0.000107
127	0.003528	0.003035	0.000995	0.000239
128	0.001324	0.003528	0.001587	7.4e-05
129	0.001752	0.005766	0.000337	0.000107
130	0.003627	0.005766	0.00116	4.1e-05
131	0.004121	8e-06	0.000403	-0.000123
132	0.002936	0.005798	-0.000847	-2.5e-05
133	0.003101	0.001522	0.000699	-0.000123
134	0.005272	0.005371	0.000502	-0.000123
135	0.002048	0.00491	0.00014	-5.8e-05
136	0.002476	0.002574	0.000929	4.1e-05
137	8e-06	0.004647	0.000107	0.000107
138	-9e-05	0.002476	-0.000748	7.4e-05
139	-0.000189	0.006621	-0.005124	0.000107
140	-0.000288	0.002344	0.000633	0.000107
141	-2.5e-05	0.005009	0.002739	0.000107
142	0.000271	0.001489	-0.000584	-5.8e-05
143	-2.5e-05	0.004877	0.000502	-5.8e-05
144	7.4e-05	0.001982	0.001587	-9e-05
145	8e-06	0.003068	0.001587	-9e-05
146	0.000107	0.001423	-9e-05	-2.5e-05
147	-5.8e-05	0.004022	0.001916	4.1e-05
148	4.1e-05	0.005404	-0.001143	7.4e-05
149	-9e-05	0.001094	0.002212	0.000107
150	0.000304	0.003134	-0.002755	4.1e-05
151	0.000271	0.004121	-0.001406	-5.8e-05
152	-0.000189	0.003627	-0.001341	0.000469
153	0.00264	0.005371	0.000798	-0.000683
154	0.000239	0.003956	-0.001209	0.000206
155	0.001949	0.001785	-0.000222	0.000502
156	-0.000683	0.004713	-0.001045	0.001028
157	0.000239	0.001949	-0.000781	0.000798
158	-0.000222	0.004877	0.000173	-0.00338
159	-2.5e-05	0.005469	0.000403	0.004121
160	-0.000123	0.002673	0.002739	0.000271
161	-2.5e-05	0.003496	0.000206	0.001818
162	0.000304	0.004548	0.001949	0.000929
163	0.000239	0.003857	8e-06	0.002377
164	0.000337	0.002311	0.001423	0.000173
165	-0.000255	0.004055	0.000798	0.000173
166	0.000239	0.003792	-0.003117	-0.000551
167	0.000304	0.001357	-0.000321	0.001193
168	0.000995	0.004417	0.000436	-0.001472
169	0.00014	0.004713	0.00116	-0.000321
170	-0.000222	0.000403	-0.004433	-0.000189
171	-9e-05	0.001686	0.003561	0.000535
172	4.1e-05	0.001554	-0.004466	-0.000584
173	-9e-05	0.004844	-0.001143	0.000173
174	4.1e-05	-2.5e-05	0.001291	4.1e-05
175	0.00014	0.002838	-0.001439	0.000107
176	0.000107	8e-06	-0.001703	-2.5e-05
177	0.000107	0.001094	0.00037	-5.8e-05
178	0.000173	-0.000222	-0.001439	-5.8e-05
179	4.1e-05	0.001818	0.001193	-9e-05
180	4.1e-05	0.005601	0.00162	4.1e-05
181	-9e-05	0.001785	0.001785	8e-06
182	8e-06	0.00162	-0.004236	4.1e-05
183	4.1e-05	7.4e-05	0.001522	7.4e-05
184	-2.5e-05	0.002739	0.003199	0.000107
185	4.1e-05	0.001949	-0.00111	8e-06
186	8e-06	0.002936	0.000206	8e-06
187	0.00014	0.003101	0.002377	-2.5e-05
188	0.00014	0.00491	-0.001867	-5.8e-05
189	0.000107	0.000469	-0.002459	-0.000123
190	4.1e-05	0.006358	-9e-05	-0.000123
191	8e-06	0.00389	-0.001045	8e-06
192	-5.8e-05	0.00162	0.000304	0.000107
193	-0.000156	0.006456	-0.000321	0.000107
194	-0.000123	0.004779	-0.00167	0.00014
195	-5.8e-05	0.003265	0.003528	0.000173
196	4.1e-05	0.004154	0.00241	7.4e-05
197	7.4e-05	0.003561	0.001851	7.4e-05
198	7.4e-05	0.002377	0.004548	-0.000123
199	0.000173	0.003956	-0.000683	-5.8e-05
200	0.000107	0.000897	-0.000354	-9e-05
201	0.00014	0.002311	0.002245	-0.000156
202	4.1e-05	0.002048	-0.000387	8e-06
203	-9e-05	0.004515	0.000436	8e-06
204	8e-06	0.002805	0.001522	0.00014
205	-0.000123	0.009713	0.00287	0.000107
206	-0.000156	0.002838	0.004186	0.000107
207	-0.000189	0.004943	-0.000222	7.4e-05
208	0.002212	0.004746	-0.000189	8e-06
209	-0.000354	0.004746	0.004055	-9e-05
210	0.000897	0.003857	0.002212	-5.8e-05
211	0.000502	0.003397	0.002805	-9e-05
212	-0.001176	0.003002	-0.000913	-9e-05
213	0.001752	0.002278	0.001489	-2.5e-05
214	0.000107	0.003726	-0.001209	4.1e-05
215	0.001258	0.004219	0.001949	0.000173
216	-0.000222	0.00343	0.00264	0.000107
217	0.000633	0.002212	0.001587	0.000173
218	0.001719	0.003594	0.003068	0.000107
219	0.001785	0.002673	-5.8e-05	8e-06
220	-0.002163	0.002443	-0.001045	-2.5e-05
221	0.00014	0.002706	8e-06	-9e-05
222	0.00037	0.003199	-0.000255	-5.8e-05
223	0.000304	0.001818	-0.001439	-9e-05
224	-5.8e-05	0.00593	0.001851	8e-06
225	8e-06	0.004417	-0.004137	8e-06
226	-0.000156	0.006226	0.003068	0.000107
227	8e-06	0.004877	0.002509	0.00014
228	-0.000189	0.004713	-2.5e-05	0.000173
229	0.00014	0.004976	-0.002657	0.00014
230	0.000173	0.00445	-0.000748	8e-06
231	0.00014	0.009549	0.000897	-5.8e-05
232	0.000107	0.004022	-2.5e-05	-5.8e-05
233	0.000271	0.003561	0.002344	-9e-05
234	0.000469	0.000469	4.1e-05	-0.000123
235	0.000403	0.002607	-5.8e-05	-5.8e-05
236	-5.8e-05	0.003002	0.000107	8e-06
237	-9e-05	0.005009	0.00014	0.000107
238	0.000436	0.005009	0.00037	0.000107
239	-0.000551	0.007707	-0.002032	0.00014
240	0.000173	0.00287	-0.000255	7.4e-05
241	-2.5e-05	0.007114	-0.000518	-2.5e-05
242	0.000107	0.002772	-0.000518	-5.8e-05
243	8e-06	0.007674	0.001522	-9e-05
244	0.000107	0.005864	-0.003282	-9e-05
245	-2.5e-05	0.000765	0.000469	-9e-05
246	-2.5e-05	0.00514	-0.001209	-2.5e-05
247	-2.5e-05	0.000831	0.000897	7.4e-05
248	-5.8e-05	0.001193	-5.8e-05	7.4e-05
249	-9e-05	0.005469	0.000535	7.4e-05
250	-2.5e-05	0.002344	-0.000419	0.000107
251	0.000107	0.00389	0.002706	0.000107
252	0.000107	0.01455	0.002344	7.4e-05
253	0.000173	0.018761	0.006818	-2.5e-05
254	-2.5e-05	0.025669	0.003627	-2.5e-05
255	0.000271	0.030703	-0.000189	-0.000123
256	0.00014	0.037349	0.001061	-0.000123
257	0.00014	0.039586	0.004417	-5.8e-05
258	-2.5e-05	0.04554	0.010306	8e-06
259	-0.000123	0.048008	0.003364	0.000107
260	-9e-05	0.05291	4.1e-05	7.4e-05
261	-0.000123	0.056266	0.000535	0.000173
262	4.1e-05	0.057055	-0.001012	0.00014
263	7.4e-05	0.065642	7.4e-05	4.1e-05
264	0.000107	0.065576	0.001851	-2.5e-05
265	0.000239	0.066629	0.004779	-5.8e-05
266	0.000107	0.0663	0.004186	-9e-05
267	0.00014	0.071991	0.004022	-9e-05
268	8e-06	0.07005	0.010306	-9e-05
269	8e-06	0.073143	0.000535	0.000107
270	-9e-05	0.07413	0.002706	0.000107
271	-9e-05	0.079525	0.008694	0.00014
272	0.000337	0.076729	0.007016	0.00014
273	-5.8e-05	0.070346	0.002903	0.00014
274	0.000107	0.06653	-0.000123	4.1e-05
275	4.1e-05	0.064063	0.001587	-2.5e-05
276	7.4e-05	0.061595	-0.002163	-5.8e-05
277	0.000206	0.061069	0.001258	-5.8e-05
278	0.000107	0.060213	7.4e-05	-9e-05
279	4.1e-05	0.060608	0.000568	-2.5e-05
280	-5.8e-05	0.061562	0.004548	7.4e-05
281	-5.8e-05	0.061694	0.009812	4.1e-05
282	-9e-05	0.060181	0.000304	0.000173
283	-0.000288	0.050936	0.003232	0.00014
284	-2.5e-05	0.051495	0.001554	0.000107
285	0.000107	0.038665	0.003002	0.000107
286	7.4e-05	0.041395	0.003561	-2.5e-05
287	0.00014	0.028926	-0.001341	-2.5e-05
288	0.000107	0.00139	0.000502	-0.000123
289	0.000107	0.006062	0.006851	-9e-05
290	8e-06	0.010832	0.005601	-5.8e-05
291	0.000107	7.4e-05	0.003726	-2.5e-05
292	-5.8e-05	0.005831	0.011391	7.4e-05
293	-0.000156	0.007279	0.007509	0.000107
294	-0.000123	0.008068	0.00514	0.000107
295	4.1e-05	0.008891	0.003825	0.000206
296	-9e-05	0.013003	-0.000946	8e-06
297	0.000107	-0.0044	0.003364	8e-06
298	0.000107	-0.000617	0.00162	-5.8e-05
299	0.000173	0.006555	0.002739	-0.000123
300	0.00014	0.000502	0.002607	-5.8e-05
301	-2.5e-05	-0.004894	0.008562	-9e-05
302	8e-06	0.002048	0.015997	0.000107
303	-9e-05	0.01251	0.019452	7.4e-05
304	-9e-05	0.011951	0.022182	7.4e-05
305	-9e-05	0.019254	0.027479	0.000107
306	-9e-05	0.025077	0.021623	4.1e-05
307	4.1e-05	0.030374	0.022281	7.4e-05
308	7.4e-05	0.033861	0.025604	-5.8e-05
309	7.4e-05	0.041033	0.027775	-9e-05
310	0.000107	0.04258	0.028828	-0.000123
311	0.000107	0.04758	0.030604	-0.000123
312	4.1e-05	0.0511	0.033039	-5.8e-05
313	-2.5e-05	0.053568	0.020471	-2.5e-05
314	-2.5e-05	0.059259	0.021919	7.4e-05
315	-0.000123	0.05722	0.024748	0.00014
316	-2.5e-05	0.062878	0.024814	7.4e-05
317	-5.8e-05	0.061003	0.028597	0.000173
318	7.4e-05	0.064786	0.028466	0.000107
319	0.000107	0.064622	0.02409	8e-06
320	4.1e-05	0.069557	0.024715	-5.8e-05
321	0.000173	0.06903	0.019484	-5.8e-05
322	0.000173	0.071564	0.015208	-5.8e-05
323	8e-06	0.071662	0.018596	-0.000156
324	8e-06	0.073965	0.007378	4.1e-05
325	-2.5e-05	0.073241	0.009746	0.000107
326	-9e-05	0.073932	0.013102	7.4e-05
327	-2.5e-05	0.067747	0.010141	0.00014
328	-5.8e-05	0.049094	0.019386	0.000107
329	0.000107	0.036658	0.021327	4.1e-05
330	0.000107	0.035046	0.025505	8e-06
331	0.000206	0.039454	0.029025	-5.8e-05
332	8e-06	0.041691	0.029157	-5.8e-05
333	0.000337	0.051693	0.006884	-5.8e-05
334	0.000206	0.052153	0.006062	-9e-05
335	4.1e-05	0.05768	0.004022	7.4e-05
336	8e-06	0.056233	0.006983	4.1e-05
337	-2.5e-05	0.061595	0.009253	0.00014
338	-9e-05	0.054851	0.005831	7.4e-05
339	-9e-05	0.052844	0.015569	7.4e-05
340	7.4e-05	0.053502	0.017511	0.00014
341	4.1e-05	0.058207	0.023531	4.1e-05
342	7.4e-05	0.055542	0.018267	0.002278
343	7.4e-05	0.046429	0.016293	0.006588
344	0.00014	0.024452	0.023235	0.00695
345	4.1e-05	0.02817	0.02692	0.015668
346	-9e-05	0.03748	0.018234	0.018892
347	-5.8e-05	0.037743	0.024715	0.023597
348	-0.000156	0.046198	0.004186	0.028959
349	-9e-05	0.050081	0.000206	0.032874
350	-2.5e-05	0.055904	0.004614	0.035144
351	0.000107	0.054686	0.003857	0.037579
352	7.4e-05	0.05949	0.005897	0.031624
353	7.4e-05	0.057746	0.000995	0.031986
354	0.000173	0.0612	0.004022	0.030506
355	0.00014	0.064622	0.004779	0.035802
356	4.1e-05	0.065872	0.006818	0.038632
357	8e-06	0.066431	0.002377	0.043139
358	-9e-05	0.068109	0.006325	0.044915
359	-5.8e-05	0.070873	0.000666	0.047712
360	-9e-05	0.074952	0.00287	0.048699
361	-5.8e-05	0.075182	0.002936	0.05722
362	4.1e-05	0.072748	0.005075	0.056726
363	4.1e-05	0.075577	0.006127	0.06222
364	0.000107	0.072156	0.00343	0.064951
365	0.00014	0.073603	0.001883	0.06778
366	0.000107	0.074689	0.004976	0.069195
367	7.4e-05	0.072583	-0.00088	0.067056
368	-2.5e-05	0.074163	0.001456	0.072649
369	-2.5e-05	0.075972	0.000633	0.071925
370	-9e-05	0.077025	0.000436	0.076531
371	-9e-05	0.079459	0.000765	0.079657
372	-5.8e-05	0.078143	0.001686	0.082782
373	8e-06	0.082914	0.000897	0.082815
374	0.000107	0.083901	0.001291	0.082947
375	0.000107	0.084328	0.001554	0.083078
376	0.000107	0.086434	0.000995	0.086072
377	0.000173	0.083901	0.00593	0.084986
378	7.4e-05	0.088013	-0.001209	0.079755
379	8e-06	0.086664	0.001193	0.073669
380	-9e-05	0.084328	-0.000123	0.057845
381	-9e-05	0.079657	0.000239	0.05268
382	-9e-05	0.080183	-0.000255	0.033401
383	-2.5e-05	0.074524	0.002377	0.018892
384	-2.5e-05	0.073176	8e-06	0.009121
385	0.000107	0.067714	8e-06	0.006029
386	0.000107	0.060937	0.000107	0.0006
387	0.000107	0.052943	4.1e-05	8e-06
388	0.000107	0.051989	0.00014	0.00014
389	0.000107	0.028926	0.000436	0.000304
390	-2.5e-05	0.010141	-2.5e-05	-9e-05
391	-5.8e-05	0.01524	-0.000156	0.000535
392	-5.8e-05	0.021557	0.000206	7.4e-05
393	-9e-05	0.0284	0.000239	0.00037
394	-2.5e-05	0.026558	-0.000189	0.000271
395	8e-06	0.034848	-0.000189	-0.001077
396	7.4e-05	0.035769	-2.5e-05	0.000502
397	0.000107	0.042974	-0.000123	-0.00065
398	7.4e-05	0.046067	-2.5e-05	-0.000222
399	0.000107	0.056101	8e-06	0.000271
400	0.000107	0.051956	0.000107	0.000864
401	-9e-05	0.056035	4.1e-05	-0.000979
402	8e-06	0.049126	0.00014	0.007213
403	-9e-05	0.028038	0.000206	0.011523
404	-5.8e-05	0.002245	0.00014	0.019748
405	-0.000123	0.00218	0.00014	0.02465
406	-2.5e-05	0.003232	-2.5e-05	0.027775
407	0.000107	0.005042	-5.8e-05	0.035572
408	0.000107	0.012674	-5.8e-05	0.036526
409	0.000107	0.018465	-0.000123	0.042251
410	0.00014	0.027446	-5.8e-05	0.03827
411	7.4e-05	0.03192	8e-06	0.026295
412	7.4e-05	0.03317	4.1e-05	0.022774
413	-5.8e-05	0.040211	0.000107	0.016063
414	-5.8e-05	0.047975	0.000107	0.018596
415	-0.000123	0.048896	0.000173	0.026229
416	-9e-05	0.055575	8e-06	0.027479
417	4.1e-05	0.060509	8e-06	0.034223
418	4.1e-05	0.060279	-9e-05	0.041165
419	0.00014	0.061924	-5.8e-05	0.045672
420	7.4e-05	0.061299	-5.8e-05	0.048666
421	0.00014	0.05972	-2.5e-05	0.054357
422	7.4e-05	0.059424	-2.5e-05	0.059917
423	8e-06	0.060575	7.4e-05	0.067221
424	-5.8e-05	0.064786	0.000107	0.069557
425	-9e-05	0.069623	4.1e-05	0.074261
426	-9e-05	0.068537	0.00014	0.075709
427	-9e-05	0.072847	0.000107	0.076729
428	8e-06	0.076663	0.00014	0.082716
429	7.4e-05	0.079723	-0.000123	0.080446
430	4.1e-05	0.082157	0.000107	0.085217
431	0.00014	0.088671	-2.5e-05	0.084263
432	0.000107	0.090842	0.000107	0.088868
433	7.4e-05	0.089428	7.4e-05	0.088868
434	8e-06	0.094297	4.1e-05	0.026558
435	-9e-05	0.093408	0.00014	0.030275
436	-9e-05	0.100186	0.00014	0.035144
437	-9e-05	0.100317	0.000173	0.031295
438	4.1e-05	0.094494	0.000107	0.035342
439	8e-06	0.101041	0.000107	0.041231
440	7.4e-05	0.102522	-0.000189	0.048271
441	0.000107	0.099363	8e-06	0.054785
442	0.00014	0.101962	-0.000123	0.059884
443	0.000107	0.105318	0.000831	0.064556
444	0.00014	0.10614	-2.5e-05	0.041165
445	8e-06	0.106733	-0.000222	0.038138
446	-5.8e-05	0.105943	8e-06	0.043205
447	-2.5e-05	0.11045	0.000206	0.042382
448	-9e-05	0.111141	0.00014	0.042251
449	-0.000156	0.109891	-0.000222	0.045277
450	8e-06	0.111766	-0.00088	0.035276
451	8e-06	0.101633	0.000535	0.023893
452	0.000107	0.108805	0.000107	0.020998
453	7.4e-05	0.109825	0.000107	0.027018
454	0.00014	0.109364	-0.000354	0.02386
455	0.000107	0.106502	0.000271	0.001456
456	4.1e-05	0.105351	0.000239	0.001719
457	-2.5e-05	0.10466	0.000107	0.002147
458	-5.8e-05	0.106996	0.000173	0.004417
459	-9e-05	0.10693	0.000173	0.012016
460	-0.000123	0.103772	4.1e-05	0.006226
461	-5.8e-05	0.106338	-2.5e-05	0.006062
462	0.000107	0.103278	-2.5e-05	0.001883
463	0.000107	0.105153	-0.000123	0.001291
464	0.00014	0.103377	-5.8e-05	0.002739
465	0.000173	0.09581	-2.5e-05	0.000765
466	0.000107	0.092915	4.1e-05	0.000699
467	4.1e-05	0.094395	7.4e-05	-0.000387
468	-5.8e-05	0.091764	0.000206	0.000995
469	-5.8e-05	0.09354	0.000107	0.000535
470	-9e-05	0.091073	0.000206	0.000765
471	-0.000156	0.097126	0.000206	0.000173
472	-2.5e-05	0.095876	0.000173	0.000469
473	4.1e-05	0.098212	-5.8e-05	0.000831
474	0.00014	0.096008	-9e-05	0.000897
475	7.4e-05	0.100317	-5.8e-05	-0.000387
476	0.000107	0.102653	-0.000222	0.000173
477	0.000107	0.102719	7.4e-05	-9e-05
478	8e-06	0.10716	4.1e-05	7.4e-05
479	-2.5e-05	0.10897	0.00014	8e-06
480	-2.5e-05	0.11295	0.000107	0.000271
481	-0.000156	0.109792	0.00014	4.1e-05
482	-5.8e-05	0.110286	0.000107	-0.000222
483	-5.8e-05	0.114497	-2.5e-05	0.000271
484	4.1e-05	0.11499	-0.000123	-9e-05
485	7.4e-05	0.115615	0.00014	0.000337
486	0.000107	0.117622	-0.000255	-0.000354
487	0.000173	0.115813	0.00218	0.000633
488	4.1e-05	0.117787	0.000206	-0.000189
489	8e-06	0.117162	0.00037	0.000831
490	-5.8e-05	0.115352	0.00014	4.1e-05
491	-9e-05	0.114003	7.4e-05	0.000271
492	-9e-05	0.112819	0.000173	0.000107
493	-0.000123	0.113049	0.000206	0.000337
494	-5.8e-05	0.107325	7.4e-05	0.000337
495	4.1e-05	0.104923	-5.8e-05	7.4e-05
496	4.1e-05	0.107884	8e-06	7.4e-05
497	0.00014	0.110648	-9e-05	-2.5e-05
498	0.00014	0.10614	-0.000288	0.000337
499	0.000107	0.108937	-2.5e-05	4.1e-05
500	7.4e-05	0.108114	0.000107	0.000304
501	-2.5e-05	0.114135	7.4e-05	7.4e-05
502	-5.8e-05	0.11022	0.000173	0.00037
503	-0.000123	0.113576	0.000206	-0.001571
504	-2.5e-05	0.113674	0.000107	0.00014
505	-5.8e-05	0.112227	0.00014	0.00037
506	7.4e-05	0.113576	-5.8e-05	0.00264
507	0.000107	0.113049	-2.5e-05	0.00491
508	7.4e-05	0.117359	-9e-05	0.005568
509	0.000107	0.118971	-0.000123	0.003199
510	0.00014	0.116964	8e-06	0.00491
511	7.4e-05	0.117918	4.1e-05	0.003759
512	8e-06	0.11907	0.000173	0.003265
513	-9e-05	0.117227	0.00014	0.002081
514	-9e-05	0.120846	0.000107	0.000765
515	-2.5e-05	0.121044	0.000239	0.000831
516	-5.8e-05	0.123314	7.4e-05	0.000206
517	-2.5e-05	0.120057	-2.5e-05	0.000732
518	7.4e-05	0.124103	-9e-05	0.00037
519	0.000107	0.122689	-0.000123	-0.000288
520	0.000107	0.122327	-9e-05	0.000271
521	0.00014	0.122425	-5.8e-05	0.000107
522	0.000107	0.119958	4.1e-05	-0.000452
523	-2.5e-05	0.123281	4.1e-05	0.000535
524	-9e-05	0.120616	0.00014	0.000732
525	-5.8e-05	0.123149	0.000173	0.005075
526	-0.000123	0.12282	0.00014	0.002509
527	-5.8e-05	0.124893	4.1e-05	0.001752
528	7.4e-05	0.122754	-5.8e-05	0.001686
529	0.000107	0.125057	-0.000156	-0.000419
530	0.000107	0.121373	0.000206	0.001423
531	0.000107	0.123676	-0.000123	0.002673
532	0.000173	0.11907	0.000206	0.002673
533	4.1e-05	0.117951	0.001916	-9e-05
534	-2.5e-05	0.114102	0.000239	0.002673
535	-5.8e-05	0.088145	0.002048	-2.5e-05
536	-9e-05	0.086631	0.000995	0.000831
537	-9e-05	0.062648	0.005798	0.001719
538	-0.000123	0.059194	0.004877	0.001949
539	4.1e-05	0.054621	0.003101	-0.000419
540	4.1e-05	0.050673	0.006555	-0.000452
541	7.4e-05	0.05212	0.008529	0.0006
542	0.000107	0.054719	0.008726	0.000206
543	0.000107	0.042448	0.022741	-0.000189
544	7.4e-05	0.042316	0.008134	0.000239
545	-2.5e-05	0.026163	0.001423	0.000765
546	8e-06	0.032052	0.005864	0.000271
547	-5.8e-05	0.024419	0.000271	0.000271
548	-0.000123	0.033598	0.000239	0.000239
549	-5.8e-05	0.032085	-9e-05	-0.000156
550	8e-06	0.025604	-2.5e-05	0.00014
551	8e-06	0.019287	-0.000123	0.000206
552	0.00014	0.022347	8e-06	-0.000123
553	4.1e-05	0.027282	-9e-05	0.000173
554	0.00014	0.031822	8e-06	-0.000255
555	0.000107	0.032578	4.1e-05	0.000436
556	-9e-05	0.028071	4.1e-05	-5.8e-05
557	-5.8e-05	0.025867	0.000107	0.000206
558	-9e-05	0.027676	0.000107	0.000173
559	-2.5e-05	0.020373	0.00014	0.000107
560	-2.5e-05	0.027216	0.000107	0.00014
561	8e-06	0.035638	-2.5e-05	0.000304
562	7.4e-05	0.031558	-2.5e-05	4.1e-05
563	0.000107	0.029913	-5.8e-05	4.1e-05
564	0.00014	0.022248	-0.000123	-5.8e-05
565	0.000107	0.027282	-2.5e-05	-0.000156
566	4.1e-05	0.027446	4.1e-05	-9e-05
567	-2.5e-05	0.029288	8e-06	-2.5e-05
568	-5.8e-05	0.031328	7.4e-05	4.1e-05
569	-0.000156	0.02863	0.000568	7.4e-05
570	8e-06	0.029453	0.000271	0.00014
571	-5.8e-05	0.035408	0.000107	0.000107
572	7.4e-05	0.031394	8e-06	0.000107
573	8e-06	0.030769	-2.5e-05	4.1e-05
574	7.4e-05	0.028236	-0.000156	-5.8e-05
575	0.00014	0.021524	-2.5e-05	-9e-05
576	0.000107	0.024748	-9e-05	-9e-05
577	0.000107	0.031328	0.00014	-9e-05
578	-2.5e-05	0.031229	7.4e-05	-2.5e-05
579	-2.5e-05	0.033763	0.000173	8e-06
580	-5.8e-05	0.041593	0.000206	0.000107
581	-5.8e-05	0.043073	7.4e-05	0.000107
582	-5.8e-05	0.046692	0.00014	0.00014
583	8e-06	0.049192	4.1e-05	0.000107
584	4.1e-05	0.052581	-2.5e-05	4.1e-05
585	0.000107	0.052351	-0.000123	-5.8e-05
586	0.000107	0.05393	-0.000156	-5.8e-05
587	0.000173	0.054818	-0.000123	-2.5e-05
588	7.4e-05	0.055279	8e-06	-0.000156
589	4.1e-05	0.047416	4.1e-05	-9e-05
590	-5.8e-05	0.001916	0.000271	4.1e-05
591	-0.000123	0.005897	8e-06	0.000107
592	-5.8e-05	0.000173	0.001028	0.000107
593	-0.000123	-0.000748	0.003956	0.00014
594	4.1e-05	0.002607	0.001028	0.000107
595	7.4e-05	0.010931	0.000436	0.00014
596	0.000107	0.011753	0.000568	-2.5e-05
597	0.000107	0.018761	-0.001045	-2.5e-05
598	0.00014	0.022083	0.010536	-5.8e-05
599	0.000107	0.029946	0.014155	-0.000123
600	8e-06	0.030867	0.016688	-5.8e-05
601	-9e-05	0.033039	0.019353	7.4e-05
602	-5.8e-05	0.042316	0.013892	0.000107
603	-0.000123	0.042645	0.019846	0.000107
604	7.4e-05	0.044817	0.021787	0.000107
605	8e-06	0.046527	0.028236	0.000173
606	4.1e-05	0.053239	0.025538	7.4e-05
607	0.000107	0.044159	0.027939	8e-06
608	0.000107	0.050081	0.033796	-2.5e-05
609	7.4e-05	0.052548	0.037875	-0.000156
610	7.4e-05	0.052351	0.04054	-5.8e-05
611	8e-06	0.037151	0.043007	-2.5e-05
612	-5.8e-05	0.036329	0.047778	4.1e-05
613	-9e-05	0.040474	0.051002	4.1e-05
614	-5.8e-05	0.013299	0.052614	0.000107
615	-0.000189	-2.5e-05	0.053535	0.00014
616	-9e-05	0.000107	0.055509	0.00014
617	4.1e-05	-0.002295	0.057384	0.000107
618	7.4e-05	0.007937	0.054061	-2.5e-05
619	0.00014	0.007937	0.04304	-2.5e-05
620	0.00014	0.002311	0.038665	-9e-05
621	0.000107	0.001489	0.03748	-5.8e-05
622	4.1e-05	0.001291	0.026262	-9e-05
623	-2.5e-05	0.005897	0.020208	4.1e-05
624	-5.8e-05	0.01228	0.017116	7.4e-05
625	-5.8e-05	0.017642	0.021557	0.00014
626	-0.000123	0.00774	0.026558	0.000107
627	8e-06	0.012839	0.03498	0.000107
628	4.1e-05	0.002706	0.039849	8e-06
629	0.000107	0.006522	0.045113	-5.8e-05
630	7.4e-05	0.011885	0.04939	-9e-05
631	0.00014	0.01932	0.054917	-5.8e-05
632	0.00014	0.021623	0.058634	-9e-05
633	8e-06	0.027084	0.065214	-5.8e-05
634	-9e-05	0.030012	0.066826	7.4e-05
635	-2.5e-05	0.036427	0.07084	0.000107
636	-9e-05	0.040902	0.073373	0.000107
637	-9e-05	0.036	0.074195	0.00014
638	-9e-05	0.033861	0.077847	7.4e-05
639	4.1e-05	0.041428	0.070807	0.000107
640	0.000107	0.016853	0.036493	-5.8e-05
641	0.000107	0.022577	0.008825	-9e-05
642	0.00014	0.028795	0.004746	-9e-05
643	0.000107	0.013957	0.002147	-0.000123
644	7.4e-05	0.010931	0.005798	-2.5e-05
645	-5.8e-05	0.006555	0.003923	-2.5e-05
646	-9e-05	0.008628	0.001456	7.4e-05
647	-9e-05	0.00037	0.000173	0.000173
648	-0.000123	0.00616	0.002574	0.00014
649	-2.5e-05	0.004746	8e-06	0.000206
650	0.000107	0.004746	0.003035	-0.000156
651	7.4e-05	0.011457	0.003726	8e-06
652	0.000107	0.011325	0.007411	-2.5e-05
653	0.000107	0.01478	0.005864	-5.8e-05
654	0.000107	0.017839	0.01001	-2.5e-05
655	4.1e-05	0.017576	0.015734	4.1e-05
656	-5.8e-05	0.016458	0.021787	-0.000123
657	-2.5e-05	0.014089	0.026031	0.000107
658	-9e-05	0.013365	0.032743	0.000173
659	-5.8e-05	0.006687	0.038862	-2.5e-05
660	-5.8e-05	0.004943	0.039849	0.00139
661	8e-06	0.015109	0.043731	0.00139
662	0.000107	0.009812	0.038961	0.00287
663	0.000107	0.01024	0.004351	0.001587
664	0.000107	0.006292	0.003232	0.004746
665	7.4e-05	0.007345	0.010042	0.004877
666	7.4e-05	0.00945	0.009154	0.002278
667	-2.5e-05	0.007608	0.011194	0.001719
668	-5.8e-05	0.00672	0.017774	0.002903
669	-9e-05	0.00491	0.023301	0.002311
670	-0.000123	0.002969	0.031427	0.006391
671	-5.8e-05	0.007114	0.036921	0.007147
672	8e-06	7.4e-05	0.039191	0.001522
673	4.1e-05	0.000831	0.048205	0.005601
674	0.000107	0.005601	0.049587	0.003265
675	0.000107	0.001982	0.052482	0.004581
676	0.000107	0.00797	0.057581	0.001324
677	0.000107	0.000107	0.060345	0.001028
678	-2.5e-05	0.000206	0.067945	-0.002986
679	-2.5e-05	-0.000387	0.066662	0.006127
680	-9e-05	0.00343	0.070873	0.005437
681	-0.000123	-0.000123	0.074031	0.008266
682	8e-06	4.1e-05	0.074195	0.007937
683	8e-06	-0.000189	0.076729	0.006753
684	7.4e-05	0.000502	0.081006	0.010174
685	0.000107	7.4e-05	0.084065	0.00899
686	0.000107	0.000469	0.087059	0.006029
687	0.000173	0.004614	0.088178	0.004384
688	7.4e-05	0.005535	0.08673	0.008496
689	-5.8e-05	-0.000584	0.091533	0.003035
690	-5.8e-05	0.003693	0.088276	0.000107
691	-0.000156	0.001949	0.090777	0.000107
692	-5.8e-05	0.001061	0.093244	-0.000321
693	-9e-05	-2.5e-05	0.095317	0.000929
694	4.1e-05	-0.001077	0.083736	0.004647
695	4.1e-05	0.002147	0.086368	0.001193
696	0.000107	4.1e-05	0.088868	0.005239
697	0.00014	0.000107	0.090974	0.002607
698	0.000107	0.000107	0.080644	0.004713
699	4.1e-05	0.000107	0.077354	0.003068
700	-5.8e-05	0.000403	0.078242	0.013168
701	-9e-05	7.4e-05	0.081038	0.019616
702	-5.8e-05	4.1e-05	0.082552	0.021689
703	-0.000123	0.000403	0.084164	0.028565
704	-5.8e-05	0.004976	0.084098	0.029223
705	4.1e-05	0.004811	0.086829	0.02817
706	0.000107	-0.000189	0.08821	0.030111
707	0.000173	0.000929	0.086105	0.030571
708	0.000107	0.00366	0.087026	0.031657
709	0.00014	0.001028	0.087454	0.035276
710	0.000107	0.005404	0.080677	-0.000584
711	-5.8e-05	0.002081	0.079361	-5.8e-05
712	-5.8e-05	0.00491	0.073209	7.4e-05
713	-5.8e-05	0.002903	0.061595	0.000107
714	-9e-05	0.001949	0.055311	0.000107
715	8e-06	0.003101	0.041658	0.000337
716	8e-06	0.00014	0.035704	0.000107
717	0.000173	0.000897	0.021327	-5.8e-05
718	0.00014	0.000929	0.012477	-5.8e-05
719	0.00014	0.00014	0.015372	-9e-05
720	0.000107	0.000107	0.023005	-0.000123
721	7.4e-05	0.000173	0.024321	-9e-05
722	8e-06	0.000206	0.006062	4.1e-05
723	-5.8e-05	0.000864	0.000568	7.4e-05
724	-5.8e-05	0.000107	0.001916	0.000107
725	-0.000123	4.1e-05	0.001456	0.000107
726	-0.000123	8e-06	0.007542	-2.5e-05
727	7.4e-05	-5.8e-05	0.014879	0.000107
728	4.1e-05	-0.000255	0.017675	0.000864
729	7.4e-05	0.000732	0.015273	-0.000255
730	4.1e-05	4.1e-05	0.015569	0.000732
731	4.1e-05	0.00241	0.016195	-0.000716
732	4.1e-05	0.000107	0.01455	0.003561
733	8e-06	0.003002	0.001752	0.010503
734	-2.5e-05	0.004022	0.001818	0.011325
735	-9e-05	0.002048	0.00241	0.022643
736	-9e-05	0.005667	0.002838	0.023268
737	-0.000156	0.009615	0.002936	0.025604
738	4.1e-05	0.008891	0.003759	0.031986
739	0.000107	0.006884	0.006193	0.034717
740	0.000107	0.004647	0.011293	0.028795
741	7.4e-05	0.003496	0.008595	0.023005
742	0.00014	0.00468	0.013628	0.011885
743	4.1e-05	0.00774	0.013168	0.006489
744	-2.5e-05	0.013859	0.005469	0.003528
745	-5.8e-05	0.013069	0.004746	0.000897
746	-5.8e-05	0.017478	0.008365	-0.000617
747	-9e-05	0.01955	0.0057	0.000929
748	-0.000156	0.02261	0.006555	0.001752
749	8e-06	0.021491	0.006259	4.1e-05
750	4.1e-05	0.024057	0.009713	0.001357
751	4.1e-05	0.021129	0.006753	-9e-05
752	0.000107	0.016063	-0.000913	-2.5e-05
753	0.000173	0.021294	0.001258	0.000271
754	7.4e-05	0.020768	0.003923	0.000239
755	4.1e-05	0.026492	0.005996	0.00116
756	-2.5e-05	0.027479	0.002607	0.000633
757	-9e-05	0.030341	0.002476	0.000239
758	-5.8e-05	0.02965	0.000239	0.001324
759	-0.000156	0.035671	0.001061	-5.8e-05
760	8e-06	0.035835	0.000206	0.007213
761	8e-06	0.041231	4.1e-05	0.002739
762	0.00014	0.036427	-0.000123	-5.8e-05
763	0.00014	0.037645	0.001522	-0.000123
764	0.00014	0.026953	0.001094	-5.8e-05
765	0.000107	0.025801	0.002838	-0.000354
766	-5.8e-05	0.024617	-0.000452	0.003167
767	-2.5e-05	0.022741	0.006259	0.006095
768	-5.8e-05	0.021952	-0.001176	0.011753
769	-5.8e-05	0.026788	0.004285	0.018497
770	0.000239	0.023038	0.002443	0.020439
771	-5.8e-05	0.02636	0.000633	0.022972
772	8e-06	0.029584	0.000798	0.025571
773	7.4e-05	0.024617	0.001686	0.035704
774	4.1e-05	0.025242	0.002936	0.035342
775	0.000107	0.023959	0.002245	0.044126
776	7.4e-05	0.022741	0.002673	0.047284
777	8e-06	0.018859	0.00037	0.052449
778	-5.8e-05	0.016688	0.000337	0.052976
779	-5.8e-05	0.014221	-0.000485	0.060082
780	-9e-05	0.009516	-0.001242	0.061858
781	-0.000222	0.013431	0.000337	0.069754
782	-2.5e-05	0.012543	0.000897	0.074393
783	4.1e-05	0.00241	0.002245	0.076137
784	7.4e-05	0.005535	0.001522	0.083243
785	0.00014	0.004746	0.002015	0.086829
786	0.00014	0.001258	0.000897	0.089296
787	0.000173	0.003364	-2.5e-05	0.094428
788	4.1e-05	0.000568	0.001028	0.09785
789	-5.8e-05	0.001423	0.000666	0.097916
790	8e-06	0.004713	0.000107	0.103048
791	8e-06	0.004154	4.1e-05	0.108641
792	-5.8e-05	0.000206	0.000502	0.108772
793	4.1e-05	0.001785	0.000798	0.11147
794	4.1e-05	-9e-05	-0.000288	0.114826
795	7.4e-05	0.000403	0.000535	0.118642
796	0.000107	0.000304	-0.000222	0.120813
797	0.00014	0.000732	-0.001768	0.124827
798	7.4e-05	0.000337	-9e-05	0.119793
799	8e-06	0.000469	0.000535	0.070577
800	-5.8e-05	-0.001012	0.000173	0.016392
801	-9e-05	0.00014	0.000403	0.007509
802	-9e-05	-5.8e-05	0.000436	0.003265
803	-9e-05	0.000304	0.000173	0.012411
804	-5.8e-05	-5.8e-05	-5.8e-05	0.017214
805	4.1e-05	0.000107	0.00014	0.009516
806	4.1e-05	-0.000452	-2.5e-05	0.007575
807	0.00014	0.000107	-9e-05	0.006062
808	0.000107	0.000206	-0.000189	0.008496
809	7.4e-05	7.4e-05	4.1e-05	0.00695
810	8e-06	0.000699	-2.5e-05	0.007871
811	-9e-05	7.4e-05	0.000107	0.011424
812	-2.5e-05	7.4e-05	0.000239	0.007575
813	-0.000123	8e-06	0.000107	4.1e-05
814	-9e-05	-0.000123	0.000337	8e-06
815	-5.8e-05	-5.8e-05	4.1e-05	4.1e-05
816	8e-06	-9e-05	8e-06	-5.8e-05
817	0.00014	-5.8e-05	8e-06	4.1e-05
818	7.4e-05	0.000107	4.1e-05	0.005667
819	0.00014	8e-06	8e-06	0.008595
820	0.00014	0.000107	0.000633	0.013201
821	4.1e-05	0.000107	0.000568	0.017379
822	8e-06	0.000107	0.000271	0.018629
823	-9e-05	0.00014	0.001127	0.026295
824	-0.000123	-2.5e-05	-0.000321	0.03146
825	-0.000123	8e-06	0.000173	0.034914
826	-5.8e-05	-9e-05	8e-06	0.028828
827	4.1e-05	-0.000123	-5.8e-05	0.015701
828	0.000107	-5.8e-05	-0.000123	0.007016
829	7.4e-05	0.000107	7.4e-05	-0.000222
830	0.000107	4.1e-05	-0.001012	0.007509
831	7.4e-05	0.000107	-9e-05	0.000798
832	0.00014	0.000107	8e-06	0.000732
833	-5.8e-05	0.000107	0.00014	0.000535
834	-2.5e-05	4.1e-05	0.001916	0.003463
835	-9e-05	-2.5e-05	-2.5e-05	0.00014
836	-9e-05	-9e-05	0.001423	0.000173
837	-5.8e-05	-9e-05	0.000765	0.000173
838	7.4e-05	-9e-05	0.000568	0.00014
839	7.4e-05	8e-06	7.4e-05	7.4e-05
840	7.4e-05	7.4e-05	0.000107	8e-06
841	0.000107	0.000107	-0.000551	-9e-05
842	0.00014	0.000173	-0.001143	-0.000123
843	7.4e-05	0.000173	0.000239	0.000107
844	-2.5e-05	0.000107	0.001258	4.1e-05
845	-9e-05	7.4e-05	0.00162	0.000107
846	-0.000189	4.1e-05	0.001324	4.1e-05
847	-5.8e-05	-0.000123	-0.002328	0.00014
848	-9e-05	-5.8e-05	0.002081	0.000107
849	7.4e-05	-0.000156	-0.000387	0.00014
850	0.000107	-2.5e-05	-0.000847	8e-06
851	0.000107	8e-06	0.002772	-2.5e-05
852	0.00014	4.1e-05	0.00287	-5.8e-05
853	0.000107	0.000107	0.001225	-0.000156
854	0.000107	0.000107	0.001522	-5.8e-05
855	-5.8e-05	0.000107	0.000732	8e-06
856	-9e-05	7.4e-05	0.003956	0.000304
857	-2.5e-05	-5.8e-05	0.005075	7.4e-05
858	-9e-05	-5.8e-05	-0.001834	0.000173
859	-2.5e-05	-9e-05	0.003923	0.000107
860	4.1e-05	-0.000123	0.004022	0.00014
861	8e-06	-5.8e-05	0.002574	-2.5e-05
862	0.00014	4.1e-05	0.000831	0.002015
863	4.1e-05	0.00014	0.002541	4.1e-05
864	0.00014	7.4e-05	0.004219	-0.000123
865	7.4e-05	7.4e-05	0.002772	-0.002459
866	-5.8e-05	0.000107	0.002739	0.000173
867	-5.8e-05	4.1e-05	0.001785	0.000239
868	-0.000123	-2.5e-05	0.003825	0.000107
869	-5.8e-05	-9e-05	0.001719	0.000239
870	-5.8e-05	-9e-05	0.006753	-0.001768
871	4.1e-05	-9e-05	0.003726	0.000304
872	7.4e-05	-2.5e-05	0.004515	7.4e-05
873	0.000107	8e-06	0.007476	0.000403
874	7.4e-05	7.4e-05	0.00514	-0.000189
875	0.00014	7.4e-05	0.006292	-5.8e-05
876	4.1e-05	0.000107	0.007378	-0.000189
877	8e-06	0.000173	0.006522	0.00014
878	-9e-05	7.4e-05	0.005864	7.4e-05
879	-9e-05	8e-06	0.009977	0.000107
880	-5.8e-05	-9e-05	0.012148	0.00014
881	-9e-05	-9e-05	0.00616	0.000107
882	8e-06	-0.000123	0.009746	0.000107
883	4.1e-05	-9e-05	0.007871	0.000107
884	7.4e-05	8e-06	0.006983	-0.000156
885	0.00014	4.1e-05	0.012115	-0.000156
886	0.000107	0.000107	0.008628	-2.5e-05
887	0.00014	7.4e-05	0.009944	-0.000123
888	-2.5e-05	0.00014	0.010404	4.1e-05
889	-2.5e-05	4.1e-05	0.011194	7.4e-05
890	-9e-05	8e-06	0.011358	0.000206
891	-0.000123	-5.8e-05	0.012609	0.000436
892	-9e-05	-5.8e-05	0.011095	0.000271
893	-2.5e-05	-9e-05	0.014582	0.000107
894	4.1e-05	-9e-05	0.013003	0.000107
895	7.4e-05	7.4e-05	0.013694	0.0006
896	7.4e-05	7.4e-05	0.01501	0.000107
897	0.00014	0.00014	0.017379	0.007016
898	0.000107	0.00014	0.020504	0.009977
899	-5.8e-05	0.00014	0.022774	0.001916
900	-5.8e-05	7.4e-05	0.027117	0.000699
901	-0.000123	7.4e-05	0.031953	0.000107
902	-5.8e-05	-9e-05	0.035671	0.000469
903	-0.000156	-0.000156	0.032677	0.000403
904	8e-06	-0.000123	0.039553	4.1e-05
905	4.1e-05	8e-06	0.038665	0.00241
906	7.4e-05	4.1e-05	0.044586	0.000535
907	0.000107	0.00014	0.048468	0.001258
908	0.000107	0.00014	0.050377	0.013299
909	7.4e-05	7.4e-05	0.051594	0.002805
910	-2.5e-05	0.000173	0.056397	0.001818
911	-9e-05	7.4e-05	0.054719	0.002541
912	-5.8e-05	8e-06	0.057581	0.006062
913	-0.000123	-2.5e-05	0.060542	0.012049
914	-2.5e-05	8e-06	0.060575	0.019188
915	-2.5e-05	-0.000123	0.06551	-0.000387
916	4.1e-05	-9e-05	0.068603	0.007147
917	0.000107	8e-06	0.067912	0.012378
918	0.000107	0.00014	0.069195	0.017214
919	0.00014	0.00014	0.074952	0.022643
920	7.4e-05	0.000206	0.069984	0.020274
921	-2.5e-05	-0.000189	0.072551	0.027314
922	-2.5e-05	0.000271	0.073439	0.033368
923	-9e-05	4.1e-05	0.07232	0.03725
924	-5.8e-05	-0.000123	0.075117	0.042481
925	-0.000156	4.1e-05	0.076104	0.050245
926	8e-06	-0.000123	0.081038	0.05949
927	7.4e-05	-0.000222	0.080282	0.06278
928	7.4e-05	0.000206	0.078472	0.066201
929	7.4e-05	0.00037	0.079032	0.072945
930	0.00014	0.000271	0.081203	0.068241
931	4.1e-05	0.000337	0.080677	-9e-05
932	8e-06	0.000173	0.081302	0.001587
933	-5.8e-05	0.000436	0.080841	0.004121
934	-9e-05	0.000173	0.084065	0.006818
935	-0.000123	-0.000354	0.085644	0.01376
936	4.1e-05	-5.8e-05	0.084592	0.021425
937	8e-06	-0.000156	0.088145	0.030078
938	8e-06	-9e-05	0.088572	0.02919
939	0.00014	-5.8e-05	0.090086	0.038401
940	7.4e-05	4.1e-05	0.092389	0.026163
941	0.000107	0.00014	0.093639	0.020011
942	0.000107	0.00014	0.092323	0.017478
943	-2.5e-05	0.000107	0.097159	0.004318
944	-5.8e-05	0.00014	0.098804	0.002476
945	-2.5e-05	8e-06	0.100251	0.000699
946	-9e-05	8e-06	0.102423	0.004055
947	-0.000156	-0.000123	0.103278	0.004088
948	-5.8e-05	-9e-05	0.103377	0.007476
949	4.1e-05	-0.000123	0.106831	0.000173
950	7.4e-05	8e-06	0.108147	-5.8e-05
951	4.1e-05	4.1e-05	0.10943	-5.8e-05
952	0.000173	4.1e-05	0.108937	-0.000156
953	7.4e-05	0.00014	0.108805	0.0057
954	4.1e-05	7.4e-05	0.108016	0.010898
955	-5.8e-05	0.000173	0.111964	0.019024
956	-9e-05	8e-06	0.112062	0.005404
957	-2.5e-05	-2.5e-05	0.111075	4.1e-05
958	-0.000123	-2.5e-05	0.115023	0.004713
959	-5.8e-05	-5.8e-05	0.114957	0.007411
960	8e-06	-9e-05	0.116142	0.009746
961	4.1e-05	8e-06	0.11953	0.016721
962	0.000107	4.1e-05	0.1193	0.023728
963	0.000107	7.4e-05	0.120912	0.019517
964	0.000107	4.1e-05	0.120221	0.016721
965	8e-06	0.000173	0.119925	0.014385
966	-9e-05	0.000107	0.121241	0.010898
967	-5.8e-05	-5.8e-05	0.1193	0.012707
968	-0.000123	-2.5e-05	0.12078	0.014681
969	-9e-05	-2.5e-05	0.118708	0.016162
970	-2.5e-05	-9e-05	0.120419	0.020866
971	-2.5e-05	-9e-05	0.1117	0.024419
972	7.4e-05	-2.5e-05	0.090645	0.031756
973	7.4e-05	4.1e-05	0.075117	0.029157
974	0.000173	7.4e-05	0.067484	0.018465
975	4.1e-05	0.000107	0.05541	0.013694
976	4.1e-05	0.00014	0.055279	0.01251
977	-2.5e-05	7.4e-05	0.015997	0.007542
978	-9e-05	7.4e-05	0.02386	0.011293
979	-9e-05	-2.5e-05	0.020932	0.016096
980	-9e-05	-5.8e-05	0.003792	0.023992
981	-9e-05	-9e-05	0.00162	0.028236
982	4.1e-05	-0.000123	0.001127	0.032118
983	7.4e-05	8e-06	0.009417	0.035638
984	4.1e-05	8e-06	0.0082	0.041165
985	0.00014	0.000107	0.006226	0.038467
986	7.4e-05	0.000107	0.017116	0.046462
987	0.000107	0.000107	0.022083	0.048765
988	-2.5e-05	0.000107	0.015866	0.047745
989	-9e-05	8e-06	0.017576	0.054588
990	-9e-05	-2.5e-05	0.019452	0.056989
991	-9e-05	-5.8e-05	0.019912	0.058404
992	-2.5e-05	-0.000123	0.02919	0.05972
993	4.1e-05	-5.8e-05	0.035901	0.063865
994	7.4e-05	-5.8e-05	0.037283	0.061628
995	0.000107	7.4e-05	0.04485	0.066563
996	0.000107	7.4e-05	0.048468	0.067747
997	0.000107	0.00014	0.049061	0.073373
998	8e-06	7.4e-05	0.051989	0.069425
999	-2.5e-05	0.00014	0.053206	0.009911
1000	-2.5e-05	7.4e-05	0.057121	0.017543
1001	-9e-05	-2.5e-05	0.062451	0.02534
1002	-9e-05	-9e-05	0.056693	0.025702
1003	-9e-05	-5.8e-05	0.062418	0.033335
1004	8e-06	-9e-05	0.061464	0.020932
1005	7.4e-05	8e-06	0.058108	0.020537
1006	4.1e-05	8e-06	0.059194	0.026327
1007	0.000173	7.4e-05	0.0562	0.033401
1008	8e-06	0.000107	0.050673	0.039882
1009	0.000107	7.4e-05	0.035572	0.046363
1010	-5.8e-05	0.000173	0.021458	0.049521
1011	-2.5e-05	8e-06	0.015602	0.053963
1012	-0.000123	-5.8e-05	0.012609	0.061529
1013	-9e-05	-5.8e-05	0.012345	0.06528
1014	0.00116	-9e-05	0.017511	0.068241
1015	0.002212	-5.8e-05	0.018991	0.072419
1016	0.00037	-5.8e-05	0.014879	0.078999
1017	0.00014	8e-06	0.010174	0.077617
1018	0.000239	0.000107	0.007608	0.085809
1019	8e-06	7.4e-05	0.00514	0.084921
1020	4.1e-05	0.000107	0.002706	0.091994
1021	-2.5e-05	7.4e-05	0.005371	0.091171
1022	-2.5e-05	8e-06	0.001949	0.090711
1023	-0.000156	4.1e-05	0.004121	0.095152
1024	-9e-05	-5.8e-05	0.002278	0.092915
1025	-5.8e-05	-9e-05	0.004285	0.087849
1026	4.1e-05	-0.000123	0.001752	0.076893
1027	7.4e-05	-9e-05	0.001258	0.082716
1028	0.000173	8e-06	-0.000584	0.085315
1029	0.000107	0.000107	0.000831	0.088836
1030	0.000173	7.4e-05	4.1e-05	0.081269
1031	0.000436	0.000107	0.00445	0.078407
1032	8e-06	4.1e-05	0.00139	0.086894
1033	-2.5e-05	7.4e-05	4.1e-05	0.090053
1034	-0.000189	-2.5e-05	0.000239	0.089526
1035	4.1e-05	8e-06	0.002081	0.092948
1036	-9e-05	-0.000123	0.009746	0.076202
1037	7.4e-05	-0.000156	0.01149	0.068438
1038	8e-06	8e-06	0.012905	0.070215
1039	7.4e-05	8e-06	0.015076	0.073044
1040	0.00014	7.4e-05	0.021689	0.075479
1041	0.00014	7.4e-05	0.020241	0.077979
1042	8e-06	7.4e-05	0.017905	0.081236
1043	-0.000288	0.00014	0.016589	0.06528
1044	0.000403	7.4e-05	0.022445	0.068899
1045	-0.000222	4.1e-05	0.02159	0.069524
1046	0.001916	-9e-05	0.020373	0.071925
1047	-0.000584	-9e-05	0.001094	0.07357
1048	4.1e-05	-5.8e-05	0.002212	0.074228
1049	0.000502	-5.8e-05	0.007542	0.080216
1050	0.001554	4.1e-05	0.010108	0.082223
1051	0.000502	4.1e-05	0.004252	0.062056
1052	0.00218	0.000107	0.004417	0.064161
1053	0.002212	0.000107	0.009483	0.065971
1054	0.001719	0.000107	0.016458	0.068438
1055	0.001291	4.1e-05	0.02409	0.011161
1056	0.001653	-2.5e-05	0.027314	0.003956
1057	0.001883	-9e-05	0.032085	0.009779
1058	0.001028	-2.5e-05	0.034848	0.016096
1059	-2.5e-05	-0.000156	0.038401	0.019452
1060	0.000502	-9e-05	0.040671	0.02386
1061	0.000206	8e-06	0.042744	0.022215
1062	0.000304	4.1e-05	0.025439	0.026953
1063	0.000206	0.000107	0.011161	0.036691
1064	0.000173	0.000107	0.01603	0.040441
1065	-2.5e-05	0.000107	0.004351	0.048765
1066	-0.000123	7.4e-05	0.009977	0.05041
1067	-2.5e-05	8e-06	0.012938	0.058075
1068	8e-06	-5.8e-05	0.021393	0.06176
1069	0.003528	-9e-05	0.02159	0.063701
1070	0.001949	8e-06	0.028828	0.068965
1071	0.001028	-0.000123	0.022116	0.078143
1072	0.00264	4.1e-05	0.007279	0.077387
1073	0.001061	4.1e-05	0.009845	0.08367
1074	0.000502	0.00014	0.01478	0.086105
1075	0.000337	7.4e-05	0.015964	0.089066
1076	0.000897	0.00014	0.017313	0.094856
1077	-0.000452	-2.5e-05	0.010668	0.092619
1078	0.000173	0.000403	0.001357	0.096501
1079	-0.000452	-0.000156	0.003561	0.09331
1080	0.000897	-0.000189	0.003627	0.09683
1081	0.000765	0.000732	0.009121	0.098903
1082	-0.001439	-0.000123	0.005766	0.099034
1083	0.001719	0.000107	0.008299	0.100548
1084	0.003364	-2.5e-05	0.002114	0.103147
1085	-0.000847	0.002772	0.002805	0.068076
1086	0.001982	0.000206	-0.000189	0.062286
1087	0.000502	0.000304	0.008397	0.005042
1088	0.000897	0.000107	0.012411	0.004713
1089	0.000798	8e-06	0.01024	0.013168
1090	0.001818	0.000107	0.011128	0.01853
1091	0.002739	0.000271	0.010174	0.027545
1092	0.000337	-0.000123	0.002936	0.034322
1093	-0.000189	0.007674	0.000271	0.038303
1094	0.00014	4.1e-05	0.000206	0.043303
1095	0.000995	0.000107	0.000765	0.050706
1096	-5.8e-05	7.4e-05	-5.8e-05	0.055608
1097	0.000929	7.4e-05	0.001883	0.060608
1098	0.003528	0.000403	-0.000419	0.065411
1099	0.001423	0.000173	-5.8e-05	0.069952
1100	-0.00111	4.1e-05	0.002805	0.072978
1101	0.002245	-2.5e-05	-0.001538	0.079229
1102	0.000206	0.000107	0.002278	0.081499
1103	0.001357	0.00014	0.002476	0.083637
1104	0.00139	0.003825	0.006358	0.086763
1105	0.000337	0.000271	0.001686	0.091303
1106	0.001357	7.4e-05	0.000206	0.092027
1107	-0.000748	0.000666	7.4e-05	0.090678
1108	0.000666	-0.000321	0.004417	0.089888
1109	0.000337	0.000239	0.003397	0.089559
1110	0.000239	0.000436	0.009154	0.096106
1111	-0.000518	0.004483	0.002311	0.096731
1112	0.000929	0.000239	0.006127	0.097126
1113	-0.001571	8e-06	0.012641	0.096106
1114	0.000239	-0.000255	0.008858	0.097488
1115	8e-06	-0.002328	0.001554	0.090448
1116	0.000502	-0.000485	0.000699	0.097916
1117	0.000107	7.4e-05	0.000798	0.100219
1118	0.00014	0.000173	0.003397	0.10443
1119	0.00014	0.000173	0.003265	0.102818
1120	4.1e-05	0.00014	0.003627	0.10387
1121	-5.8e-05	0.00014	0.004022	0.10943
1122	-9e-05	8e-06	0.003002	0.110384
1123	8e-06	-2.5e-05	0.002476	0.114102
1124	-5.8e-05	-0.000123	-0.000683	0.114661
1125	-0.001275	-2.5e-05	0.000271	0.11601
1126	7.4e-05	-5.8e-05	0.001489	0.118412
1127	0.000732	0.00014	-0.000452	0.11726
1128	-0.000321	-2.5e-05	0.00037	0.122195
1129	0.000206	0.000107	0.000271	0.121702
1130	-0.001735	0.000304	0.000337	0.116964
1131	0.000568	-0.000288	0.000864	0.111733
1132	-5.8e-05	-0.000255	0.001587	0.110911
1133	0.000436	8e-06	0.001357	0.112654
1134	-0.000321	0.000403	0.004252	0.066826
1135	0.000831	-0.000748	-0.001538	0.058766
1136	-0.000748	0.000107	0.004252	0.062747
1137	0.000304	0.000107	0.002838	0.067616
1138	0.00116	-0.00065	0.003989	0.071596
1139	0.0006	7.4e-05	0.006226	0.075873
1140	0.000469	0.000436	0.007937	0.080051
1141	-0.000156	8e-06	0.005667	0.079723
1142	-0.000387	0.000436	0.01047	0.083901
1143	0.000173	7.4e-05	0.011293	0.081729
1144	-9e-05	-2.5e-05	0.01274	0.09002
1145	-2.5e-05	0.000107	0.014254	0.089757
1146	0.000568	-2.5e-05	0.013168	0.092125
1147	0.000107	-0.000156	0.013234	0.092816
1148	0.000239	-0.000123	0.014582	0.096633
1149	-0.000584	4.1e-05	0.015701	0.097521
1150	0.000436	7.4e-05	0.009516	0.096271
1151	0.000107	0.000239	0.003825	0.096764
1152	0.000206	0.000173	0.014747	0.092257
1153	0.000633	0.000633	0.02238	0.091402
1154	0.0006	0.003561	0.019057	0.088934
1155	-0.000189	0.004252	0.019221	0.08242
1156	0.000699	-0.000156	0.017116	0.074393
1157	7.4e-05	0.000897	0.017445	0.062385
1158	0.000798	0.000239	0.010569	0.053305
1159	0.0006	8e-06	0.004252	0.04633
1160	-9e-05	0.000403	0.009713	0.049192
1161	0.000436	0.000271	0.012609	0.050113
1162	-0.000189	0.000502	0.014352	0.046429
1163	0.000469	0.001193	0.001291	0.04985
1164	0.000107	0.000173	0.001193	0.056101
1165	0.00037	0.000107	0.000864	0.05666
1166	0.000107	0.00014	0.004877	0.061332
1167	8e-06	-2.5e-05	0.004088	0.0612
1168	-9e-05	8e-06	0.002147	0.067681
1169	0.0006	-9e-05	0.00241	0.071103
1170	0.000239	-9e-05	0.002541	0.073998
1171	0.000403	-0.000156	0.001225	0.076367
1172	0.000206	0.001225	0.002081	0.08219
1173	0.000469	-9e-05	0.00162	0.085776
1174	0.00037	0.001851	0.000206	0.08821
1175	0.000239	0.004713	0.00241	0.09206
1176	-5.8e-05	0.009516	0.004647	0.092619
1177	-2.5e-05	0.011161	0.001785	0.094724
1178	-2.5e-05	0.015438	0.003627	0.097718
1179	4.1e-05	0.004581	-0.000551	0.0991
1180	-0.000156	-2.5e-05	0.000864	0.099067
1181	-0.000321	0.000337	0.000469	0.098639
1182	0.000206	0.0006	0.000107	0.104857
1183	0.000206	-0.000123	0.001291	0.10262
1184	8e-06	-0.000156	0.005897	0.105647
1185	-0.000123	0.000337	0.005108	0.107358
1186	0.00014	-2.5e-05	0.000699	0.109003
1187	4.1e-05	0.000206	0.000699	0.108805
1188	8e-06	4.1e-05	0.002443	0.111733
1189	4.1e-05	-2.5e-05	0.005535	0.111931
1190	-2.5e-05	-5.8e-05	0.005798	0.113806
1191	0.000436	-9e-05	0.000831	0.114201
1192	7.4e-05	-9e-05	0.004022	0.055311
1193	-9e-05	-5.8e-05	0.008496	-2.5e-05
1194	0.000239	8e-06	0.004252	0.000239
1195	0.000107	-0.000321	0.010075	0.004318
1196	0.00037	0.007082	0.005535	0.004614
1197	4.1e-05	0.004779	0.001818	0.002805
1198	-5.8e-05	0.000469	0.004877	0.001818
1199	7.4e-05	7.4e-05	0.000864	0.000666
1200	-0.000189	8e-06	0.002147	-0.000551
1201	-5.8e-05	0.000107	0.003792	0.000206
1202	-0.000156	7.4e-05	0.011654	7.4e-05
1203	0.00014	-5.8e-05	0.013727	0.000206
1204	0.00014	0.000239	0.018892	-2.5e-05
1205	0.000403	0.000304	0.015931	4.1e-05
1206	7.4e-05	0.000699	0.019748	-9e-05
1207	0.000173	0.006325	0.019583	-9e-05
1208	0.000107	0.001686	0.019024	-9e-05
1209	-0.000189	0.000831	0.022643	8e-06
1210	8e-06	8e-06	0.023564	7.4e-05
1211	-9e-05	0.00287	0.028861	0.000206
1212	-0.000123	0.000173	0.025439	0.000173
1213	4.1e-05	0.001587	0.025867	-9e-05
1214	0.000239	-0.000452	0.024485	0.007641
1215	-5.8e-05	0.002903	0.028762	0.01047
1216	0.000502	0.006391	0.028861	0.017149
1217	-5.8e-05	0.011128	0.031558	0.0158
1218	0.000107	0.008332	0.032348	0.019155
1219	4.1e-05	0.002936	0.030407	0.02465
1220	0.00014	0.004746	0.027874	0.023794
1221	-9e-05	0.002311	0.02692	0.000929
1222	0.000304	0.005075	0.029486	0.000633
1223	0.000107	0.001357	0.031657	0.008792
1224	0.000239	-9e-05	0.022412	0.014977
1225	8e-06	0.000502	0.023169	0.014451
1226	4.1e-05	-0.000222	0.025834	0.020702
1227	0.000173	0.00014	0.028367	0.022709
1228	4.1e-05	0.000239	0.029584	0.023728
1229	0.000107	4.1e-05	0.020965	0.021327
1230	4.1e-05	0.000107	0.010602	0.020669
1231	4.1e-05	0.00014	0.002147	0.012082
1232	-5.8e-05	0.000107	0.000897	0.014879
1233	-2.5e-05	4.1e-05	8e-06	0.020866
1234	-0.000288	4.1e-05	0.000732	0.019748
1235	-0.000156	-9e-05	-0.000781	0.023794
1236	8e-06	-0.000123	7.4e-05	0.027808
1237	7.4e-05	0.000107	8e-06	0.022676
1238	4.1e-05	-2.5e-05	0.000271	0.024485
1239	7.4e-05	-2.5e-05	4.1e-05	0.028203
1240	0.00014	0.000403	8e-06	0.026459
1241	4.1e-05	-5.8e-05	8e-06	0.030637
1242	4.1e-05	0.000304	0.000107	0.035671
1243	-2.5e-05	0.000337	0.00014	0.031394
1244	-0.000123	0.000107	0.00014	0.034388
1245	-0.000123	0.00037	0.000173	0.033927
1246	-0.000123	0.00014	4.1e-05	0.036888
1247	-9e-05	0.003923	8e-06	0.039355
1248	7.4e-05	0.006917	-2.5e-05	0.040573
1249	4.1e-05	0.002509	-2.5e-05	0.04054
1250	0.000107	0.003989	8e-06	0.038039
1251	0.000107	0.004252	-0.000156	0.034486
1252	7.4e-05	0.001357	0.000107	0.033565
1253	8e-06	0.00468	0.000107	0.035375
1254	-5.8e-05	0.00366	-5.8e-05	0.032085
1255	-2.5e-05	0.000568	0.000633	0.033138
1256	-9e-05	0.006062	0.000304	0.032512
1257	-0.000255	0.008957	0.001818	0.027709
1258	-2.5e-05	0.013596	0.00366	0.025143
1259	0.00014	0.015767	0.006029	0.025867
1260	0.000107	0.0006	0.009286	0.025406
1261	0.00014	0.000107	0.008595	0.011325
1262	4.1e-05	0.000502	0.011589	0.010306
1263	7.4e-05	0.003825	0.009681	0.015668
1264	-9e-05	0.014319	0.011983	0.01353
1265	-2.5e-05	0.016096	0.011885	0.001193
1266	-5.8e-05	0.022807	0.015898	0.001818
1267	-5.8e-05	0.020175	0.014023	0.006127
1268	0.00014	0.007641	0.014714	0.006785
1269	-2.5e-05	0.006292	0.014648	0.005733
1270	0.000107	0.004943	0.005831	0.012115
1271	4.1e-05	0.003397	0.010042	0.013925
1272	7.4e-05	0.003463	0.011227	0.004844
1273	0.00014	0.004779	0.013793	0.007838
1274	0.000107	0.001752	0.015175	0.009286
1275	4.1e-05	0.00116	0.011194	0.009121
1276	-9e-05	0.000469	0.013234	0.005502
1277	-9e-05	0.00037	0.016655	0.009746
1278	8e-06	0.000271	0.016556	0.017346
1279	-0.000321	0.000337	0.019781	0.015537
1280	-2.5e-05	-0.000123	0.022051	0.010306
1281	-2.5e-05	-0.000485	0.025834	0.005963
1282	0.000239	-2.5e-05	0.027084	0.000239
1283	7.4e-05	0.00014	0.032545	0.001127
1284	0.000107	7.4e-05	0.032151	0.004186
1285	4.1e-05	0.00014	0.032381	0.008562
1286	8e-06	0.000107	0.02942	0.008529
1287	-5.8e-05	0.000173	0.024617	0.011786
1288	-5.8e-05	4.1e-05	0.024156	0.011983
1289	-2.5e-05	-9e-05	0.021623	0.012938
1290	-5.8e-05	-0.000123	0.024913	0.001094
1291	-2.5e-05	0.00014	0.025735	0.002344
1292	4.1e-05	0.00014	0.015964	0.002212
1293	0.00014	0.000107	0.013596	0.001028
1294	8e-06	0.00014	0.018925	-0.000189
1295	7.4e-05	0.000173	0.022248	0.000173
1296	7.4e-05	0.001324	0.018465	0.00037
1297	4.1e-05	0.000304	0.017543	0.000173
1298	-9e-05	-0.002525	0.017247	-5.8e-05
1299	-0.000123	-0.000123	0.006851	0.00037
1300	-0.000123	0.000403	0.007246	-0.000123
1301	-5.8e-05	-9e-05	0.010668	0.000502
1302	-9e-05	-2.5e-05	0.013365	8e-06
1303	-5.8e-05	8e-06	0.001061	0.00014
1304	4.1e-05	-0.000518	0.004844	4.1e-05
1305	7.4e-05	-0.000156	0.003956	-5.8e-05
1306	7.4e-05	0.000304	0.014122	-2.5e-05
1307	0.000107	0.000239	0.006193	-9e-05
1308	4.1e-05	0.00014	0.008628	-2.5e-05
1309	8e-06	0.000206	0.004877	4.1e-05
1310	7.4e-05	0.000107	0.003002	0.00014
1311	-0.000156	0.000107	0.004746	0.000107
1312	0.000107	-0.000123	0.006555	0.000107
1313	-0.000123	7.4e-05	0.015569	8e-06
1314	0.000239	-9e-05	0.015076	7.4e-05
1315	0.000239	-5.8e-05	0.007707	-5.8e-05
1316	0.000239	4.1e-05	0.007575	-2.5e-05
1317	0.000173	0.000107	0.007608	-9e-05
1318	0.000337	0.00014	0.013925	-9e-05
1319	0.000271	0.00014	0.012641	-9e-05
1320	0.000633	-5.8e-05	0.003594	-0.000255
1321	-5.8e-05	0.000304	0.007509	4.1e-05
1322	-2.5e-05	8e-06	0.006753	0.00014
1323	4.1e-05	-0.000321	0.007312	0.000107
1324	-0.000156	0.0006	0.011128	0.000304
1325	0.000271	-0.000222	0.015734	0.000271
1326	7.4e-05	0.001357	0.022248	-0.000123
1327	0.000173	-9e-05	0.024156	0.000502
1328	0.000271	0.00162	0.0309	7.4e-05
1329	0.000502	0.000699	0.031854	7.4e-05
1330	0.000304	0.002081	0.035638	-2.5e-05
1331	8e-06	0.002541	0.039948	7.4e-05
1332	-0.000222	0.004252	0.041856	0.000304
1333	8e-06	0.001752	0.045639	0.000107
1334	-0.000222	0.002443	0.045343	8e-06
1335	-2.5e-05	0.001851	0.05291	0.000107
1336	8e-06	0.000271	0.05564	0.00014
1337	-2.5e-05	-2.5e-05	0.059424	8e-06
1338	0.000173	0.00014	0.063865	-2.5e-05
1339	8e-06	-0.00111	0.070577	-0.000123
1340	0.000502	0.002212	0.072715	8e-06
1341	4.1e-05	0.001949	0.073998	-5.8e-05
1342	0.000107	-0.000617	0.068076	4.1e-05
1343	-5.8e-05	0.00162	0.073768	0.000107
1344	-5.8e-05	0.000206	0.074195	0.000173
1345	-5.8e-05	0.000403	0.079821	7.4e-05
1346	0.000864	-0.000485	0.081696	0.000864
1347	4.1e-05	0.001587	0.084592	0.002081
1348	0.000403	0.000436	0.087355	0.000206
1349	0.000173	0.00264	0.089395	4.1e-05
1350	0.0006	0.002443	0.094395	-0.000189
1351	0.000633	0.00366	0.099824	-5.8e-05
1352	-2.5e-05	0.007378	0.098968	0.000633
1353	-5.8e-05	0.007937	0.100317	-0.000189
1354	-2.5e-05	0.008595	0.103245	7.4e-05
1355	-9e-05	0.009746	0.106371	0.000239
1356	-5.8e-05	0.011095	0.111141	7.4e-05
1357	7.4e-05	0.010207	0.100975	0.000107
1358	-0.000683	0.000206	0.103311	0.00014
1359	4.1e-05	-5.8e-05	0.103476	8e-06
1360	7.4e-05	7.4e-05	0.10795	8e-06
1361	0.000239	4.1e-05	0.108838	-5.8e-05
1362	0.001719	0.000271	0.115253	-9e-05
1363	0.000173	-0.000518	0.116536	-0.000222
1364	-5.8e-05	0.001094	0.118642	8e-06
1365	-9e-05	0.001752	0.117951	0.000107
1366	-0.000123	0.004614	0.119497	4.1e-05
1367	0.000304	0.002969	0.127393	0.000173
1368	0.000666	0.00287	0.121077	0.000173
1369	-2.5e-05	0.004943	0.125288	0.000107
1370	-0.000156	0.0057	0.126702	0.000107
1371	0.000173	0.011128	0.127623	-0.000123
1372	0.000239	0.012543	0.122721	-2.5e-05
1373	7.4e-05	0.015701	0.112161	-2.5e-05
1374	0.000239	0.014879	0.098343	-0.000123
1375	-0.001374	0.01626	0.08423	-2.5e-05
1376	-0.000683	0.000337	0.083703	-5.8e-05
1377	-5.8e-05	0.002147	0.08038	0.001258
1378	8e-06	4.1e-05	0.064589	0.000732
1379	-2.5e-05	0.003167	0.060871	0.002772
1380	0.00037	0.002344	0.049324	-0.000452
1381	0.000173	0.01001	0.044224	0.001061
1382	4.1e-05	0.008792	0.01353	0.000403
1383	0.000173	0.012806	0.000929	0.000206
1384	0.000239	0.015405	0.000107	0.000798
1385	7.4e-05	0.013431	0.00116	0.000699
1386	-9e-05	0.015438	4.1e-05	0.000239
1387	-9e-05	0.010437	0.000206	0.000962
1388	-9e-05	0.013464	0.000206	7.4e-05
1389	-5.8e-05	0.012641	0.000271	0.001225
1390	8e-06	0.017675	0.000173	-0.000255
1391	0.000107	0.017149	0.00014	-0.000156
1392	4.1e-05	0.018399	8e-06	-0.000485
1393	7.4e-05	0.009023	-2.5e-05	0.00264
1394	0.000107	0.008694	0.00037	-2.5e-05
1395	0.00014	0.007411	-0.000419	0.000239
1396	7.4e-05	0.007246	0.001324	0.000107
1397	0.00014	0.009944	7.4e-05	0.000239
1398	-2.5e-05	0.001851	0.000502	0.00014
1399	7.4e-05	0.007312	0.000864	0.000107
1400	-9e-05	0.001587	0.000995	0.000206
1401	-0.000189	0.005864	0.002574	0.00014
1402	4.1e-05	0.005173	0.003167	0.000239
1403	8e-06	0.004384	0.005173	8e-06
1404	0.000107	0.001456	0.0006	-2.5e-05
1405	4.1e-05	0.00718	0.003199	-2.5e-05
1406	7.4e-05	0.011424	-0.000913	-9e-05
1407	8e-06	0.013892	0.00037	-9e-05
1408	-5.8e-05	0.007312	0.000304	8e-06
1409	-5.8e-05	0.010668	0.00014	8e-06
1410	-5.8e-05	0.003923	0.000436	0.00014
1411	-0.000123	0.002574	0.000929	7.4e-05
1412	-0.000123	0.005206	0.000403	0.00014
1413	8e-06	0.002081	0.001324	0.00014
1414	0.000173	0.002147	-0.000123	7.4e-05
1415	0.000107	0.002805	0.000173	-2.5e-05
1416	0.000107	0.001982	0.001653	-2.5e-05
1417	0.00014	0.00139	0.000469	-5.8e-05
1418	0.000107	0.001554	-0.000814	-2.5e-05
1419	-2.5e-05	0.006226	0.000337	-5.8e-05
1420	-5.8e-05	0.0057	0.000173	0.000535
1421	-0.000156	0.004252	8e-06	0.001061
1422	-5.8e-05	0.005272	0.001489	-0.000387
1423	-0.000123	0.006753	-0.004762	0.002443
1424	8e-06	0.00468	0.001291	-9e-05
1425	0.000107	0.005897	0.000206	0.000633
1426	8e-06	0.002015	0.000271	0.002541
1427	0.00014	0.004515	-2.5e-05	0.007016
1428	0.000107	0.007312	0.00014	0.003825
1429	0.00014	0.004252	8e-06	7.4e-05
1430	-2.5e-05	0.005338	0.00037	0.000403
1431	0.00014	0.002278	0.000173	0.001489
1432	-9e-05	0.002739	0.001094	0.004976
1433	-0.000123	0.005338	0.000206	0.003693
1434	0.000107	0.005667	0.000666	0.001982
1435	0.000107	0.003199	-0.000979	4.1e-05
1436	8e-06	0.006062	0.000337	0.000337
1437	-0.000255	0.00366	-0.000222	0.000107
1438	0.000107	0.003825	-5.8e-05	0.001225
1439	4.1e-05	0.009352	-2.5e-05	0.000304
1440	0.000107	0.003792	-2.5e-05	0.002311
1441	-5.8e-05	0.001818	0.000107	0.00241
1442	7.4e-05	0.002344	0.00014	0.002706
1443	-0.000123	0.006851	0.000239	0.002476
1444	-9e-05	0.003002	0.000173	0.004055
1445	-0.000255	0.004614	4.1e-05	0.003002
1446	4.1e-05	0.005009	-0.000123	0.002476
1447	4.1e-05	-0.000518	8e-06	0.002212
1448	0.000535	0.00389	-9e-05	0.00343
1449	0.002541	0.004581	-9e-05	0.001818
1450	0.001258	0.00514	-9e-05	0.004252
1451	0.0006	0.000469	-2.5e-05	0.002048
1452	4.1e-05	0.00945	4.1e-05	-0.001012
1453	4.1e-05	0.004877	0.000107	0.000633
1454	4.1e-05	0.010503	4.1e-05	0.000304
1455	0.001193	0.003693	0.00014	0.000173
1456	-9e-05	0.008726	4.1e-05	0.002377
1457	-0.001275	0.008299	4.1e-05	0.001456
1458	-0.000781	0.002015	8e-06	0.000271
1459	0.000304	0.001719	-5.8e-05	0.001061
1460	0.001258	0.008858	-5.8e-05	0.002015
1461	7.4e-05	0.00922	-0.000419	0.002048
1462	8e-06	0.00945	0.000469	0.001456
1463	4.1e-05	0.008759	-2.5e-05	-0.001472
1464	-5.8e-05	0.00241	0.001423	0.001193
1465	4.1e-05	0.005404	-0.000288	0.003956
1466	-0.000716	0.006555	0.000897	0.006325
1467	0.000436	0.005766	8e-06	0.004779
1468	-0.001077	0.000897	0.000469	0.006654
1469	0.000403	0.006095	-5.8e-05	0.002903
1470	0.000107	0.005963	-0.000156	0.00616
1471	7.4e-05	0.005469	-0.000387	0.001719
1472	0.000107	0.001916	0.000469	0.002278
1473	4.1e-05	0.001028	-2.5e-05	0.007312
1474	8e-06	0.000173	8e-06	0.011951
1475	-0.000123	-9e-05	0.000107	0.010437
1476	-9e-05	0.00014	0.000206	0.010865
1477	-0.000288	0.000337	0.000107	0.011951
1478	0.000239	-5.8e-05	0.00014	0.012115
1479	0.00014	0.002081	4.1e-05	0.016589
1480	4.1e-05	0.001456	-0.000255	0.010964
1481	4.1e-05	0.003232	0.001324	0.015964
1482	0.000107	0.002673	-0.000123	0.01524
1483	0.000239	0.003199	-0.000518	0.012609
1484	-0.000189	0.002739	-0.000156	0.013332
1485	0.000568	0.002048	4.1e-05	0.013036
1486	0.001028	0.001883	4.1e-05	0.001851
1487	0.000107	0.002377	0.00014	0.00718
1488	-0.000123	0.00218	0.000107	0.00593
1489	-9e-05	-0.001176	0.000107	0.007443
1490	-2.5e-05	0.00241	4.1e-05	0.010339
1491	4.1e-05	0.00139	-0.000123	0.008759
1492	4.1e-05	0.002706	-9e-05	0.003232
1493	4.1e-05	0.002147	-5.8e-05	0.003825
1494	8e-06	-0.000452	4.1e-05	0.003825
1495	0.000107	0.002443	-9e-05	0.006654
1496	0.000173	0.000929	0.000173	0.0082
1497	-2.5e-05	0.002739	0.00014	0.000798
1498	-0.000222	0.002706	0.000206	0.00343
1499	-0.000123	0.001456	4.1e-05	0.001423
1500	-0.000123	0.003561	0.000337	0.000962
1501	-9e-05	0.002476	0.000107	0.001291
1502	4.1e-05	0.001949	4.1e-05	0.006358
1503	4.1e-05	0.001193	-0.000222	0.007213
1504	0.000173	0.000929	-0.000123	0.007641
1505	0.000107	0.000337	-0.000156	0.007443
1506	0.004252	0.000239	-9e-05	0.008924
1507	0.000206	-0.000518	7.4e-05	0.01126
1508	7.4e-05	0.00037	7.4e-05	0.006753
1509	-0.000123	0.000206	7.4e-05	0.013069
1510	8e-06	0.000173	0.000107	0.014319
1511	4.1e-05	8e-06	-0.000123	0.017642
1512	-9e-05	-0.000946	7.4e-05	0.018662
1513	0.000469	7.4e-05	4.1e-05	0.022939
1514	-0.000518	-5.8e-05	-5.8e-05	0.018925
1515	0.000173	4.1e-05	-2.5e-05	0.018399
1516	0.000304	0.000206	-0.000123	0.01524
1517	0.000107	0.000271	-2.5e-05	0.000864
1518	7.4e-05	0.000173	8e-06	-0.003841
1519	0.000304	-0.000222	7.4e-05	0.001061
1520	-0.000387	0.004055	7.4e-05	0.002739
1521	0.000666	0.002344	7.4e-05	0.009812
1522	-2.5e-05	0.003002	7.4e-05	0.002706
1523	8e-06	0.000732	8e-06	0.003199
1524	0.001587	0.0082	8e-06	0.000864
1525	0.000469	0.003167	-5.8e-05	0.000666
1526	-2.5e-05	0.000304	-5.8e-05	-5.8e-05
1527	0.000173	0.002838	-9e-05	0.000765
1528	-0.000222	-0.000354	-5.8e-05	0.003496
1529	8e-06	0.001883	7.4e-05	0.003167
1530	-0.000485	0.001423	0.00014	0.00014
1531	0.00116	-2.5e-05	7.4e-05	0.001851
1532	0.000864	0.000206	0.000173	0.001587
1533	0.000436	8e-06	0.00014	-0.000123
1534	-2.5e-05	0.000502	0.000173	0.000633
1535	-5.8e-05	0.000206	-5.8e-05	0.000897
1536	0.000666	0.000568	-0.000123	0.002541
1537	0.000173	0.000666	-5.8e-05	0.00241
1538	0.000173	0.000173	-9e-05	0.006851
1539	0.000502	0.002278	-9e-05	0.010108
1540	0.000173	0.000173	7.4e-05	0.010404
1541	-0.000156	0.000864	7.4e-05	0.000206
1542	0.000173	0.000798	0.000107	0.006062
1543	-0.000814	0.000206	0.00014	0.012543
1544	0.000403	0.002311	0.00014	0.013234
1545	0.000206	0.000568	0.000173	0.012345
1546	0.000107	-0.000716	-5.8e-05	0.009681
1547	0.000107	7.4e-05	-2.5e-05	0.011128
1548	-0.001176	-0.000551	-9e-05	0.009319
1549	0.000633	4.1e-05	-9e-05	0.014681
1550	0.000436	0.000206	-2.5e-05	0.015767
1551	0.000403	0.001193	7.4e-05	0.015372
1552	-0.000847	0.000173	0.000403	0.014451
1553	0.000502	0.000831	0.000173	0.015668
1554	-0.000354	0.002278	0.000107	0.013398
1555	0.002969	4.1e-05	0.000107	0.012938
1556	-0.022001	0.001752	0.000107	0.015569
1557	0.001587	-0.000847	-0.000321	0.015767
1558	0.003956	0.000107	0.000304	0.017116
1559	0.003989	8e-06	-0.000255	0.013793
1560	0.001587	0.000798	0.000107	0.010733
1561	0.000798	0.001258	-0.000189	0.009516
1562	0.002278	0.000633	0.00014	0.009088
1563	0.003002	0.000436	0.000239	0.008595
1564	0.001851	0.000995	0.000271	0.013003
1565	-0.001341	0.000502	0.000271	0.011556
1566	0.003528	-5.8e-05	0.000831	0.014122
1567	0.004943	7.4e-05	0.000206	0.010668
1568	0.004417	4.1e-05	4.1e-05	0.013003
1569	0.001061	-0.004631	0.00014	0.014582
1570	0.002476	-0.001045	-2.5e-05	0.013135
1571	0.001456	0.004055	-5.8e-05	0.001225
1572	0.001686	0.003956	-0.000716	0.000995
1573	0.000502	0.002212	0.000831	0.00241
1574	8e-06	7.4e-05	-2.5e-05	0.003923
1575	-9e-05	7.4e-05	0.000206	0.003101
1576	-0.000123	8e-06	0.002344	0.002476
1577	-0.000222	-9e-05	0.000502	0.003397
1578	-0.000222	0.00014	-0.000683	0.01024
1579	0.000995	-9e-05	0.000831	0.016063
1580	4.1e-05	-2.5e-05	0.000304	0.011951
1581	0.000239	-2.5e-05	0.000502	0.011819
1582	0.000535	4.1e-05	0.00037	0.007838
1583	0.002541	7.4e-05	0.000304	0.009878
1584	0.000271	0.000831	0.000173	0.008266
1585	0.005206	0.000107	0.000502	0.014122
1586	0.00014	0.004614	0.001851	0.015372
1587	-2.5e-05	0.001719	-0.000321	0.007904
1588	0.002607	-9e-05	0.000962	0.012214
1589	0.006884	0.000897	0.000864	0.013826
1590	0.003463	0.00014	-0.000156	0.013925
1591	0.001653	-0.000156	0.000337	0.00945
1592	0.002377	-0.000123	-2.5e-05	0.011687
1593	0.000107	-0.001209	7.4e-05	0.007279
1594	4.1e-05	0.002739	0.000271	0.000502
1595	-0.000485	0.005108	-0.000551	0.001686
1596	0.006489	0.003825	-0.000617	0.003331
1597	0.003265	0.003002	0.000929	0.002212
1598	0.004318	0.006917	0.000502	0.001061
1599	0.003759	0.003496	0.003035	-0.000189
1600	0.002311	0.000962	0.001686	0.001456
1601	0.001719	0.007937	0.003101	8e-06
1602	0.007838	4.1e-05	8e-06	-0.000354
1603	0.01228	-0.000255	-0.000419	-2.5e-05
1604	0.007542	8e-06	7.4e-05	0.000798
1605	4.1e-05	0.002147	0.000173	-0.000156
1606	7.4e-05	0.003331	-0.000123	0.002015
1607	4.1e-05	0.001291	7.4e-05	0.0006
1608	-2.5e-05	0.00014	0.000173	0.000436
1609	8e-06	4.1e-05	0.00014	0.000206
1610	-0.000189	-9e-05	4.1e-05	0.000107
1611	0.000206	0.000732	0.00014	0.00014
1612	0.001949	0.004384	8e-06	0.000173
1613	0.004219	0.007871	0.00014	7.4e-05
1614	0.007016	0.0082	-0.000189	8e-06
1615	0.01024	0.012872	8e-06	-9e-05
1616	0.012082	0.010141	-2.5e-05	-5.8e-05
1617	0.012049	0.011161	0.00014	-5.8e-05
1618	0.014582	0.006226	0.000107	-9e-05
1619	0.014122	0.005996	0.000107	8e-06
1620	0.009944	0.012477	0.000206	0.00014
1621	0.009944	0.005601	0.00014	4.1e-05
1622	0.011687	0.007674	7.4e-05	0.00014
1623	0.005568	0.013596	4.1e-05	0.000173
1624	0.007871	0.015734	8e-06	8e-06
1625	0.006851	0.006391	-5.8e-05	4.1e-05
1626	0.013201	0.009516	-9e-05	-9e-05
1627	0.012773	0.010371	-0.000913	-2.5e-05
1628	0.021656	0.005766	4.1e-05	-9e-05
1629	0.023399	0.009516	-5.8e-05	-9e-05
1630	0.028663	0.002541	0.00014	4.1e-05
1631	0.029223	0.009253	0.000107	7.4e-05
1632	0.030802	0.008595	0.000173	7.4e-05
1633	0.019978	0.004351	4.1e-05	0.000107
1634	0.02307	0.001324	-2.5e-05	0.00014
1635	0.023663	0.005831	4.1e-05	7.4e-05
1636	0.012674	0.007476	-2.5e-05	-5.8e-05
1637	0.007871	0.006522	-5.8e-05	-5.8e-05
1638	0.006358	0.002344	0.000535	-9e-05
1639	0.009681	0.00139	8e-06	-9e-05
1640	0.00797	-0.000288	7.4e-05	-5.8e-05
1641	0.006029	0.002969	4.1e-05	8e-06
1642	0.002706	0.000107	0.000107	0.000107
1643	0.005601	-5.8e-05	0.000239	0.000107
1644	0.005667	-5.8e-05	0.00014	0.000107
1645	0.00445	4.1e-05	0.00014	0.00014
1646	0.001719	0.000173	-9e-05	4.1e-05
1647	0.00139	0.001752	-9e-05	8e-06
1648	0.001291	0.002245	-9e-05	-2.5e-05
1649	0.000469	0.001324	-0.000222	-9e-05
1650	0.00241	0.00014	4.1e-05	-9e-05
1651	0.004844	7.4e-05	7.4e-05	-5.8e-05
1652	0.001982	0.00162	0.000107	4.1e-05
1653	0.00264	0.003627	0.000107	0.000107
1654	0.000502	0.000962	0.000107	4.1e-05
1655	0.000304	-9e-05	0.00014	0.00014
1656	0.002278	0.00014	8e-06	0.000107
1657	0.000897	-0.000485	-5.8e-05	7.4e-05
1658	0.001883	0.001818	-5.8e-05	4.1e-05
1659	0.000502	0.001587	-9e-05	-0.000123
1660	0.004285	0.00218	-5.8e-05	-2.5e-05
1661	0.000239	0.000732	-5.8e-05	-0.000123
1662	0.000436	0.000995	4.1e-05	-2.5e-05
1663	-2.5e-05	-0.000617	0.00014	8e-06
1664	-2.5e-05	0.00162	7.4e-05	4.1e-05
1665	-0.000255	0.003068	0.000107	0.000107
1666	0.001489	0.004647	0.000107	0.00014
1667	-0.000617	0.009549	7.4e-05	0.000107
1668	-2.5e-05	0.006193	-2.5e-05	7.4e-05
1669	-0.001077	0.011227	-5.8e-05	-5.8e-05
1670	0.000699	0.008266	-5.8e-05	8e-06
1671	-0.000584	0.011029	-5.8e-05	-2.5e-05
1672	0.000831	0.008365	-2.5e-05	-5.8e-05
1673	-0.000485	-0.000452	4.1e-05	-9e-05
1674	0.000732	0.000107	4.1e-05	8e-06
1675	0.000864	-0.002262	7.4e-05	0.000107
1676	0.000929	0.001456	0.00014	0.000107
1677	0.002541	0.00241	7.4e-05	0.00014
1678	0.003857	0.001225	8e-06	0.000107
1679	0.009253	0.001225	-5.8e-05	4.1e-05
1680	0.006917	0.001686	-2.5e-05	4.1e-05
1681	0.008628	-0.00111	-0.000189	-5.8e-05
1682	0.005371	0.000239	-0.000123	-9e-05
1683	0.011951	4.1e-05	-5.8e-05	-9e-05
1684	0.008529	0.001851	4.1e-05	4.1e-05
1685	0.010799	-0.000288	0.000107	8e-06
1686	0.011062	0.000502	7.4e-05	7.4e-05
1687	0.009286	0.000337	0.00014	7.4e-05
1688	0.012773	0.002509	0.00014	0.000107
1689	0.008595	0.005601	-2.5e-05	0.000107
1690	0.009779	0.007641	4.1e-05	0.00014
1691	0.005535	0.005272	-9e-05	4.1e-05
1692	0.00491	0.002081	0.000436	-2.5e-05
1693	0.004746	0.001653	-2.5e-05	-9e-05
1694	-2.5e-05	0.002015	0.000107	-0.000123
1695	0.00014	0.004713	-0.000156	-0.000123
1696	0.002476	0.005338	8e-06	-2.5e-05
1697	0.002147	0.005634	-9e-05	0.000107
1698	0.005733	-0.000354	-0.000123	7.4e-05
1699	0.005798	0.007542	0.000568	7.4e-05
1700	0.004515	0.001489	0.000765	0.000107
1701	0.003594	0.005798	0.000436	0.000107
1702	0.006193	0.004811	-0.000255	7.4e-05
1703	0.00843	0.003002	-5.8e-05	-5.8e-05
1704	0.006127	0.003956	0.000995	-9e-05
1705	0.001094	0.004154	0.000173	-0.000123
1706	0.000206	0.000864	0.000469	-9e-05
1707	0.006687	0.00116	0.000897	-2.5e-05
1708	0.001916	0.003496	0.000535	4.1e-05
1709	0.002936	-0.000584	0.000831	7.4e-05
1710	-0.000321	0.004515	0.003594	0.00014
1711	0.006884	0.002147	0.001423	7.4e-05
1712	0.000897	0.004483	0.001916	0.000107
1713	0.004186	0.00468	0.004121	4.1e-05
1714	0.002574	0.001423	0.004285	-5.8e-05
1715	0.003561	0.001818	0.003857	-9e-05
1716	0.003265	0.003035	0.005864	-0.000123
1717	0.005634	0.004285	0.004219	-5.8e-05
1718	0.002114	0.007575	0.005667	-9e-05
1719	0.002476	0.005733	0.003528	4.1e-05
1720	-0.001242	0.000798	0.005272	4.1e-05
1721	0.001357	-0.001143	0.000666	7.4e-05
1722	0.003134	0.000929	0.001456	0.00014
1723	0.003265	-0.000288	0.003397	0.00014
1724	-0.00167	7.4e-05	0.003759	8e-06
1725	0.000995	0.000173	0.002903	8e-06
1726	0.00014	4.1e-05	0.003002	-5.8e-05
1727	-2.5e-05	4.1e-05	0.005075	-5.8e-05
1728	8e-06	0.000173	0.00491	-9e-05
1729	-0.000123	0.000107	0.008496	-9e-05
1730	-2.5e-05	7.4e-05	-0.00088	4.1e-05
1731	-0.000814	-2.5e-05	0.000732	0.000107
1732	-0.000123	-5.8e-05	-0.000485	0.00014
1733	-0.000288	-9e-05	8e-06	0.000107
1734	-5.8e-05	-9e-05	-0.000584	0.000107
1735	-9e-05	-0.000321	0.000568	4.1e-05
1736	-2.5e-05	0.005766	-0.000156	-5.8e-05
1737	4.1e-05	0.005305	-9e-05	-0.000123
1738	-9e-05	0.008036	-9e-05	-9e-05
1739	-9e-05	0.016425	4.1e-05	-0.000123
1740	-5.8e-05	0.018201	4.1e-05	8e-06
1741	-0.000189	0.023564	7.4e-05	4.1e-05
1742	-0.000123	0.030308	7.4e-05	0.000107
1743	-0.000189	0.031427	0.00014	0.000107
1744	-0.000189	0.036164	8e-06	0.00014
1745	-5.8e-05	0.038039	4.1e-05	0.00014
1746	0.000633	0.043139	-9e-05	4.1e-05
1747	-2.5e-05	0.041494	-5.8e-05	8e-06
1748	-5.8e-05	0.032611	-2.5e-05	-5.8e-05
1749	8e-06	0.033039	-5.8e-05	-0.000123
1750	0.000403	0.035934	7.4e-05	-0.000156
1751	-9e-05	0.037941	-9e-05	-0.000123
1752	-0.000156	0.040046	0.00014	4.1e-05
1753	-0.000189	0.043534	-0.000123	7.4e-05
1754	-0.000255	0.042316	0.000271	7.4e-05
1755	-0.000222	0.030539	0.000107	0.000107
1756	-0.000156	0.036592	7.4e-05	0.00014
1757	4.1e-05	0.038862	7.4e-05	0.000107
1758	-2.5e-05	0.036493	-0.000222	4.1e-05
1759	0.000107	0.041625	-2.5e-05	-9e-05
1760	-2.5e-05	0.039191	-5.8e-05	-2.5e-05
1761	0.000831	0.042349	-0.000354	-0.000123
1762	0.000699	0.039224	0.000271	-5.8e-05
1763	7.4e-05	0.042941	0.000173	4.1e-05
1764	0.001193	0.042876	0.00014	0.000107
1765	-0.000189	0.041264	0.00014	0.000107
1766	-0.002393	0.037908	4.1e-05	7.4e-05
1767	-0.000156	0.034157	0.00014	0.000173
1768	-5.8e-05	0.016195	-0.000123	0.000107
1769	-0.000123	0.01807	8e-06	8e-06
1770	4.1e-05	0.013694	-0.000321	-5.8e-05
1771	-0.000551	0.014648	-0.000156	-5.8e-05
1772	0.000995	0.012839	0.000107	-0.000123
1773	0.002673	0.008332	0.00037	-2.5e-05
1774	0.002245	0.01024	0.000173	8e-06
1775	0.002476	0.008759	0.000403	0.000107
1776	0.003627	0.012049	0.000107	0.000107
1777	0.001916	0.013299	0.000173	0.00014
1778	0.002903	0.018201	-5.8e-05	0.000107
1779	0.007246	0.019517	-2.5e-05	8e-06
1780	0.003331	0.018004	-5.8e-05	8e-06
1781	0.007345	0.009088	-0.000123	-0.000123
1782	0.007411	0.007378	-5.8e-05	-5.8e-05
1783	0.005766	0.005667	-2.5e-05	-9e-05
1784	0.009878	0.003594	7.4e-05	-9e-05
1785	0.006456	0.000633	7.4e-05	4.1e-05
1786	0.006226	0.008825	0.00014	7.4e-05
1787	0.004548	0.010042	7.4e-05	4.1e-05
1788	0.008068	0.008891	0.000173	0.000107
1789	0.001423	0.008299	8e-06	4.1e-05
1790	0.000173	0.011227	0.000206	7.4e-05
1791	-0.00167	0.005469	0.000206	-2.5e-05
1792	0.003956	0.005173	7.4e-05	-5.8e-05
1793	0.000107	0.009713	-0.000156	-5.8e-05
1794	0.00116	0.011951	0.000107	-0.000156
1795	0.003759	0.021557	0.000239	4.1e-05
1796	0.004285	0.02034	0.00014	4.1e-05
1797	-0.000156	0.019912	0.00014	7.4e-05
1798	0.004318	0.019484	0.000107	7.4e-05
1799	0.000239	0.019221	7.4e-05	7.4e-05
1800	0.001324	0.007114	-0.000123	0.000173
1801	0.002772	0.003726	8e-06	7.4e-05
1802	0.000798	0.002673	-0.000156	-2.5e-05
1803	0.002278	0.003989	8e-06	-9e-05
1804	0.005404	0.003068	0.000403	-5.8e-05
1805	0.011161	0.002081	0.000107	-9e-05
1806	0.012806	0.000107	0.000107	-5.8e-05
1807	0.012016	-0.000189	0.00014	8e-06
1808	0.005009	-5.8e-05	4.1e-05	4.1e-05
1809	0.004417	0.00014	0.00014	0.000107
1810	0.003463	-9e-05	0.000173	0.00014
1811	0.006621	-0.000781	-2.5e-05	0.000107
1812	0.005733	0.000765	4.1e-05	0.00014
1813	0.000502	-0.001308	-2.5e-05	8e-06
1814	0.001357	0.00287	-0.000123	-9e-05
1815	0.001719	0.000633	-0.000321	-5.8e-05
1816	0.001028	0.000831	4.1e-05	-9e-05
1817	0.002344	0.000271	4.1e-05	-0.000123
1818	0.002048	0.002574	0.00014	8e-06
1819	0.001291	0.001587	4.1e-05	4.1e-05
1820	0.00116	0.000206	0.000173	0.000107
1821	4.1e-05	-5.8e-05	0.000107	0.000107
1822	-0.000123	-0.000255	0.000107	0.00014
1823	-0.000123	-0.000354	-2.5e-05	4.1e-05
1824	0.001225	0.000502	-5.8e-05	-2.5e-05
1825	-0.001505	4.1e-05	-5.8e-05	8e-06
1826	0.002936	8e-06	-0.000156	-9e-05
1827	-0.000354	0.000469	8e-06	-9e-05
1828	-5.8e-05	0.000206	7.4e-05	-0.000123
1829	-0.000156	0.000502	7.4e-05	4.1e-05
1830	-9e-05	0.000436	0.000107	0.000107
1831	-0.000189	-0.000913	0.00014	4.1e-05
1832	0.000403	-2.5e-05	0.000173	0.000107
1833	0.002607	0.000929	8e-06	0.000107
1834	0.002344	0.000173	-5.8e-05	7.4e-05
1835	0.004614	0.001357	-5.8e-05	8e-06
1836	0.00014	-0.000255	-5.8e-05	-5.8e-05
1837	0.002114	0.000337	-9e-05	-0.000123
1838	-0.001406	-2.5e-05	-9e-05	-5.8e-05
1839	0.000864	0.001291	8e-06	-0.000222
1840	-0.000255	0.000732	-2.5e-05	4.1e-05
1841	0.003167	-0.000683	0.000173	0.000107
1842	-0.003018	0.001423	7.4e-05	7.4e-05
1843	-0.000452	0.00162	7.4e-05	0.00014
1844	-0.000387	0.003199	7.4e-05	0.000107
1845	0.001127	0.003331	8e-06	0.000107
1846	0.000173	0.003035	-5.8e-05	-2.5e-05
1847	0.000173	0.002015	-9e-05	-5.8e-05
1848	0.000271	0.004417	-9e-05	-2.5e-05
1849	0.003232	0.00672	-9e-05	-0.000189
1850	7.4e-05	0.007345	-2.5e-05	0.000107
1851	0.001719	0.013661	7.4e-05	-2.5e-05
1852	0.002212	0.01274	0.000107	0.000107
1853	0.000798	0.014056	0.000107	7.4e-05
1854	0.000107	0.013596	7.4e-05	0.000107
1855	0.000239	0.020044	8e-06	0.00014
1856	0.000304	0.021853	8e-06	0.000107
1857	-0.000748	0.025538	-5.8e-05	-2.5e-05
1858	0.001719	0.026887	-2.5e-05	-5.8e-05
1859	0.000568	0.028466	-9e-05	-9e-05
1860	0.002673	0.031394	4.1e-05	-0.000123
1861	-0.000979	0.033039	7.4e-05	-0.000189
1862	0.001949	0.033072	7.4e-05	8e-06
1863	0.002114	0.034881	0.000107	7.4e-05
1864	0.000732	0.035802	0.00014	0.000107
1865	-0.000123	0.03396	0.00014	0.000107
1866	0.001193	0.036164	7.4e-05	0.000107
1867	0.000765	0.038204	4.1e-05	0.000107
1868	0.000699	0.037382	-9e-05	4.1e-05
1869	0.000798	0.040244	8e-06	-5.8e-05
1870	0.00037	0.03873	-0.000189	-2.5e-05
1871	0.001061	0.041033	-2.5e-05	-9e-05
1872	0.001193	0.041823	-2.5e-05	-9e-05
1873	0.003002	0.040244	8e-06	-5.8e-05
1874	-0.001571	0.041033	0.000107	8e-06
1875	0.002311	0.033664	0.000206	7.4e-05
1876	8e-06	0.019715	0.00014	0.000107
1877	0.0006	0.011885	0.00014	0.000107
1878	0.000337	0.006029	7.4e-05	0.000173
1879	4.1e-05	0.005437	-9e-05	8e-06
1880	-2.5e-05	0.005042	8e-06	-5.8e-05
1881	0.000962	0.001489	-2.5e-05	-2.5e-05
1882	0.000436	0.006753	8e-06	-9e-05
1883	0.000568	0.006818	4.1e-05	-0.000123
1884	0.001324	0.01126	0.000107	-9e-05
1885	0.001851	0.011293	0.00014	7.4e-05
1886	0.003101	0.013365	0.00014	0.000107
1887	-0.001703	0.016524	0.000107	0.000107
1888	0.003331	0.017839	0.000107	0.000173
1889	0.001489	0.020406	-2.5e-05	4.1e-05
1890	0.002443	0.02307	-2.5e-05	7.4e-05
1891	-0.000189	0.019715	-9e-05	-2.5e-05
1892	4.1e-05	0.015438	-9e-05	-5.8e-05
1893	-5.8e-05	0.013563	-2.5e-05	-5.8e-05
1894	-2.5e-05	0.015043	4.1e-05	-0.000123
1895	-0.000156	0.015076	7.4e-05	-9e-05
1896	-0.000288	0.010898	0.000239	4.1e-05
1897	-0.000189	0.014648	8e-06	0.000107
1898	-2.5e-05	0.007279	0.000239	0.00014
1899	-0.000387	0.009779	0.000962	0.000107
1900	0.00037	0.008233	0.000403	0.00014
1901	-0.000189	0.006358	0.001851	8e-06
1902	0.000271	0.009023	0.002443	-5.8e-05
1903	0.000337	0.003397	0.00116	-2.5e-05
1904	0.000239	0.003298	-0.001275	-9e-05
1905	0.000271	0.000633	0.002114	-9e-05
1906	-5.8e-05	0.008397	0.004844	-2.5e-05
1907	0.000666	0.009582	0.004088	4.1e-05
1908	-0.000485	0.013431	0.000831	4.1e-05
1909	-0.000255	0.009516	-0.001308	0.00014
1910	-0.001176	0.007871	0.002212	0.000107
1911	-5.8e-05	0.009088	0.001949	0.00014
1912	-5.8e-05	0.010503	0.002574	-2.5e-05
1913	-0.000288	0.010898	0.00037	-2.5e-05
1914	8e-06	0.014517	0.001818	-5.8e-05
1915	0.000271	0.015438	-0.000617	-5.8e-05
1916	-0.000452	0.014615	0.002212	-9e-05
1917	0.000502	0.018136	0.000337	-2.5e-05
1918	0.000206	0.01228	0.000239	4.1e-05
1919	-2.5e-05	0.013859	7.4e-05	7.4e-05
1920	-2.5e-05	0.013628	0.00037	0.000107
1921	-0.000584	0.018892	0.000962	4.1e-05
1922	0.000271	0.021853	-0.000255	0.000107
1923	-0.000189	0.028663	4.1e-05	4.1e-05
1924	-2.5e-05	0.025637	0.001653	-5.8e-05
1925	-5.8e-05	0.029979	0.002969	-5.8e-05
1926	0.000173	0.031591	0.012345	-5.8e-05
1927	-0.000387	0.032973	0.015668	-9e-05
1928	8e-06	0.032381	0.021919	-2.5e-05
1929	-5.8e-05	0.028236	0.0284	4.1e-05
1930	-0.000288	0.025538	0.029683	7.4e-05
1931	-0.000222	0.025538	0.036362	0.000107
1932	-0.000123	0.017412	0.007674	0.000107
1933	-0.000189	0.017116	0.016063	0.000107
1934	0.000337	0.011951	0.017247	-2.5e-05
1935	0.000173	0.00922	0.022478	8e-06
1936	0.000239	0.010766	0.0284	-2.5e-05
1937	7.4e-05	0.009253	0.03192	-5.8e-05
1938	-0.000156	0.005108	0.021327	-0.000123
1939	-2.5e-05	0.003199	0.012905	-5.8e-05
1940	-0.000156	0.003232	0.008891	4.1e-05
1941	-0.000288	0.000403	0.000271	7.4e-05
1942	-0.000222	0.001522	0.000633	0.000107
1943	-0.000452	0.000304	-5.8e-05	0.00014
1944	-0.000387	0.000666	0.000831	0.000107
1945	0.000568	-0.000748	-0.000123	0.000107
1946	-0.000321	0.000107	0.002278	-2.5e-05
1947	0.000173	-0.000551	0.002969	-2.5e-05
1948	8e-06	0.000304	0.003397	-9e-05
1949	-0.000123	-2.5e-05	4.1e-05	-0.000123
1950	-0.000156	0.00014	0.004121	-5.8e-05
1951	0.000107	0.00014	0.000962	4.1e-05
1952	0.000436	7.4e-05	0.000962	8e-06
1953	-0.000716	-5.8e-05	0.000239	0.00014
1954	0.000107	-9e-05	-2.5e-05	0.000107
1955	-9e-05	-5.8e-05	8e-06	0.00014
1956	-5.8e-05	-5.8e-05	-2.5e-05	8e-06
1957	-9e-05	-2.5e-05	-9e-05	-2.5e-05
1958	0.000173	7.4e-05	-5.8e-05	-5.8e-05
1959	-0.000189	0.00014	-0.000255	-0.000123
1960	4.1e-05	0.000107	8e-06	-9e-05
1961	-0.000288	0.00014	0.000107	-5.8e-05
1962	0.000304	4.1e-05	7.4e-05	-2.5e-05
1963	-0.000716	4.1e-05	0.00014	4.1e-05
1964	0.000206	-9e-05	0.00014	0.000107
1965	-0.000288	-5.8e-05	0.000436	0.00014
1966	-0.000222	-0.000123	4.1e-05	0.000173
1967	4.1e-05	-9e-05	0.000107	8e-06
1968	0.000206	-2.5e-05	8e-06	8e-06
1969	0.000239	4.1e-05	8e-06	-9e-05
1970	0.00014	0.000107	0.000337	-5.8e-05
1971	4.1e-05	0.000173	8e-06	-9e-05
1972	4.1e-05	0.00014	4.1e-05	-5.8e-05
1973	0.000107	0.000107	7.4e-05	4.1e-05
1974	-0.000123	7.4e-05	0.000107	4.1e-05
1975	-5.8e-05	-9e-05	0.000206	0.00014
1976	-9e-05	-2.5e-05	7.4e-05	0.000107
1977	-0.000123	-0.000123	8e-06	7.4e-05
1978	-0.000156	0.000271	-5.8e-05	7.4e-05
1979	0.000107	0.000107	-0.000156	4.1e-05
1980	-0.000189	0.001423	-2.5e-05	-5.8e-05
1981	8e-06	-0.000387	-0.000354	-5.8e-05
1982	0.000271	0.000206	8e-06	-9e-05
1983	0.00037	0.000107	7.4e-05	-0.000123
1984	-0.000189	0.000765	0.000107	8e-06
1985	-0.000387	0.000633	0.00014	0.00014
1986	0.00037	0.000173	0.00014	0.000107
1987	-0.000255	-0.000387	0.000107	7.4e-05
1988	0.000337	8e-06	8e-06	0.000107
1989	-0.000123	-9e-05	-2.5e-05	7.4e-05
1990	0.00014	-5.8e-05	-9e-05	8e-06
1991	-0.000189	0.000107	-9e-05	-0.000123
1992	0.000107	8e-06	-0.000156	-0.000123
1993	-2.5e-05	0.000173	8e-06	-9e-05
1994	-5.8e-05	8e-06	-2.5e-05	-9e-05
1995	-9e-05	0.00014	0.000107	8e-06
1996	-0.000123	4.1e-05	7.4e-05	0.000107
1997	-0.000222	-9e-05	0.000173	0.000107
1998	-0.000189	8e-06	0.000239	0.00014
1999	8e-06	-5.8e-05	8e-06	0.000107
2000	0.000403	-0.000123	8e-06	0.000107
2001	-9e-05	-5.8e-05	-5.8e-05	4.1e-05
2002	0.000732	-2.5e-05	-5.8e-05	-2.5e-05
2003	0.000173	0.000107	-9e-05	-9e-05
2004	0.00014	0.000107	-5.8e-05	-9e-05
2005	-2.5e-05	0.000173	0.000107	-0.000156
2006	-2.5e-05	0.00014	0.000107	8e-06
2007	0.000304	7.4e-05	7.4e-05	0.000107
2008	-5.8e-05	4.1e-05	0.00014	0.000107
2009	0.000469	-5.8e-05	4.1e-05	0.000239
2010	-0.000156	0.000699	4.1e-05	0.003331
2011	-0.000419	7.4e-05	-2.5e-05	0.003298
2012	0.000173	7.4e-05	-5.8e-05	0.002574
2013	-0.000255	4.1e-05	-2.5e-05	0.002081
2014	-0.000847	0.00014	-0.000156	0.003825
2015	-9e-05	0.000173	8e-06	0.004713
2016	0.003298	0.000173	8e-06	0.000535
2017	-0.000321	0.000107	0.000107	0.003167
2018	0.003397	-9e-05	0.000107	0.006358
2019	-0.000847	0.000206	0.000107	0.005404
2020	0.001028	-0.000156	0.00014	0.007246
2021	0.003134	-5.8e-05	4.1e-05	0.00514
2022	0.002344	-0.000123	-2.5e-05	0.006654
2023	0.002838	-2.5e-05	-9e-05	0.007443
2024	0.000436	7.4e-05	-5.8e-05	0.007608
2025	0.001258	0.00014	-9e-05	0.007641
2026	0.002509	0.000239	-9e-05	0.004746
2027	0.001719	0.000304	4.1e-05	0.009121
2028	0.00037	0.000206	0.000107	0.004055
2029	0.00037	0.000535	0.000107	0.009121
2030	0.001522	-0.000255	0.00014	0.008233
2031	0.002706	-0.000584	0.00014	0.005173
2032	0.00116	0.00037	0.000107	0.005437
2033	0.002311	0.000206	-2.5e-05	0.004318
2034	0.000436	-0.000781	-5.8e-05	0.002344
2035	0.001916	0.000173	-2.5e-05	0.00491
2036	0.000502	8e-06	-9e-05	0.00139
2037	0.000798	0.00014	-9e-05	0.002147
2038	0.001554	0.000239	7.4e-05	0.002344
2039	0.003759	0.00014	4.1e-05	0.001258
2040	0.000173	0.000271	0.00014	0.005042
2041	0.003923	0.000699	0.000107	0.007411
2042	0.004088	7.4e-05	0.00014	0.006687
2043	0.007411	-0.000222	0.000107	0.002377
2044	0.003298	0.000897	-5.8e-05	0.00366
2045	0.000502	-0.00065	8e-06	0.006588
2046	0.003298	0.000666	-9e-05	0.007246
2047	0.001324	7.4e-05	-9e-05	0.00468
2048	0.00116	0.000107	-2.5e-05	0.00389
2049	-0.000123	-2.5e-05	-2.5e-05	0.001258
2050	0.000271	0.000173	0.00014	-0.000288
2051	-0.000452	4.1e-05	7.4e-05	-0.000189
2052	0.000239	-5.8e-05	0.000107	0.000897
2053	-0.000189	-2.5e-05	0.00014	-2.5e-05
2054	4.1e-05	-9e-05	7.4e-05	0.000831
2055	0.001061	-9e-05	-5.8e-05	0.000173
2056	0.000107	-9e-05	-5.8e-05	0.002443
2057	8e-06	8e-06	-5.8e-05	0.000732
2058	0.000929	7.4e-05	-9e-05	0.001851
2059	0.000929	0.000107	-9e-05	0.002081
2060	-0.000321	0.000107	8e-06	0.000831
2061	0.000535	0.000239	7.4e-05	0.002377
2062	4.1e-05	7.4e-05	0.00014	-0.000946
2063	-9e-05	0.00014	0.00014	0.003825
2064	-9e-05	0.000403	0.000107	0.001028
2065	-0.000354	0.000337	7.4e-05	0.001522
2066	8e-06	-0.000156	8e-06	-2.5e-05
2067	0.000173	-0.000387	-5.8e-05	0.002673
2068	-2.5e-05	0.000732	0.002607	0.000206
2069	4.1e-05	8e-06	0.003134	0.002706
2070	0.00014	0.000337	0.009582	0.000929
2071	0.000107	-0.000716	0.011654	0.001916
2072	-0.000354	0.000798	0.019583	0.000699
2073	0.000107	0.000206	0.024353	0.000436
2074	8e-06	0.000239	0.032776	0.001028
2075	8e-06	-0.000123	0.03294	0.002015
2076	-0.000123	-5.8e-05	0.028795	0.000798
2077	4.1e-05	-5.8e-05	0.026821	0.001094
2078	-2.5e-05	-9e-05	0.030966	0.003035
2079	4.1e-05	-2.5e-05	0.036822	0.000699
2080	8e-06	0.000107	0.037217	0.004614
2081	0.00014	0.000173	0.007443	0.005239
2082	-2.5e-05	4.1e-05	0.008266	0.003561
2083	8e-06	0.000107	0.010766	0.004548
2084	-5.8e-05	7.4e-05	0.014582	0.001127
2085	-0.000123	8e-06	0.01626	0.001522
2086	0.00014	-5.8e-05	0.021491	0.002739
2087	0.00014	-2.5e-05	0.025011	0.001324
2088	-0.000156	-5.8e-05	0.029025	0.003035
2089	4.1e-05	-0.000156	0.038039	0.001225
2090	0.000469	-2.5e-05	0.033598	0.000732
2091	4.1e-05	0.000107	0.04258	0.00264
2092	0.000633	0.00014	0.041724	0.002673
2093	0.000239	0.000206	0.034388	0.000897
2094	0.000107	0.000107	0.010141	0.00241
2095	4.1e-05	0.000469	0.002936	0.003397
2096	8e-06	0.00014	-9e-05	0.001883
2097	-0.000189	0.001324	0.000271	0.006785
2098	-0.000551	0.000699	0.000995	0.002574
2099	0.000206	0.00014	7.4e-05	0.002903
2100	-9e-05	-0.001242	-0.000452	0.000666
2101	0.00014	-0.001176	-2.5e-05	0.003134
2102	4.1e-05	0.000831	0.005864	-0.000419
2103	0.000271	0.000239	0.01001	0.002245
2104	0.000107	0.000666	0.015471	0.002805
2105	0.000239	-0.001604	0.023728	8e-06
2106	4.1e-05	0.002607	0.031131	0.002772
2107	0.000469	0.000502	0.035013	0.003759
2108	-0.000485	-0.001637	0.042415	0.006391
2109	7.4e-05	0.001291	0.021162	0.005009
2110	4.1e-05	0.000929	0.021853	0.007772
2111	0.000633	4.1e-05	0.031328	0.006456
2112	0.001752	0.000502	0.035737	0.011523
2113	-0.000222	0.000765	0.042744	0.00616
2114	0.000929	0.000864	0.04735	0.006226
2115	-0.000354	4.1e-05	0.052416	0.003825
2116	-0.000321	0.000173	0.055608	0.0057
2117	-0.000255	0.000107	0.063306	0.003364
2118	0.00014	8e-06	0.066662	0.001193
2119	-0.000189	-9e-05	0.072814	0.003331
2120	4.1e-05	-5.8e-05	0.075018	0.000831
2121	-2.5e-05	-9e-05	0.079394	0.000173
2122	-0.000156	-0.000123	0.084888	-0.001439
2123	7.4e-05	8e-06	0.090546	0.000502
2124	0.000337	4.1e-05	0.090875	0.001094
2125	-0.000255	0.000107	0.099659	0.001554
2126	0.000173	0.000107	0.104693	0.000962
2127	0.000107	0.000107	0.103114	0.000666
2128	0.000239	7.4e-05	0.107785	0.000897
2129	7.4e-05	4.1e-05	0.109463	0.001883
2130	-0.000255	-5.8e-05	0.113016	-0.000748
2131	-0.000387	-2.5e-05	0.114661	0.003989
2132	0.00014	-0.000123	0.119497	-0.000518
2133	-9e-05	-9e-05	0.119793	0.002838
2134	8e-06	-9e-05	0.123577	0.000929
2135	0.00014	7.4e-05	0.12361	0.003496
2136	0.000107	0.000107	0.12486	-0.000781
2137	0.000173	7.4e-05	0.125978	0.000831
2138	-2.5e-05	0.000173	0.13394	0.001357
2139	8e-06	0.000107	0.13042	0.000206
2140	-9e-05	8e-06	0.137164	0.005502
2141	-9e-05	8e-06	0.137394	0.001785
2142	-0.000123	-5.8e-05	0.026229	0.004614
2143	-2.5e-05	-9e-05	0.011095	0.002311
2144	0.000173	-9e-05	0.00264	0.003463
2145	0.000206	-5.8e-05	0.003298	0.00343
2146	0.00014	0.000107	0.002903	0.004779
2147	0.000173	7.4e-05	-0.001077	0.004351
2148	0.000173	0.000173	-0.000551	0.009977
2149	0.00014	0.000107	7.4e-05	0.008759
2150	8e-06	0.00014	0.00014	0.005798
2151	-5.8e-05	7.4e-05	7.4e-05	0.009121
2152	-0.000156	-5.8e-05	0.00014	0.007805
2153	-9e-05	-9e-05	0.000107	0.009023
2154	8e-06	-5.8e-05	4.1e-05	0.008694
2155	4.1e-05	-0.000123	4.1e-05	0.007443
2156	0.000107	-2.5e-05	-9e-05	0.009023
2157	7.4e-05	4.1e-05	-5.8e-05	0.008101
2158	0.000107	0.000107	-0.000123	0.00695
2159	4.1e-05	0.00014	-5.8e-05	0.005996
2160	0.00014	0.00014	7.4e-05	0.002805
2161	8e-06	0.000173	7.4e-05	0.004022
2162	-9e-05	4.1e-05	7.4e-05	0.000206
2163	-0.000156	8e-06	0.000107	0.003331
2164	-0.000123	-9e-05	0.000107	0.002212
2165	4.1e-05	-0.000123	4.1e-05	0.002311
2166	-0.000123	-9e-05	-5.8e-05	0.002245
2167	0.000107	-0.000123	-9e-05	0.001324
2168	-2.5e-05	7.4e-05	-9e-05	0.004483
2169	0.00014	4.1e-05	-9e-05	0.004186
2170	0.000107	0.00014	8e-06	0.001291
2171	4.1e-05	0.000107	8e-06	0.002344
2172	-5.8e-05	0.000107	0.000107	0.000897
2173	-2.5e-05	7.4e-05	0.000107	0.006029
2174	-9e-05	-2.5e-05	7.4e-05	0.004779
2175	8e-06	-9e-05	0.000107	0.006029
2176	-9e-05	-5.8e-05	4.1e-05	0.008694
2177	0.000107	-9e-05	-2.5e-05	0.003693
2178	0.00014	-2.5e-05	-9e-05	0.00491
2179	7.4e-05	4.1e-05	-9e-05	0.002212
2180	0.000173	0.000173	-9e-05	0.000568
2181	8e-06	0.000831	8e-06	-0.000814
2182	-5.8e-05	0.000962	4.1e-05	-0.00088
2183	8e-06	0.001916	7.4e-05	-2.5e-05
2184	-5.8e-05	-0.000156	0.000107	0.00014
2185	-0.000123	0.000107	0.00014	0.000173
2186	-0.000123	8e-06	0.00014	0.00014
2187	4.1e-05	-9e-05	7.4e-05	-0.000354
2188	8e-06	-9e-05	-2.5e-05	0.000864
2189	0.00014	-2.5e-05	-5.8e-05	0.002443
2190	4.1e-05	-2.5e-05	-5.8e-05	0.001127
2191	7.4e-05	7.4e-05	-9e-05	0.004154
2192	4.1e-05	-9e-05	-9e-05	-0.001176
2193	-5.8e-05	-2.5e-05	4.1e-05	0.004713
2194	4.1e-05	0.000568	7.4e-05	0.000633
2195	-5.8e-05	0.000469	0.000107	0.004252
2196	-5.8e-05	-5.8e-05	0.000107	0.004548
2197	-5.8e-05	0.000304	0.000107	0.006358
2198	-0.000123	0.00037	0.00014	0.002772
2199	4.1e-05	8e-06	8e-06	0.002377
2200	0.00014	0.000271	-9e-05	0.003101
2201	0.000107	-0.000518	-0.000123	0.002377
2202	4.1e-05	0.000535	-9e-05	0.003857
2203	0.000173	0.000206	-2.5e-05	0.001785
2204	4.1e-05	0.000337	-2.5e-05	0.003627
2205	4.1e-05	-0.000123	0.000107	0.001423
2206	-0.000156	0.00037	7.4e-05	0.004055
2207	-9e-05	-0.000222	0.00014	0.00366
2208	-9e-05	0.000206	0.00014	0.002772
2209	-5.8e-05	0.000304	8e-06	0.003397
2210	7.4e-05	4.1e-05	8e-06	0.001061
2211	7.4e-05	-0.000518	-5.8e-05	0.003825
2212	7.4e-05	0.000502	-9e-05	0.000929
2213	0.000107	0.000173	-9e-05	0.001291
2214	0.00014	0.000206	-2.5e-05	0.00366
2215	0.000107	0.000403	4.1e-05	0.001225
2216	4.1e-05	0.001522	0.000568	0.003825
2217	-2.5e-05	0.000469	0.002706	0.000831
2218	-9e-05	0.000173	0.008529	0.003232
2219	-0.000156	0.000173	0.014747	0.002574
2220	-2.5e-05	-0.000156	0.018037	0.001225
2221	-2.5e-05	-5.8e-05	0.028236	0.002048
2222	4.1e-05	0.000239	0.032282	0.00162
2223	4.1e-05	0.000568	0.039224	-5.8e-05
2224	0.000107	-0.000387	0.043205	-0.000387
2225	0.00014	0.001258	0.049982	0.0006
2226	0.000107	-0.000222	0.053305	8e-06
2227	4.1e-05	0.00014	0.058371	0.000107
2228	-5.8e-05	-2.5e-05	0.061266	4.1e-05
2229	-2.5e-05	-9e-05	0.069261	0.00037
2230	-5.8e-05	0.000271	0.074228	-5.8e-05
2231	0.00014	0.0006	0.075577	0.00116
2232	-2.5e-05	0.000995	0.085184	-2.5e-05
2233	0.000173	-0.000847	0.083966	0.000929
2234	4.1e-05	0.002114	0.092652	0.000206
2235	0.00014	-2.5e-05	0.09377	8e-06
2236	-2.5e-05	0.000962	0.09887	-5.8e-05
2237	-0.000354	0.001028	0.099166	0.000107
2238	-0.000321	0.001127	0.102522	-0.000222
2239	-5.8e-05	0.000403	0.103015	-2.5e-05
2240	-0.000617	0.000107	0.107456	0.000107
2241	0.000304	0.000107	0.113115	7.4e-05
2242	-0.000156	-9e-05	0.113477	0.000107
2243	-0.000321	-9e-05	0.119629	0.000304
2244	0.000436	-0.000979	0.119826	0.000206
2245	0.000173	0.000633	0.123741	-5.8e-05
2246	0.00139	0.00037	0.126867	8e-06
2247	0.000403	0.00116	0.131111	7.4e-05
2248	0.002377	0.0006	0.128972	0.000633
2249	0.000666	0.00014	0.133414	8e-06
2250	0.005766	0.000304	0.134697	0.00139
2251	0.010766	0.000995	0.139006	0.000831
2252	0.015635	-0.000189	0.139138	0.001193
2253	0.020965	0.001686	0.140684	0.001554
2254	0.015569	-0.000419	0.141902	0.001653
2255	0.021952	0.002969	0.14506	0.000864
2256	0.023235	0.001127	0.145422	-0.001472
2257	0.008825	0.000568	0.146178	-0.00065
2258	0.004384	-0.000979	0.149633	0.00014
2259	0.012247	0.001851	0.146771	0.001028
2260	0.00139	4.1e-05	0.150817	-0.000387
2261	0.001554	4.1e-05	0.153449	0.00116
2262	-0.000617	0.000271	0.155555	-0.000321
2263	0.001949	-0.000255	0.155555	-0.000617
2264	-0.005453	0.00162	0.157035	0.000929
2265	0.001028	0.00014	0.157825	0.001851
2266	0.002903	-0.002788	0.162365	-0.000123
2267	0.004844	-0.000189	0.159338	0.000962
2268	0.00445	0.002476	0.163681	8e-06
2269	0.005996	0.001423	0.164076	0.000765
2270	0.005272	0.000962	0.161641	0.000436
2271	-0.000123	0.000107	0.159634	-0.000156
2272	0.000436	0.00014	0.164503	0.00014
2273	0.002838	0.00014	0.166411	-0.000189
2274	0.000502	-5.8e-05	0.165589	0.000535
2275	-0.000551	-0.000123	0.167793	0.000271
2276	-0.000156	-9e-05	0.168879	0.000436
2277	0.000107	-0.000156	0.170458	-5.8e-05
2278	0.00037	8e-06	0.169142	0.000337
2279	0.000271	4.1e-05	0.170195	-0.000189
2280	4.1e-05	0.000107	0.172399	0.000304
2281	-0.000189	0.000107	0.171544	-0.000518
2282	0.000929	0.00014	0.170228	0.002278
2283	0.004614	0.000107	0.176314	0.000568
2284	0.010503	8e-06	0.175261	0.000337
2285	0.006917	-5.8e-05	0.172629	0.000699
2286	0.007608	-9e-05	0.175031	0.000502
2287	0.009483	-5.8e-05	0.174603	0.000469
2288	0.014747	-0.000123	0.174735	0.000864
2289	0.010865	4.1e-05	0.177136	0.001258
2290	0.000535	7.4e-05	0.176544	0.000831
2291	0.001982	7.4e-05	0.176084	0.000337
2292	0.005634	0.000107	0.091599	-0.000321
2293	0.016293	0.000173	0.04712	0.001094
2294	0.011622	8e-06	0.049061	-0.000485
2295	0.017412	8e-06	0.052087	0.000633
2296	0.018925	-2.5e-05	0.057647	0.000403
2297	0.018563	-5.8e-05	0.059457	0.00014
2298	0.017083	-9e-05	0.067813	0.00014
2299	0.019419	-0.000123	0.074886	0.00014
2300	0.00264	-9e-05	0.078834	0.001225
2301	0.003364	7.4e-05	0.082453	0.001028
2302	0.003726	0.000107	0.081828	0.000633
2303	0.010075	0.000107	0.088474	0.001094
2304	0.015866	0.00014	0.092849	0.000337
2305	0.018201	0.00014	0.092389	-0.000123
2306	0.024748	4.1e-05	0.095909	0.000271
2307	0.02692	-9e-05	0.098376	-0.000354
2308	0.028926	-5.8e-05	0.100054	8e-06
2309	0.032447	-0.000156	0.106831	0.000173
2310	0.034026	-0.000123	0.108443	0.000173
2311	0.03475	-5.8e-05	0.115319	-9e-05
2312	0.037612	7.4e-05	0.114003	-0.000123
2313	0.037151	4.1e-05	0.116668	-0.000156
2314	0.039816	0.000107	0.118609	4.1e-05
2315	0.041494	0.000107	0.123215	-0.000123
2316	0.042185	0.000206	0.125353	7.4e-05
2317	0.042547	0.00014	0.128676	0.000107
2318	0.042382	0.000107	0.129795	0.000239
2319	0.03929	0.000173	0.131242	0.000107
2320	0.041757	-0.000123	0.136309	0.000206
2321	0.04156	4.1e-05	0.133776	0.000107
2322	0.038961	8e-06	0.13723	4.1e-05
2323	0.040013	0.000239	0.138677	-2.5e-05
2324	0.039257	0.000107	0.139697	-9e-05
2325	0.040737	-0.000123	0.139796	-5.8e-05
2326	0.038434	0.00037	0.147593	-0.000189
2327	0.042218	0.000173	0.140882	0.000107
2328	0.038533	0.00014	0.142132	4.1e-05
2329	0.037809	0.00014	0.145652	0.000239
2330	0.033697	-0.000354	0.142362	-0.000189
2331	0.036131	0.000403	0.146178	0.000239
2332	0.035408	0.000469	0.145915	0.000699
2333	0.036493	-0.000189	0.145422	0.001061
2334	0.035473	0.000765	0.147758	-0.000222
2335	0.038072	0.000206	0.140553	0.000271
2336	0.038467	0.000469	0.136868	-9e-05
2337	0.03623	7.4e-05	0.139368	0.001193
2338	0.042152	0.000502	0.141606	-2.5e-05
2339	0.039026	7.4e-05	0.14052	4.1e-05
2340	0.035605	7.4e-05	0.143119	7.4e-05
2341	0.031953	-0.000156	0.144961	0.00014
2342	0.035408	-0.000156	0.132262	0.000107
2343	0.031098	-0.000156	0.115418	4.1e-05
2344	0.010865	-0.000189	0.115944	8e-06
2345	0.012773	8e-06	0.121438	-9e-05
2346	0.008924	7.4e-05	0.120484	-9e-05
2347	0.005404	-2.5e-05	0.125123	-0.000123
2348	0.003857	0.00014	0.119761	-0.000156
2349	0.001949	0.000107	0.021919	-2.5e-05
2350	0.008003	8e-06	0.024321	0.000107
2351	0.002377	8e-06	0.032874	7.4e-05
2352	7.4e-05	-0.000123	0.037908	0.00014
2353	0.00037	7.4e-05	0.045277	0.000239
2354	8e-06	8e-06	0.048041	4.1e-05
2355	0.000502	0.000304	0.049554	4.1e-05
2356	-5.8e-05	4.1e-05	0.057154	-2.5e-05
2357	0.000206	0.000765	0.054884	-9e-05
2358	0.000107	0.000502	0.06097	-9e-05
2359	7.4e-05	0.000107	0.060115	-9e-05
2360	-5.8e-05	0.000239	0.063931	-2.5e-05
2361	0.00014	-0.000255	0.064918	7.4e-05
2362	-0.000123	-5.8e-05	0.066102	7.4e-05
2363	-9e-05	0.000107	0.06982	0.00014
2364	-9e-05	-9e-05	0.069392	0.000107
2365	0.000107	-0.000189	0.070313	0.000173
2366	8e-06	-9e-05	0.073537	8e-06
2367	0.000173	8e-06	0.073899	-2.5e-05
2368	0.000107	0.000107	0.077584	-5.8e-05
2369	0.000304	-5.8e-05	0.079492	-5.8e-05
2370	0.00139	0.000304	0.080479	-9e-05
2371	0.00037	0.000107	0.082881	-5.8e-05
2372	4.1e-05	0.000436	0.084197	4.1e-05
2373	-9e-05	0.000107	0.088507	0.00014
2374	-9e-05	0.000699	0.088507	0.00014
2375	-5.8e-05	0.000666	0.091566	0.00014
2376	8e-06	0.000271	0.092586	0.00014
2377	7.4e-05	0.000173	0.097488	8e-06
2378	0.000107	-0.000123	0.094034	-2.5e-05
2379	7.4e-05	0.000107	0.101732	-5.8e-05
2380	0.000173	0.001982	0.10012	-5.8e-05
2381	0.000173	0.007411	0.103114	-5.8e-05
2382	0.002607	0.002212	0.100416	-2.5e-05
2383	-0.000156	0.000403	0.107292	0.000107
2384	-0.000123	0.00162	0.106634	7.4e-05
2385	-5.8e-05	0.005996	0.108871	0.000173
2386	0.000403	0.008792	0.107062	0.000107
2387	0.00014	0.009319	0.113115	0.00014
2388	0.001752	0.015833	0.11295	7.4e-05
2389	0.003496	0.01376	0.10897	-2.5e-05
2390	0.0006	0.000337	0.111141	-5.8e-05
2391	0.000239	0.000995	0.111569	-5.8e-05
2392	-0.000321	0.001225	0.109891	-0.000156
2393	4.1e-05	0.004088	0.112621	-2.5e-05
2394	0.001028	0.009253	0.108213	0.000107
2395	0.002509	0.010865	0.106963	0.000107
2396	0.000502	0.012543	0.110187	4.1e-05
2397	0.003364	0.011786	0.100646	0.00014
2398	0.000633	0.007378	0.103541	0.00014
2399	0.004285	0.009154	0.106371	4.1e-05
2400	0.0057	0.009615	0.106765	-2.5e-05
2401	0.00218	0.008661	0.109101	-9e-05
2402	0.004647	0.007542	0.110253	-9e-05
2403	0.003594	0.010635	0.109693	-9e-05
2404	0.008759	0.009582	0.109759	-5.8e-05
2405	0.006456	0.009154	0.110417	0.000107
2406	0.006456	0.009615	0.110384	7.4e-05
2407	0.002903	0.009154	0.10568	0.00014
2408	0.011556	0.007805	0.108049	0.00014
2409	0.005108	0.008726	0.114201	7.4e-05
2410	0.010799	0.005864	0.110746	7.4e-05
2411	0.008299	0.003101	0.113312	-5.8e-05
2412	0.002344	0.003528	0.108707	-5.8e-05
2413	0.004088	0.000502	0.115582	-9e-05
2414	0.000271	0.00014	0.113279	-9e-05
2415	0.003923	4.1e-05	0.115714	-9e-05
2416	0.009549	-5.8e-05	0.118938	4.1e-05
2417	0.013694	4.1e-05	0.121044	7.4e-05
2418	0.015569	-5.8e-05	0.122853	0.00014
2419	0.021129	-0.000123	0.123314	0.000107
2420	0.008365	0.000206	0.11851	0.00014
2421	0.008661	0.003923	0.121142	7.4e-05
2422	0.006292	0.001061	0.121471	8e-06
2423	0.013431	0.000666	0.11782	8e-06
2424	0.009812	0.003232	0.06199	-9e-05
2425	0.007674	0.000864	0.058897	-5.8e-05
2426	0.010931	0.000173	0.064326	-9e-05
2427	0.015372	0.000436	0.04304	-2.5e-05
2428	0.014451	0.002805	0.00774	0.000107
2429	0.010503	0.000502	0.012378	0.00014
2430	0.001785	0.001785	0.021425	0.00014
2431	0.00718	0.001193	0.025242	0.000107
2432	0.008496	-0.003874	0.031394	4.1e-05
2433	0.007016	-0.000189	0.035276	-2.5e-05
2434	0.004976	0.000239	0.039915	-9e-05
2435	-0.001045	0.000107	0.047251	-5.8e-05
2436	0.006785	0.000206	0.048205	-5.8e-05
2437	0.012576	0.000304	0.0511	-9e-05
2438	0.014846	0.00014	0.057022	8e-06
2439	0.007213	-2.5e-05	0.057516	4.1e-05
2440	0.00945	8e-06	0.058305	0.00014
2441	0.008858	-9e-05	0.0612	0.000107
2442	0.010569	8e-06	0.064161	0.00014
2443	0.011622	8e-06	0.068307	4.1e-05
2444	0.015701	8e-06	0.068142	8e-06
2445	0.014484	-9e-05	0.068701	-2.5e-05
2446	0.01682	0.000173	0.06778	-5.8e-05
2447	0.016491	0.000107	0.067451	-0.000156
2448	0.021886	0.000107	0.068932	-2.5e-05
2449	0.019715	4.1e-05	0.067418	4.1e-05
2450	0.020241	-9e-05	0.066695	0.000107
2451	0.014813	-2.5e-05	0.067978	0.00014
2452	0.01376	-9e-05	0.06551	0.000107
2453	0.015833	-0.000123	0.069886	0.00014
2454	0.013234	-0.000123	0.068274	7.4e-05
2455	0.014846	8e-06	0.068076	8e-06
2456	0.014451	0.000107	0.068668	-5.8e-05
2457	0.018629	0.000173	0.065708	-5.8e-05
2458	0.021195	0.000107	0.06222	-0.000123
2459	0.018201	0.000173	0.062286	-0.000123
2460	0.001489	0.00014	0.060542	4.1e-05
2461	0.002772	0.000107	0.060082	4.1e-05
2462	0.002147	8e-06	0.05666	0.000107
2463	0.000798	-5.8e-05	0.054423	0.00014
2464	0.005239	-9e-05	0.055344	0.00014
2465	0.001094	-9e-05	0.051857	0.000107
2466	-0.000156	8e-06	0.049817	-5.8e-05
2467	0.000239	-0.000123	0.047975	-2.5e-05
2468	0.000535	0.000173	0.039355	-0.000123
2469	0.00491	7.4e-05	0.023465	-0.000123
2470	0.002838	0.00014	0.022149	-5.8e-05
2471	0.000568	7.4e-05	0.02363	7.4e-05
2472	-0.000189	7.4e-05	0.021195	4.1e-05
2473	0.00014	-2.5e-05	0.025702	0.000107
2474	0.000239	4.1e-05	0.015569	0.000107
2475	-0.000156	-2.5e-05	0.02284	0.00014
2476	0.00014	7.4e-05	0.017346	4.1e-05
2477	0.000633	8e-06	0.016622	8e-06
2478	0.003792	-2.5e-05	0.019846	-2.5e-05
2479	0.005667	0.000173	0.017938	-0.000123
2480	0.001785	0.000107	0.017675	-5.8e-05
2481	0.000107	0.000173	0.020373	-5.8e-05
2482	7.4e-05	0.000239	0.018497	8e-06
2483	-9e-05	0.000239	0.017609	4.1e-05
2484	-9e-05	-5.8e-05	0.018201	7.4e-05
2485	-9e-05	8e-06	0.014879	0.000107
2486	-5.8e-05	-0.000123	0.015898	0.00014
2487	0.000107	-5.8e-05	0.016688	7.4e-05
2488	8e-06	7.4e-05	0.013135	8e-06
2489	0.000107	7.4e-05	0.011062	-2.5e-05
2490	0.00014	0.000239	0.008628	-5.8e-05
2491	0.00014	0.000239	0.009977	-0.000123
2492	7.4e-05	0.000271	0.013826	-0.000156
2493	8e-06	0.000239	0.010207	7.4e-05
2494	-9e-05	0.000337	0.012641	4.1e-05
2495	4.1e-05	-2.5e-05	0.011358	0.00014
2496	0.001028	-2.5e-05	0.011654	0.00014
2497	0.000271	-0.000123	0.008595	0.00014
2498	0.002673	-5.8e-05	0.007838	0.000107
2499	0.000173	-5.8e-05	0.005897	8e-06
