Ladekurvenmessung
Zeit: 2018_05_02 15.27.09
Info: FVA3, v = 0.8059, T = 40, F = 20, h = 332.7
Ladewiderstand[Ohm]: 1012700
Störkapazität[nF]: 0.000000
Entladezeit[ms]: 100
Abtastrate[Hz]: 250000
Anzahl der Messwerte: 2500
Verzögerung [ms]: 1
Ladespannung[V]: 0.200000
	Kurve_1
0	0.014352
1	0.012148
2	0.010108
3	0.011885
4	0.00899
5	0.011852
6	0.011029
7	0.011227
8	0.004417
9	0.007213
10	0.006687
11	0.008167
12	0.005239
13	0.004976
14	0.00774
15	0.006259
16	0.006522
17	0.008595
18	0.008299
19	0.004515
20	0.008299
21	0.006029
22	0.004318
23	0.005601
24	0.005963
25	0.00366
26	0.004055
27	0.001851
28	0.005502
29	0.001719
30	0.005009
31	0.002772
32	0.006753
33	0.005963
34	0.003561
35	0.007641
36	0.002541
37	0.008397
38	0.003364
39	0.006753
40	0.001587
41	0.003364
42	0.003298
43	0.005733
44	0.003199
45	0.002706
46	0.003594
47	0.000337
48	0.001818
49	-0.00315
50	0.004285
51	0.00014
52	0.007509
53	0.003364
54	0.00774
55	0.005206
56	0.007345
57	0.004055
58	0.00468
59	0.003068
60	0.003528
61	0.00287
62	0.003134
63	0.004055
64	0.000929
65	0.0057
66	0.003759
67	0.007772
68	0.004548
69	0.00843
70	0.006687
71	0.007246
72	0.003989
73	0.005897
74	0.005305
75	0.004186
76	0.003397
77	0.002015
78	0.003068
79	0.002509
80	0.002114
81	0.00014
82	0.00366
83	0.002739
84	0.00264
85	0.003397
86	0.003693
87	0.003364
88	0.008924
89	0.000469
90	0.003989
91	0.00491
92	0.004581
93	0.002673
94	0.003693
95	0.003463
96	0.003134
97	0.005338
98	0.006062
99	0.007082
100	0.004186
101	0.003364
102	0.003825
103	0.004548
104	0.003956
105	0.006851
106	0.000502
107	0.009779
108	0.004548
109	0.004219
110	0.005075
111	0.00491
112	0.003298
113	0.003298
114	0.003331
115	0.002114
116	0.005667
117	0.00162
118	0.004318
119	-5.8e-05
120	0.004713
121	0.001357
122	0.005371
123	0.003002
124	0.004022
125	0.005535
126	0.004022
127	0.002212
128	0.000304
129	0.002706
130	0.002903
131	0.00241
132	-0.000584
133	0.003956
134	0.001291
135	0.001752
136	0.001949
137	0.003463
138	0.002509
139	0.002476
140	0.001522
141	0.005108
142	0.002212
143	0.003232
144	0.006029
145	-5.8e-05
146	-0.000683
147	0.003397
148	0.003397
149	0.002509
150	0.003792
151	0.003134
152	0.001818
153	0.002936
154	0.003134
155	0.005864
156	0.004055
157	0.00218
158	0.003759
159	0.004417
160	0.002344
161	0.004779
162	0.003101
163	0.003759
164	0.00468
165	0.00468
166	-0.004137
167	0.00116
168	0.00287
169	0.002443
170	0.004581
171	0.009582
172	0.009154
173	0.008167
174	0.008628
175	0.006917
176	0.007213
177	0.004252
178	0.007016
179	0.005075
180	0.006424
181	0.008266
182	0.008496
183	0.006555
184	0.007904
185	0.007443
186	0.010898
187	0.010174
188	0.011391
189	0.009845
190	0.012872
191	0.010799
192	0.011951
193	0.013497
194	0.010931
195	0.011293
196	0.011029
197	0.01047
198	0.008003
199	0.009055
200	0.01047
201	0.010108
202	0.007443
203	0.012016
204	0.011687
205	0.012773
206	0.010042
207	0.014254
208	0.012674
209	0.011589
210	0.013003
211	0.013398
212	0.011885
213	0.010174
214	0.012806
215	0.009779
216	0.010437
217	0.010174
218	0.014813
219	0.010404
220	0.010437
221	0.010075
222	0.011391
223	0.007641
224	0.009713
225	0.008726
226	0.009713
227	0.009681
228	0.007345
229	0.007246
230	0.005996
231	0.0107
232	0.004548
233	0.008134
234	0.004055
235	0.006884
236	0.005601
237	0.005634
238	0.007082
239	0.004548
240	0.006193
241	0.006522
242	0.006029
243	0.00695
244	0.009352
245	0.005173
246	0.008233
247	0.005831
248	0.008661
249	0.010536
250	0.003726
251	0.007312
252	0.016524
253	0.022906
254	0.028795
255	0.039553
256	0.04735
257	0.054193
258	0.058009
259	0.064786
260	0.069261
261	0.077189
262	0.081236
263	0.086204
264	0.088605
265	0.094395
266	0.10387
267	0.107127
268	0.105318
269	0.113477
270	0.115352
271	0.118938
272	0.125024
273	0.131966
274	0.134203
275	0.135157
276	0.141046
277	0.138645
278	0.145356
279	0.142329
280	0.149106
281	0.149041
282	0.153219
283	0.157298
284	0.159766
285	0.160358
286	0.164832
287	0.164404
288	0.165852
289	0.168879
290	0.169274
291	0.173189
292	0.173715
293	0.175524
294	0.178419
295	0.179933
296	0.17661
297	0.181249
298	0.181084
299	0.18546
300	0.188783
301	0.187203
302	0.183946
303	0.188487
304	0.185855
305	0.189112
306	0.188881
307	0.190395
308	0.192632
309	0.192138
310	0.194277
311	0.186907
312	0.193882
313	0.191316
314	0.196053
315	0.190888
316	0.1976
317	0.18875
318	0.195165
319	0.195955
320	0.195527
321	0.199245
322	0.195395
323	0.19602
324	0.195922
325	0.199014
326	0.196218
327	0.195066
328	0.193191
329	0.195922
330	0.198389
331	0.199146
332	0.192533
333	0.196152
334	0.198619
335	0.200297
336	0.197501
337	0.198225
338	0.200824
339	0.19477
340	0.19931
341	0.198883
342	0.198817
343	0.197468
344	0.198422
345	0.200495
346	0.200824
347	0.198093
348	0.202074
349	0.195461
350	0.196218
351	0.201646
352	0.199508
353	0.198948
354	0.197534
355	0.19908
356	0.196251
357	0.199738
358	0.196843
359	0.197665
360	0.195461
361	0.196415
362	0.197336
363	0.199442
364	0.196514
365	0.195264
366	0.195198
367	0.197764
368	0.202107
369	0.196481
370	0.197764
371	0.196448
372	0.19329
373	0.194803
374	0.196843
375	0.193027
376	0.194145
377	0.195757
378	0.193356
379	0.193191
380	0.196876
381	0.196349
382	0.198126
383	0.195889
384	0.196448
385	0.19783
386	0.197205
387	0.195494
388	0.198817
389	0.192369
390	0.196053
391	0.19579
392	0.192829
393	0.198587
394	0.190263
395	0.196086
396	0.194606
397	0.19477
398	0.194704
399	0.198652
400	0.191086
401	0.192303
402	0.19533
403	0.194145
404	0.193882
405	0.194046
406	0.19579
407	0.196218
408	0.194079
409	0.191842
410	0.194737
411	0.191974
412	0.193915
413	0.193125
414	0.192434
415	0.191415
416	0.194375
417	0.19704
418	0.19783
419	0.192961
420	0.194014
421	0.195724
422	0.187532
423	0.196349
424	0.193421
425	0.192467
426	0.186743
427	0.188684
428	0.190099
429	0.188783
430	0.189276
431	0.19375
432	0.190921
433	0.191941
434	0.19
435	0.191744
436	0.191974
437	0.18977
438	0.19227
439	0.192763
440	0.189638
441	0.18773
442	0.189441
443	0.191711
444	0.188618
445	0.184473
446	0.187927
447	0.188092
448	0.187796
449	0.191546
450	0.194112
451	0.187368
452	0.186611
453	0.191974
454	0.187763
455	0.188947
456	0.187927
457	0.188816
458	0.188092
459	0.188519
460	0.187796
461	0.18671
462	0.186513
463	0.186973
464	0.188947
465	0.190493
466	0.191908
467	0.193027
468	0.190855
469	0.192599
470	0.192336
471	0.189243
472	0.189474
473	0.19148
474	0.195724
475	0.187335
476	0.195198
477	0.188454
478	0.192961
479	0.189243
480	0.192336
481	0.194014
482	0.191678
483	0.191382
484	0.19329
485	0.196053
486	0.197402
487	0.189671
488	0.195428
489	0.196613
490	0.195955
491	0.198159
492	0.198587
493	0.201482
494	0.196349
495	0.200199
496	0.199902
497	0.198784
498	0.199409
499	0.198817
500	0.203225
501	0.201317
502	0.19806
503	0.201054
504	0.202534
505	0.199146
506	0.202765
507	0.201909
508	0.205989
509	0.199771
510	0.200857
511	0.202173
512	0.198981
513	0.199541
514	0.200626
515	0.202699
516	0.203587
517	0.204607
518	0.203817
519	0.203456
520	0.202173
521	0.203159
522	0.202173
523	0.204804
524	0.197994
525	0.204146
526	0.202699
527	0.198948
528	0.199606
529	0.203752
530	0.200429
531	0.198652
532	0.201613
533	0.201054
534	0.205331
535	0.198718
536	0.201186
537	0.201383
538	0.200363
539	0.20135
540	0.201087
541	0.199014
542	0.197731
543	0.200034
544	0.198718
545	0.196349
546	0.200133
547	0.196316
548	0.197863
549	0.196316
550	0.198718
551	0.200922
552	0.195988
553	0.197698
554	0.196974
555	0.197468
556	0.193224
557	0.196316
558	0.194244
559	0.191645
560	0.193224
561	0.195198
562	0.190921
563	0.193323
564	0.19
565	0.196448
566	0.189243
567	0.191711
568	0.189506
569	0.189474
570	0.191415
571	0.188454
572	0.192961
573	0.188848
574	0.192763
575	0.190855
576	0.191941
577	0.189474
578	0.190625
579	0.187203
580	0.189342
581	0.189079
582	0.188848
583	0.193158
584	0.187763
585	0.19
586	0.190954
587	0.190296
588	0.189737
589	0.191316
590	0.192237
591	0.193027
592	0.187401
593	0.194474
594	0.191217
595	0.191086
596	0.189177
597	0.190329
598	0.192763
599	0.188487
600	0.190131
601	0.192237
602	0.190954
603	0.19046
604	0.192237
605	0.189112
606	0.193816
607	0.189967
608	0.19352
609	0.191447
610	0.191382
611	0.190789
612	0.191086
613	0.190888
614	0.189342
615	0.190428
616	0.193915
617	0.193257
618	0.191908
619	0.19352
620	0.19352
621	0.193981
622	0.195099
623	0.194343
624	0.192467
625	0.194178
626	0.194606
627	0.190329
628	0.19579
629	0.19352
630	0.1925
631	0.199146
632	0.192369
633	0.194474
634	0.196284
635	0.195362
636	0.197731
637	0.19658
638	0.198488
639	0.197534
640	0.201383
641	0.201844
642	0.193421
643	0.198258
644	0.200133
645	0.200495
646	0.198619
647	0.198126
648	0.201251
649	0.198554
650	0.201186
651	0.202502
652	0.199705
653	0.201712
654	0.197632
655	0.202534
656	0.200297
657	0.202238
658	0.199968
659	0.202107
660	0.199376
661	0.200725
662	0.199442
663	0.198192
664	0.197764
665	0.195593
666	0.197764
667	0.20237
668	0.196909
669	0.195395
670	0.196382
671	0.194573
672	0.192895
673	0.19306
674	0.195757
675	0.191184
676	0.195856
677	0.180722
678	0.19375
679	0.190625
680	0.183617
681	0.184111
682	0.185361
683	0.188158
684	0.186611
685	0.187302
686	0.185197
687	0.188388
688	0.183025
689	0.184111
690	0.183321
691	0.185032
692	0.18342
693	0.184604
694	0.184045
695	0.183091
696	0.183223
697	0.181512
698	0.185559
699	0.181249
700	0.180328
701	0.179341
702	0.180821
703	0.180492
704	0.182367
705	0.183289
706	0.184473
707	0.183881
708	0.185591
709	0.184802
710	0.186513
711	0.184868
712	0.184539
713	0.185986
714	0.185032
715	0.185953
716	0.187401
717	0.191579
718	0.190131
719	0.190197
720	0.18977
721	0.191711
722	0.189539
723	0.192533
724	0.189177
725	0.19431
726	0.191283
727	0.192566
728	0.195066
729	0.195165
730	0.19329
731	0.195626
732	0.192763
733	0.193421
734	0.194968
735	0.193981
736	0.199541
737	0.194902
738	0.202205
739	0.19454
740	0.196415
741	0.199606
742	0.200034
743	0.199442
744	0.202205
745	0.197731
746	0.20033
747	0.201679
748	0.202403
749	0.204245
750	0.198455
751	0.199245
752	0.199212
753	0.201317
754	0.198323
755	0.202699
756	0.200067
757	0.200396
758	0.200067
759	0.203094
760	0.19806
761	0.201712
762	0.199639
763	0.200396
764	0.20214
765	0.197369
766	0.199212
767	0.194408
768	0.199409
769	0.198587
770	0.199705
771	0.19533
772	0.199573
773	0.198488
774	0.198356
775	0.197665
776	0.194639
777	0.193356
778	0.196316
779	0.198159
780	0.198587
781	0.19658
782	0.19533
783	0.198488
784	0.194672
785	0.197698
786	0.185624
787	0.19681
788	0.192369
789	0.191053
790	0.195264
791	0.192171
792	0.192336
793	0.192204
794	0.193454
795	0.192862
796	0.197961
797	0.192303
798	0.19352
799	0.189112
800	0.190822
801	0.192698
802	0.191217
803	0.191151
804	0.192007
805	0.191118
806	0.192007
807	0.188651
808	0.190855
809	0.187269
810	0.188092
811	0.189013
812	0.18977
813	0.188947
814	0.189342
815	0.188322
816	0.189441
817	0.1925
818	0.187236
819	0.189145
820	0.188421
821	0.188684
822	0.188618
823	0.189408
824	0.186052
825	0.18467
826	0.18444
827	0.185657
828	0.188684
829	0.188816
830	0.185624
831	0.189408
832	0.187401
833	0.18796
834	0.187039
835	0.185657
836	0.186677
837	0.186677
838	0.189243
839	0.183289
840	0.184933
841	0.182828
842	0.185394
843	0.181117
844	0.184275
845	0.183716
846	0.182631
847	0.182861
848	0.184111
849	0.186282
850	0.185986
851	0.186414
852	0.180657
853	0.186282
854	0.182565
855	0.181117
856	0.18092
857	0.18194
858	0.179703
859	0.181216
860	0.182302
861	0.182038
862	0.184473
863	0.182894
864	0.182565
865	0.18013
866	0.186151
867	0.186118
868	0.188585
869	0.184308
870	0.18444
871	0.185131
872	0.184736
873	0.183256
874	0.185262
875	0.183716
876	0.182005
877	0.183091
878	0.1824
879	0.183354
880	0.182565
881	0.180262
882	0.185559
883	0.187335
884	0.18569
885	0.189112
886	0.188158
887	0.188848
888	0.186973
889	0.185822
890	0.184835
891	0.185526
892	0.183683
893	0.190493
894	0.185888
895	0.18694
896	0.187006
897	0.187269
898	0.183848
899	0.189704
900	0.184901
901	0.186019
902	0.186447
903	0.186414
904	0.189342
905	0.186842
906	0.187105
907	0.186085
908	0.18819
909	0.184637
910	0.185657
911	0.188454
912	0.184012
913	0.187335
914	0.188487
915	0.187072
916	0.188783
917	0.186447
918	0.189177
919	0.194441
920	0.186052
921	0.19148
922	0.189572
923	0.189243
924	0.186842
925	0.189408
926	0.185657
927	0.186644
928	0.188552
929	0.187927
930	0.181841
931	0.181709
932	0.18796
933	0.190822
934	0.190987
935	0.188223
936	0.193158
937	0.189901
938	0.194046
939	0.192994
940	0.192402
941	0.192895
942	0.192336
943	0.191447
944	0.192566
945	0.192566
946	0.192467
947	0.195461
948	0.19227
949	0.192303
950	0.193388
951	0.194869
952	0.192763
953	0.196251
954	0.193685
955	0.194704
956	0.196711
957	0.195264
958	0.191744
959	0.195198
960	0.194902
961	0.194737
962	0.194968
963	0.194277
964	0.1976
965	0.192895
966	0.196185
967	0.19533
968	0.194507
969	0.192731
970	0.196119
971	0.194145
972	0.196119
973	0.197501
974	0.196152
975	0.197698
976	0.193586
977	0.193388
978	0.192665
979	0.19375
980	0.192928
981	0.191513
982	0.194474
983	0.196909
984	0.195362
985	0.195724
986	0.194737
987	0.195297
988	0.195494
989	0.197205
990	0.19783
991	0.197238
992	0.196251
993	0.198554
994	0.19806
995	0.198027
996	0.199442
997	0.198587
998	0.200889
999	0.201186
1000	0.200626
1001	0.199705
1002	0.201515
1003	0.19987
1004	0.202633
1005	0.201186
1006	0.199277
1007	0.204607
1008	0.205101
1009	0.201218
1010	0.203028
1011	0.204377
1012	0.202863
1013	0.203883
1014	0.199606
1015	0.206515
1016	0.20339
1017	0.206087
1018	0.207765
1019	0.209542
1020	0.206186
1021	0.208555
1022	0.207206
1023	0.208654
1024	0.207305
1025	0.203324
1026	0.204607
1027	0.205759
1028	0.206153
1029	0.204804
1030	0.207305
1031	0.202403
1032	0.208555
1033	0.208358
1034	0.207765
1035	0.204114
1036	0.205265
1037	0.207338
1038	0.206745
1039	0.207206
1040	0.20816
1041	0.208423
1042	0.206318
1043	0.208193
1044	0.207338
1045	0.207305
1046	0.207667
1047	0.206877
1048	0.208061
1049	0.2077
1050	0.205791
1051	0.208555
1052	0.207403
1053	0.206647
1054	0.208423
1055	0.209279
1056	0.208193
1057	0.208555
1058	0.213391
1059	0.214016
1060	0.21168
1061	0.210792
1062	0.210134
1063	0.206318
1064	0.206811
1065	0.206449
1066	0.210496
1067	0.20668
1068	0.20793
1069	0.209344
1070	0.208654
1071	0.209937
1072	0.209904
1073	0.205364
1074	0.20214
1075	0.205857
1076	0.204081
1077	0.207173
1078	0.206515
1079	0.205232
1080	0.204081
1081	0.203258
1082	0.205594
1083	0.205561
1084	0.206285
1085	0.205101
1086	0.204903
1087	0.203357
1088	0.205462
1089	0.206745
1090	0.204541
1091	0.20543
1092	0.202633
1093	0.206285
1094	0.209871
1095	0.205101
1096	0.203488
1097	0.204212
1098	0.202995
1099	0.199705
1100	0.200824
1101	0.199771
1102	0.200133
1103	0.199245
1104	0.200659
1105	0.201153
1106	0.202008
1107	0.200626
1108	0.202403
1109	0.200791
1110	0.198126
1111	0.198619
1112	0.197797
1113	0.197205
1114	0.195922
1115	0.198488
1116	0.199639
1117	0.194704
1118	0.195001
1119	0.200528
1120	0.195001
1121	0.197665
1122	0.196251
1123	0.199508
1124	0.197731
1125	0.196448
1126	0.202008
1127	0.190888
1128	0.194079
1129	0.193619
1130	0.193915
1131	0.191612
1132	0.192632
1133	0.192698
1134	0.194277
1135	0.192698
1136	0.192434
1137	0.193783
1138	0.193882
1139	0.195494
1140	0.193257
1141	0.196415
1142	0.192961
1143	0.194079
1144	0.18773
1145	0.192994
1146	0.19204
1147	0.19
1148	0.191711
1149	0.192895
1150	0.189605
1151	0.192105
1152	0.19148
1153	0.191053
1154	0.19102
1155	0.190691
1156	0.192961
1157	0.193191
1158	0.191809
1159	0.192303
1160	0.192007
1161	0.190428
1162	0.192369
1163	0.191316
1164	0.190493
1165	0.190691
1166	0.191842
1167	0.189803
1168	0.192204
1169	0.190131
1170	0.192171
1171	0.191809
1172	0.196218
1173	0.190757
1174	0.192994
1175	0.186842
1176	0.190263
1177	0.188618
1178	0.190164
1179	0.191513
1180	0.188519
1181	0.193421
1182	0.190921
1183	0.190888
1184	0.192961
1185	0.193421
1186	0.190526
1187	0.189671
1188	0.191118
1189	0.190691
1190	0.191875
1191	0.191349
1192	0.190592
1193	0.188881
1194	0.193191
1195	0.189638
1196	0.195198
1197	0.190559
1198	0.190559
1199	0.190822
1200	0.190954
1201	0.190691
1202	0.19125
1203	0.192204
1204	0.192105
1205	0.192336
1206	0.191513
1207	0.18898
1208	0.189901
1209	0.19102
1210	0.190757
1211	0.192763
1212	0.19023
1213	0.193356
1214	0.19204
1215	0.192994
1216	0.193652
1217	0.195198
1218	0.190658
1219	0.191053
1220	0.191151
1221	0.190954
1222	0.189704
1223	0.190329
1224	0.195362
1225	0.187335
1226	0.191875
1227	0.193356
1228	0.190131
1229	0.191217
1230	0.191579
1231	0.190296
1232	0.190954
1233	0.192566
1234	0.193125
1235	0.194211
1236	0.193421
1237	0.193125
1238	0.193257
1239	0.193553
1240	0.192796
1241	0.195001
1242	0.19102
1243	0.196481
1244	0.195066
1245	0.193652
1246	0.197238
1247	0.196119
1248	0.19477
1249	0.1976
1250	0.19556
1251	0.194408
1252	0.195593
1253	0.192961
1254	0.195922
1255	0.192204
1256	0.192566
1257	0.193125
1258	0.19352
1259	0.193224
1260	0.194408
1261	0.193849
1262	0.194573
1263	0.195231
1264	0.195231
1265	0.193882
1266	0.19602
1267	0.195988
1268	0.196316
1269	0.193849
1270	0.197106
1271	0.196942
1272	0.196053
1273	0.196645
1274	0.197698
1275	0.197238
1276	0.190822
1277	0.195198
1278	0.193849
1279	0.194014
1280	0.190724
1281	0.197501
1282	0.196053
1283	0.196316
1284	0.19885
1285	0.196086
1286	0.196744
1287	0.192862
1288	0.198027
1289	0.193948
1290	0.195988
1291	0.194211
1292	0.199409
1293	0.193421
1294	0.194244
1295	0.196152
1296	0.194737
1297	0.193783
1298	0.196514
1299	0.194606
1300	0.195527
1301	0.200199
1302	0.196514
1303	0.194639
1304	0.195724
1305	0.193191
1306	0.195461
1307	0.19704
1308	0.191842
1309	0.195955
1310	0.192829
1311	0.194836
1312	0.194639
1313	0.193849
1314	0.197501
1315	0.195461
1316	0.195001
1317	0.196514
1318	0.196711
1319	0.193685
1320	0.191612
1321	0.192434
1322	0.194474
1323	0.193553
1324	0.19204
1325	0.19431
1326	0.19579
1327	0.190822
1328	0.195856
1329	0.195428
1330	0.191053
1331	0.191875
1332	0.194211
1333	0.195001
1334	0.195198
1335	0.197172
1336	0.194211
1337	0.193388
1338	0.193158
1339	0.193224
1340	0.196547
1341	0.192796
1342	0.190921
1343	0.19148
1344	0.192007
1345	0.192138
1346	0.189375
1347	0.19806
1348	0.194737
1349	0.196744
1350	0.195362
1351	0.190921
1352	0.193356
1353	0.191316
1354	0.194014
1355	0.192599
1356	0.191908
1357	0.192994
1358	0.195428
1359	0.192007
1360	0.194112
1361	0.192171
1362	0.192434
1363	0.192533
1364	0.19046
1365	0.19306
1366	0.195362
1367	0.191908
1368	0.19533
1369	0.197929
1370	0.194507
1371	0.194639
1372	0.193323
1373	0.192467
1374	0.193421
1375	0.186447
1376	0.190362
1377	0.19431
1378	0.189177
1379	0.191744
1380	0.192961
1381	0.195099
1382	0.194573
1383	0.19533
1384	0.194375
1385	0.193553
1386	0.196711
1387	0.193158
1388	0.195659
1389	0.193092
1390	0.195428
1391	0.194277
1392	0.194014
1393	0.19806
1394	0.195724
1395	0.193816
1396	0.19681
1397	0.191941
1398	0.195165
1399	0.195066
1400	0.19352
1401	0.194211
1402	0.190559
1403	0.196086
1404	0.194573
1405	0.196316
1406	0.192994
1407	0.195626
1408	0.195099
1409	0.194606
1410	0.192698
1411	0.193619
1412	0.192434
1413	0.193158
1414	0.194474
1415	0.19454
1416	0.195494
1417	0.193158
1418	0.196909
1419	0.193849
1420	0.19806
1421	0.195132
1422	0.197632
1423	0.195132
1424	0.196349
1425	0.193388
1426	0.195231
1427	0.192796
1428	0.193454
1429	0.192303
1430	0.191908
1431	0.197336
1432	0.194935
1433	0.19681
1434	0.196678
1435	0.196613
1436	0.199277
1437	0.199014
1438	0.19704
1439	0.1976
1440	0.196119
1441	0.199804
1442	0.201778
1443	0.198027
1444	0.198159
1445	0.198455
1446	0.19375
1447	0.19454
1448	0.197271
1449	0.199508
1450	0.196448
1451	0.199343
1452	0.197007
1453	0.198455
1454	0.196316
1455	0.197402
1456	0.199902
1457	0.19658
1458	0.199968
1459	0.199541
1460	0.198093
1461	0.197007
1462	0.198916
1463	0.196316
1464	0.196876
1465	0.196744
1466	0.198619
1467	0.197303
1468	0.196843
1469	0.197402
1470	0.198554
1471	0.201021
1472	0.197698
1473	0.202995
1474	0.200429
1475	0.201909
1476	0.200396
1477	0.197567
1478	0.198685
1479	0.194639
1480	0.195922
1481	0.199047
1482	0.194902
1483	0.197468
1484	0.199672
1485	0.196481
1486	0.200396
1487	0.197238
1488	0.203686
1489	0.200034
1490	0.201811
1491	0.203456
1492	0.200857
1493	0.199902
1494	0.201284
1495	0.195856
1496	0.198258
1497	0.198323
1498	0.200725
1499	0.198619
1500	0.198422
1501	0.201383
1502	0.19885
1503	0.200231
1504	0.200231
1505	0.201416
1506	0.201449
1507	0.200988
1508	0.200462
1509	0.199179
1510	0.199277
1511	0.199014
1512	0.197698
1513	0.198027
1514	0.197961
1515	0.197863
1516	0.199343
1517	0.195428
1518	0.20112
1519	0.199179
1520	0.201021
1521	0.200297
1522	0.2001
1523	0.19908
1524	0.199508
1525	0.201909
1526	0.203028
1527	0.197106
1528	0.196678
1529	0.196448
1530	0.195033
1531	0.196119
1532	0.195955
1533	0.197797
1534	0.197534
1535	0.198948
1536	0.19885
1537	0.200166
1538	0.197336
1539	0.200133
1540	0.195132
1541	0.20362
1542	0.195626
1543	0.197731
1544	0.20135
1545	0.196777
1546	0.199146
1547	0.201317
1548	0.196514
1549	0.195297
1550	0.195395
1551	0.199902
1552	0.198652
1553	0.198521
1554	0.200001
1555	0.196349
1556	0.200593
1557	0.198948
1558	0.201778
1559	0.199343
1560	0.199573
1561	0.200791
1562	0.198258
1563	0.199541
1564	0.197435
1565	0.198817
1566	0.198258
1567	0.196744
1568	0.197106
1569	0.20158
1570	0.198883
1571	0.199968
1572	0.201646
1573	0.202304
1574	0.194737
1575	0.200593
1576	0.199245
1577	0.199508
1578	0.198159
1579	0.196152
1580	0.199343
1581	0.198718
1582	0.197797
1583	0.197764
1584	0.201186
1585	0.197994
1586	0.198587
1587	0.196942
1588	0.197402
1589	0.198718
1590	0.198192
1591	0.194672
1592	0.195889
1593	0.191151
1594	0.199277
1595	0.197238
1596	0.196613
1597	0.196777
1598	0.194869
1599	0.195165
1600	0.195626
1601	0.19987
1602	0.196218
1603	0.199277
1604	0.197369
1605	0.196481
1606	0.199245
1607	0.195001
1608	0.195659
1609	0.197402
1610	0.195297
1611	0.198488
1612	0.195527
1613	0.195988
1614	0.198587
1615	0.197665
1616	0.195757
1617	0.195362
1618	0.196843
1619	0.192994
1620	0.196382
1621	0.195922
1622	0.19681
1623	0.194968
1624	0.195297
1625	0.19602
1626	0.19829
1627	0.197402
1628	0.198258
1629	0.197139
1630	0.194375
1631	0.196448
1632	0.196218
1633	0.198126
1634	0.1976
1635	0.199113
1636	0.196382
1637	0.195659
1638	0.196843
1639	0.197994
1640	0.195001
1641	0.194211
1642	0.192632
1643	0.197106
1644	0.195988
1645	0.200396
1646	0.198981
1647	0.196316
1648	0.197501
1649	0.20158
1650	0.202304
1651	0.197336
1652	0.197863
1653	0.19658
1654	0.19987
1655	0.194573
1656	0.197139
1657	0.193487
1658	0.194869
1659	0.199837
1660	0.197205
1661	0.198587
1662	0.197863
1663	0.195428
1664	0.196218
1665	0.200528
1666	0.198718
1667	0.197632
1668	0.19454
1669	0.198356
1670	0.195428
1671	0.198619
1672	0.197896
1673	0.192533
1674	0.195659
1675	0.196909
1676	0.197501
1677	0.195428
1678	0.197698
1679	0.192895
1680	0.194803
1681	0.196316
1682	0.200001
1683	0.189112
1684	0.197303
1685	0.196481
1686	0.198093
1687	0.194375
1688	0.19681
1689	0.194935
1690	0.196843
1691	0.195922
1692	0.19375
1693	0.196678
1694	0.196316
1695	0.194737
1696	0.197665
1697	0.199902
1698	0.199672
1699	0.198356
1700	0.199541
1701	0.196086
1702	0.197929
1703	0.198652
1704	0.196086
1705	0.195461
1706	0.195231
1707	0.192895
1708	0.195428
1709	0.195626
1710	0.196448
1711	0.195922
1712	0.195724
1713	0.196185
1714	0.197238
1715	0.195297
1716	0.202798
1717	0.19931
1718	0.195099
1719	0.195823
1720	0.196777
1721	0.193191
1722	0.19658
1723	0.19556
1724	0.196316
1725	0.198554
1726	0.197139
1727	0.196613
1728	0.199014
1729	0.192467
1730	0.193356
1731	0.198027
1732	0.192928
1733	0.195659
1734	0.194079
1735	0.19556
1736	0.196942
1737	0.19533
1738	0.194343
1739	0.197007
1740	0.194507
1741	0.195626
1742	0.192336
1743	0.192731
1744	0.195428
1745	0.193191
1746	0.196974
1747	0.195362
1748	0.197731
1749	0.196349
1750	0.197994
1751	0.192698
1752	0.192402
1753	0.19329
1754	0.194803
1755	0.192105
1756	0.195988
1757	0.193849
1758	0.196942
1759	0.192632
1760	0.192204
1761	0.196349
1762	0.1925
1763	0.193849
1764	0.191908
1765	0.195231
1766	0.195264
1767	0.194869
1768	0.195527
1769	0.196974
1770	0.194869
1771	0.195165
1772	0.194803
1773	0.193487
1774	0.195889
1775	0.191842
1776	0.191579
1777	0.191349
1778	0.191711
1779	0.195955
1780	0.196218
1781	0.196119
1782	0.197303
1783	0.196349
1784	0.196876
1785	0.195165
1786	0.196218
1787	0.196251
1788	0.195724
1789	0.196119
1790	0.196678
1791	0.198587
1792	0.196382
1793	0.197271
1794	0.195099
1795	0.196316
1796	0.195099
1797	0.195955
1798	0.196316
1799	0.198192
1800	0.197665
1801	0.197797
1802	0.194277
1803	0.199935
1804	0.199672
1805	0.199376
1806	0.1976
1807	0.196053
1808	0.19533
1809	0.19556
1810	0.193915
1811	0.196448
1812	0.197205
1813	0.197534
1814	0.195889
1815	0.192961
1816	0.19908
1817	0.19556
1818	0.197139
1819	0.197139
1820	0.198027
1821	0.19885
1822	0.197632
1823	0.195066
1824	0.196349
1825	0.19431
1826	0.192763
1827	0.191776
1828	0.193158
1829	0.197271
1830	0.191447
1831	0.197896
1832	0.19885
1833	0.196152
1834	0.196316
1835	0.19829
1836	0.199738
1837	0.199804
1838	0.198751
1839	0.195395
1840	0.195132
1841	0.198422
1842	0.201383
1843	0.197534
1844	0.199508
1845	0.196415
1846	0.2001
1847	0.196086
1848	0.196942
1849	0.196284
1850	0.197007
1851	0.197336
1852	0.19908
1853	0.202765
1854	0.201876
1855	0.199442
1856	0.199047
1857	0.198718
1858	0.199212
1859	0.198455
1860	0.196251
1861	0.200659
1862	0.200593
1863	0.198619
1864	0.195955
1865	0.196876
1866	0.197731
1867	0.195691
1868	0.20135
1869	0.202238
1870	0.197994
1871	0.202633
1872	0.201778
1873	0.197501
1874	0.198488
1875	0.193717
1876	0.1976
1877	0.19533
1878	0.196316
1879	0.193915
1880	0.196119
1881	0.196086
1882	0.197929
1883	0.199047
1884	0.198587
1885	0.197534
1886	0.200166
1887	0.195691
1888	0.199968
1889	0.197402
1890	0.198948
1891	0.202304
1892	0.197007
1893	0.201317
1894	0.199179
1895	0.197007
1896	0.199146
1897	0.197007
1898	0.195724
1899	0.196909
1900	0.195461
1901	0.199212
1902	0.198521
1903	0.202863
1904	0.197863
1905	0.19806
1906	0.200297
1907	0.195659
1908	0.19829
1909	0.196974
1910	0.197205
1911	0.193619
1912	0.199376
1913	0.199508
1914	0.200495
1915	0.195264
1916	0.198587
1917	0.19579
1918	0.196547
1919	0.197369
1920	0.1976
1921	0.197007
1922	0.19602
1923	0.196547
1924	0.196876
1925	0.199639
1926	0.194573
1927	0.194441
1928	0.197205
1929	0.192698
1930	0.190822
1931	0.193849
1932	0.192796
1933	0.193027
1934	0.195988
1935	0.195461
1936	0.195527
1937	0.19602
1938	0.196876
1939	0.193685
1940	0.197632
1941	0.192105
1942	0.19204
1943	0.190822
1944	0.194474
1945	0.199245
1946	0.195297
1947	0.191744
1948	0.19533
1949	0.195198
1950	0.193388
1951	0.193027
1952	0.192763
1953	0.195264
1954	0.193388
1955	0.193948
1956	0.19602
1957	0.194836
1958	0.195823
1959	0.194737
1960	0.193454
1961	0.19102
1962	0.191678
1963	0.19431
1964	0.192007
1965	0.196053
1966	0.19477
1967	0.192698
1968	0.194639
1969	0.194343
1970	0.195527
1971	0.196382
1972	0.193849
1973	0.195198
1974	0.197567
1975	0.194836
1976	0.196744
1977	0.191382
1978	0.194836
1979	0.193356
1980	0.190526
1981	0.192895
1982	0.189901
1983	0.192763
1984	0.195395
1985	0.194014
1986	0.194112
1987	0.195297
1988	0.196086
1989	0.196053
1990	0.196744
1991	0.198027
1992	0.191546
1993	0.193685
1994	0.191612
1995	0.195757
1996	0.194869
1997	0.195198
1998	0.192796
1999	0.196119
2000	0.19227
2001	0.1976
2002	0.196415
2003	0.19704
2004	0.193685
2005	0.194672
2006	0.198027
2007	0.194277
2008	0.19556
2009	0.195132
2010	0.194836
2011	0.190164
2012	0.195823
2013	0.19556
2014	0.195264
2015	0.193323
2016	0.199541
2017	0.19431
2018	0.193257
2019	0.195659
2020	0.195297
2021	0.198027
2022	0.195033
2023	0.196909
2024	0.194079
2025	0.192763
2026	0.194211
2027	0.198225
2028	0.193158
2029	0.19375
2030	0.195494
2031	0.196316
2032	0.195001
2033	0.193619
2034	0.196744
2035	0.19556
2036	0.194704
2037	0.194573
2038	0.197731
2039	0.19454
2040	0.193915
2041	0.194737
2042	0.198718
2043	0.195724
2044	0.197106
2045	0.196777
2046	0.198619
2047	0.196119
2048	0.198587
2049	0.196777
2050	0.193981
2051	0.194145
2052	0.195889
2053	0.195626
2054	0.19533
2055	0.195691
2056	0.20214
2057	0.197106
2058	0.198883
2059	0.199442
2060	0.200857
2061	0.195494
2062	0.193685
2063	0.197468
2064	0.196316
2065	0.195395
2066	0.195395
2067	0.19375
2068	0.194277
2069	0.195955
2070	0.195626
2071	0.195264
2072	0.196382
2073	0.192665
2074	0.192632
2075	0.193816
2076	0.19329
2077	0.192336
2078	0.19829
2079	0.194112
2080	0.195395
2081	0.19579
2082	0.197961
2083	0.195362
2084	0.195494
2085	0.19556
2086	0.195626
2087	0.194902
2088	0.190099
2089	0.199409
2090	0.195724
2091	0.197172
2092	0.197534
2093	0.202074
2094	0.194836
2095	0.199837
2096	0.197007
2097	0.196645
2098	0.19829
2099	0.195362
2100	0.197336
2101	0.197863
2102	0.19602
2103	0.19477
2104	0.19704
2105	0.190855
2106	0.19806
2107	0.198718
2108	0.197994
2109	0.197238
2110	0.198422
2111	0.196514
2112	0.196448
2113	0.196185
2114	0.197336
2115	0.195165
2116	0.192566
2117	0.196382
2118	0.196086
2119	0.193125
2120	0.193717
2121	0.196974
2122	0.191579
2123	0.196613
2124	0.197303
2125	0.196251
2126	0.191842
2127	0.192862
2128	0.195264
2129	0.197665
2130	0.193191
2131	0.19375
2132	0.197073
2133	0.194672
2134	0.19806
2135	0.195099
2136	0.196415
2137	0.194343
2138	0.19352
2139	0.193981
2140	0.196185
2141	0.194869
2142	0.192796
2143	0.192237
2144	0.195264
2145	0.196349
2146	0.198455
2147	0.196711
2148	0.19806
2149	0.196974
2150	0.195757
2151	0.196645
2152	0.196678
2153	0.194902
2154	0.197501
2155	0.196448
2156	0.195231
2157	0.199146
2158	0.191875
2159	0.191415
2160	0.195955
2161	0.19579
2162	0.195297
2163	0.199442
2164	0.197139
2165	0.19829
2166	0.199212
2167	0.197205
2168	0.194935
2169	0.194277
2170	0.199606
2171	0.200988
2172	0.196909
2173	0.197073
2174	0.19454
2175	0.193421
2176	0.197501
2177	0.192105
2178	0.196547
2179	0.196448
2180	0.200297
2181	0.198784
2182	0.199508
2183	0.197632
2184	0.197665
2185	0.197863
2186	0.196481
2187	0.197698
2188	0.197501
2189	0.198751
2190	0.196415
2191	0.199606
2192	0.196053
2193	0.198126
2194	0.196876
2195	0.198587
2196	0.196711
2197	0.195691
2198	0.196349
2199	0.199738
2200	0.198126
2201	0.198455
2202	0.19987
2203	0.197929
2204	0.198027
2205	0.198356
2206	0.198455
2207	0.195461
2208	0.199639
2209	0.195099
2210	0.197336
2211	0.199179
2212	0.19602
2213	0.198159
2214	0.199245
2215	0.19829
2216	0.197468
2217	0.196777
2218	0.193882
2219	0.200725
2220	0.194112
2221	0.197007
2222	0.19704
2223	0.197863
2224	0.195527
2225	0.1976
2226	0.194836
2227	0.195527
2228	0.195066
2229	0.196086
2230	0.197961
2231	0.198784
2232	0.192402
2233	0.199508
2234	0.199541
2235	0.197896
2236	0.200001
2237	0.197896
2238	0.197007
2239	0.199935
2240	0.19681
2241	0.19658
2242	0.199014
2243	0.194935
2244	0.199376
2245	0.19829
2246	0.198652
2247	0.19931
2248	0.201811
2249	0.202205
2250	0.199047
2251	0.198093
2252	0.19806
2253	0.200922
2254	0.198587
2255	0.200955
2256	0.201186
2257	0.199212
2258	0.19681
2259	0.190033
2260	0.194211
2261	0.196349
2262	0.196284
2263	0.194869
2264	0.199902
2265	0.196152
2266	0.198225
2267	0.200001
2268	0.201021
2269	0.200231
2270	0.202534
2271	0.198587
2272	0.198718
2273	0.196613
2274	0.198652
2275	0.193652
2276	0.197205
2277	0.193553
2278	0.196448
2279	0.194968
2280	0.193816
2281	0.196711
2282	0.19704
2283	0.199672
2284	0.196843
2285	0.198981
2286	0.197501
2287	0.200692
2288	0.193783
2289	0.201449
2290	0.199047
2291	0.195066
2292	0.199639
2293	0.199014
2294	0.195724
2295	0.196613
2296	0.197073
2297	0.194803
2298	0.196119
2299	0.19306
2300	0.19704
2301	0.198422
2302	0.198817
2303	0.19806
2304	0.202107
2305	0.197271
2306	0.200034
2307	0.200659
2308	0.198718
2309	0.197764
2310	0.196514
2311	0.198784
2312	0.196645
2313	0.195198
2314	0.197271
2315	0.202469
2316	0.197271
2317	0.195395
2318	0.198126
2319	0.201218
2320	0.197468
2321	0.198356
2322	0.202403
2323	0.19681
2324	0.197303
2325	0.200297
2326	0.197994
2327	0.192171
2328	0.19477
2329	0.195856
2330	0.195362
2331	0.194902
2332	0.199541
2333	0.198718
2334	0.196547
2335	0.198948
2336	0.200495
2337	0.199212
2338	0.199672
2339	0.199968
2340	0.198948
2341	0.19908
2342	0.199146
2343	0.195955
2344	0.202205
2345	0.194737
2346	0.202666
2347	0.198652
2348	0.195165
2349	0.198652
2350	0.198258
2351	0.199179
2352	0.19806
2353	0.200725
2354	0.199179
2355	0.201218
2356	0.201844
2357	0.199508
2358	0.199146
2359	0.198258
2360	0.195856
2361	0.196777
2362	0.195955
2363	0.196448
2364	0.19987
2365	0.195461
2366	0.198817
2367	0.200297
2368	0.200791
2369	0.198685
2370	0.197238
2371	0.202534
2372	0.200133
2373	0.197435
2374	0.200429
2375	0.19783
2376	0.193619
2377	0.196481
2378	0.195165
2379	0.195066
2380	0.196678
2381	0.200725
2382	0.195395
2383	0.198817
2384	0.195889
2385	0.196481
2386	0.198258
2387	0.198389
2388	0.198883
2389	0.201087
2390	0.195889
2391	0.201712
2392	0.195988
2393	0.197205
2394	0.197731
2395	0.195264
2396	0.195001
2397	0.195757
2398	0.199014
2399	0.196284
2400	0.193948
2401	0.196645
2402	0.196053
2403	0.198356
2404	0.20033
2405	0.196974
2406	0.1976
2407	0.197501
2408	0.198652
2409	0.198981
2410	0.194408
2411	0.198587
2412	0.195001
2413	0.198027
2414	0.198587
2415	0.196086
2416	0.197106
2417	0.199014
2418	0.194704
2419	0.197698
2420	0.19931
2421	0.199837
2422	0.195527
2423	0.198027
2424	0.194902
2425	0.195593
2426	0.198126
2427	0.194672
2428	0.196613
2429	0.197238
2430	0.196251
2431	0.198751
2432	0.195362
2433	0.198652
2434	0.200396
2435	0.197764
2436	0.193981
2437	0.195494
2438	0.199442
2439	0.198159
2440	0.199277
2441	0.198652
2442	0.198948
2443	0.199475
2444	0.199475
2445	0.202765
2446	0.198521
2447	0.197961
2448	0.198422
2449	0.20033
2450	0.197994
2451	0.201054
2452	0.197238
2453	0.197238
2454	0.201416
2455	0.197303
2456	0.199902
2457	0.2001
2458	0.199705
2459	0.198948
2460	0.197764
2461	0.195593
2462	0.19931
2463	0.198685
2464	0.196942
2465	0.196613
2466	0.199639
2467	0.191941
2468	0.197764
2469	0.197896
2470	0.199146
2471	0.195428
2472	0.192994
2473	0.196119
2474	0.2001
2475	0.196942
2476	0.200659
2477	0.202107
2478	0.198422
2479	0.197435
2480	0.196284
2481	0.199376
2482	0.194112
2483	0.19704
2484	0.195691
2485	0.199376
2486	0.197271
2487	0.194869
2488	0.199146
2489	0.198916
2490	0.198619
2491	0.199672
2492	0.199179
2493	0.198422
2494	0.200495
2495	0.199343
2496	0.201383
2497	0.198455
2498	0.198323
2499	0.200889
