Ladekurvenmessung
Zeit: 2018_05_23 14.38.56
Info: T80, F20N, 1.03
Ladewiderstand[Ohm]: 10000000
Strkapazitt[pF]: 100.000000
Entladezeit[ms]: 100
Abtastrate[Hz]: 250000
Anzahl der Messwerte: 3000.000000
Verzgerung[ms]: 1
Ladespannung[V]: 0.200000
Capacitance
1.2075513420249462e-10
1.0866929250569082e-10
9.108355312726635e-11
1.0848330247737516e-10
1.0249732958324447e-10
8.729375427953823e-11
1.288681446103579e-10
1.2714663167025204e-10
8.330621990995615e-11
1.2470268318202856e-10
1.1732217921616472e-10
8.739218220370125e-11
1.285414523032672e-10
1.0759931207485364e-10
1.294494327471367e-10
8.529342524175277e-11
9.396429326756378e-11
1.009730520154854e-10
8.802471588760579e-11
8.953195668322906e-11
1.390054532273568e-10
1.2322609636231852e-10
8.90805310969504e-11
1.1828371025777692e-10
1.4787583573080556e-10
9.947849088086215e-11
8.032593578077292e-11
1.2750127227315027e-10
7.819671418204688e-11
7.249992765279177e-11
1.0915117648010128e-10
9.017487727863199e-11
1.2272320435731796e-10
1.1173769167030272e-10
1.2052908887639679e-10
1.2550588803931726e-10
1.1747253135717626e-10
1.1747253135717626e-10
1.2520067084812266e-10
1.1739807113119313e-10
1.2148545506919692e-10
1.2012037088601475e-10
1.3297873446359164e-10
9.730577930387267e-11
9.122503712541847e-11
1.2198814546752873e-10
1.0242422123052051e-10
9.492107609207374e-11
1.1763089124439257e-10
9.518558743597957e-11
9.943947796836624e-11
8.770357522726044e-11
8.539331639287868e-11
1.2368470607743586e-10
1.2119367380054955e-10
1.2362780201472237e-10
8.872730603464328e-11
1.223721800706608e-10
1.1114230190582598e-10
1.205255185607602e-10
1.2243938900179066e-10
1.1363069576429266e-10
9.51102248519908e-11
9.866300374000844e-11
9.131439062619412e-11
1.2355961021938573e-10
1.2617379957235885e-10
1.2632379184161952e-10
1.2059413824984964e-10
1.098433265501773e-10
1.1543993734183702e-10
1.258865909474217e-10
1.1191141499017219e-10
9.809834411200198e-11
9.013400912271568e-11
1.2004664377717904e-10
1.056680359042024e-10
9.72842076575674e-11
1.17046556471814e-10
1.0944383484692901e-10
9.393614582440588e-11
1.2269161039280846e-10
1.2043515828019834e-10
1.1625136629150876e-10
1.0763562471086002e-10
1.0006370796302669e-10
8.557506017304898e-11
9.308126220063627e-11
1.2511397832898873e-10
1.221997514539038e-10
1.2206453001651805e-10
9.892803166185644e-11
7.96704721597164e-11
1.30450386402975e-10
1.2916977410402382e-10
9.581173447265236e-11
8.60470232267229e-11
1.1811443245192107e-10
1.208305190342271e-10
1.0882566556202276e-10
9.860920124916733e-11
1.2156474359359248e-10
1.2360434172136843e-10
1.1621180194448082e-10
1.1775559103091576e-10
8.17221037263732e-11
1.286679593966188e-10
1.1861657227810323e-10
1.213326332914488e-10
1.2714799346266568e-10
1.308111606584503e-10
1.2045380826683868e-10
9.178216371982719e-11
1.2159481779089794e-10
9.769313635019326e-11
1.1755366723927153e-10
9.733000021840383e-11
8.02128321003259e-11
1.2092952528556096e-10
8.284713804430481e-11
1.2040950502191366e-10
1.183002836182175e-10
1.0269087075282798e-10
1.0025537306991498e-10
1.2762690874260398e-10
1.1903983137141102e-10
1.1316980237404453e-10
1.3033329431126078e-10
1.0551959567705023e-10
1.2045485650088316e-10
1.214417983973456e-10
1.0820998639754295e-10
1.1331272495249315e-10
1.0532972332075868e-10
9.313027404338337e-11
1.2206605844302363e-10
1.2430120875265797e-10
8.492984677736309e-11
1.181199060169795e-10
1.1338770103335336e-10
1.1641785551176941e-10
1.1446472110029274e-10
1.0126928982048992e-10
9.039343141738715e-11
1.2199183653211387e-10
1.2927105705636656e-10
1.2251843014735912e-10
1.260269551464605e-10
9.60581585226924e-11
1.181717241016665e-10
1.1362585641321917e-10
9.373066511091824e-11
1.2502927703888162e-10
9.778045288279251e-11
8.627678892178948e-11
1.22841726714622e-10
1.2296979244435468e-10
1.0373289981686546e-10
8.878044001889809e-11
1.191972424491982e-10
1.1266047002334083e-10
9.552530169645433e-11
1.2306379717903564e-10
1.1902723860022412e-10
1.3024051799510855e-10
1.048051312269507e-10
1.2873422157686338e-10
1.170272949707487e-10
1.2407483362748151e-10
1.24951848146348e-10
1.031440420055899e-10
8.467402183205903e-11
1.1290786196394978e-10
1.0412768130901805e-10
1.0412768130901805e-10
1.3186098764716805e-10
1.1164239604467954e-10
1.1236411766114792e-10
1.2325460132706597e-10
9.972435010248512e-11
1.1663326750334242e-10
1.0903966928272475e-10
1.2235581954562873e-10
9.825385827816684e-11
9.587763297483866e-11
1.1686364822836935e-10
1.2276329932448576e-10
1.1800799713900692e-10
1.3007449671174278e-10
1.1078023833242382e-10
1.2048736204490376e-10
1.111400941985093e-10
1.0729044298299831e-10
1.062001292053247e-10
1.2257892970257257e-10
1.1173079696805506e-10
9.017347146336738e-11
1.1343661516031175e-10
1.221480467092239e-10
1.1822622892048491e-10
1.0095138214768438e-10
1.157956980347274e-10
1.171105740377523e-10
9.247855813596525e-11
1.1290423403630188e-10
1.0462361961386581e-10
1.3710571151476857e-10
1.2724513307115413e-10
1.1549622483379893e-10
1.1776755067610752e-10
1.2579561272042868e-10
1.0182158729223054e-10
1.1028279692334172e-10
1.0722473824616033e-10
1.0030452146218104e-10
1.1852166747201224e-10
1.0997587356813335e-10
1.04812419303518e-10
1.2487913428330889e-10
1.2104834366834926e-10
9.964072625678803e-11
1.048069251818765e-10
1.0230245999600961e-10
1.0457297333334471e-10
1.2697321764350634e-10
1.0707794013273584e-10
9.959452491225206e-11
1.0544091607313778e-10
1.193940476467981e-10
1.0772311821789246e-10
1.1774085065559653e-10
1.2635279843282593e-10
1.1715705578896445e-10
1.0354960607480846e-10
1.1324643062324028e-10
9.580053168100771e-11
1.039942395536612e-10
1.071441067379733e-10
1.1263191812090718e-10
1.0162190942350809e-10
1.0437141067281316e-10
1.199621829261292e-10
1.0415452569301729e-10
1.185271362369943e-10
1.065724914285497e-10
1.0125513551449449e-10
1.2917670069517765e-10
1.2499440821664523e-10
1.1254803468900185e-10
1.053493910107004e-10
1.0867148924093256e-10
1.1878209566244297e-10
1.0248353579746217e-10
1.1779154262941397e-10
1.0320786317486285e-10
1.1191688762456881e-10
