Ladekurvenmessung
Zeit: 2016_06_21 16.28.00
Info: 2250rpm
Ladewiderstand[Ohm]: 199500
Störkapazität[pF]: 278.000000
Entladezeit[ms]: 100
Abtastrate[Hz]: 250000
Messzeit [ms]: 3.000000
Verzögerung[ms]: 1
Ladespannung[V]: 0.800000

Kurve 1

0.004568
0.004568
0.003747
0.002104
0.020994
0.004239
0.004239
0.004568
0.004239
0.004075
0.004075
0.006211
0.004404
0.002925
0.002925
0.002761
0.003418
0.004075
0.004404
0.000626
0.001776
0.002104
0.002268
0.002268
-0.001674
0.004732
0.004075
0.001447
0.004239
0.004404
0.004568
0.004568
0.004568
0.005061
0.004732
0.003418
0.007361
-0.001510
-0.000524
-0.000031
-0.000688
0.000133
0.011303
-0.002824
0.000461
-0.000853
-0.001346
-0.000524
0.000461
0.004239
0.005554
0.007361
0.006703
0.006703
0.005718
0.002268
0.006375
0.004075
0.004732
0.006375
0.000133
0.002433
0.003418
0.003911
0.009989
-0.000524
0.006375
0.006046
0.004239
0.006539
0.004568
0.005389
0.004732
0.005554
0.004568
0.007689
0.006211
0.006211
0.006375
0.006703
-0.010052
0.005061
0.005389
0.005225
0.005061
0.005061
0.004732
0.004568
0.006703
0.006703
0.004568
0.004239
0.005554
0.005718
0.006046
0.010810
0.004732
0.004897
0.006046
0.014752
0.002597
0.006539
0.005554
0.005061
0.005061
0.007196
-0.006930
-0.003481
0.005389
0.005225
0.004897
-0.002660
0.009824
0.002597
0.004239
0.004239
0.004075
0.006211
0.003911
0.005718
0.005718
0.001118
0.006046
0.006046
0.005061
0.005554
0.006046
0.004732
0.010317
0.007853
0.008182
0.007525
0.005882
0.003582
0.004404
0.004404
0.010482
0.004404
0.007032
0.006375
0.006046
0.005882
0.005718
0.006046
0.004239
0.006211
0.005718
-0.018593
0.005554
0.005061
0.004404
0.004897
-0.010380
0.005718
0.004897
0.005389
0.005389
0.005225
0.008182
-0.003481
-0.003645
-0.002660
-0.002167
0.006375
0.006703
0.005718
0.005718
0.005882
0.002433
0.005389
0.005718
0.005882
0.007525
0.007032
0.006375
0.005882
0.007196
0.006703
0.005554
0.006539
0.007032
0.006375
0.006703
0.006375
0.009167
0.010153
0.011467
0.011303
0.010646
0.008182
0.000954
0.004732
0.004897
0.004732
0.005718
0.004239
0.008182
0.005882
0.006375
0.006375
0.008018
0.006211
0.006703
0.006868
0.006539
0.001776
0.007032
0.007032
0.006046
0.006703
0.004897
0.006046
0.005882
0.005882
0.005554
0.005061
0.003582
0.002925
0.001940
0.002268
0.017052
-0.003645
0.000133
-0.000360
-0.000524
0.000133
0.014752
0.004404
0.006868
0.006211
0.013603
0.001940
0.003911
0.004897
0.004897
0.005389
-0.005781
0.017873
0.015409
0.014588
0.007196
0.006539
0.008346
0.008346
0.008018
0.008018
0.004732
0.006703
0.006868
0.006868
0.006703
0.015902
0.033807
0.039885
0.051219
0.063703
0.075859
0.087193
0.100498
0.109533
0.119224
0.135487
0.126781
0.140414
0.150106
0.159305
0.168996
0.182959
0.194293
0.207270
0.188380
0.218276
0.225339
0.232731
0.240123
0.246693
0.253757
0.258028
0.266898
0.273140
0.278725
0.284638
0.290223
0.301393
0.301722
0.306650
0.312235
0.317163
0.322255
0.327018
0.332932
0.336217
0.341967
0.344102
0.348537
0.351658
0.344595
0.347880
0.341967
0.344595
0.351494
0.350344
0.365456
0.364306
0.365292
0.369399
0.372520
0.375805
0.374491
0.382047
0.385168
0.387303
0.390753
0.393545
0.406851
0.392888
0.398145
0.400445
0.403566
0.406687
0.410300
0.413750
0.417692
0.424427
0.417528
0.422127
0.424756
0.427712
0.430176
0.432147
0.430998
0.441018
0.438554
0.441018
0.442825
0.444303
0.446110
0.448410
0.450217
0.448738
0.455473
0.457444
0.457773
0.459744
0.461058
0.462865
0.464672
0.466150
0.467300
0.468614
0.470257
0.471407
0.472721
0.478141
0.473542
0.482412
0.477977
0.477320
0.478306
0.479620
0.480934
0.481591
0.484055
0.484712
0.484055
0.486355
0.487669
0.488654
0.489311
0.490297
0.469271
0.491611
0.491940
0.492432
0.493418
0.494075
0.494896
0.525285
0.496046
0.497853
0.498510
0.499003
0.499989
0.500481
0.501138
0.501795
0.501138
0.501960
0.501795
0.502945
0.503110
0.503602
0.503767
0.498674
0.507545
0.503110
0.505573
0.506559
0.507545
0.507709
0.508695
0.503438
0.509352
0.505573
0.498182
0.498839
0.499331
0.499824
0.502781
0.500974
0.502124
0.502945
0.503274
0.503438
0.503931
0.504752
0.505738
0.508695
0.507216
0.506395
0.507709
0.508202
0.508695
0.509352
0.503602
0.511816
0.511158
0.511158
0.512637
0.513130
0.513130
0.513294
0.514279
0.515758
0.513951
0.515922
0.516415
0.516579
0.516415
0.512637
0.505573
0.495718
0.500974
0.501960
0.502781
0.505573
0.506231
0.506888
0.502781
0.495061
0.496375
0.497525
0.498510
0.499331
0.500153
0.498346
0.500974
0.505738
0.504916
0.506888
0.507709
0.507545
0.508366
0.509352
0.507052
0.504916
0.504752
0.505409
0.506231
0.509187
0.510666
0.513787
0.512637
0.512965
0.513294
0.513622
0.514115
0.514279
0.514608
0.516251
0.522493
0.516251
0.516415
0.516743
0.517401
0.518386
0.496868
0.524957
0.519372
0.519207
0.520193
0.521014
0.520686
0.520522
0.521507
0.485205
0.512965
0.513622
0.514279
0.515594
0.515758
0.515922
0.524792
0.516415
0.521836
0.520686
0.519864
0.519372
0.516086
0.516086
0.515429
0.527421
0.516743
0.516579
0.515265
0.515101
0.515594
0.512637
0.527913
0.510501
0.518879
0.518879
0.519043
0.519536
0.515922
0.514772
0.515265
0.516579
0.510337
0.512637
0.514608
0.514608
0.514937
0.516086
0.516251
0.524957
0.522985
0.520850
0.521014
0.521014
0.528406
0.519372
0.524300
0.520686
0.516415
0.515758
0.516086
0.516743
0.517401
0.524792
0.524792
0.521343
0.533006
0.522821
0.517729
0.518386
0.518386
0.518715
0.513458
0.510009
0.508695
0.508695
0.510337
0.510666
0.511158
0.510830
0.513951
0.512637
0.513130
0.514279
0.514772
0.518222
0.514608
0.519372
0.521507
0.507052
0.512144
0.512637
0.512308
0.513787
0.520029
0.519864
0.521836
0.522164
0.520522
0.521836
0.522493
0.522821
0.523314
0.517401
0.524300
0.523643
0.524957
0.526106
0.525942
0.525614
0.526928
0.527585
0.526271
0.526764
0.526928
0.527421
0.530213
0.529556
0.529228
0.531527
0.519043
0.523314
0.522164
0.521179
0.522000
0.528899
0.532020
0.533334
0.522493
0.533170
0.532677
0.532513
0.533170
0.533334
0.532677
0.533827
0.527092
0.529720
0.530377
0.530706
0.530213
0.536619
0.533006
0.531199
0.531034
0.530706
0.531363
0.538919
0.530213
0.529392
0.529392
0.535141
0.538426
0.536455
0.535798
0.535634
0.526764
0.535798
0.530213
0.531527
0.533991
0.536127
0.536291
0.535798
0.537276
0.537276
0.535962
0.536127
0.536784
0.537112
0.537112
0.536619
0.544833
0.535141
0.537605
0.536291
0.534977
0.538591
0.536619
0.537112
0.537441
0.537441
0.548775
0.540069
0.542861
0.542040
0.541219
0.531527
0.540397
0.535962
0.537605
0.538426
0.536291
0.538098
0.538262
0.538262
0.538262
0.533498
0.549596
0.544997
0.545654
0.546311
0.545325
0.544176
0.535470
0.539248
0.538755
0.538755
0.550253
0.535634
0.541876
0.540069
0.539248
0.544668
0.539576
0.544340
0.542697
0.541876
0.542040
0.540233
0.534812
0.536127
0.536291
0.536784
0.541383
0.540562
0.540890
0.541547
0.527749
0.541547
0.535305
0.537441
0.538591
0.538098
0.538098
0.540562
0.543518
0.541219
0.540726
0.544176
0.542533
0.543847
0.543190
0.542040
0.542861
0.540726
0.543683
0.541219
0.540562
0.524135
0.524135
0.525285
0.527585
0.527913
0.528735
0.514115
0.527913
0.527913
0.528078
0.528406
0.527913
0.530870
0.533334
0.534155

Kurve 2

0.005554
0.005554
0.005225
0.004897
0.004732
0.005718
0.005554
0.005718
0.005882
0.006703
0.006868
0.005554
0.006046
0.006046
0.005718
0.005389
0.005554
0.005718
0.006046
-0.043069
-0.032556
0.006046
0.006211
0.005389
0.005225
0.005718
0.005554
0.005882
0.005718
0.007853
0.008182
0.008182
0.007853
0.007853
0.007853
0.009332
0.001447
0.001118
0.001283
0.001283
0.002433
0.003582
0.007853
0.008675
0.010810
0.008346
0.007525
0.007361
0.006868
0.006868
0.006703
0.007196
0.009003
0.009660
0.003254
0.005061
0.005554
0.006046
0.006211
0.000790
0.009332
0.008839
0.008346
0.008346
0.008018
0.007853
0.012781
0.008510
0.009989
0.009989
0.008839
0.009660
0.012288
0.007525
0.007853
0.008346
0.006868
0.013110
0.011303
0.010317
0.009824
0.004239
0.007689
0.008182
-0.007259
-0.028942
-0.029763
-0.025657
0.010317
0.010646
0.010646
0.011960
0.013274
0.014752
0.014752
0.014588
0.013767
0.013274
0.009332
0.009496
0.009660
0.009496
0.009660
0.010810
0.009989
0.009332
0.009496
0.009660
0.010153
0.008182
0.007525
0.007525
0.003747
0.009660
0.009824
0.010646
0.006046
0.009496
0.009824
0.009660
0.009660
0.009660
0.003747
0.009003
0.009332
0.009167
0.008839
0.009332
0.028058
0.007853
0.009496
0.008675
0.008510
0.008346
0.007853
0.010482
0.009660
0.009660
0.016888
0.008346
0.007689
0.008018
0.008018
0.006703
0.008346
0.007689
0.007689
0.008018
0.007196
0.007361
0.008018
0.007525
0.007525
-0.019743
0.008346
0.008018
0.007689
0.008182
0.007525
0.007689
0.006703
0.007525
0.007525
0.007525
0.014095
0.007032
0.007689
0.007853
0.007689
0.023951
0.002268
0.005554
0.004075
0.003911
0.003911
0.008018
0.005554
0.006703
0.006046
0.006046
0.009332
0.007853
0.009824
0.009496
0.008346
0.009660
0.008182
0.008182
0.007853
0.008018
0.007853
0.008675
0.009496
0.007689
0.008182
0.013931
0.007689
0.007853
0.007689
0.007525
0.007525
0.007032
0.012617
0.010646
0.010317
0.009989
0.004897
0.006539
0.008182
0.007361
0.007525
-0.005452
0.012617
0.008510
0.007853
0.007689
0.007853
0.007196
0.007525
0.007853
0.007361
0.007689
0.010317
0.007689
0.006375
0.006539
0.014588
0.007525
0.007032
0.007853
0.007689
0.007853
0.008018
0.007853
0.008346
0.008839
0.008839
-0.002824
0.008510
0.004568
0.005718
0.005882
0.006375
0.004404
0.007853
0.008182
0.007853
0.006868
0.008182
0.008182
0.008018
0.016888
0.029372
0.046948
0.053519
0.071095
0.080951
0.088507
0.103455
0.111833
0.122838
0.132694
0.142714
0.153227
0.157991
0.169489
0.179017
0.186901
0.195443
0.203985
0.217126
0.225832
0.232402
0.238973
0.245708
0.244394
0.250964
0.258192
0.258685
0.278232
0.280203
0.285952
0.288909
0.294166
0.299751
0.302379
0.311578
0.319791
0.319134
0.329318
0.332603
0.337039
0.341309
0.345909
0.360528
0.352315
0.360857
0.364306
0.367756
0.371206
0.370056
0.374819
0.376626
0.379419
0.383033
0.386482
0.389275
0.397816
0.397981
0.386482
0.406030
0.408822
0.411450
0.413914
0.416707
0.419171
0.423934
0.424756
0.429191
0.428041
0.434611
0.436254
0.436911
0.437732
0.439375
0.448902
0.441839
0.447424
0.448081
0.449724
0.451531
0.439704
0.453995
0.455637
0.457444
0.458758
0.460565
0.461715
0.449888
0.465657
0.466643
0.469764
0.465329
0.469107
0.470421
0.471899
0.473049
0.488983
0.476663
0.481262
0.477649
0.477649
0.477813
0.478470
0.477156
0.476992
0.497525
0.477813
0.479456
0.480441
0.481262
0.482577
0.483562
0.486026
0.490625
0.492432
0.492925
0.493089
0.493746
0.494404
0.485862
0.492268
0.493582
0.491940
0.495389
0.496210
0.495882
0.496539
0.497689
0.501795
0.511487
0.498510
0.499003
0.499989
0.501138
0.501303
0.502452
0.514279
0.502945
0.509187
0.508530
0.508695
0.509352
0.509680
0.501467
0.508037
0.508202
0.508037
0.508530
0.508859
0.509352
0.509516
0.509187
0.510666
0.511158
0.512637
0.512801
0.513294
0.513458
0.514279
0.516743
0.513951
0.517729
0.516908
0.516908
0.516743
0.516908
0.517401
0.522000
0.515922
0.517893
0.516908
0.517565
0.518222
0.518715
0.515101
0.520029
0.516086
0.517072
0.517072
0.517236
0.515101
0.514115
0.514444
0.518386
0.518715
0.518715
0.517236
0.516251
0.515758
0.512965
0.517236
0.506066
0.514772
0.511651
0.511651
0.512308
0.512144
0.512637
0.512965
0.511323
0.513458
0.512144
0.512801
0.513951
0.514115
0.514772
0.506888
0.499496
0.494404
0.494404
0.494896
0.494732
0.495718
0.496046
0.475842
0.483234
0.483891
0.485040
0.486683
0.487340
0.487176
0.491283
0.482412
0.481755
0.482084
0.483069
0.483726
0.484548
0.485533
0.486847
0.493582
0.492597
0.491118
0.492925
0.494404
0.495225
0.496375
0.464015
0.498182
0.499003
0.500317
0.501138
0.502124
0.502945
0.503767
0.460237
0.501631
0.510501
0.509844
0.511323
0.511816
0.511816
0.516743
0.508530
0.508859
0.510666
0.511323
0.511323
0.512637
0.513130
0.513294
0.519864
0.514608
0.519207
0.519043
0.518386
0.519043
0.519536
0.511980
0.518879
0.513458
0.515758
0.516743
0.517072
0.516579
0.517072
0.521014
0.518222
0.522821
0.522821
0.522657
0.523150
0.523314
0.530542
0.515922
0.527913
0.525121
0.525121
0.525778
0.525614
0.526271
0.526435
0.526271
0.526106
0.527913
0.526106
0.525778
0.526106
0.526928
0.524464
0.531363
0.528242
0.530049
0.531034
0.530049
0.524628
0.524957
0.525942
0.525449
0.525942
0.525778
0.526435
0.527585
0.527421
0.527585
0.526599
0.531363
0.529063
0.528735
0.529228
0.528735
0.529228
0.529392
0.529556
0.531527
0.530706
0.530706
0.530870
0.531527
0.531363
0.531527
0.532677
0.532020
0.532184
0.532513
0.532677
0.532020
0.522164
0.533827
0.531034
0.530049
0.531691
0.531691
0.531691
0.532184
0.531691
0.532513
0.533006
0.532020
0.528078
0.535962
0.534320
0.534155
0.534155
0.534320
0.541219
0.530542
0.536127
0.535305
0.534320
0.534977
0.535470
0.531199
0.527913
0.526764
0.525614
0.524792
0.523314
0.523478
0.524957
0.523971
0.515758
0.517893
0.516908
0.516908
0.518222
0.518222
0.518715
0.517565
0.516908
0.522985
0.516579
0.518550
0.518386
0.517893
0.519043
0.521179
0.521179
0.522493
0.522821
0.523314
0.523807
0.524300
0.518386
0.535470
0.532020
0.532513
0.533006
0.532677
0.526599
0.533006
0.533827
0.534320
0.527913
0.527421
0.512801
0.512308
0.512473
0.515922
0.507052
0.513130
0.513787
0.523643
0.516579
0.517236
0.517729
0.517401
0.518879
0.523314
0.510337
0.509187
0.507052
0.506888
0.509352
0.510501
0.514772
0.516086
0.516086
0.516743
0.517072
0.519864
0.517893
0.518715
0.520029
0.518550
0.519372
0.515758
0.512637
0.513787
0.527421
0.517236
0.518058
0.517893
0.516908
0.518058
0.521343
0.511323
0.511651
0.512144
0.519536
0.514115
0.514772
0.515594
0.515758
0.516908
0.513622
0.520029
0.518386
0.519536
0.520029
0.498674
0.521836
0.521671
0.522328
0.523314
0.518715
0.524135
0.524300
0.524792
0.525285
0.525121
0.524957
0.529228
0.525778
0.525778
0.527749
0.526271
0.528242
0.528735
0.528735
0.535962
0.523807
0.530377
0.529063
0.529063
0.529720
0.520850
0.515758
0.521179
0.522657
0.523314
0.513294
0.522000
0.518550
0.520193
0.521671
0.521014
0.526271
0.521836

Kurve 3

0.008018
0.009660
0.010317
0.010974
0.025101
0.007853
0.008018
0.008018
0.008018
0.009989
0.008018
0.007361
0.007525
0.007525
0.013603
-0.001838
0.007361
0.006539
0.005882
0.006703
0.003254
0.009332
0.008182
0.008675
0.009332
0.006868
0.008510
0.008675
0.008839
0.009332
0.004239
0.011303
0.004897
0.006703
0.007853
0.007525
0.006703
0.008182
0.006868
0.006868
0.006375
0.009003
0.008182
0.008018
0.007853
0.010153
0.007525
0.009660
0.007361
0.006539
0.007196
0.007853
0.008675
0.008018
0.007853
0.008675
0.002761
0.010974
0.011467
0.011796
0.011631
0.010317
0.012288
0.006703
0.009003
0.009824
0.009332
0.010153
0.009332
0.011303
0.011303
0.010810
0.010974
0.007689
0.009332
0.006868
0.006375
0.008018
0.008839
0.008675
0.010810
0.010646
0.010974
0.007196
0.010810
0.008182
0.007361
0.012124
0.007032
0.008839
0.009496
0.009989
0.009496
0.010974
0.010153
0.012617
0.012781
0.012124
0.019188
0.009167
0.010482
0.010646
0.010153
0.010153
0.017873
0.010646
0.010646
0.010646
0.015574
0.005882
0.006375
0.007196
0.007525
0.008346
-0.002167
0.012617
0.009989
0.005389
0.015245
0.010482
0.010974
0.011631
0.011467
0.010974
0.007032
0.013274
0.011467
0.011631
0.011796
0.011631
0.008018
0.009003
0.008675
0.008510
0.009003
0.009496
0.010810
0.008839
0.008346
0.016724
0.009003
0.008510
0.008346
0.007853
0.008182
0.008346
0.010153
0.008346
0.006046
0.008182
0.008018
0.007853
0.008182
0.008346
0.008346
0.006046
0.008018
0.007196
0.006539
0.006703
0.006703
0.014917
0.008675
0.007853
0.008346
0.008346
0.008182
0.008018
0.008346
0.007853
0.010317
0.008018
0.006703
0.007032
0.006539
0.006703
0.006539
0.006868
0.018859
0.006868
0.007853
0.007525
0.007525
0.007525
0.007853
0.007853
0.007196
0.008510
0.008839
0.008182
0.008018
0.008182
0.029865
0.008510
0.009003
0.008510
0.009003
0.008839
0.008839
0.009167
0.008018
0.013603
0.004075
0.007853
0.007196
0.006868
0.007196
0.006868
-0.009723
0.010646
-0.036334
0.010153
0.010974
0.010810
0.011303
0.011631
0.011631
0.008839
0.011139
0.011303
0.011139
0.010482
0.010482
0.010974
0.009989
0.011467
0.009496
0.010153
0.010482
0.010482
0.011139
0.015409
0.012124
0.006539
0.009003
0.007689
0.007525
0.008018
0.008675
0.009003
0.009989
0.016395
0.014588
0.015902
0.014588
0.014095
0.013603
0.013438
0.006375
0.014588
0.010153
0.018695
0.031343
0.044320
0.056640
0.076023
0.082265
0.095406
0.106412
0.117089
0.127438
0.137622
0.147642
0.156184
0.163740
0.173432
0.180659
0.189037
0.197743
0.205792
0.213841
0.218276
0.229938
0.237823
0.244886
0.251621
0.258520
0.265419
0.271990
0.266898
0.285295
0.289895
0.295808
0.301393
0.306485
0.312563
0.317327
0.321762
0.329482
0.332603
0.337860
0.342624
0.346566
0.351165
0.355108
0.358557
0.367756
0.370877
0.375148
0.378105
0.380733
0.381390
0.381883
0.388125
0.391246
0.394367
0.397652
0.400280
0.402908
0.405537
0.401923
0.414571
0.413586
0.417035
0.420156
0.420978
0.422456
0.422949
0.425577
0.426891
0.428698
0.431162
0.433297
0.435761
0.437897
0.440032
0.442332
0.440853
0.442989
0.444139
0.446110
0.448574
0.451202
0.453338
0.456294
0.458758
0.460729
0.462536
0.464015
0.465986
0.466971
0.468778
0.469107
0.473049
0.474363
0.474528
0.475677
0.476499
0.478141
0.480113
0.480277
0.480605
0.482248
0.483726
0.484383
0.485862
0.486683
0.485698
0.491283
0.489804
0.488162
0.489968
0.490461
0.491447
0.488326
0.492268
0.496539
0.496210
0.497196
0.498182
0.498839
0.499824
0.500481
0.496210
0.500810
0.501795
0.502288
0.502781
0.503438
0.504095
0.512144
0.505245
0.505902
0.507216
0.507873
0.508366
0.508530
0.513294
0.506888
0.512801
0.506888
0.511651
0.510994
0.511323
0.511651
0.507709
0.513787
0.505902
0.519700
0.517072
0.518386
0.519043
0.519207
0.519700
0.517565
0.517236
0.516579
0.516908
0.517401
0.518058
0.518222
0.523478
0.516579
0.519043
0.519700
0.519700
0.519700
0.520522
0.527092
0.520850
0.520850
0.520522
0.523150
0.521179
0.521343
0.521343
0.517893
0.528078
0.523150
0.520193
0.523971
0.522821
0.522657
0.523314
0.523643
0.523807
0.522821
0.521836
0.522164
0.522164
0.522328
0.522657
0.523807
0.519207
0.526106
0.525285
0.525942
0.526435
0.526764
0.531691
0.525942
0.527256
0.531527
0.528078
0.527256
0.527913
0.528242
0.528406
0.529885
0.525942
0.527421
0.529063
0.528570
0.528735
0.528735
0.528735
0.528899
0.525778
0.530870
0.528735
0.528899
0.530049
0.529720
0.529885
0.529885
0.531856
0.530377
0.530870
0.531034
0.531034
0.530542
0.532020
0.530377
0.535798
0.530542
0.531199
0.531527
0.531363
0.531691
0.531199
0.529228
0.529720
0.513951
0.532020
0.532020
0.531856
0.532677
0.531856
0.528899
0.533827
0.529556
0.531691
0.532349
0.532349
0.531691
0.533006
0.533006
0.531363
0.531363
0.531691
0.532841
0.532513
0.533663
0.533170
0.532841
0.533334
0.533991
0.533827
0.533663
0.534155
0.531363
0.534484
0.534977
0.535141
0.530870
0.542533
0.538098
0.538755
0.539083
0.537112
0.534320
0.532349
0.535141
0.535305
0.535141
0.534977
0.537276
0.535634
0.535305
0.535634
0.534648
0.539412
0.523314
0.528242
0.526435
0.525942
0.537276
0.536619
0.534320
0.534155
0.535962
0.528735
0.545161
0.537441
0.538262
0.538919
0.532184
0.535470
0.536948
0.537605
0.537769
0.534648
0.536127
0.536784
0.537276
0.537112
0.536619
0.557809
0.535962
0.541547
0.525778
0.515429
0.523478
0.510009
0.512637
0.512637
0.512637
0.519700
0.517072
0.516086
0.515922
0.515758
0.516415
0.522985
0.516743
0.518879
0.520357
0.521179
0.523807
0.519864
0.522821
0.523643
0.517401
0.528406
0.523478
0.525449
0.526928
0.526928
0.526435
0.525614
0.526599
0.526435
0.526928
0.526599
0.528406
0.526599
0.525942
0.526599
0.542040
0.528570
0.529885
0.527913
0.527585
0.528570
0.530377
0.530377
0.531034
0.531199
0.531527
0.526599
0.532841
0.530542
0.532349
0.532184
0.533006
0.532513
0.532513
0.533498
0.533827
0.533334
0.535962
0.533827
0.534648
0.539576
0.530542
0.532349
0.531691
0.531034
0.531034
0.532020
0.535141
0.535798
0.534155
0.534484
0.535141
0.533827
0.536784
0.537276
0.537605
0.537769
0.537605
0.535634
0.538262
0.538262
0.538262
0.539412
0.534977
0.536291
0.537112
0.537769
0.537441
0.543518
0.539083
0.538919
0.542204
0.526271
0.531363
0.531691
0.531527
0.532020
0.533334
0.541547
0.542861
0.542533
0.542040
0.542040
0.533498
0.551403
0.547297
0.548446
0.549268
0.548939
0.548118
0.502452
0.513951
0.533663
0.541219
0.551403
0.549596
0.549268
0.549432
0.548775
0.547954
0.540726
0.542204
0.547789
0.542533
0.543026
0.543190
0.542697
0.542533
0.542040
0.545325
0.542861
0.541876
0.542040
0.542204
0.542369
0.542533
0.541712
0.542040
0.542533
0.542861
0.542697
0.542204
0.544504
0.543518
0.541383
0.543354
0.543847
0.543354
0.544011
0.544176
0.543683
0.544504
0.544340
0.544176
0.547132
0.545982
0.546311
0.546639
0.546311
0.545982
0.548282
0.544340
0.544833
0.544668
0.544176
0.544504
0.535470
0.544340
0.544668
0.544340
0.545654
0.545325
0.544668
0.533006
0.544011
0.541876
0.550910

Kurve 4

0.008182
0.007689
0.008018
0.008675
0.008839
0.008675
0.008346
0.006375
0.012124
0.006868
0.007689
0.007525
0.007032
0.007361
0.007525
0.007525
0.008346
0.008018
0.007361
0.006868
0.006703
0.007525
0.007196
0.007361
0.008018
0.008346
0.008346
0.008346
0.007525
0.007196
0.007853
0.005882
0.007689
0.008839
0.008510
0.008675
0.008675
0.008018
0.007196
0.012453
0.004075
0.005718
0.006046
0.006046
0.006211
0.006375
0.006046
0.006375
0.007032
0.004897
0.005225
0.006703
0.007361
-0.002495
0.007361
0.007361
0.007853
0.008839
0.008346
0.007853
0.007853
0.008182
0.003747
0.008346
0.008346
0.009332
0.008182
0.007689
0.007853
0.010974
0.011303
0.007361
0.009003
0.007689
0.006868
0.007361
0.007689
0.007361
0.008675
0.008182
0.006539
0.006703
0.006375
0.006868
0.006868
0.008018
0.007525
0.008018
0.008675
0.008675
0.007853
0.007361
0.006046
-0.003974
0.008839
0.009003
0.009824
0.010646
0.010153
0.009660
0.009824
0.009824
0.009660
0.008182
0.008675
0.009003
0.009003
0.009660
0.008839
0.011467
0.009660
0.010317
0.008675
0.008510
0.008675
0.008839
0.003911
0.013603
0.009167
0.009989
0.010646
0.009660
0.009660
0.009332
-0.025985
0.009660
0.009003
0.009003
0.008675
0.009003
0.008018
0.008182
0.010810
0.009167
0.008675
0.007853
0.007196
0.008182
0.008675
0.008018
0.011960
0.009496
0.008510
0.008346
0.008182
0.008510
0.009167
0.009496
0.009496
0.008675
0.009167
0.009496
0.009003
0.008018
0.007853
0.008182
0.008346
0.008018
0.009496
0.010153
0.009824
0.008839
0.008510
0.010153
0.008346
0.009003
0.008839
0.009003
0.009003
0.008839
0.009167
0.016888
0.001118
0.009003
0.008675
0.008346
0.008675
0.008675
0.008346
0.008346
0.007853
0.008182
0.008346
0.008182
0.008346
0.008510
0.005225
0.009824
0.015409
0.015902
0.017052
0.016724
0.016559
0.016395
0.007853
0.019023
0.007032
0.006703
0.006868
0.006703
0.007032
0.006539
0.006868
0.006375
0.007361
0.007196
0.007032
0.007196
0.007361
0.007361
0.006046
0.006539
0.008675
0.008018
0.007525
0.007525
0.007361
-0.015472
0.007361
0.006046
0.007032
0.007196
0.007361
0.007361
0.007525
0.014260
0.002268
0.006703
0.008510
0.006703
0.007361
0.007361
0.007525
0.007196
0.014588
0.007689
0.007689
0.008675
0.008182
0.008346
0.008182
0.006046
0.006703
0.009167
0.008018
0.008018
0.007853
0.008018
0.006703
0.007689
0.003582
0.018038
0.026415
0.039721
0.052533
0.065181
0.086700
0.081936
0.100498
0.107233
0.124481
0.133023
0.142550
0.151913
0.161276
0.175403
0.178359
0.193472
0.200371
0.207434
0.215976
0.224025
0.190844
0.235195
0.242587
0.249650
0.256385
0.263120
0.269362
0.276097
0.281682
0.289073
0.294987
0.299422
0.305007
0.310756
0.315684
0.333261
0.325540
0.330304
0.340981
0.331454
0.341474
0.346894
0.351001
0.355272
0.359707
0.366442
0.364142
0.368085
0.372848
0.376791
0.380733
0.381390
0.393710
0.396831
0.400773
0.403237
0.405865
0.407836
0.414407
0.414078
0.418514
0.418678
0.421963
0.425577
0.427220
0.430012
0.435433
0.431326
0.438718
0.438718
0.445289
0.444467
0.444960
0.448081
0.449559
0.451695
0.456130
0.455802
0.456951
0.459251
0.460729
0.462372
0.463850
0.467957
0.471735
0.474692
0.475349
0.475349
0.450217
0.458923
0.460072
0.460729
0.458101
0.463850
0.465986
0.467136
0.468614
0.470421
0.470914
0.474528
0.474692
0.476499
0.476170
0.477649
0.478306
0.479948
0.481262
0.498017
0.479456
0.481427
0.482248
0.483234
0.484548
0.486190
0.487340
0.487176
0.489968
0.490297
0.491447
0.491283
0.493254
0.494568
0.495225
0.495882
0.498017
0.496375
0.498839
0.499660
0.500153
0.526271
0.501960
0.500810
0.502124
0.518715
0.503602
0.504916
0.506066
0.506559
0.507216
0.506888
0.508366
0.505409
0.506231
0.507873
0.508202
0.508037
0.507873
0.507052
0.507052
0.508366
0.512965
0.509516
0.511323
0.511816
0.512144
0.514772
0.517893
0.516086
0.514115
0.514115
0.549596
0.506066
0.506395
0.506723
0.506723
0.545654
0.539576
0.541547
0.540890
0.507380
0.508530
0.508366
0.508695
0.509516
0.509844
0.510337
0.506231
0.511158
0.506395
0.508037
0.506066
0.513130
0.512965
0.513622
0.514279
0.514608
0.499660
0.515429
0.514608
0.514608
0.512965
0.520522
0.506395
0.508695
0.508695
0.509680
0.510666
0.520029
0.518715
0.517072
0.518550
0.524135
0.518058
0.519043
0.520357
0.520686
0.520850
0.520686
0.522821
0.521671
0.522000
0.516579
0.524628
0.522985
0.523478
0.523478
0.524300
0.521343
0.524957
0.525285
0.524957
0.525285
0.525449
0.525942
0.526928
0.526764
0.527256
0.527256
0.527585
0.526764
0.527585
0.526106
0.536619
0.527421
0.528570
0.528899
0.529063
0.529063
0.529392
0.529063
0.526599
0.528078
0.528735
0.529720
0.530049
0.530213
0.529392
0.529720
0.526271
0.529720
0.528570
0.530213
0.530870
0.530542
0.533498
0.531856
0.531856
0.532349
0.532349
0.532841
0.541876
0.531856
0.533170
0.533006
0.533170
0.533991
0.533991
0.533991
0.534320
0.534155
0.532349
0.543847
0.539576
0.529063
0.530542
0.532349
0.535305
0.535305
0.535634
0.535305
0.537112
0.533334
0.535305
0.535634
0.535962
0.548775
0.536291
0.536619
0.537112
0.536948
0.536948
0.537605
0.540069
0.524957
0.529556
0.541876
0.538098
0.538098
0.537605
0.537934
0.538262
0.530049
0.539248
0.536619
0.539576
0.535470
0.537276
0.537441
0.537605
0.537934
0.534484
0.538591
0.537934
0.538098
0.538919
0.538919
0.538426
0.538591
0.539083
0.519536
0.520029
0.519700
0.521343
0.522000
0.524957
0.523150
0.523807
0.526271
0.527092
0.527092
0.527092
0.527749
0.528078
0.526435
0.522657
0.528735
0.527913
0.528406
0.529063
0.528735
0.528735
0.528570
0.528899
0.528899
0.530870
0.531363
0.531527
0.531363
0.534320
0.530542
0.530870
0.530542
0.531034
0.531034
0.531199
0.531527
0.531363
0.533663
0.532841
0.532349
0.532513
0.532677
0.533006
0.533663
0.530542
0.532349
0.533827
0.534155
0.534155
0.534155
0.534155
0.534484
0.534648
0.534320
0.534484
0.535141
0.535798
0.536127
0.535798
0.539248
0.535962
0.536784
0.534977
0.534155
0.534484
0.535470
0.535962
0.540397
0.539083
0.531527
0.534812
0.533498
0.532841
0.534155
0.534812
0.534155
0.538755
0.520029
0.520850
0.522493
0.522821
0.522328
0.522657
0.523643
0.523150
0.524300
0.524957
0.525614
0.526764
0.526764
0.526106
0.533498
0.525778
0.531034
0.530377
0.529885
0.530706
0.531527
0.531856
0.554196
0.529556
0.530213
0.530377
0.530213
0.530542
0.531527
0.531527
0.532184
0.531034
0.535305
0.536455
0.536784
0.535634
0.535470
0.536455
0.531527
0.533334
0.533991
0.534320
0.534812
0.534320
0.533006
0.528735
0.528406
0.533170
0.531527
0.530706
0.531363
0.532184
0.532513
0.533170
0.533170
0.532513
0.532184
0.531691
0.531199
0.532184
0.533006
0.532020
0.537769
0.535305
0.537605
0.537934
0.536948
0.536291
0.536619
0.520029
0.534977
0.534812
0.535470
0.536948
0.536455
0.536127
0.535962
0.533663
0.536784
0.536455
0.536291
0.536619
0.536784
0.536948
0.544833
0.540069
0.536291
0.540562
0.537769
0.537276
0.538262
0.538919
0.539905
0.529556
0.537605
0.536948
0.537769
0.537605
0.537276
0.537276
0.538098

Kurve 5

0.010317
0.006375
0.010646
0.007525
0.007361
0.007853
0.007525
0.007196
0.021323
0.010482
0.008346
0.008346
0.007196
0.007032
0.007525
0.008510
0.007853
0.009003
0.009167
0.009003
0.008182
0.009003
0.009332
0.007525
0.009824
0.008839
0.009003
0.008675
0.009167
0.008675
0.008675
0.006703
0.007032
0.016559
0.013438
0.014752
0.015574
0.014917
0.014095
0.012288
0.011467
0.005225
0.003911
0.003090
0.003090
0.004568
0.004404
0.004239
0.010317
0.008839
0.008675
0.008839
0.008675
0.009003
0.009003
0.006375
0.010974
0.007361
0.008018
0.008510
0.008346
0.007361
0.007853
-0.001674
0.011467
0.000297
0.003418
0.006211
0.006211
0.005389
0.005225
0.009824
0.010810
0.009989
0.009003
0.009989
0.010974
0.011303
0.010646
0.012617
0.010810
0.010482
0.010317
0.009824
0.010482
0.010810
0.010810
0.011796
0.010317
0.011960
0.012124
0.011631
0.010974
0.010810
0.010810
0.009660
0.009332
0.009003
0.010317
0.011139
0.010810
0.010153
0.012453
0.009496
0.012781
0.009989
0.009003
0.010317
0.011139
0.010810
0.034793
0.010317
0.011303
0.010646
0.009332
0.009660
0.010317
0.010810
0.011631
0.010482
0.010810
0.011139
0.010974
0.009989
0.009989
-0.007095
0.010646
0.014424
0.012288
0.015081
0.015574
0.014424
0.013603
0.009496
0.017545
0.001776
0.004568
0.004404
0.004239
0.004897
0.005225
0.005389
0.008510
0.003418
0.002925
0.002925
0.002761
0.003418
0.004075
0.005225
0.004568
0.007196
0.007689
0.008018
0.006703
0.006375
0.003254
0.005718
0.005718
0.006539
0.007525
0.007689
0.007853
0.007196
0.011960
0.001940
0.006539
0.004568
0.003418
0.003911
0.004404
0.004897
0.004568
0.009332
0.007689
0.007196
0.007032
0.007196
0.007196
0.007196
0.005882
0.004732
0.006539
0.007853
0.007525
0.007525
0.007361
0.006211
0.016067
0.001283
0.008510
0.008018
0.008510
0.009332
0.009496
0.009332
0.007689
0.011960
0.006375
0.007525
0.007361
0.007196
0.007032
0.007032
0.016888
0.006868
0.007853
0.007032
0.006375
0.006703
0.007032
0.001940
0.008182
0.008346
0.008346
0.008346
0.008346
0.008510
0.011960
0.015902
0.017381
0.008675
0.007361
0.007032
0.007196
0.006868
0.012288
0.006046
0.008018
0.014260
0.006539
0.008839
0.008510
0.008510
0.008675
0.008675
0.007196
0.009332
0.007689
0.008346
0.008510
0.008675
-0.002988
0.010646
0.005225
0.007361
0.008182
0.008018
-0.000853
0.009989
0.009167
0.018202
0.028715
0.042185
0.054176
0.066003
0.077830
0.099348
0.099348
0.116596
0.123167
0.133023
0.132530
0.143043
0.153556
0.162754
0.171789
0.191829
0.195936
0.207434
0.215319
0.223039
0.230267
0.234209
0.244558
0.249979
0.257206
0.263777
0.270183
0.273468
0.282339
0.288909
0.294494
0.295316
0.305664
0.311413
0.315356
0.320776
0.326033
0.329647
0.336546
0.339995
0.344923
0.348866
0.354286
0.356093
0.360528
0.364799
0.390589
0.373505
0.377940
0.381390
0.385004
0.388453
0.392067
0.388125
0.398309
0.402744
0.405537
0.408001
0.403237
0.413421
0.416214
0.418514
0.417857
0.426070
0.421470
0.425905
0.428698
0.432805
0.441018
0.432640
0.435926
0.439047
0.459415
0.445617
0.448738
0.449395
0.451366
0.453502
0.455144
0.459580
0.459744
0.461386
0.462865
0.464672
0.463193
0.466643
0.466971
0.467629
0.469107
0.475020
0.471735
0.474528
0.475842
0.477156
0.480441
0.481098
0.484548
0.485040
0.486190
0.488490
0.486847
0.487669
0.488819
0.489968
0.492597
0.491775
0.492925
0.493746
0.494896
0.496375
0.497360
0.496375
0.498346
0.498839
0.499660
0.495061
0.512637
0.508859
0.497853
0.483726
0.489311
0.489804
0.490461
0.491940
0.493254
0.478141
0.480934
0.471899
0.472885
0.473871
0.489147
0.475842
0.478963
0.479291
0.480277
0.482084
0.483726
0.484548
0.485533
0.486683
0.492268
0.488983
0.492432
0.493254
0.493911
0.494568
0.486519
0.497360
0.491283
0.494075
0.495718
0.498346
0.499167
0.500317
0.501138
0.501795
0.473049
0.503438
0.504424
0.504752
0.505902
0.506395
0.506559
0.508202
0.507380
0.508695
0.509516
0.510337
0.509844
0.512144
0.512144
0.518550
0.512473
0.513951
0.514279
0.514772
0.515429
0.515922
0.516743
0.516579
0.518386
0.518058
0.517072
0.519207
0.519043
0.519864
0.520193
0.508695
0.521836
0.516086
0.517729
0.518715
0.519043
0.525285
0.524300
0.522493
0.523314
0.523478
0.524300
0.537769
0.524957
0.525942
0.527585
0.525121
0.528570
0.527256
0.527092
0.527749
0.527421
0.524628
0.536619
0.533663
0.529720
0.527913
0.529720
0.529720
0.529720
0.530049
0.529556
0.529720
0.528899
0.529063
0.529392
0.529392
0.541219
0.526928
0.533827
0.531691
0.531363
0.531691
0.531034
0.536455
0.526106
0.530213
0.530377
0.532020
0.530049
0.530870
0.531034
0.531034
0.519043
0.533170
0.516251
0.533498
0.533006
0.533170
0.533663
0.533334
0.533334
0.523478
0.534812
0.533827
0.534484
0.534648
0.534648
0.534812
0.549103
0.538262
0.537769
0.537605
0.537441
0.537112
0.536948
0.535305
0.533991
0.534977
0.535470
0.535305
0.535634
0.535798
0.535962
0.536127
0.536619
0.533663
0.536455
0.536619
0.536784
0.536784
0.536948
0.537112
0.532513
0.538755
0.537276
0.538919
0.538919
0.539248
0.538755
0.541219
0.538755
0.538262
0.538919
0.538755
0.538919
0.538591
0.538755
0.537934
0.542697
0.529556
0.532677
0.535305
0.537441
0.538262
0.539740
0.535470
0.532020
0.542204
0.540726
0.541055
0.541712
0.541055
0.540726
0.541055
0.541219
0.540233
0.542697
0.543026
0.543026
0.542369
0.548282
0.540890
0.541712
0.540233
0.539905
0.541055
0.541547
0.541547
0.544340
0.544340
0.539576
0.541712
0.542861
0.542369
0.542533
0.542533
0.532349
0.546147
0.536948
0.540562
0.541547
0.537605
0.524135
0.524135
0.525121
0.526435
0.526435
0.527913
0.528899
0.528406
0.528899
0.529063
0.533827
0.523807
0.527421
0.527913
0.527585
0.528406
0.530542
0.531199
0.539740
0.533006
0.532677
0.531363
0.530213
0.530706
0.532184
0.529228
0.531856
0.537605
0.540069
0.540397
0.537934
0.536619
0.536455
0.537112
0.532020
0.536455
0.537605
0.537441
0.537769
0.537112
0.536948
0.549596
0.530049
0.534320
0.533498
0.533663
0.534484
0.535305
0.535634
0.547297
0.541712
0.540397
0.539905
0.540233
0.540233
0.540726
0.538262
0.538098
0.546639
0.543847
0.546147
0.546639
0.545490
0.544340
0.544833
0.535962
0.543026
0.536619
0.538262
0.539740
0.539905
0.539576
0.541712
0.541219
0.543026
0.542697
0.541712
0.542204
0.543190
0.543026
0.555345
0.546147
0.534812
0.535962
0.535798
0.536291
0.536784
0.537441
0.538426
0.536619
0.538098
0.536948
0.537112
0.520522
0.520522
0.521343
0.522164
0.524957
0.524135
0.526599
0.528078
0.527913
0.527749
0.527749
0.526271
0.529556
0.527256
0.527092
0.527913
0.529063
0.529885
0.532020
0.531856
0.531199
0.533334
0.531034
0.531363
0.531856
0.532513
0.533498
0.533498
0.534320
0.541547
0.542040
0.539740
0.536948
0.535634
0.534812
0.533006
0.533170
0.531691
0.531691
0.532841
0.533006
0.533170
0.536127
0.535634
0.531856
0.531856
0.532184
0.532513
0.532841
0.533663
0.534484
0.536127
0.534648
0.534977
0.535634
0.535470
0.535962
0.533991
0.534484
0.520686
0.536784
0.536455
0.537605
0.538098
0.538262

Kurve 6

0.013438
0.013603
0.011139
0.013274
0.012453
0.013274
0.013931
0.013110
0.012617
0.021816
0.012453
0.012124
0.012288
0.012453
0.012945
0.012288
0.015409
0.013603
0.012781
0.014588
0.013110
0.012288
0.011303
0.011139
0.009332
0.013274
0.008346
0.008675
0.010646
0.013274
0.013603
0.013603
0.013603
0.013603
0.012617
0.019845
0.020173
0.019516
0.018859
0.017709
0.018038
0.012453
0.012617
0.013438
0.012453
0.019352
0.010482
0.014424
0.011796
0.011467
0.015738
0.003582
0.005554
0.005389
0.005061
0.004075
0.014752
0.013438
0.013931
0.014260
0.013931
0.010646
0.011303
0.011960
0.012453
0.011960
0.013603
0.014095
0.013767
0.013931
0.013274
0.020173
0.012124
0.019516
0.017052
0.015738
0.016395
0.010646
0.015081
0.013603
0.012453
0.018366
0.011303
0.013767
0.012288
0.012617
0.012617
0.013438
0.015902
0.016888
0.017216
0.016724
0.011960
0.007525
0.009989
0.011139
-0.008080
0.012453
0.006211
0.008346
0.009989
0.009824
0.009167
0.011467
0.012453
0.010646
0.009989
0.014095
0.012617
0.012124
0.011960
0.012124
0.019352
0.011631
0.012124
0.012124
0.011631
0.011960
0.009824
0.010974
0.010810
0.010482
0.010646
0.003747
0.013274
0.008182
0.009660
0.010317
0.010974
0.004239
0.006539
0.008018
0.007853
0.007525
0.012781
0.009496
0.009332
0.009167
0.009332
0.010153
0.009167
0.009167
0.008675
0.009003
0.008018
0.012124
0.009824
0.009496
0.009989
-0.025985
0.009824
0.010810
0.011796
0.012945
0.012617
-0.034198
-0.023357
0.011303
0.011467
0.011631
0.010974
0.011139
0.011631
0.012288
0.011631
0.019352
0.010646
0.010810
0.011960
0.009167
0.016067
0.014260
0.012945
0.013110
0.013274
0.010646
0.011467
0.009496
0.009660
0.009332
0.008182
0.016067
0.005882
0.008182
0.008675
0.009332
0.008675
0.010482
0.010317
0.010646
-0.004795
0.010153
0.010317
0.010317
0.010646
0.010153
0.009824
0.009167
0.011631
0.037585
0.009824
0.013274
0.012945
0.011631
0.011467
0.011796
0.011631
0.010153
0.009332
0.009660
0.009167
0.009496
0.009660
0.009824
0.010153
0.010317
0.009989
0.010153
0.007853
0.011796
0.005061
0.004404
0.019023
0.014588
0.014752
0.015409
0.015574
0.014588
0.010974
0.011631
0.013931
0.010974
0.011139
0.010974
0.010810
0.010810
0.010646
0.016395
0.010153
0.010153
0.011139
0.010482
0.010810
0.005554
0.010810
0.010974
0.010974
0.010974
0.010810
0.010810
0.007032
0.020666
0.024937
0.048591
0.056475
0.069288
0.081772
0.092942
0.104441
0.123824
0.120703
0.136472
0.142386
0.153227
0.163576
0.172446
0.181152
0.189858
0.203163
0.201685
0.213676
0.221889
0.229117
0.236345
0.241930
0.252278
0.258356
0.264598
0.270840
0.276754
0.283324
0.289073
0.295151
0.300243
0.308292
0.312563
0.317327
0.323405
0.327840
0.332603
0.337696
0.341474
0.346237
0.353794
0.356093
0.360364
0.364306
0.368413
0.372027
0.379912
0.365785
0.374819
0.379583
0.383197
0.387303
0.391081
0.397981
0.402251
0.404223
0.406358
0.409643
0.412764
0.415557
0.418021
0.423770
0.427384
0.428369
0.432969
0.435104
0.437404
0.439704
0.441839
0.447260
0.443974
0.446931
0.447917
0.449395
0.451038
0.453009
0.454980
0.466643
0.460072
0.461715
0.463193
0.464343
0.465986
0.467464
0.459908
0.472721
0.469271
0.471899
0.473378
0.474528
0.476335
0.477649
0.476663
0.484548
0.485862
0.489147
0.490297
0.491283
0.492597
0.493418
0.499167
0.488983
0.491775
0.493911
0.494239
0.494896
0.495718
0.496539
0.507052
0.498510
0.499660
0.500974
0.502124
0.502945
0.503767
0.504259
0.502945
0.504095
0.507052
0.507052
0.507380
0.508202
0.508530
0.508859
0.502452
0.510666
0.511158
0.511816
0.512308
0.512965
0.513622
0.515758
0.512473
0.508530
0.508202
0.508859
0.509516
0.510173
0.510337
0.511158
0.518222
0.518715
0.518715
0.516579
0.508037
0.507709
0.508037
0.506888
0.509187
0.510337
0.510009
0.510830
0.511323
0.511487
0.511980
0.512144
0.513458
0.513622
0.514608
0.515265
0.515594
0.515922
0.522328
0.537605
0.516086
0.517072
0.517893
0.518386
0.519043
0.519536
0.519864
0.542861
0.520850
0.521179
0.521014
0.521507
0.522164
0.522821
0.495553
0.523150
0.523478
0.523807
0.523971
0.524628
0.524957
0.525285
0.526599
0.523314
0.526435
0.526764
0.526928
0.527421
0.524464
0.527749
0.522000
0.527585
0.517565
0.520029
0.521179
0.521836
0.522328
0.522657
0.531363
0.524135
0.532513
0.531363
0.531527
0.532020
0.531691
0.522164
0.534320
0.525285
0.526599
0.527256
0.527421
0.527256
0.520850
0.534484
0.531363
0.533006
0.531034
0.514772
0.514279
0.510337
0.504916
0.477813
0.473049
0.468614
0.469271
0.466150
0.466150
0.466643
0.468121
0.469435
0.471078
0.470421
0.470750
0.472228
0.470750
0.472885
0.473706
0.481755
0.476992
0.479291
0.481098
0.482248
0.483726
0.479127
0.487340
0.487504
0.485862
0.483726
0.485533
0.486026
0.487504
0.488819
0.488654
0.491775
0.497032
0.485698
0.488162
0.488162
0.489147
0.491118
0.492268
0.513130
0.502617
0.503274
0.504095
0.504916
0.505902
0.507052
0.508695
0.504752
0.507709
0.508037
0.508530
0.509352
0.510830
0.512308
0.514444
0.511158
0.515922
0.516251
0.516908
0.515758
0.516908
0.519207
0.508695
0.510173
0.532841
0.519700
0.519536
0.519700
0.519864
0.520686
0.534484
0.522328
0.523478
0.524464
0.525121
0.525614
0.525942
0.524792
0.525942
0.526599
0.527092
0.527585
0.527585
0.529063
0.528078
0.528242
0.528899
0.532020
0.529063
0.531199
0.532184
0.531856
0.532513
0.527585
0.531691
0.531199
0.532513
0.532513
0.531199
0.532349
0.532513
0.533006
0.532513
0.536127
0.533663
0.534320
0.534484
0.534484
0.531691
0.534812
0.535470
0.535798
0.536455
0.519536
0.536455
0.535962
0.536455
0.536784
0.533006
0.536619
0.538919
0.539083
0.539740
0.560273
0.537276
0.539740
0.539576
0.538262
0.537769
0.538262
0.523971
0.510994
0.511651
0.513951
0.512965
0.513787
0.514279
0.515265
0.515922
0.512144
0.517565
0.517893
0.518222
0.518715
0.511816
0.519864
0.521014
0.521014
0.522164
0.519700
0.523478
0.519207
0.520850
0.522164
0.526764
0.520193
0.524135
0.522821
0.522493
0.543190
0.560109
0.529885
0.527421
0.528078
0.532841
0.527092
0.528570
0.528899
0.528570
0.529063
0.529885
0.532020
0.531199
0.531691
0.532513
0.523314
0.533663
0.533170
0.533991
0.534977
0.522000
0.535305
0.534812
0.535798
0.535634
0.535634
0.535798
0.535962
0.535962
0.536127
0.536291
0.537934
0.533827
0.537441
0.536619
0.538426
0.530870
0.529063
0.519372
0.516579
0.517401
0.519207
0.525778
0.523807
0.524464
0.526106
0.528899
0.528078
0.530049
0.530706
0.531691
0.531199
0.532020
0.529063
0.531856
0.532020
0.532020
0.543518
0.532841
0.532841
0.532841
0.533170
0.533663
0.534320
0.528899
0.532677
0.533334
0.535141
0.535470
0.534320
0.534155
0.534155
0.535141
0.535141
0.537605
0.539083
0.522985
0.507052
0.507709
0.539905
0.540562
0.540562
0.540233
0.540562
0.540562
0.543026
0.543354
0.543190
0.550253
0.541219
0.541876
0.542040
0.541219
0.541219
0.541876
0.542204
0.542533
0.542204
0.543190
0.544668
0.545490
0.545654
0.544833
0.545325
0.532020
0.543518
0.543518
0.541712
0.543518
0.542697
0.542697

Kurve 7

0.015081
0.014424
0.014588
0.013274
0.013931
0.013767
0.013767
0.014095
0.013110
0.013110
0.015409
0.013603
0.013438
0.013438
0.013438
0.013438
0.013931
0.024773
0.012617
0.015245
0.015245
0.015902
0.015574
0.015574
0.015902
0.015574
0.001940
0.010482
0.012288
0.008182
0.010153
0.010317
0.010317
0.009824
0.010482
0.012945
0.012124
0.012453
0.012453
0.012453
0.012124
0.018038
0.010646
0.017381
0.015574
0.014424
0.014588
0.015081
0.014917
0.019352
0.018530
0.011631
0.011467
0.009989
0.009496
0.010153
0.010810
0.002104
0.011467
0.009660
0.010482
0.011631
0.011960
0.011303
0.011139
0.011796
0.011796
0.011631
0.011960
0.011960
0.012453
0.011631
0.011631
0.016067
0.012617
0.011303
0.011303
0.011467
0.011631
0.012288
0.011960
0.019023
0.010317
0.012945
0.011796
0.009989
0.010646
0.011467
0.011631
0.011631
0.010646
0.011631
0.012945
0.013274
0.012453
0.012124
0.012945
0.010317
0.010646
0.011796
0.012124
0.012453
0.012453
0.011960
0.023458
0.011303
0.014752
0.013110
0.012124
0.012617
0.013438
0.013438
0.017709
0.010974
0.012945
0.012453
0.012124
0.012124
0.012617
0.012945
0.009660
0.011467
0.013110
0.014260
0.015409
0.014260
0.013931
0.014588
0.009003
0.011796
0.011467
0.010974
0.011796
0.011303
0.010646
0.010810
0.011303
0.011303
0.011467
0.011139
0.011631
0.012617
0.012945
0.027894
0.011960
0.011467
0.012945
0.010974
0.010810
0.011631
0.011467
0.011303
0.009167
0.010646
0.011796
0.012453
0.012288
0.011631
0.011796
0.009003
0.011796
0.006211
0.008182
0.009332
0.009332
0.008839
0.008839
0.012124
0.012945
0.012288
0.012288
0.012288
0.013110
0.013274
0.022966
0.012453
0.011631
0.012288
0.011960
0.011796
0.011631
0.011467
0.009496
0.009496
0.019352
0.019845
0.021816
0.020994
0.019680
0.018695
0.018695
0.010317
0.010317
0.010153
0.010974
0.011467
0.010646
0.010317
0.011303
0.011631
0.009496
0.009496
0.009824
0.010482
0.011139
0.023787
0.011960
0.015245
0.009824
0.011796
0.011631
0.011139
0.011467
0.009167
0.010482
0.007853
0.011631
0.007196
0.008182
0.008675
0.009003
0.008675
0.005225
0.010974
0.010646
0.011139
0.011796
0.011303
0.010810
0.011796
0.010482
0.009332
0.008839
0.008510
0.009496
0.009660
0.055654
0.045470
0.012124
0.007361
0.008182
0.008510
0.007689
0.007689
-0.008245
0.008675
0.008675
0.008018
0.008839
0.009167
0.009496
0.018038
0.030850
0.043663
0.056640
0.067645
0.079472
0.091135
0.102305
0.113147
0.127273
0.133515
0.142878
0.153063
0.162426
0.171789
0.183452
0.188215
0.197578
0.205956
0.211212
0.211705
0.218768
0.226489
0.233881
0.240944
0.258685
0.265419
0.271497
0.278725
0.283981
0.290388
0.295973
0.301393
0.307307
0.311578
0.326361
0.329811
0.334082
0.338517
0.342624
0.353794
0.344759
0.355108
0.357900
0.361678
0.365785
0.369563
0.370220
0.373998
0.377940
0.384511
0.384839
0.387468
0.391739
0.394202
0.396831
0.399459
0.398802
0.401923
0.403566
0.408001
0.409972
0.413421
0.414900
0.417035
0.406194
0.430998
0.429026
0.429026
0.429191
0.430669
0.433297
0.429519
0.432640
0.435104
0.436747
0.439539
0.441839
0.441839
0.443317
0.446438
0.457116
0.448902
0.452516
0.453173
0.454487
0.456459
0.440853
0.453995
0.456459
0.457773
0.463850
0.467957
0.470750
0.471571
0.473213
0.469435
0.475513
0.476006
0.477649
0.478798
0.480113
0.481098
0.482905
0.483562
0.484548
0.485698
0.486519
0.486847
0.489804
0.488490
0.490133
0.491118
0.489476
0.497032
0.495882
0.496868
0.497853
0.494404
0.497196
0.498674
0.498510
0.499331
0.499496
0.510173
0.509844
0.510009
0.510337
0.504424
0.508695
0.510337
0.510337
0.509680
0.509187
0.506395
0.505738
0.505738
0.506723
0.513294
0.506888
0.512308
0.511816
0.512308
0.512801
0.511323
0.511487
0.511980
0.512308
0.512801
0.505081
0.514444
0.514608
0.514937
0.515594
0.516086
0.520522
0.519207
0.521179
0.521179
0.512801
0.514444
0.513130
0.512801
0.513622
0.514608
0.531363
0.517401
0.518879
0.519207
0.521836
0.520029
0.520522
0.521179
0.521014
0.521836
0.523807
0.522328
0.522164
0.522985
0.522985
0.522985
0.524464
0.523807
0.524300
0.523971
0.524464
0.515429
0.526435
0.526106
0.527256
0.521014
0.527256
0.527749
0.527256
0.527913
0.527913
0.528078
0.527256
0.532184
0.530542
0.530706
0.525614
0.528078
0.528899
0.528899
0.529063
0.554196
0.530213
0.530377
0.530706
0.530706
0.516086
0.511487
0.524300
0.517565
0.517236
0.517565
0.518058
0.516086
0.518550
0.519372
0.507545
0.520686
0.515922
0.517729
0.518222
0.519207
0.519536
0.523807
0.522657
0.522985
0.524300
0.521343
0.521014
0.522493
0.523314
0.524464
0.526106
0.524300
0.527092
0.525778
0.526271
0.526599
0.520850
0.528406
0.528242
0.528899
0.529063
0.528899
0.528899
0.529720
0.530049
0.530049
0.531691
0.530542
0.531034
0.531363
0.531363
0.531856
0.554196
0.531856
0.532184
0.527256
0.525778
0.525121
0.525614
0.525942
0.526764
0.527421
0.572100
0.565530
0.559452
0.533498
0.533334
0.532677
0.535634
0.529720
0.531856
0.531691
0.532020
0.532184
0.531199
0.536455
0.535634
0.535962
0.533827
0.534812
0.534977
0.534812
0.535470
0.535470
0.536127
0.543518
0.524628
0.528570
0.528242
0.528570
0.528735
0.529228
0.533663
0.538426
0.538098
0.537934
0.538098
0.537934
0.537441
0.535305
0.543190
0.540397
0.538591
0.538098
0.538098
0.538098
0.529392
0.535798
0.535141
0.535305
0.535798
0.536127
0.536455
0.535962
0.536291
0.540233
0.541712
0.522985
0.527092
0.528078
0.528078
0.529720
0.530870
0.532184
0.537441
0.540069
0.538098
0.538262
0.538755
0.538919
0.515265
0.539248
0.539248
0.539412
0.539576
0.539576
0.539740
0.539576
0.534320
0.531691
0.538426
0.536619
0.537934
0.538426
0.538262
0.537934
0.550418
0.541547
0.541876
0.540890
0.540890
0.540890
0.540562
0.540233
0.540233
0.541055
0.541055
0.541219
0.541219
0.541055
0.541219
0.541219
0.541055
0.540397
0.541547
0.541876
0.541547
0.540562
0.540397
0.540890
0.537769
0.545982
0.541712
0.543026
0.543847
0.542861
0.542369
0.542861
0.540726
0.543683
0.538919
0.537605
0.535470
0.535962
0.536455
0.536127
0.585899
0.574072
0.571772
0.570129
0.536784
0.536619
0.536291
0.534155
0.540069
0.535141
0.536291
0.537112
0.537112
0.518879
0.519864
0.503438
0.523643
0.523314
0.523971
0.525778
0.525778
0.525285
0.526764
0.527256
0.527749
0.527749
0.527913
0.527913
0.529556
0.529063
0.528735
0.532020
0.520193
0.524792
0.525121
0.524957
0.526106
0.527092
0.527256
0.534648
0.534155
0.534648
0.534812
0.535305
0.535634
0.535634
0.529720
0.534320
0.540890
0.537934
0.539412
0.540397
0.539740
0.539248
0.536948
0.537112
0.538098
0.537934
0.538098
0.538755
0.539083
0.538591
0.549761
0.538426
0.539412
0.538426
0.537605
0.538262
0.539083
0.539740
0.541547
0.538919
0.540069
0.540397
0.540233
0.540726
0.541055
0.538262
0.540726
0.541547
0.540890
0.540726
0.541876
0.541383
0.541219
0.589184
0.554688
0.540562
0.544833
0.543518
0.543190
0.543683
0.543354
0.542861
0.541547
0.541876
0.540233
0.540233
0.540233
0.541055
0.541383
0.542040
0.541712
0.541876
0.542369
0.542369

Kurve 8

0.011960
0.012453
0.012453
0.013603
0.013603
0.011467
0.012288
0.012945
0.012945
0.012617
0.012453
0.015409
0.011960
0.014260
0.012945
0.011796
0.015574
0.012288
0.012288
0.012453
0.012617
0.014917
0.009989
0.013767
0.012781
0.011960
0.004732
0.013438
0.009496
0.011960
0.012617
0.006046
0.012781
0.012288
0.012617
0.012453
0.008675
0.012453
0.008839
0.010646
0.011631
0.011139
0.011796
0.011631
0.012617
0.011796
0.012288
0.017381
0.005389
0.005718
0.005061
0.004897
0.031015
0.042842
0.045306
0.011796
0.010810
0.010810
0.011631
0.006211
0.007853
0.008346
0.009003
0.007361
0.010646
0.008018
0.009660
0.004239
0.013931
0.007689
0.010153
0.011467
0.011796
0.011139
0.013931
0.012288
0.011467
0.010974
0.006703
0.005882
0.004404
0.003747
0.003747
0.004732
0.011303
0.012124
0.012124
0.011631
0.012288
-0.009394
0.012288
0.012288
0.012288
0.013110
0.012617
0.011303
0.011631
0.014752
0.014917
0.013438
0.012124
0.012617
0.012617
0.012288
0.012453
0.013931
0.011467
0.012781
0.039063
0.010317
0.010317
0.009989
0.009332
0.008839
0.009332
0.009824
0.010646
0.010482
0.010153
0.010317
-0.010709
0.010482
0.010482
0.010153
0.011139
0.010810
0.010153
0.011303
0.009989
0.012453
0.009660
0.018859
0.017873
0.018038
0.017873
0.016395
0.016231
0.009003
0.010153
0.012124
0.010482
0.009824
0.009824
0.009167
0.009167
0.009989
0.011631
0.010317
0.008346
0.009989
0.009824
0.010153
0.010482
0.005061
0.006539
0.007853
0.008182
0.007525
-0.006930
0.011303
0.010317
0.008346
0.010317
0.012124
0.011796
0.012453
0.012288
0.012124
0.010646
0.011960
0.011960
0.012453
0.011796
0.011960
0.011960
0.011960
0.011796
0.012453
0.008018
0.009989
0.009824
0.009332
0.010153
0.009332
0.010646
0.010974
0.010810
0.011139
0.010482
0.009824
-0.013008
0.010646
0.005389
0.010974
0.012288
0.012945
0.013438
0.013110
0.012781
0.015245
0.011796
0.007525
0.010974
0.008675
0.008839
0.009167
0.009660
0.009332
0.013603
0.009167
0.010317
0.010482
0.010317
0.010646
0.001940
0.011960
0.011139
0.011303
0.011960
0.011631
0.011139
0.010974
0.009824
0.006703
0.013931
0.008510
0.010317
0.011303
0.010646
0.010317
0.016231
0.013767
0.010974
0.011796
0.011303
0.011631
0.011960
0.011960
0.011631
0.013110
0.011467
0.010646
0.010974
0.010646
0.010810
0.011631
0.006703
0.016724
0.014752
0.014917
0.015081
0.022801
0.034464
0.046620
0.054833
0.067153
0.074216
0.088343
0.100663
0.111175
0.121031
0.131544
0.143535
0.151256
0.159469
0.168339
0.176881
0.186244
0.194622
0.202178
0.213841
0.218604
0.225832
0.233552
0.240944
0.248172
0.254907
0.249322
0.268705
0.274454
0.280532
0.286445
0.292359
0.297944
0.303529
0.304514
0.316506
0.319462
0.324226
0.329482
0.334575
0.339174
0.343938
0.351330
0.353465
0.357079
0.361514
0.365292
0.368906
0.372848
0.376298
0.389110
0.371698
0.379419
0.383197
0.386811
0.390589
0.394367
0.398145
0.407508
0.409972
0.413421
0.415885
0.418514
0.420813
0.422949
0.425084
0.424427
0.430669
0.429191
0.424427
0.426891
0.429848
0.432147
0.435597
0.441511
0.439047
0.439704
0.442496
0.444960
0.446274
0.448574
0.451202
0.452188
0.454816
0.456951
0.458430
0.460237
0.462208
0.463686
0.465000
0.466479
0.468614
0.469928
0.471407
0.472556
0.473871
0.475349
0.480113
0.477156
0.476499
0.479127
0.476827
0.467793
0.469600
0.475513
0.476006
0.475185
0.476170
0.476663
0.479456
0.480441
0.481755
0.483069
0.485862
0.483562
0.486683
0.488326
0.489147
0.490625
0.492104
0.460565
0.493746
0.495225
0.495882
0.496868
0.497525
0.498674
0.488326
0.500810
0.499496
0.509187
0.506723
0.507052
0.508037
0.508695
0.508202
0.506395
0.508530
0.508202
0.507380
0.507873
0.508530
0.509023
0.509352
0.531363
0.511158
0.511980
0.513130
0.513951
0.514444
0.515265
0.512801
0.515594
0.516579
0.516251
0.517236
0.517565
0.518058
0.515429
0.521671
0.506066
0.519864
0.519536
0.519700
0.520522
0.519864
0.524300
0.515101
0.516579
0.514444
0.509516
0.508859
0.510009
0.511158
0.516743
0.519536
0.518715
0.525121
0.524135
0.524628
0.525285
0.525449
0.508202
0.523643
0.523314
0.523643
0.523971
0.524628
0.524464
0.515265
0.529228
0.528078
0.526435
0.522328
0.523971
0.524464
0.524628
0.527913
0.521836
0.522657
0.536784
0.528406
0.529392
0.529556
0.529392
0.529720
0.529556
0.535305
0.530213
0.529720
0.529885
0.528242
0.522821
0.519043
0.513622
0.509187
0.507709
0.506888
0.508037
0.508695
0.509352
0.509023
0.510009
0.497853
0.511651
0.512473
0.512308
0.513622
0.513951
0.513787
0.515101
0.514772
0.518222
0.516251
0.516908
0.517729
0.518058
0.518550
0.548775
0.519043
0.519864
0.520522
0.520850
0.521179
0.522000
0.522657
0.518222
0.519700
0.520029
0.522164
0.515265
0.526928
0.525121
0.525449
0.517072
0.527092
0.527421
0.528899
0.529556
0.529720
0.534977
0.528899
0.529228
0.529228
0.530377
0.530213
0.530542
0.530706
0.531034
0.531691
0.531034
0.531856
0.531527
0.532349
0.532513
0.532841
0.531691
0.533006
0.533498
0.533498
0.533827
0.529720
0.533991
0.534320
0.533827
0.534648
0.534977
0.532513
0.534320
0.533827
0.534155
0.540069
0.535798
0.535470
0.536127
0.535962
0.535470
0.540726
0.538919
0.538919
0.539412
0.536784
0.539905
0.539905
0.540233
0.540069
0.539740
0.534155
0.548446
0.543683
0.539905
0.539412
0.535305
0.535634
0.536784
0.536127
0.536619
0.533498
0.537934
0.540233
0.539740
0.540069
0.559288
0.538426
0.538426
0.539083
0.538919
0.540726
0.539083
0.539083
0.539576
0.539248
0.542040
0.540069
0.539905
0.540562
0.540890
0.541055
0.530377
0.542204
0.538262
0.540397
0.540562
0.542861
0.541219
0.541547
0.541547
0.541547
0.537769
0.541547
0.541876
0.541219
0.542040
0.541876
0.541055
0.542040
0.541712
0.541712
0.541712
0.545161
0.537276
0.540069
0.540562
0.557645
0.540890
0.541055
0.540890
0.540562
0.540890
0.540726
0.542369
0.541055
0.542204
0.533663
0.542697
0.537769
0.540726
0.541876
0.541547
0.531363
0.543847
0.538426
0.539905
0.541055
0.540890
0.542533
0.542204
0.540726
0.540726
0.540726
0.540726
0.542204
0.533170
0.533663
0.535141
0.542040
0.543190
0.543518
0.543190
0.543190
0.543026
0.541219
0.540397
0.536619
0.536455
0.538591
0.538755
0.538755
0.538591
0.538098
0.537605
0.539248
0.537934
0.537934
0.539248
0.538755
0.544340
0.538262
0.540562
0.539905
0.538919
0.539740
0.540397
0.538755
0.539740
0.536948
0.537276
0.537112
0.535634
0.535305
0.535470
0.535962
0.511816
0.537605
0.537605
0.537112
0.537605
0.538262
0.538426
0.537441
0.537605
0.537605
0.536291
0.536948
0.538919
0.538919
0.538755
0.539412
0.537112
0.542861
0.541055
0.540562
0.540562
0.541219
0.549103
0.540233
0.540397
0.545325
0.533334
0.534977
0.535141
0.535305
0.535634
0.536291
0.543190
0.539905
0.543518
0.542861
0.543354
0.542369
0.542369
0.542697
0.542369
0.542533
0.540890
0.542861
0.543683
0.544011
0.543683
0.545161
0.544997
0.544833
0.544833
0.544504
0.544997
0.545490
0.547789
0.545982
0.550253
0.545161
0.546968
0.546311
0.546311
0.545982
0.546311
0.543026
0.542204
0.548611
0.546639

Kurve 9

0.015738
0.016395
0.016395
0.015409
0.014752
0.015409
0.010646
0.014588
0.015409
0.015574
0.015574
0.015245
0.015409
0.010810
0.011467
0.009824
0.009496
0.009496
0.010482
0.010974
0.010646
0.015245
0.010810
0.009660
0.009496
0.009496
0.009989
0.010974
0.010646
0.018366
0.009496
0.011303
0.012945
0.012617
0.011631
0.011631
0.012124
0.009824
0.010317
0.010482
0.010974
0.010810
0.010810
0.010153
0.016395
0.000790
0.006703
0.005882
0.005554
0.006211
0.007196
0.007525
0.027236
0.010153
0.015081
0.012453
0.011139
0.010974
0.011960
0.005061
0.012781
0.012124
0.014588
0.015902
0.015902
0.014588
0.013767
0.014424
0.009989
0.010482
0.009003
0.009332
0.010153
0.009660
0.009332
0.012617
0.011631
0.012288
0.011303
0.010153
0.010646
0.011303
0.011631
0.018695
0.014752
0.002761
0.006211
0.005554
0.005389
0.006703
0.007032
0.013110
0.011631
0.017381
0.019352
0.019680
0.018859
0.017873
0.017709
0.003418
0.013274
0.005718
0.009003
0.010317
0.010317
0.010317
0.010482
0.006539
0.006703
0.004732
0.004075
0.005389
0.006703
0.006703
0.016559
0.009660
0.008675
0.010317
0.010482
0.009824
0.010646
0.011139
0.010810
0.007525
0.007689
0.004239
0.006539
0.007361
0.007032
0.007689
0.007853
0.012288
0.007853
0.008675
0.009003
0.009824
0.009332
0.009332
0.012617
0.013274
0.013110
0.012945
0.012945
0.013110
0.013438
0.013931
0.014095
0.016888
0.011303
0.012288
0.012781
0.012781
0.013274
0.014260
0.013931
0.013603
0.013767
0.015245
0.015245
0.015409
0.015409
0.015245
0.010974
0.014095
0.012781
0.013603
0.014260
0.013931
0.013274
0.014588
0.015245
0.012781
0.012781
0.013110
0.013767
0.013438
0.013603
0.009003
0.016395
0.012288
0.014424
0.013438
0.012781
0.012945
0.009989
0.012124
0.012781
0.013931
0.010646
0.013110
0.013110
0.013438
0.013274
0.008839
0.014752
0.012781
0.013110
0.013767
0.013438
0.012945
0.015245
0.013438
0.012781
0.012945
0.012781
0.013438
0.022966
0.010482
0.012945
0.011467
0.054833
0.045306
0.011796
0.011303
0.010974
0.009496
0.012288
0.007689
-0.002824
0.013931
0.011631
0.011467
0.012124
0.011960
0.012124
0.011303
0.008346
0.009332
0.009824
0.010153
0.009824
0.025594
0.013274
0.013110
0.013110
0.012453
0.012945
0.015902
0.013438
0.012288
0.013274
0.016559
0.014917
0.014752
0.014260
0.013931
0.006046
0.015902
0.009660
0.011139
0.009989
0.025265
0.033807
0.047112
0.060582
0.072902
0.081279
0.103784
0.111668
0.122510
0.133023
0.142386
0.160619
0.155691
0.165711
0.174417
0.183287
0.191993
0.202014
0.200042
0.208091
0.215976
0.241108
0.234045
0.247679
0.253264
0.259177
0.266241
0.276097
0.274947
0.282831
0.289238
0.295808
0.303364
0.309114
0.314699
0.320941
0.307635
0.334246
0.334739
0.339338
0.344102
0.348373
0.352644
0.356422
0.362828
0.365621
0.369399
0.373998
0.375476
0.380733
0.384511
0.387796
0.381718
0.383197
0.391574
0.393545
0.396666
0.399952
0.401430
0.408658
0.411286
0.412929
0.415885
0.416707
0.418349
0.421470
0.424263
0.426563
0.429684
0.431819
0.433954
0.436583
0.438554
0.440196
0.443153
0.444303
0.446110
0.447917
0.451695
0.448902
0.454323
0.455144
0.456623
0.458265
0.459415
0.462208
0.463193
0.464836
0.466150
0.465493
0.445781
0.447917
0.449559
0.451366
0.441346
0.456130
0.453502
0.456623
0.458758
0.460401
0.462208
0.464507
0.465986
0.466971
0.468450
0.472721
0.472064
0.472721
0.474528
0.478798
0.478141
0.477813
0.480441
0.481591
0.482577
0.484712
0.481427
0.480441
0.478141
0.477813
0.468450
0.480605
0.479948
0.479784
0.479456
0.480770
0.479620
0.483562
0.485698
0.486519
0.484876
0.488162
0.490297
0.490297
0.491611
0.492925
0.499989
0.494239
0.495718
0.496375
0.506066
0.497196
0.497689
0.499003
0.499989
0.500646
0.507545
0.503110
0.505409
0.505409
0.505902
0.506888
0.508530
0.507873
0.509516
0.509516
0.509516
0.510337
0.509516
0.510994
0.512801
0.503602
0.522493
0.518222
0.518715
0.518222
0.518550
0.519043
0.516251
0.517072
0.516579
0.516743
0.518550
0.517236
0.517565
0.518222
0.518386
0.540397
0.519700
0.521179
0.520850
0.521179
0.522164
0.519372
0.522657
0.524135
0.523971
0.524300
0.524135
0.524628
0.525778
0.524957
0.520029
0.533663
0.531199
0.532349
0.532349
0.532184
0.532020
0.528078
0.519536
0.539083
0.526106
0.529720
0.528570
0.528078
0.528078
0.528406
0.534155
0.520193
0.521343
0.520522
0.520850
0.521343
0.510173
0.520357
0.520686
0.520193
0.520850
0.521507
0.521507
0.514279
0.523807
0.522821
0.525285
0.507545
0.496539
0.493582
0.494568
0.495553
0.499824
0.495718
0.501960
0.486190
0.490297
0.491611
0.492925
0.499331
0.504752
0.516579
0.502452
0.509516
0.508859
0.509023
0.510009
0.510501
0.508695
0.509023
0.510501
0.511323
0.511816
0.512308
0.512965
0.479784
0.515265
0.516251
0.515101
0.517565
0.517893
0.518550
0.519207
0.519864
0.520686
0.522657
0.521671
0.522493
0.523150
0.523314
0.523807
0.523971
0.530377
0.534155
0.535470
0.534320
0.534320
0.534320
0.534320
0.520029
0.528406
0.525121
0.525121
0.526599
0.527092
0.527092
0.527749
0.527913
0.528899
0.535305
0.534812
0.534648
0.535141
0.535634
0.535470
0.534320
0.523971
0.525121
0.523971
0.524135
0.525285
0.526106
0.526435
0.527256
0.534484
0.539905
0.538755
0.538919
0.539248
0.538919
0.537441
0.536948
0.533170
0.535141
0.537276
0.537112
0.537441
0.537112
0.537441
0.536948
0.538262
0.539248
0.538426
0.539083
0.539412
0.539576
0.559288
0.539740
0.540069
0.539248
0.538755
0.538919
0.538919
0.539083
0.539412
0.540726
0.541876
0.541383
0.541876
0.541876
0.542040
0.542369
0.535141
0.543683
0.542204
0.542204
0.542533
0.542369
0.542533
0.542204
0.536619
0.544504
0.543518
0.543354
0.544011
0.544340
0.544833
0.571936
0.545654
0.543026
0.542861
0.543026
0.535141
0.534977
0.526599
0.526928
0.529392
0.528735
0.528735
0.529720
0.530542
0.530870
0.531527
0.505738
0.531527
0.531856
0.531856
0.532513
0.532513
0.533006
0.533334
0.491940
0.533334
0.535305
0.536127
0.536291
0.537112
0.536291
0.550089
0.536948
0.542369
0.537112
0.514772
0.515758
0.516415
0.517072
0.517729
0.544668
0.522000
0.522657
0.523478
0.524464
0.525121
0.525778
0.518386
0.527913
0.527256
0.527421
0.528570
0.528735
0.528735
0.529228
0.528899
0.525778
0.533170
0.531856
0.532349
0.532841
0.533170
0.533663
0.532677
0.538098
0.534320
0.535798
0.535305
0.535470
0.535962
0.536291
0.536455
0.537112
0.538919
0.538755
0.538919
0.539248
0.539740
0.540397
0.541055
0.539083
0.541383
0.542040
0.541876
0.541547
0.541383
0.542204
0.541383
0.542040
0.542040
0.543026
0.543190
0.543683
0.543518
0.543190
0.545982
0.546968
0.542861
0.544340
0.544668
0.545161
0.544997
0.544997
0.546968
0.545654
0.538591
0.535798
0.533663
0.526106
0.523478
0.523807
0.523643
0.526928
0.527913
0.527913
0.527749
0.511980
0.528735
0.525121
0.514115
0.529720
0.530542
0.530706
0.531856
0.532513
0.532841
0.533170
0.533498
0.532841
0.536127
0.535305
0.535634
0.535141
0.536127
0.555017
0.535798
0.536619
0.537605
0.537769
0.538426
0.539412
0.536948
0.537769
0.539083

Kurve 10

0.011960
0.011960
0.012288
0.006539
0.012124
0.011631
0.011467
0.011467
0.011960
0.010646
0.011467
0.011960
0.012617
0.018202
0.004897
0.010482
0.009824
0.035285
0.011960
0.017216
0.015574
0.014588
0.014095
0.012124
0.012288
0.012124
0.011960
0.011467
0.011960
0.008675
0.022637
0.016395
0.016724
0.017545
-0.016786
0.011303
0.011139
0.011303
0.010974
0.009660
0.010646
0.010974
0.010974
0.011139
0.020173
0.009989
0.010810
0.009167
0.008675
0.044977
0.010482
0.010317
0.010646
0.010317
0.013438
0.010974
0.009824
0.009989
0.009496
0.009824
-0.000524
0.010974
0.010153
0.011139
0.010646
0.008346
0.009003
0.009332
0.009824
0.010974
0.007689
0.010153
0.010153
0.010317
0.009989
0.009824
0.009496
0.010317
0.010317
0.009332
0.009167
0.009824
0.010482
0.010153
0.009824
0.015574
0.009824
0.010317
0.008182
0.007361
0.007689
0.008510
0.010974
0.010317
0.012124
0.011796
0.011303
0.010646
0.010974
0.010810
0.010974
0.007032
0.011631
0.010810
0.010482
0.011467
0.010974
0.014588
0.010810
0.010317
0.010646
0.009824
0.010153
0.009332
0.010974
0.008510
0.008346
0.008675
0.011631
0.009003
0.008018
0.008018
0.008839
0.009332
0.010153
0.010810
-0.002660
0.011139
0.010646
0.010317
0.011467
0.011960
0.011303
0.011139
0.009989
0.010482
0.011303
0.011467
0.019516
0.010317
0.010153
0.009332
0.008510
0.008839
0.014424
0.001283
0.005554
0.004568
0.010974
0.012124
0.010974
0.010810
0.010482
0.011303
0.005389
0.012124
0.011303
0.007361
0.023623
0.018695
0.018530
0.019023
0.018859
0.017873
0.009003
0.016067
0.015409
0.015409
0.015081
0.016395
0.005389
0.010974
0.009332
0.009003
0.009332
0.009824
0.013274
0.010974
0.009660
0.011960
0.011960
0.009824
0.010646
0.010810
0.011303
0.011796
0.012124
0.010482
0.010153
0.023294
0.021487
0.020337
0.020337
0.019352
0.018202
0.008346
0.010810
0.011139
0.011631
0.011631
0.011303
0.015081
0.003090
0.004732
0.004732
0.004404
0.005061
0.005718
0.052862
0.038571
0.013110
0.010974
0.010974
0.010974
0.011303
0.011631
0.011139
0.009824
0.010646
0.011960
0.010482
0.012124
0.012288
0.011631
0.010974
0.011631
0.009332
0.018859
0.016559
0.016395
0.017052
0.016559
0.026579
0.010153
0.009989
0.010153
0.010153
0.010317
0.010317
0.010646
0.008510
0.014424
0.010810
0.010153
0.009660
0.009332
0.010974
0.011303
0.007196
0.012124
0.012617
0.020009
0.033150
0.045963
0.057790
0.069781
0.081444
0.091299
0.103455
0.112490
0.123331
0.134172
0.143864
0.153391
0.164069
0.173596
0.181645
0.189365
0.197907
0.206613
0.214990
0.248500
0.232567
0.235031
0.245872
0.250307
0.256385
0.263284
0.270840
0.276425
0.283324
0.290059
0.295808
0.301558
0.307307
0.312070
0.317163
0.322748
0.321105
0.332275
0.337203
0.341967
0.347059
0.351165
0.355765
0.367756
0.365949
0.373341
0.376298
0.368249
0.372355
0.376298
0.379419
0.381554
0.378762
0.388782
0.389767
0.392396
0.395681
0.399130
0.402251
0.389275
0.393217
0.397324
0.399459
0.402580
0.405044
0.408165
0.410793
0.408493
0.416050
0.418842
0.420649
0.423113
0.425084
0.428041
0.436418
0.432476
0.435433
0.437568
0.439704
0.442003
0.443974
0.446110
0.448245
0.449724
0.452352
0.453830
0.455473
0.457608
0.459415
0.460729
0.456130
0.459580
0.458265
0.460072
0.462701
0.464343
0.466150
0.467629
0.451038
0.472392
0.473871
0.475842
0.477156
0.478470
0.479784
0.481262
0.482741
0.483069
0.483891
0.484712
0.486026
0.487176
0.488490
0.489311
0.490297
0.490461
0.490297
0.490133
0.491283
0.492268
0.492925
0.495882
0.497032
0.498017
0.499496
0.499824
0.500646
0.501467
0.502288
0.503274
0.504095
0.503767
0.505409
0.505573
0.505902
0.506888
0.507380
0.510337
0.501960
0.499496
0.501138
0.501795
0.502617
0.503274
0.504752
0.503438
0.505738
0.506723
0.506066
0.506395
0.506888
0.508037
0.502288
0.509516
0.511158
0.510830
0.511651
0.512144
0.512965
0.513294
0.514279
0.499989
0.515265
0.513130
0.513622
0.514444
0.515101
0.516251
0.521014
0.519043
0.518222
0.519207
0.519207
0.519536
0.519700
0.528078
0.520193
0.531034
0.521343
0.521836
0.522328
0.522493
0.522657
0.519700
0.523807
0.520029
0.526106
0.523807
0.525285
0.525778
0.526271
0.526435
0.523150
0.528242
0.526764
0.527092
0.527913
0.527585
0.527749
0.530542
0.527749
0.532020
0.530870
0.529556
0.529392
0.530049
0.539740
0.520686
0.523971
0.530213
0.531363
0.531527
0.531856
0.531691
0.524135
0.532349
0.527092
0.527749
0.529063
0.527749
0.527421
0.527585
0.527421
0.527092
0.527092
0.526764
0.529556
0.528406
0.527585
0.526928
0.533334
0.510830
0.512308
0.511158
0.511487
0.512308
0.512801
0.513951
0.514772
0.514608
0.540890
0.513622
0.512473
0.513294
0.513951
0.514444
0.517401
0.512965
0.515101
0.518222
0.525285
0.525942
0.525614
0.526271
0.526271
0.517072
0.521507
0.523150
0.523971
0.524464
0.525285
0.525449
0.524135
0.525285
0.525778
0.526435
0.527092
0.527585
0.521507
0.523807
0.524464
0.536455
0.527913
0.528406
0.529063
0.530049
0.530542
0.530706
0.527913
0.528735
0.527585
0.534484
0.529228
0.531199
0.532513
0.533991
0.529720
0.497360
0.535470
0.534977
0.535470
0.535470
0.535798
0.578178
0.519700
0.520029
0.520193
0.520686
0.548446
0.521671
0.526435
0.525778
0.525778
0.522985
0.524464
0.524957
0.524957
0.525449
0.524135
0.525778
0.526928
0.526928
0.520686
0.532513
0.528078
0.528735
0.529228
0.530213
0.529885
0.529392
0.530213
0.530870
0.531199
0.531691
0.536455
0.532349
0.533991
0.534648
0.534977
0.537276
0.529392
0.532841
0.533006
0.532841
0.536784
0.534977
0.534977
0.535305
0.535305
0.531856
0.535634
0.535470
0.535305
0.535470
0.530213
0.524792
0.522657
0.519043
0.518879
0.517729
0.518879
0.518058
0.518386
0.520686
0.522493
0.528406
0.515265
0.521179
0.521671
0.522328
0.525942
0.526928
0.525614
0.526435
0.527092
0.533663
0.519043
0.523971
0.525778
0.525942
0.520686
0.531527
0.531691
0.531691
0.532184
0.532349
0.532513
0.532841
0.533498
0.533498
0.530542
0.534155
0.534812
0.535141
0.535470
0.535470
0.535962
0.530870
0.529720
0.528735
0.530706
0.536291
0.537441
0.537605
0.537769
0.537769
0.542697
0.537441
0.538591
0.538426
0.538426
0.538919
0.539083
0.539412
0.539412
0.539083
0.539248
0.540562
0.540726
0.537112
0.539412
0.535798
0.540726
0.540233
0.540562
0.541876
0.541547
0.541055
0.542204
0.541055
0.541055
0.545654
0.530706
0.535141
0.535305
0.536291
0.536948
0.537605
0.537934
0.537605
0.536784
0.537769
0.538262
0.541876
0.553867
0.549761
0.549761
0.549925
0.549432
0.533006
0.544011
0.543518
0.543518
0.544997
0.540397
0.542040
0.543190
0.543354
0.543190
0.584913
0.544504
0.544668
0.545818
0.545161
0.543026
0.543683
0.543354
0.543683
0.543518
0.544997
0.546804
0.544833
0.544833
0.545161
0.530542
0.546311
0.546311
0.546639
0.547461
0.547625
0.546968
0.543190
0.546147
0.548118
0.545161
0.546311
0.546639
0.546147
0.546968
0.546804
0.551567
0.540890
0.543354
0.547132
0.550253
0.548775
0.548611
0.548611
0.548118
0.548611
0.548282
0.540233
0.541219
0.541219
0.541876
0.542369
0.548611
0.547954

