Ladekurvenmessung
Zeit: 2016_06_21 16.28.12
Info: 2250rpm
Ladewiderstand[Ohm]: 199500
Störkapazität[pF]: 278.000000
Entladezeit[ms]: 100
Abtastrate[Hz]: 250000
Messzeit [ms]: 2.000000
Verzögerung[ms]: 0
Ladespannung[V]: 0.800000

Kurve 1

0.016724
0.017709
0.030686
0.042513
0.055490
0.067153
0.079144
0.090642
0.101484
0.114461
0.168175
0.142057
0.141072
0.150927
0.160947
0.169982
0.177702
0.185587
0.195114
0.202506
0.210884
0.218111
0.226160
0.233552
0.239630
0.242751
0.254085
0.262134
0.268212
0.274783
0.281025
0.287102
0.292523
0.301886
0.300408
0.309935
0.314206
0.318970
0.324062
0.328333
0.331946
0.332768
0.337203
0.341474
0.346073
0.350673
0.354943
0.355765
0.362664
0.365949
0.369891
0.373341
0.376955
0.380076
0.383854
0.389110
0.385332
0.401430
0.401923
0.404715
0.407344
0.410300
0.413093
0.415721
0.431162
0.417035
0.423277
0.425248
0.427055
0.429026
0.431983
0.434283
0.433462
0.436090
0.437897
0.440196
0.442332
0.444796
0.441839
0.447588
0.450052
0.453502
0.455637
0.456787
0.458101
0.459580
0.454816
0.457773
0.464015
0.462536
0.464343
0.466150
0.468121
0.469435
0.472721
0.474528
0.474692
0.476006
0.476827
0.478470
0.480113
0.481427
0.482084
0.483398
0.484383
0.484712
0.485862
0.486683
0.488162
0.489640
0.488654
0.491447
0.492432
0.493089
0.493746
0.494896
0.495225
0.496210
0.492104
0.498182
0.499167
0.499331
0.500481
0.500810
0.501960
0.502781
0.503274
0.504752
0.503602
0.503931
0.504095
0.505738
0.506559
0.506888
0.510337
0.509352
0.509680
0.510337
0.510666
0.511487
0.512801
0.511816
0.513951
0.512801
0.514772
0.516086
0.515922
0.514937
0.515758
0.515758
0.516579
0.510994
0.514115
0.516415
0.517565
0.516743
0.516908
0.519864
0.519864
0.519864
0.518058
0.517236
0.518550
0.519536
0.519207
0.549925
0.522000
0.522164
0.522985
0.522328
0.522821
0.523807
0.524135
0.524135
0.523807
0.524300
0.524792
0.525121
0.524300
0.524300
0.516415
0.522000
0.526106
0.525942
0.525778
0.526271
0.526106
0.525614
0.526435
0.527585
0.517072
0.508859
0.510009
0.510666
0.512144
0.512637
0.512801
0.512801
0.514115
0.514115
0.514279
0.514937
0.516086
0.517072
0.517072
0.521507
0.520357
0.521179
0.521671
0.521343
0.521507
0.506066
0.520522
0.521179
0.520193
0.523314
0.524135
0.524135
0.524135
0.523971
0.524628
0.522328
0.528570
0.526435
0.526599
0.527092
0.527585
0.527421
0.528242
0.526764
0.526599
0.527092
0.527421
0.528078
0.528899
0.527421
0.528406
0.528735
0.528899
0.528899
0.529063
0.528570
0.527585
0.527913
0.522164
0.523971
0.522328
0.524300
0.524464
0.524464
0.521343
0.509680
0.532677
0.515265
0.516251
0.515594
0.515922
0.516251
0.517236
0.531691
0.515594
0.520357
0.520029
0.520029
0.521014
0.521507
0.517401
0.521671
0.519207
0.519207
0.519700
0.519700
0.519700
0.523478
0.523478
0.523478
0.526106
0.523150
0.525449
0.527092
0.527256
0.561423
0.526764
0.526928
0.528735
0.527585
0.527913
0.528078
0.528570
0.528735
0.529063
0.526599
0.531363
0.529556
0.529720
0.530377
0.530870
0.528078
0.536291
0.530213
0.531363
0.532513
0.532513
0.523478
0.533663
0.533006
0.533663
0.533827
0.533827
0.536291
0.536948
0.537769
0.557481
0.534977
0.535634
0.535305
0.535470
0.538262
0.536784
0.536784
0.536455
0.536619
0.538262
0.525285
0.528735
0.529392
0.529885
0.531034
0.530377
0.536455
0.529392
0.531034
0.532184
0.531856
0.527421
0.530377
0.524628
0.523150
0.520029
0.521836
0.522821
0.522821
0.524464
0.524464
0.522985
0.524464
0.524464
0.526106
0.524300
0.525449
0.525778
0.525449
0.525778
0.533006
0.525942
0.532349
0.530870
0.530213
0.531199
0.531691
0.530542
0.528242
0.531034
0.531856
0.532020
0.529556
0.533663
0.533006
0.533663
0.523807
0.533991
0.532020
0.533006
0.534155
0.534155
0.534812
0.535305
0.534484
0.534977
0.541383
0.530213
0.536455
0.535141
0.534155
0.534977
0.535305
0.536291
0.536619
0.535798
0.536619
0.536291
0.529556
0.530213
0.528570
0.528406
0.527092
0.525285
0.523807
0.524957
0.526106
0.525449
0.524135
0.520686
0.523807
0.525285
0.525614
0.527421
0.525614
0.525285
0.525449
0.524792
0.527749
0.525942
0.528406
0.528078
0.528242
0.528406
0.529228
0.529392
0.530049
0.530706
0.531856
0.529556
0.531527
0.532841
0.533334
0.525285
0.533663
0.533498
0.534155
0.534320
0.534648
0.533991
0.534648
0.537605
0.538426
0.538591
0.547461
0.535470
0.538919
0.537276
0.536619
0.537112
0.537112
0.537441
0.537769
0.537441
0.539412
0.538426
0.540726
0.540069
0.539083
0.539740
0.529228
0.539740
0.538426
0.538755
0.532841
0.539905
0.539412
0.539740
0.540562
0.540562
0.530049
0.540069
0.536619
0.538098
0.538591
0.538426
0.539083
0.537605
0.540233
0.541712
0.541219
0.547954
0.536127
0.537441
0.535962
0.564873
0.542697
0.542533
0.542040
0.540890
0.541547
0.542204
0.544340
0.542861
0.544340
0.541547
0.542533
0.542040
0.542204
0.543190
0.543190
0.541219
0.544504
0.544340
0.543683
0.544176
0.544340

Kurve 2

0.013603
0.024280
0.028551
0.045963
0.058118
0.069781
0.079144
0.088507
0.098034
0.109697
0.119881
0.143043
0.144193
0.157991
0.166532
0.175731
0.184602
0.191008
0.199221
0.207106
0.215319
0.222382
0.226160
0.242915
0.242094
0.250800
0.250143
0.265748
0.271826
0.278232
0.284638
0.290388
0.296794
0.302707
0.308457
0.312728
0.325869
0.317820
0.328333
0.333425
0.337531
0.342131
0.347059
0.349687
0.355600
0.360200
0.363814
0.368085
0.369727
0.375148
0.378926
0.382047
0.385989
0.388946
0.359871
0.395517
0.398309
0.400280
0.403073
0.400609
0.405044
0.407015
0.409643
0.413257
0.419663
0.419335
0.421799
0.428369
0.415885
0.422620
0.425905
0.428698
0.432147
0.435597
0.440525
0.447588
0.448245
0.450052
0.452023
0.441018
0.417528
0.456459
0.458101
0.459744
0.462044
0.463522
0.465657
0.466150
0.469764
0.468943
0.480113
0.482084
0.482577
0.483891
0.485205
0.490954
0.479948
0.481427
0.483234
0.484548
0.485205
0.486355
0.487176
0.488983
0.489968
0.491447
0.492925
0.491940
0.493089
0.493911
0.495553
0.497525
0.498510
0.500153
0.500810
0.501795
0.502124
0.502781
0.499167
0.503602
0.503602
0.504095
0.504259
0.504752
0.505245
0.506559
0.507052
0.509680
0.502452
0.510501
0.508859
0.509023
0.507216
0.506559
0.504259
0.498346
0.499660
0.500646
0.499660
0.500646
0.501631
0.502781
0.495718
0.505409
0.506723
0.507216
0.507709
0.508202
0.508530
0.502945
0.511980
0.505902
0.511651
0.512801
0.513622
0.514115
0.514279
0.515101
0.519207
0.527256
0.505738
0.509023
0.507873
0.509023
0.510666
0.511980
0.512801
0.522000
0.522164
0.522328
0.522657
0.523150
0.523478
0.518550
0.524957
0.523314
0.523971
0.525121
0.524628
0.523478
0.520357
0.518715
0.515758
0.523314
0.520686
0.522985
0.524300
0.524135
0.524464
0.528899
0.525778
0.521836
0.524464
0.523478
0.523314
0.524792
0.525614
0.525614
0.529720
0.528078
0.527913
0.527913
0.528078
0.528735
0.529556
0.523314
0.531363
0.530542
0.530377
0.530377
0.530706
0.531034
0.531034
0.527749
0.533663
0.531691
0.532677
0.534155
0.533827
0.533170
0.533827
0.537769
0.534812
0.533170
0.532349
0.532184
0.532841
0.533827
0.533498
0.537769
0.535305
0.534648
0.534977
0.534484
0.535305
0.535798
0.535798
0.537441
0.536455
0.533663
0.532841
0.532841
0.532513
0.532677
0.532841
0.534977
0.533827
0.534320
0.536291
0.536784
0.535798
0.535470
0.537934
0.535798
0.534155
0.532677
0.531856
0.533334
0.533827
0.533663
0.540233
0.536619
0.536784
0.537112
0.536455
0.536948
0.537934
0.538262
0.538919
0.546475
0.546968
0.546804
0.546639
0.545654
0.544833
0.545161
0.534977
0.538098
0.538098
0.539740
0.541219
0.540890
0.540069
0.538426
0.538919
0.539740
0.537769
0.537112
0.537605
0.538426
0.538426
0.537769
0.538098
0.539412
0.538426
0.538262
0.538262
0.538919
0.539740
0.539905
0.537276
0.537112
0.537769
0.537934
0.537605
0.537441
0.534812
0.547789
0.540562
0.541219
0.543354
0.544176
0.543683
0.543190
0.544340
0.541547
0.540562
0.545818
0.543518
0.543190
0.543518
0.541712
0.541547
0.542861
0.541876
0.541712
0.541712
0.541712
0.542204
0.542533
0.541219
0.541219
0.538919
0.539248
0.539905
0.539740
0.539412
0.539576
0.549432
0.541219
0.543354
0.543847
0.543847
0.543847
0.543847
0.545982
0.544176
0.548611
0.535962
0.539248
0.539248
0.539248
0.539576
0.539412
0.557481
0.543354
0.543518
0.542861
0.542369
0.542697
0.543683
0.542861
0.544668
0.544997
0.544833
0.544997
0.544997
0.545325
0.544176
0.544176
0.542369
0.548611
0.544997
0.546475
0.547132
0.547297
0.556495
0.543354
0.548775
0.547132
0.547789
0.545490
0.545982
0.545654
0.546147
0.545982
0.545654
0.551403
0.550089
0.549925
0.549925
0.550253
0.537605
0.551403
0.545161
0.546311
0.547461
0.547297
0.546639
0.546804
0.546147
0.546475
0.546968
0.546475
0.546804
0.547132
0.547625
0.553539
0.545325
0.549103
0.546475
0.541876
0.545490
0.544833
0.544668
0.545161
0.545490
0.549432
0.547954
0.545490
0.545654
0.545490
0.546147
0.545325
0.547789
0.547297
0.547625
0.547789
0.547461
0.545161
0.556331
0.554853
0.556824
0.533991
0.546968
0.546804
0.546804
0.547132
0.546968
0.546475
0.547954
0.546968
0.556331
0.539248
0.546311
0.546475
0.545325
0.545325
0.555510
0.545982
0.551732
0.550089
0.548939
0.549432
0.549761
0.548282
0.544340
0.545490
0.546147
0.546311
0.510994
0.547625
0.544176
0.545818
0.530377
0.548611
0.542861
0.545325
0.546804
0.546804
0.549103
0.548611
0.548611
0.548446
0.559781
0.547297
0.549925
0.549268
0.548118
0.548775
0.547297
0.550418
0.548118
0.547461
0.548282
0.548775
0.547132
0.547625
0.549761
0.549761
0.550418
0.547132
0.547625
0.549596
0.549925
0.549596
0.549432
0.547954
0.548775
0.548939

Kurve 3

0.014752
0.023623
0.035778
0.051219
0.060911
0.072738
0.085057
0.096556
0.107562
0.118075
0.128916
0.136965
0.150599
0.158319
0.166204
0.176060
0.184273
0.192815
0.201028
0.203820
0.215976
0.235359
0.241108
0.247350
0.254414
0.260820
0.267719
0.273633
0.274290
0.276097
0.283653
0.289731
0.295316
0.301229
0.313549
0.311742
0.316998
0.321105
0.326526
0.332111
0.337203
0.341967
0.363321
0.356257
0.359050
0.362171
0.366442
0.370220
0.374491
0.378269
0.376626
0.384675
0.387960
0.392231
0.396009
0.399130
0.402580
0.405701
0.408822
0.411122
0.412272
0.417199
0.419006
0.421799
0.424427
0.427384
0.431655
0.432805
0.434776
0.437404
0.439539
0.441839
0.443974
0.446438
0.453830
0.439704
0.450874
0.452352
0.453502
0.455473
0.457116
0.457937
0.463522
0.464179
0.466150
0.467957
0.469107
0.470914
0.472228
0.473871
0.474363
0.483562
0.483891
0.483891
0.485205
0.485862
0.486847
0.495389
0.483726
0.485533
0.486847
0.487833
0.489147
0.490461
0.491447
0.502288
0.494568
0.490790
0.491611
0.492268
0.493746
0.497525
0.497689
0.495718
0.501960
0.499660
0.501138
0.502452
0.503438
0.504259
0.504588
0.501138
0.505902
0.506888
0.507545
0.507545
0.508202
0.508695
0.509516
0.505738
0.513622
0.512308
0.512801
0.513458
0.514772
0.515758
0.519700
0.519700
0.502288
0.515594
0.516251
0.516579
0.517893
0.518386
0.519043
0.517401
0.518222
0.519372
0.519536
0.519864
0.520686
0.521343
0.521343
0.524957
0.518222
0.520029
0.520686
0.520522
0.521014
0.521671
0.523643
0.524792
0.524464
0.524792
0.525614
0.526271
0.526928
0.528735
0.524135
0.525942
0.519372
0.519043
0.519207
0.520029
0.521014
0.530049
0.530377
0.531034
0.530706
0.531363
0.531691
0.531856
0.532349
0.532841
0.524792
0.525942
0.513951
0.514772
0.515594
0.515594
0.516086
0.517893
0.510009
0.511158
0.512473
0.513130
0.515265
0.516579
0.520686
0.522985
0.525449
0.522000
0.525121
0.525614
0.525121
0.525942
0.523150
0.524135
0.521671
0.534320
0.525285
0.527092
0.527749
0.527585
0.525942
0.518879
0.525121
0.522985
0.523971
0.526271
0.525942
0.526271
0.528078
0.527585
0.525778
0.526271
0.526599
0.527585
0.535798
0.528078
0.529556
0.539083
0.523150
0.527749
0.527092
0.526764
0.526928
0.528899
0.531527
0.532020
0.530049
0.532513
0.533006
0.532841
0.533334
0.533170
0.533663
0.535141
0.530377
0.532349
0.533170
0.533170
0.532677
0.537934
0.522328
0.527913
0.527585
0.527421
0.528570
0.540562
0.536127
0.536784
0.536948
0.536291
0.538098
0.536948
0.536455
0.536455
0.532349
0.537934
0.537934
0.538098
0.538591
0.535470
0.537769
0.538919
0.539083
0.538919
0.535634
0.543518
0.542204
0.540890
0.540890
0.540562
0.548775
0.537769
0.539083
0.539248
0.537605
0.531691
0.531363
0.522493
0.519700
0.520193
0.530213
0.515594
0.520029
0.520357
0.520029
0.518550
0.525449
0.524957
0.525778
0.525449
0.527256
0.526764
0.527256
0.528078
0.528242
0.516251
0.529228
0.528406
0.529556
0.529885
0.529720
0.529392
0.529063
0.530706
0.530706
0.531034
0.531527
0.531691
0.533334
0.531199
0.531199
0.542369
0.529885
0.533006
0.531691
0.531034
0.531691
0.534484
0.532184
0.533334
0.533827
0.523314
0.535962
0.536291
0.537112
0.538591
0.533006
0.538755
0.535798
0.538426
0.539740
0.539248
0.538755
0.538098
0.530706
0.531527
0.533663
0.541383
0.537276
0.539576
0.537605
0.537769
0.538591
0.538426
0.540069
0.537441
0.536784
0.537441
0.531199
0.540562
0.541219
0.541219
0.541219
0.538426
0.547954
0.545325
0.545818
0.546475
0.542861
0.542040
0.542533
0.542861
0.526435
0.526106
0.529885
0.528406
0.526764
0.527092
0.533498
0.529720
0.530049
0.529720
0.528899
0.529556
0.531856
0.532841
0.532513
0.532349
0.532513
0.505245
0.534320
0.534155
0.534484
0.534812
0.535305
0.535305
0.535305
0.535798
0.535962
0.531527
0.541876
0.540726
0.541219
0.541383
0.540890
0.553046
0.536127
0.537112
0.537276
0.538262
0.538262
0.537605
0.537605
0.537441
0.537605
0.548118
0.538919
0.538919
0.538919
0.539248
0.539576
0.541055
0.538098
0.540726
0.541712
0.541876
0.539905
0.541055
0.540726
0.541219
0.535470
0.548446
0.543683
0.544504
0.544833
0.544997
0.544340
0.541219
0.546804
0.545161
0.537605
0.531363
0.531199
0.531363
0.531691
0.532349
0.563723
0.540726
0.540562
0.540562
0.540726
0.541547
0.540397
0.540726
0.541055
0.540890
0.541055
0.540562
0.535798
0.544176
0.538262
0.530049
0.539576
0.537769
0.538919
0.539740
0.539248
0.538426
0.536127
0.533334
0.537605
0.525449
0.528570
0.527585
0.528078
0.528899
0.529720
0.545654
0.528735
0.533498
0.532513
0.532513
0.533498
0.532349
0.538426
0.539248
0.538919
0.539576
0.539412
0.539412
0.539576
0.540069
0.539905
0.546639
0.545818
0.547625

Kurve 4

0.009332
0.019680
0.033150
0.045963
0.066167
0.067645
0.086043
0.091299
0.105755
0.116268
0.126123
0.136144
0.145507
0.155855
0.161769
0.176717
0.184273
0.192650
0.201192
0.209077
0.209570
0.224025
0.227967
0.237002
0.244229
0.245215
0.251128
0.257042
0.265584
0.271661
0.279875
0.291866
0.299422
0.304186
0.308949
0.314206
0.311085
0.317327
0.322748
0.327840
0.330632
0.335724
0.340324
0.344923
0.349030
0.355929
0.359707
0.363157
0.367263
0.371370
0.375476
0.378926
0.383525
0.385825
0.389110
0.392396
0.395024
0.398473
0.396009
0.415885
0.413093
0.406358
0.412929
0.416871
0.419499
0.422292
0.424756
0.426070
0.432312
0.433626
0.432147
0.439868
0.439868
0.442332
0.444303
0.446438
0.479127
0.448574
0.449724
0.451859
0.453666
0.454652
0.456951
0.459415
0.460401
0.463850
0.465000
0.466314
0.467793
0.466807
0.469928
0.471899
0.470585
0.473871
0.474856
0.475842
0.477813
0.478798
0.485205
0.474692
0.477813
0.491775
0.480770
0.487012
0.487340
0.487833
0.488654
0.490625
0.489804
0.493089
0.492268
0.493254
0.494568
0.495882
0.495553
0.496703
0.498182
0.498346
0.499660
0.500481
0.501303
0.498346
0.499824
0.500810
0.505245
0.504752
0.505738
0.506888
0.507216
0.510337
0.508366
0.508695
0.509844
0.512473
0.510994
0.510994
0.511816
0.511651
0.512637
0.513458
0.514444
0.514608
0.514937
0.515922
0.516579
0.491775
0.517072
0.517893
0.517893
0.519207
0.517565
0.519700
0.519372
0.520193
0.520522
0.519536
0.520357
0.522657
0.521343
0.522164
0.541547
0.522328
0.523150
0.522985
0.522985
0.523150
0.524300
0.523314
0.523478
0.523478
0.527092
0.522164
0.525942
0.525942
0.525449
0.526435
0.515922
0.527749
0.527585
0.527749
0.528406
0.523478
0.528570
0.528899
0.528899
0.528570
0.527585
0.530049
0.529720
0.529392
0.530377
0.530542
0.532677
0.529556
0.528078
0.528078
0.527913
0.529720
0.531527
0.529392
0.529063
0.544504
0.521507
0.524464
0.515922
0.511651
0.510994
0.511158
0.518550
0.517729
0.519700
0.520686
0.517565
0.518879
0.519864
0.520686
0.521836
0.521836
0.522328
0.521179
0.523971
0.524957
0.524300
0.524300
0.524628
0.523150
0.522328
0.505409
0.533498
0.507709
0.508366
0.508366
0.508530
0.510173
0.511487
0.510501
0.510337
0.511323
0.513294
0.512637
0.514608
0.516415
0.516908
0.517236
0.516251
0.517729
0.518879
0.519536
0.519864
0.520193
0.516251
0.518550
0.519700
0.519700
0.525449
0.522000
0.522164
0.522985
0.522657
0.523314
0.527256
0.524464
0.523314
0.523643
0.525778
0.526599
0.525285
0.525614
0.525285
0.526435
0.521343
0.528078
0.527913
0.527421
0.529885
0.528406
0.528570
0.529720
0.530377
0.530213
0.529063
0.527421
0.526764
0.527421
0.527749
0.530870
0.529228
0.533827
0.532184
0.531527
0.531856
0.533006
0.532184
0.533663
0.533006
0.534155
0.533498
0.532349
0.532841
0.532020
0.532677
0.533334
0.535141
0.533663
0.519043
0.535305
0.535470
0.535798
0.536619
0.537276
0.536784
0.533006
0.535305
0.532841
0.533006
0.533663
0.533663
0.537276
0.537934
0.536619
0.536784
0.536784
0.537605
0.540562
0.536291
0.542697
0.543354
0.537769
0.537605
0.537934
0.537769
0.537605
0.538426
0.518879
0.520522
0.518222
0.522000
0.523150
0.523478
0.524300
0.525285
0.525778
0.513130
0.526599
0.524792
0.525942
0.527256
0.527421
0.535634
0.529556
0.529228
0.529228
0.521507
0.513130
0.514608
0.525614
0.516415
0.520029
0.517729
0.523478
0.522821
0.522821
0.523478
0.524135
0.494239
0.522493
0.522493
0.520193
0.524464
0.524957
0.525778
0.525778
0.526435
0.521836
0.526764
0.525285
0.527092
0.528406
0.528735
0.531199
0.527421
0.530213
0.529228
0.528899
0.529556
0.530706
0.531691
0.533991
0.533006
0.525449
0.532841
0.531363
0.529063
0.520029
0.521014
0.521836
0.524135
0.521507
0.519372
0.520850
0.521836
0.511158
0.512308
0.513294
0.503110
0.515922
0.516086
0.517236
0.519372
0.519700
0.520029
0.521836
0.520850
0.521343
0.521836
0.522000
0.523314
0.524135
0.524464
0.524135
0.525121
0.524135
0.523150
0.523807
0.524957
0.526435
0.526599
0.524135
0.529720
0.529885
0.530542
0.531691
0.531856
0.531199
0.532184
0.510830
0.533006
0.531691
0.532841
0.534484
0.534484
0.534320
0.544176
0.534320
0.534812
0.535141
0.534812
0.535470
0.536455
0.536948
0.536948
0.535141
0.539412
0.536784
0.535798
0.535798
0.537276
0.537934
0.531691
0.542204
0.539083
0.538591
0.540726
0.540397
0.539576
0.538919
0.532349
0.538426
0.534155
0.535798
0.536948
0.537441
0.537112
0.537112
0.541547
0.540726
0.539248
0.539576
0.539412
0.540397
0.541383
0.540890
0.545982
0.541547
0.541383
0.541712
0.541055
0.541712
0.542369
0.518879
0.542697
0.542861
0.542861
0.544833
0.544340
0.544176
0.543847
0.544668
0.544011
0.542861

Kurve 5

0.017216
0.024773
0.039721
0.051548
0.063867
0.075694
0.088343
0.097870
0.110354
0.121196
0.131051
0.185259
0.186573
0.197086
0.205299
0.212691
0.181645
0.189694
0.197907
0.206120
0.213841
0.190844
0.229774
0.237002
0.244886
0.252278
0.210555
0.264598
0.272319
0.278068
0.284146
0.280367
0.294987
0.298765
0.303200
0.308785
0.314206
0.329482
0.326854
0.331946
0.337531
0.341802
0.356586
0.351001
0.355436
0.360528
0.363978
0.410300
0.369891
0.373177
0.377940
0.381554
0.384018
0.388453
0.389439
0.394695
0.397816
0.400937
0.354451
0.367263
0.373505
0.379583
0.353629
0.422620
0.422784
0.425248
0.428041
0.430012
0.432476
0.436583
0.439211
0.441346
0.443482
0.489476
0.471407
0.469107
0.470257
0.471735
0.499496
0.440032
0.441839
0.444139
0.445946
0.447753
0.448738
0.462044
0.463193
0.463029
0.464343
0.451038
0.460565
0.460894
0.462701
0.458923
0.469271
0.466971
0.469271
0.470421
0.471899
0.473542
0.526271
0.513294
0.513951
0.533663
0.476170
0.477649
0.478798
0.479620
0.480934
0.482248
0.482905
0.484548
0.485369
0.486519
0.487176
0.460565
0.489476
0.490954
0.482905
0.477156
0.478634
0.478141
0.480770
0.482084
0.482741
0.484712
0.484383
0.487340
0.487833
0.488983
0.489804
0.527421
0.525614
0.529392
0.494075
0.490297
0.490790
0.491611
0.492761
0.493911
0.494568
0.499989
0.496210
0.496703
0.497360
0.498182
0.497689
0.501138
0.500810
0.501960
0.503438
0.501960
0.502452
0.501960
0.501960
0.501303
0.504752
0.502945
0.503438
0.504259
0.505081
0.505738
0.507709
0.547954
0.547625
0.563887
0.510173
0.510009
0.510994
0.511487
0.511980
0.512637
0.513622
0.513951
0.511980
0.512637
0.512965
0.514115
0.462701
0.516086
0.517893
0.518879
0.518879
0.519043
0.519864
0.512965
0.521179
0.519536
0.530706
0.528570
0.528735
0.529392
0.529556
0.529392
0.524135
0.523971
0.523807
0.524464
0.523478
0.523807
0.524300
0.525121
0.525285
0.573415
0.565366
0.564544
0.561916
0.560766
0.559945
0.520522
0.520850
0.517893
0.518879
0.520357
0.520522
0.520522
0.504752
0.526764
0.524628
0.526764
0.527421
0.527585
0.528242
0.528570
0.528570
0.564051
0.529556
0.527585
0.534648
0.531691
0.531199
0.532020
0.532513
0.532349
0.531034
0.530870
0.530542
0.530213
0.530542
0.531199
0.528570
0.532020
0.525942
0.528242
0.529556
0.529720
0.529063
0.529392
0.491447
0.475513
0.535141
0.535634
0.537934
0.538426
0.537934
0.537112
0.537605
0.536784
0.535305
0.535798
0.535634
0.535141
0.535798
0.536619
0.536127
0.540890
0.537112
0.536619
0.536784
0.536784
0.536948
0.537276
0.536127
0.536948
0.538755
0.538755
0.538919
0.537934
0.537605
0.537934
0.526764
0.539248
0.538262
0.538098
0.537605
0.533663
0.533991
0.533663
0.538098
0.536291
0.536127
0.535141
0.534155
0.535470
0.536291
0.535962
0.578507
0.575057
0.578671
0.577521
0.533991
0.533991
0.534648
0.522000
0.534812
0.533498
0.535798
0.536948
0.536619
0.536291
0.536291
0.536784
0.537441
0.535798
0.539905
0.541547
0.541876
0.540726
0.540397
0.539412
0.537112
0.534812
0.533827
0.533006
0.533827
0.534977
0.534648
0.551567
0.538755
0.538919
0.539248
0.538426
0.538755
0.539412
0.540069
0.539412
0.539576
0.540069
0.540562
0.540890
0.540233
0.539905
0.540726
0.532020
0.541547
0.541876
0.541876
0.542204
0.541876
0.541219
0.543190
0.543354
0.542697
0.542204
0.542533
0.539740
0.540397
0.540397
0.540069
0.540233
0.546804
0.545490
0.544504
0.544504
0.544668
0.545490
0.493582
0.521836
0.543026
0.543190
0.543190
0.542861
0.542697
0.540890
0.548282
0.543518
0.543190
0.543683
0.544668
0.544504
0.543847
0.546804
0.544011
0.543026
0.544504
0.541712
0.541876
0.542369
0.542697
0.544340
0.547132
0.546147
0.545161
0.545490
0.545325
0.545982
0.546147
0.543518
0.544340
0.541383
0.542204
0.542533
0.542204
0.541876
0.513294
0.509023
0.546147
0.547625
0.544668
0.545161
0.545982
0.545818
0.550582
0.548446
0.556824
0.526106
0.530049
0.529556
0.529885
0.530542
0.530870
0.553867
0.532184
0.532513
0.533006
0.533170
0.533334
0.534484
0.498017
0.534320
0.534484
0.534648
0.535305
0.535634
0.535798
0.534648
0.535962
0.535962
0.537276
0.531034
0.530870
0.530870
0.529063
0.551403
0.565037
0.566680
0.528406
0.528735
0.528570
0.529228
0.529885
0.530377
0.530870
0.528899
0.530049
0.529063
0.529885
0.530377
0.531527
0.530213
0.534977
0.530377
0.532677
0.534155
0.534155
0.534155
0.536619
0.536784
0.537441
0.537934
0.534812
0.534977
0.535634
0.536455
0.538262
0.538755
0.539576
0.539576
0.534977
0.533170
0.532513
0.532513
0.532513
0.533991
0.547789
0.543847
0.546147
0.543354
0.542861
0.542697
0.542861
0.544011
0.542369
0.542861
0.543518
0.543847
0.542861
0.543683
0.539576
0.538426

Kurve 6

0.011960
0.020830
0.032164
0.046948
0.059268
0.071259
0.082758
0.099348
0.103948
0.116596
0.123331
0.139429
0.147314
0.157005
0.166532
0.175403
0.189365
0.191008
0.199385
0.207763
0.215976
0.223696
0.230924
0.194129
0.209405
0.252935
0.261806
0.268212
0.275111
0.281682
0.287431
0.293673
0.299751
0.305171
0.311742
0.317491
0.322419
0.327676
0.332932
0.381226
0.345252
0.332932
0.337531
0.341967
0.347059
0.350673
0.355600
0.362828
0.362500
0.367427
0.370056
0.374162
0.377776
0.381883
0.385004
0.389767
0.393217
0.396174
0.399787
0.402744
0.405701
0.408165
0.414900
0.408986
0.416214
0.420649
0.422456
0.425413
0.428041
0.430505
0.456623
0.436911
0.434119
0.438882
0.441675
0.443153
0.445453
0.447260
0.449559
0.450874
0.454159
0.454323
0.456623
0.458594
0.460401
0.448245
0.465165
0.466314
0.467629
0.469600
0.470750
0.471735
0.473378
0.468943
0.474363
0.478141
0.480113
0.481755
0.483069
0.484548
0.485862
0.509352
0.486026
0.487997
0.488654
0.489968
0.490625
0.491611
0.492761
0.493418
0.544833
0.495061
0.494568
0.496210
0.497032
0.496210
0.482248
0.480113
0.484055
0.485698
0.486026
0.487176
0.488162
0.489476
0.490297
0.486847
0.493418
0.496046
0.496703
0.498346
0.499496
0.500317
0.501138
0.498674
0.501138
0.501795
0.502124
0.503110
0.504095
0.504916
0.505409
0.534484
0.507052
0.507380
0.508366
0.509023
0.509680
0.510337
0.507873
0.512308
0.512308
0.512801
0.513130
0.513787
0.514115
0.514937
0.503602
0.516743
0.516579
0.518879
0.519043
0.519536
0.519207
0.521014
0.522000
0.520686
0.520850
0.520686
0.520357
0.521179
0.521836
0.522000
0.532841
0.524135
0.524135
0.524300
0.524628
0.524792
0.525449
0.524957
0.526599
0.526106
0.526106
0.527092
0.526928
0.526928
0.527256
0.496703
0.464343
0.529720
0.530377
0.530377
0.531034
0.531199
0.531527
0.529063
0.532513
0.532677
0.532184
0.532349
0.532184
0.533170
0.533170
0.534484
0.531691
0.535962
0.534484
0.533991
0.534320
0.534977
0.535634
0.534977
0.533498
0.533498
0.534155
0.533334
0.531691
0.530706
0.483069
0.494404
0.525778
0.524957
0.522657
0.519207
0.519536
0.519700
0.519700
0.522657
0.518386
0.518550
0.510173
0.509352
0.510009
0.510666
0.510994
0.512637
0.513294
0.513622
0.514444
0.514444
0.516086
0.517236
0.505738
0.517236
0.519864
0.520850
0.521671
0.521671
0.521836
0.519700
0.521343
0.512801
0.521179
0.519372
0.519864
0.521343
0.521014
0.528078
0.528078
0.529556
0.518550
0.506888
0.507380
0.508037
0.508859
0.509680
0.521343
0.511980
0.512308
0.513951
0.514279
0.515265
0.516579
0.514115
0.512144
0.511816
0.512144
0.512965
0.513458
0.513294
0.474528
0.479127
0.519207
0.524628
0.518879
0.521014
0.522493
0.523314
0.528078
0.526599
0.525449
0.557152
0.544833
0.544176
0.509187
0.510009
0.510501
0.511323
0.511323
0.513458
0.514115
0.514444
0.515594
0.516579
0.513787
0.530870
0.526435
0.527256
0.528078
0.527749
0.502945
0.520686
0.521014
0.521507
0.522657
0.521179
0.522821
0.524300
0.524957
0.528242
0.524957
0.525614
0.526271
0.534484
0.529392
0.528735
0.529063
0.528899
0.529720
0.565366
0.529063
0.529063
0.529720
0.529885
0.530377
0.509516
0.530870
0.515594
0.517729
0.518058
0.518058
0.515922
0.522985
0.521179
0.522000
0.518879
0.520850
0.521671
0.522164
0.523478
0.528406
0.522657
0.525449
0.524464
0.533006
0.525121
0.526599
0.526764
0.527092
0.527749
0.531856
0.528570
0.528570
0.527913
0.528078
0.529063
0.529885
0.532513
0.532020
0.532513
0.533663
0.534320
0.532677
0.533498
0.534155
0.534812
0.505409
0.535962
0.535962
0.536455
0.536784
0.536784
0.535634
0.530377
0.530542
0.530706
0.568322
0.564380
0.568979
0.567337
0.549432
0.537112
0.526106
0.532020
0.530706
0.530706
0.531856
0.532841
0.535798
0.535962
0.536619
0.536784
0.535470
0.532677
0.531856
0.534812
0.535962
0.536455
0.539740
0.538919
0.539576
0.539576
0.539412
0.544833
0.540397
0.539905
0.539905
0.539740
0.540890
0.541055
0.538755
0.538426
0.538098
0.541876
0.541547
0.541547
0.541383
0.542040
0.542369
0.534648
0.543683
0.540397
0.541547
0.538919
0.543518
0.527585
0.525449
0.527421
0.527421
0.526106
0.519207
0.516415
0.518058
0.518715
0.553867
0.509516
0.510501
0.510666
0.509023
0.510009
0.511323
0.514115
0.512308
0.512801
0.565201
0.516415
0.516743
0.517565
0.518550
0.518715
0.510830
0.530706
0.526271
0.528242
0.517565
0.522328
0.519700
0.521343
0.523314
0.523807
0.522657
0.524300
0.515922
0.511980
0.511651
0.513951
0.511651
0.515758
0.515265
0.515594
0.516579
0.522493
0.516908
0.518386
0.519207
0.522328
0.520193
0.522821
0.522821
0.522328
0.523314
0.524300
0.524464
0.524464
0.524957
0.525285
0.522164
0.523478
0.524464
0.525778

Kurve 7

0.013767
0.023294
0.038406
0.050562
0.063210
0.075366
0.086700
0.098199
0.109861
0.118567
0.129573
0.140086
0.149942
0.159305
0.168668
0.188051
0.185423
0.198400
0.202835
0.212034
0.219590
0.227803
0.235031
0.242422
0.248500
0.254578
0.258520
0.268212
0.274125
0.280367
0.286281
0.292687
0.298601
0.285624
0.309442
0.314863
0.320448
0.325212
0.330304
0.334903
0.339338
0.344759
0.349194
0.353794
0.358064
0.362007
0.367592
0.369563
0.372848
0.383033
0.380404
0.383033
0.386482
0.389439
0.392724
0.392888
0.399623
0.403401
0.405865
0.409315
0.412436
0.414900
0.418021
0.420485
0.415885
0.427384
0.429519
0.430833
0.433462
0.435761
0.438061
0.441018
0.442989
0.445124
0.447424
0.450052
0.451531
0.452680
0.454652
0.456294
0.458594
0.459087
0.461386
0.460237
0.449888
0.451695
0.406194
0.422456
0.423277
0.428369
0.465165
0.465986
0.467629
0.469107
0.470421
0.472228
0.473706
0.470750
0.476499
0.477649
0.479456
0.480605
0.529885
0.483891
0.482905
0.484876
0.485698
0.487340
0.529885
0.526599
0.524300
0.524135
0.489968
0.491118
0.491447
0.491940
0.493582
0.458265
0.460729
0.496703
0.497525
0.497853
0.500317
0.495882
0.498182
0.500153
0.500810
0.501631
0.504752
0.506231
0.506723
0.507380
0.508037
0.513130
0.508695
0.509680
0.510666
0.511158
0.515429
0.512144
0.512965
0.513622
0.513951
0.518550
0.509680
0.515429
0.515594
0.515922
0.509187
0.519536
0.518222
0.518550
0.519372
0.516908
0.520357
0.520686
0.521179
0.521343
0.517893
0.527256
0.520686
0.521343
0.522000
0.522657
0.524957
0.520522
0.526435
0.524628
0.524792
0.532349
0.526764
0.526106
0.526764
0.527256
0.533663
0.523971
0.530706
0.529063
0.528735
0.529556
0.529228
0.529392
0.530377
0.530377
0.530870
0.530049
0.531034
0.531691
0.531691
0.525449
0.533663
0.530706
0.533006
0.533334
0.533334
0.533498
0.533334
0.533334
0.532677
0.532677
0.532513
0.536127
0.534484
0.532184
0.532349
0.533170
0.530377
0.530870
0.530706
0.531691
0.531691
0.531034
0.531856
0.532020
0.532349
0.532677
0.532677
0.486847
0.495882
0.499003
0.500974
0.537112
0.536948
0.537276
0.537769
0.538262
0.538098
0.540562
0.529392
0.533334
0.539576
0.573415
0.573415
0.570129
0.567172
0.565694
0.565201
0.534648
0.535634
0.532841
0.533334
0.533827
0.515265
0.535798
0.535798
0.535305
0.536127
0.536291
0.523478
0.536948
0.527421
0.528078
0.519207
0.530049
0.529228
0.530049
0.531199
0.531199
0.549596
0.528078
0.531363
0.543026
0.526271
0.531856
0.532020
0.531199
0.531034
0.531691
0.581135
0.569308
0.570129
0.568979
0.565694
0.564709
0.518058
0.520850
0.523478
0.524464
0.524628
0.525942
0.529063
0.532020
0.532677
0.527585
0.543354
0.539248
0.533498
0.529063
0.522821
0.520357
0.516415
0.512965
0.552882
0.517893
0.518058
0.519043
0.519536
0.520029
0.520686
0.564873
0.521671
0.521836
0.522493
0.522821
0.523643
0.515101
0.526599
0.524464
0.524957
0.526106
0.525778
0.525942
0.525942
0.526435
0.490461
0.528899
0.529392
0.529392
0.530870
0.531034
0.531199
0.581628
0.569636
0.531363
0.531363
0.531363
0.531527
0.531856
0.532184
0.532513
0.533827
0.533663
0.536619
0.536784
0.536948
0.538262
0.521179
0.543190
0.539083
0.540562
0.541547
0.541383
0.541055
0.541055
0.536784
0.533006
0.537934
0.538098
0.537934
0.538426
0.538755
0.538426
0.556495
0.576536
0.619244
0.613988
0.535305
0.534977
0.535798
0.536291
0.536127
0.579821
0.574400
0.577193
0.576207
0.574072
0.532513
0.532349
0.532841
0.532020
0.534320
0.535141
0.535305
0.534977
0.535141
0.534155
0.535141
0.523314
0.525449
0.529228
0.530542
0.530706
0.530377
0.531199
0.603146
0.597561
0.578999
0.518550
0.512308
0.512965
0.514115
0.514608
0.524792
0.515594
0.516251
0.516908
0.516743
0.518058
0.519207
0.487669
0.521014
0.521343
0.522164
0.522657
0.522657
0.522985
0.523314
0.516086
0.526271
0.525778
0.528899
0.531199
0.531527
0.531199
0.531034
0.532020
0.529556
0.529392
0.530049
0.530377
0.530870
0.531199
0.531527
0.534484
0.532020
0.532841
0.533334
0.533827
0.533827
0.535305
0.535798
0.533334
0.535305
0.535634
0.535962
0.535962
0.536127
0.536619
0.537276
0.534484
0.537441
0.538262
0.538919
0.540562
0.540233
0.539576
0.593455
0.539083
0.539083
0.539083
0.539576
0.539905
0.540890
0.540233
0.542204
0.538919
0.542040
0.540726
0.540233
0.540890
0.541547
0.542533
0.540890
0.541547
0.541876
0.541876
0.542369
0.541712
0.541547
0.541547
0.542369
0.543354
0.543683
0.546147
0.546968
0.547132
0.546311
0.544176
0.546147
0.531691
0.535141
0.534977
0.535798
0.536619
0.537441
0.537276
0.545654
0.545818
0.543847
0.544176
0.543847
0.544833
0.545325
0.543683
0.545818
0.546639
0.546147
0.546639
0.546147
0.545654

Kurve 8

-0.009066
0.000954
0.014424
0.031179
0.065839
0.077009
0.088836
0.100170
0.111011
0.161112
0.166861
0.179674
0.151420
0.159141
0.168011
0.169982
0.178195
0.187723
0.196264
0.196593
0.210062
0.216469
0.224846
0.232402
0.240123
0.209405
0.219590
0.265255
0.272976
0.278725
0.284967
0.291045
0.297122
0.302543
0.308621
0.315520
0.317984
0.324390
0.330304
0.334903
0.345088
0.343445
0.349030
0.352315
0.356915
0.361185
0.365456
0.391574
0.373177
0.379583
0.380733
0.385168
0.388125
0.391903
0.395681
0.398638
0.401759
0.405701
0.405044
0.411614
0.413750
0.416214
0.419171
0.421963
0.424263
0.422456
0.429684
0.431819
0.434283
0.436911
0.439375
0.441182
0.444139
0.421963
0.425084
0.428698
0.430833
0.433626
0.436254
0.478306
0.444960
0.449395
0.451531
0.451695
0.454323
0.455966
0.458101
0.459415
0.460401
0.440032
0.465657
0.467464
0.468778
0.470257
0.471899
0.473213
0.473213
0.476992
0.477320
0.478963
0.480441
0.481591
0.482577
0.515101
0.485369
0.486355
0.487669
0.488654
0.489476
0.490790
0.491775
0.493418
0.495718
0.495553
0.496210
0.496868
0.498182
0.499003
0.499989
0.495061
0.500317
0.502288
0.503438
0.504259
0.504916
0.505573
0.506066
0.506888
0.508530
0.506888
0.508695
0.509023
0.510009
0.510337
0.512308
0.511816
0.512801
0.513130
0.513458
0.514115
0.514608
0.515265
0.515922
0.518879
0.516908
0.519372
0.519043
0.518879
0.519372
0.520522
0.521014
0.520357
0.520029
0.520686
0.520686
0.520850
0.521343
0.522000
0.522328
0.522985
0.522000
0.522493
0.522493
0.522985
0.516908
0.515429
0.553539
0.518222
0.522493
0.522657
0.522821
0.523314
0.524135
0.524628
0.531199
0.521179
0.522493
0.523314
0.522000
0.523971
0.524464
0.524464
0.524792
0.524792
0.526106
0.526271
0.526599
0.526764
0.527421
0.527913
0.478470
0.490625
0.530706
0.529228
0.529228
0.530049
0.529720
0.530377
0.530377
0.533498
0.531691
0.531199
0.531856
0.532677
0.533334
0.550089
0.609060
0.558959
0.531034
0.531363
0.531363
0.531856
0.531856
0.532677
0.532513
0.532349
0.533498
0.533827
0.533663
0.533991
0.534648
0.509516
0.494075
0.490954
0.493911
0.537769
0.538426
0.538919
0.538919
0.538919
0.539576
0.539576
0.538919
0.539083
0.540233
0.540233
0.544340
0.540233
0.531199
0.532841
0.530706
0.530213
0.531363
0.532513
0.542697
0.541547
0.542697
0.542861
0.543026
0.542861
0.542861
0.543026
0.543518
0.544340
0.546311
0.547132
0.548118
0.543847
0.540726
0.540726
0.544504
0.537441
0.537441
0.537276
0.527913
0.528406
0.528735
0.534320
0.524300
0.531363
0.531856
0.530870
0.531363
0.531691
0.532349
0.532349
0.532020
0.532513
0.538755
0.539248
0.539248
0.538919
0.538919
0.539412
0.530049
0.545654
0.541712
0.541876
0.542861
0.542204
0.541547
0.535634
0.536127
0.535962
0.535305
0.535798
0.536619
0.537769
0.536619
0.537276
0.539248
0.537112
0.537605
0.537934
0.538098
0.538426
0.533991
0.541219
0.539412
0.542204
0.537441
0.540397
0.540726
0.540890
0.541219
0.529720
0.540726
0.540069
0.541219
0.542369
0.541876
0.534977
0.534812
0.532349
0.526271
0.526271
0.526106
0.527256
0.530377
0.519372
0.520029
0.518879
0.561588
0.559288
0.533498
0.529228
0.529885
0.527913
0.530706
0.526271
0.505081
0.525778
0.521179
0.523150
0.524135
0.524957
0.525121
0.518222
0.518058
0.519043
0.520686
0.521179
0.521836
0.529885
0.520850
0.528406
0.527913
0.527749
0.528406
0.528899
0.525942
0.525942
0.525285
0.528570
0.529228
0.527913
0.528406
0.528570
0.513951
0.531363
0.531363
0.532513
0.531034
0.537769
0.534484
0.535470
0.536948
0.537441
0.486519
0.496539
0.497032
0.520193
0.537934
0.538591
0.544997
0.535141
0.539412
0.538098
0.537441
0.537934
0.588363
0.574564
0.574400
0.539905
0.542040
0.540069
0.540069
0.540562
0.540397
0.540726
0.525449
0.527585
0.530542
0.531034
0.542697
0.542861
0.543190
0.544340
0.545325
0.522821
0.544833
0.538919
0.541055
0.542040
0.541876
0.542040
0.544833
0.546968
0.544997
0.545818
0.546475
0.545490
0.548282
0.546147
0.545490
0.550910
0.545654
0.551075
0.548775
0.547625
0.548282
0.547461
0.543518
0.543190
0.543518
0.538591
0.548611
0.547461
0.547954
0.548939
0.548611
0.548775
0.547954
0.548118
0.548446
0.548118
0.547789
0.549432
0.549432
0.548939
0.548446
0.553210
0.548775
0.548775
0.548611
0.548775
0.548775
0.547625
0.541219
0.540562
0.541547
0.542369
0.547954
0.558959
0.554031
0.554360
0.555345
0.544833
0.549596
0.549596
0.550089
0.549925
0.549596
0.547625
0.547789
0.548939
0.549432
0.548775
0.588855
0.550582
0.550089
0.550253
0.553374
0.539740
0.546147
0.545654
0.545982
0.547625
0.554196
0.542533
0.546311
0.546475
0.546968
0.538755
0.552060
0.551239
0.550418
0.551567
0.551239
0.548775

Kurve 9

0.011796
0.021159
0.033807
0.046455
0.055326
0.071916
0.083908
0.094913
0.105919
0.116596
0.127109
0.158812
0.183944
0.158155
0.166697
0.176224
0.184766
0.193636
0.202506
0.207270
0.219426
0.221397
0.232238
0.237987
0.244558
0.251950
0.250800
0.266241
0.273961
0.279546
0.284638
0.291537
0.297122
0.302543
0.307964
0.313549
0.319627
0.323569
0.328825
0.333753
0.338517
0.343116
0.349687
0.351822
0.358064
0.361021
0.364963
0.369399
0.373341
0.392724
0.371698
0.379254
0.387139
0.392067
0.392888
0.396995
0.400116
0.403237
0.407836
0.409315
0.375148
0.415885
0.419006
0.421470
0.424099
0.426891
0.429355
0.380733
0.434283
0.437075
0.439375
0.441675
0.443974
0.446110
0.447753
0.450381
0.450052
0.452680
0.454323
0.456459
0.503274
0.460237
0.461551
0.464672
0.465329
0.466479
0.468286
0.469928
0.471407
0.472721
0.474199
0.477156
0.476663
0.478470
0.480113
0.481262
0.482577
0.483726
0.480605
0.500153
0.487176
0.487997
0.489640
0.490625
0.491447
0.492761
0.494568
0.494239
0.496539
0.497032
0.498346
0.548446
0.506559
0.499003
0.501795
0.500153
0.501303
0.502288
0.502781
0.503767
0.501960
0.504752
0.505902
0.504752
0.512473
0.514937
0.516743
0.517072
0.517401
0.517729
0.509844
0.508695
0.509844
0.510501
0.510994
0.511158
0.513787
0.511816
0.510501
0.511487
0.510501
0.508366
0.507380
0.509187
0.507709
0.508859
0.510501
0.512801
0.510666
0.511816
0.512801
0.476335
0.515265
0.513130
0.514279
0.485698
0.518550
0.518715
0.519372
0.520029
0.520193
0.519207
0.518222
0.517893
0.517729
0.518715
0.519372
0.553374
0.523971
0.524464
0.524792
0.524957
0.529392
0.525285
0.525778
0.524628
0.524300
0.529720
0.528078
0.527092
0.527913
0.527913
0.515922
0.530049
0.529885
0.531034
0.532020
0.505245
0.531363
0.532184
0.532184
0.532841
0.529556
0.533663
0.533827
0.534155
0.534320
0.534484
0.535470
0.529720
0.535962
0.535305
0.534812
0.537276
0.534812
0.533334
0.533006
0.532513
0.562902
0.568651
0.535141
0.535141
0.535305
0.535634
0.536127
0.535634
0.535798
0.536784
0.537276
0.536784
0.536948
0.537112
0.537605
0.534484
0.538919
0.535305
0.537605
0.537605
0.537769
0.538262
0.538262
0.540069
0.539083
0.539740
0.544668
0.535798
0.535798
0.535798
0.535634
0.536291
0.540069
0.544997
0.543026
0.542533
0.543026
0.494404
0.506231
0.506231
0.508037
0.543847
0.544176
0.544833
0.544340
0.544176
0.544504
0.540726
0.545490
0.547132
0.548118
0.548118
0.546968
0.594605
0.582285
0.584092
0.582449
0.541547
0.542204
0.540726
0.539905
0.540069
0.540726
0.545654
0.542369
0.540562
0.540562
0.540890
0.507545
0.506395
0.502452
0.505573
0.507873
0.508859
0.497853
0.548282
0.548282
0.548446
0.523314
0.534648
0.533991
0.534977
0.535962
0.532513
0.557809
0.567337
0.571279
0.550582
0.542204
0.542204
0.542204
0.542204
0.542040
0.542369
0.543683
0.542204
0.541876
0.541547
0.541712
0.540726
0.544504
0.541876
0.543518
0.544340
0.543847
0.543518
0.540397
0.542204
0.542861
0.538919
0.542861
0.543190
0.543190
0.543354
0.543683
0.543190
0.591155
0.585570
0.543847
0.542369
0.542040
0.542369
0.542369
0.542369
0.542204
0.544833
0.542697
0.542369
0.542697
0.542861
0.543026
0.538426
0.550910
0.549268
0.549268
0.549432
0.549103
0.548611
0.543026
0.540562
0.537112
0.544997
0.540233
0.541219
0.542369
0.542861
0.542533
0.547132
0.545818
0.545654
0.545654
0.545161
0.545325
0.545490
0.545982
0.545982
0.564380
0.545818
0.544997
0.545161
0.544504
0.544997
0.537605
0.545982
0.546311
0.545982
0.546311
0.546311
0.546311
0.546311
0.553046
0.535798
0.547297
0.546968
0.546475
0.547625
0.547297
0.547461
0.570129
0.546475
0.543026
0.538098
0.535634
0.535798
0.536948
0.537605
0.537934
0.553046
0.538591
0.544011
0.544504
0.544340
0.544833
0.545490
0.550910
0.550089
0.550253
0.551075
0.551075
0.550253
0.549761
0.547625
0.559452
0.558302
0.548282
0.551732
0.552553
0.552224
0.551403
0.552060
0.553703
0.549761
0.553046
0.550746
0.549925
0.550253
0.551075
0.550418
0.557809
0.550253
0.550089
0.550418
0.549103
0.548611
0.533663
0.526764
0.534648
0.535141
0.535141
0.536291
0.536291
0.535962
0.536455
0.496210
0.538098
0.533663
0.536619
0.538591
0.538591
0.538262
0.537934
0.544011
0.540562
0.539905
0.540069
0.538755
0.539740
0.541219
0.540890
0.562245
0.541876
0.542040
0.542040
0.542369
0.542861
0.543354
0.539248
0.544504
0.539905
0.541876
0.542533
0.542533
0.542040
0.541876
0.542861
0.544176
0.545490
0.546147
0.547461
0.548611
0.548118
0.547461
0.552224
0.547132
0.546968
0.546968
0.545325
0.546147
0.546311
0.540562
0.537605
0.531691
0.539576
0.537441
0.536784
0.536948
0.538098
0.539248
0.489968
0.501467
0.500974
0.503110

Kurve 10

0.013603
0.022801
0.032493
0.050891
0.063539
0.075530
0.087029
0.099184
0.109204
0.119881
0.130559
0.140086
0.152077
0.159962
0.168996
0.178359
0.187723
0.192815
0.204313
0.211048
0.218440
0.226653
0.235031
0.242422
0.248829
0.256549
0.263120
0.269033
0.272976
0.284803
0.285624
0.291537
0.297615
0.298437
0.310592
0.316506
0.321762
0.326854
0.330961
0.336382
0.339831
0.343938
0.348537
0.360364
0.356915
0.366278
0.369563
0.373177
0.409479
0.416707
0.421470
0.392560
0.387796
0.392724
0.394038
0.395681
0.399295
0.402251
0.405208
0.405208
0.414571
0.411943
0.415885
0.418678
0.424263
0.425084
0.428369
0.430833
0.433133
0.413914
0.437897
0.440689
0.442003
0.444632
0.447096
0.448574
0.450545
0.453009
0.455144
0.457444
0.460729
0.460401
0.462044
0.464507
0.471899
0.458265
0.464672
0.466150
0.467793
0.470750
0.472392
0.477813
0.476992
0.479456
0.472228
0.492925
0.483234
0.484383
0.485862
0.487176
0.479784
0.495718
0.491775
0.493911
0.494896
0.495553
0.494075
0.495061
0.495553
0.496703
0.497853
0.499003
0.499003
0.502124
0.501795
0.505573
0.502124
0.503438
0.504259
0.505081
0.505573
0.506395
0.505738
0.505738
0.505081
0.506395
0.507380
0.506066
0.506395
0.507545
0.507545
0.507873
0.509516
0.505738
0.504424
0.501138
0.500153
0.538098
0.538426
0.542040
0.541547
0.540890
0.538426
0.538426
0.578342
0.574893
0.567994
0.498182
0.499003
0.499331
0.499660
0.500810
0.501467
0.479291
0.502781
0.503767
0.503931
0.505245
0.506066
0.507380
0.507709
0.508695
0.509516
0.510337
0.510009
0.511158
0.511323
0.511980
0.515594
0.512801
0.514279
0.514937
0.515429
0.516415
0.516908
0.547132
0.554031
0.517236
0.518386
0.509023
0.510830
0.511980
0.489804
0.491940
0.493746
0.498346
0.498346
0.501795
0.501795
0.504588
0.505245
0.506066
0.507052
0.507216
0.506231
0.505738
0.505902
0.506231
0.508037
0.510666
0.522000
0.509516
0.511323
0.512473
0.513130
0.513951
0.515265
0.518386
0.516579
0.519536
0.517729
0.517236
0.518222
0.518222
0.519043
0.519700
0.517401
0.505245
0.486026
0.522493
0.523150
0.524135
0.524135
0.524792
0.525285
0.521507
0.523478
0.523807
0.523643
0.523643
0.524300
0.554688
0.528570
0.529228
0.529228
0.529556
0.530377
0.531034
0.531199
0.531034
0.532677
0.530542
0.530706
0.531034
0.531199
0.531856
0.532349
0.500481
0.530542
0.534484
0.533334
0.533006
0.533170
0.532677
0.532841
0.533498
0.524464
0.533827
0.532841
0.532841
0.533663
0.533663
0.534155
0.534977
0.535470
0.535470
0.535634
0.535634
0.535962
0.536455
0.536291
0.540069
0.531034
0.540233
0.538098
0.536784
0.537769
0.538262
0.538426
0.536619
0.537112
0.531527
0.532349
0.533006
0.532349
0.527585
0.519864
0.510009
0.518386
0.516251
0.516579
0.517893
0.518386
0.517893
0.542697
0.523150
0.523643
0.524135
0.524628
0.524628
0.525614
0.525449
0.534648
0.521507
0.528735
0.526106
0.524628
0.524792
0.526271
0.527092
0.525285
0.525942
0.531363
0.532513
0.532513
0.529556
0.529885
0.530377
0.528078
0.530870
0.531363
0.531363
0.532349
0.531856
0.531856
0.532020
0.531527
0.533663
0.532184
0.526435
0.526599
0.527421
0.527913
0.527749
0.528899
0.528406
0.527585
0.527913
0.528242
0.529063
0.529720
0.528406
0.529063
0.525778
0.528899
0.530377
0.530377
0.529720
0.530049
0.518222
0.530706
0.529885
0.531363
0.532677
0.532841
0.532677
0.532513
0.534648
0.532349
0.532677
0.532513
0.533170
0.533498
0.533663
0.537934
0.529556
0.533006
0.534648
0.534812
0.534484
0.534977
0.535962
0.535470
0.533006
0.537934
0.534155
0.535798
0.536455
0.536291
0.536455
0.537605
0.537605
0.536948
0.538098
0.538919
0.539412
0.538591
0.538755
0.539740
0.542533
0.540890
0.539740
0.539905
0.540890
0.541383
0.543354
0.540397
0.541876
0.541055
0.540562
0.540726
0.541055
0.541055
0.539412
0.540233
0.541712
0.540397
0.541712
0.541712
0.541712
0.542040
0.542369
0.504424
0.542369
0.542697
0.542533
0.542533
0.542533
0.543026
0.544340
0.543683
0.546311
0.545982
0.545654
0.546311
0.546968
0.544668
0.543354
0.547132
0.542369
0.543190
0.543026
0.543026
0.543518
0.541219
0.543518
0.544833
0.544176
0.543683
0.543847
0.544176
0.544833
0.544668
0.541876
0.549761
0.548282
0.550089
0.550746
0.550253
0.549432
0.589512
0.585077
0.587048
0.542369
0.542040
0.542040
0.542040
0.541219
0.544176
0.542697
0.541383
0.542369
0.542204
0.541876
0.542369
0.533170
0.545982
0.542861
0.537276
0.543847
0.538591
0.540233
0.540726
0.541547
0.541219
0.544011
0.544176
0.544833
0.544668
0.544833
0.544504
0.562902
0.544668
0.544833
0.543847
0.545490
0.545161
0.549596
0.543026
0.544176
0.542040
0.546804
0.546147
0.544997
0.544997
0.544176
0.542861
0.546968
0.545982
0.547461

