Ladekurvenmessung
Zeit: 2016_06_21 16.41.21
Info: 2250rpm
Ladewiderstand[Ohm]: 199500
Störkapazität[pF]: 278.000000
Entladezeit[ms]: 100
Abtastrate[Hz]: 250000
Messzeit [ms]: 2.000000
Verzögerung[ms]: 0
Ladespannung[V]: 0.200000

Kurve 1

0.001447
0.010482
0.006375
0.011631
0.013931
0.018530
0.021323
0.023787
0.026744
0.029700
0.027072
0.027072
0.038899
0.036435
0.039721
0.041199
0.042842
0.044320
0.046948
0.046948
0.048591
0.051383
0.053190
0.055326
0.056475
0.062389
0.059761
0.062389
0.063867
0.064853
0.066660
0.068467
0.070109
0.109533
0.076351
0.073559
0.074709
0.076187
0.077173
0.078651
0.079965
0.080622
0.078651
0.079308
0.078323
0.081608
0.083086
0.083415
0.084236
0.085550
0.090478
0.091792
0.092942
0.094256
0.095078
0.095735
0.095899
0.142057
0.098034
0.098527
0.099184
0.100170
0.100827
0.102305
0.102634
0.109533
0.099020
0.105098
0.104276
0.103455
0.104933
0.106412
0.107233
0.106248
0.107562
0.109204
0.109861
0.111175
0.110354
0.110847
0.111504
0.109204
0.111997
0.113147
0.113804
0.114954
0.114954
0.115118
0.123988
0.155855
0.156184
0.123660
0.114789
0.114625
0.115118
0.115611
0.116103
0.108547
0.124152
0.121196
0.119553
0.120210
0.121524
0.122181
0.116760
0.118732
0.119717
0.119553
0.120374
0.120374
0.120539
0.121360
0.113147
0.124645
0.120539
0.121688
0.122674
0.122838
0.123660
0.123988
0.123824
0.120210
0.118075
0.119060
0.119389
0.119553
0.120210
0.120539
0.123167
0.109040
0.110518
0.109861
0.109861
0.110683
0.111011
0.116596
0.117417
0.117253
0.118075
0.118403
0.118567
0.119060
0.119881
0.118403
0.122838
0.118075
0.120046
0.120374
0.120703
0.121031
0.121031
0.123002
0.122838
0.123002
0.123002
0.123002
0.123167
0.123331
0.137293
0.122674
0.122674
0.123988
0.123824
0.123660
0.123824
0.124481
0.121688
0.116760
0.125631
0.123167
0.125138
0.125466
0.125631
0.125466
0.125959
0.123495
0.125466
0.125795
0.126123
0.125959
0.125959
0.126616
0.128423
0.123331
0.125631
0.126781
0.126616
0.126452
0.127273
0.131544
0.127109
0.128916
0.127438
0.127438
0.127438
0.127602
0.127602
0.125302
0.127438
0.123331
0.130066
0.127602
0.127602
0.128095
0.128095
0.128095
0.123167
0.134008
0.129737
0.129902
0.129902
0.129902
0.130066
0.133351
0.123167
0.127930
0.127766
0.127766
0.128423
0.128423
0.129737
0.130230
0.135979
0.127930
0.133351
0.131708
0.130887
0.131051
0.102798
0.129573
0.129080
0.129080
0.126945
0.127273
0.126781
0.127109
0.127438
0.127438
0.130723
0.129902
0.130230
0.130066
0.130723
0.130394
0.133023
0.130066
0.130394
0.131708
0.131051
0.131380
0.131544
0.130230
0.131051
0.131216
0.129902
0.134008
0.130394
0.130887
0.131051
0.123988
0.132694
0.130230
0.131380
0.131708
0.130887
0.131051
0.131216
0.131544
0.131544
0.130066
0.130394
0.132366
0.131873
0.131873
0.132037
0.133515
0.130887
0.132201
0.132366
0.132530
0.132694
0.143700
0.131708
0.132530
0.132530
0.134501
0.131544
0.134501
0.134994
0.134665
0.134829
0.133023
0.132858
0.132694
0.129902
0.140579
0.136965
0.137622
0.137622
0.137458
0.104276
0.133351
0.133515
0.132858
0.133351
0.133351
0.133515
0.133023
0.134829
0.132530
0.133844
0.133844
0.137129
0.120374
0.124974
0.124974
0.146657
0.134337
0.134829
0.134829
0.134665
0.134829
0.133515
0.140086
0.135322
0.133844
0.088014
0.100991
0.100827
0.102141
0.103127
0.103948
0.134008
0.133680
0.133844
0.134337
0.134172
0.134501
0.136472
0.135158
0.133680
0.134501
0.134337
0.137129
0.134501
0.134172
0.134337
0.133844
0.131216
0.134829
0.132201
0.132366
0.132201
0.126616
0.130230
0.131051
0.130723
0.130559
0.130723
0.129902
0.132037
0.131708
0.132037
0.130394
0.130723
0.132858
0.132366
0.132366
0.132694
0.134994
0.131216
0.131380
0.131708
0.132037
0.131051
0.135322
0.130887
0.131544
0.131873
0.131544
0.129902
0.129737
0.129902
0.130230
0.125959
0.131873
0.130559
0.130394
0.130723
0.115775
0.131708
0.131216
0.131216
0.131544
0.130394
0.131873
0.132530
0.132694
0.132694
0.132858
0.141893
0.132366
0.133351
0.133680
0.135487
0.132530
0.133680
0.134008
0.134008
0.134337
0.137786
0.133187
0.133515
0.134008
0.134337
0.134172
0.135651
0.134172
0.134501
0.134337
0.134501
0.131873
0.135487
0.134994
0.134172
0.128916
0.136144
0.135815
0.136144
0.136965
0.136801
0.136308
0.134665
0.136144
0.135651
0.138772
0.134994
0.137293
0.136965
0.136472
0.135979
0.139922
0.134994
0.140414
0.139100
0.138936
0.138936
0.134829
0.135815
0.136308
0.135158
0.135487
0.135322
0.133515
0.135322
0.136636
0.131216
0.139100
0.136144
0.136472
0.136965
0.136472
0.136308
0.139100
0.136965
0.136308
0.137951
0.136965
0.136472
0.136801
0.135979
0.136144
0.135979
0.129080
0.129409
0.128752
0.128752
0.129245
0.098691
0.130559
0.130887
0.130559
0.131051
0.130723
0.130230
0.131216
0.131380
0.131051
0.131708
0.130887
0.132037
0.131544
0.132037
0.132037
0.139100
0.131380
0.131544
0.131380
0.135815
0.134337

Kurve 2

0.007196
0.009003
0.013603
0.013931
0.016724
0.022637
0.024444
0.028715
0.030686
0.032329
0.034628
0.037585
0.038735
0.042185
0.045141
0.046948
0.046127
0.049741
0.052533
0.054833
0.054340
0.058118
0.060746
0.062882
0.065181
0.066496
0.067481
0.066660
0.070931
0.069945
0.071095
0.075202
0.073395
0.079801
0.078323
0.079144
0.084236
0.081772
0.082758
0.082922
0.083086
0.084893
0.088671
0.095078
0.096063
0.097213
0.084893
0.093599
0.093435
0.096063
0.098527
0.082922
0.107233
0.103784
0.103619
0.099841
0.099677
0.099677
0.101484
0.101977
0.102798
0.103127
0.109204
0.094421
0.100498
0.099677
0.099513
0.101484
0.105919
0.106248
0.100663
0.100005
0.101155
0.094421
0.110026
0.106905
0.107562
0.109204
0.102141
0.106576
0.108383
0.109369
0.110847
0.110847
0.107726
0.110190
0.111668
0.112161
0.111833
0.113475
0.112490
0.112654
0.112982
0.116925
0.103455
0.108054
0.108219
0.107890
0.108876
0.115939
0.116925
0.117089
0.117253
0.117582
0.095899
0.118896
0.118732
0.119060
0.120210
0.120867
0.115775
0.126616
0.126781
0.127438
0.079965
0.091299
0.092449
0.095406
0.095735
0.122345
0.128259
0.119389
0.125466
0.124152
0.124809
0.124974
0.122345
0.122838
0.122674
0.123002
0.126123
0.125138
0.125138
0.125138
0.125795
0.125138
0.127930
0.126452
0.128095
0.127602
0.127602
0.127602
0.126945
0.126452
0.126616
0.101648
0.126945
0.127438
0.127602
0.127602
0.127930
0.127930
0.127438
0.128095
0.128259
0.125631
0.125466
0.124152
0.124645
0.124974
0.125466
0.132858
0.129902
0.129573
0.130230
0.130066
0.130394
0.122674
0.138115
0.136144
0.135158
0.134994
0.135158
0.115282
0.130887
0.130394
0.125466
0.131708
0.131051
0.131544
0.131873
0.131708
0.131873
0.132530
0.130559
0.135487
0.129902
0.132366
0.131216
0.130887
0.131051
0.130723
0.138115
0.124152
0.128916
0.128587
0.128587
0.128916
0.123495
0.131380
0.131380
0.131216
0.131216
0.131544
0.131708
0.126288
0.133023
0.122674
0.138936
0.132366
0.133515
0.133515
0.133187
0.133187
0.155527
0.130887
0.134337
0.131216
0.134665
0.134172
0.133515
0.133351
0.134337
0.136308
0.123495
0.127602
0.126616
0.126452
0.126616
0.126288
0.131216
0.126945
0.127766
0.127273
0.127273
0.127766
0.127438
0.127109
0.127438
0.131216
0.127766
0.128752
0.128916
0.128259
0.128587
0.128916
0.126616
0.132037
0.129245
0.130559
0.130887
0.131051
0.130394
0.130559
0.145507
0.129573
0.129737
0.129902
0.130066
0.129902
0.129902
0.128423
0.130230
0.130394
0.130394
0.130559
0.130230
0.130394
0.130394
0.132858
0.131216
0.126945
0.129080
0.129573
0.130559
0.131216
0.131216
0.135158
0.131708
0.133351
0.132694
0.132530
0.132530
0.132037
0.132037
0.141564
0.131544
0.134008
0.133187
0.132858
0.133351
0.133351
0.123002
0.133351
0.132858
0.133351
0.132858
0.130559
0.130394
0.130230
0.126616
0.130394
0.130559
0.131380
0.131051
0.131708
0.131544
0.131708
0.150599
0.129573
0.131216
0.132037
0.131380
0.131216
0.131544
0.131216
0.132694
0.128916
0.135815
0.134501
0.133844
0.134008
0.134337
0.133680
0.127273
0.130559
0.128916
0.127930
0.127766
0.127930
0.128423
0.128423
0.128095
0.131873
0.134337
0.134008
0.134501
0.134172
0.134501
0.139100
0.130066
0.135815
0.133515
0.133515
0.133351
0.133187
0.133187
0.133187
0.132037
0.132858
0.132530
0.132201
0.132530
0.132530
0.132366
0.125631
0.133187
0.133023
0.133351
0.133351
0.132858
0.132530
0.132694
0.129902
0.132366
0.132530
0.132694
0.132858
0.132694
0.132530
0.148792
0.134008
0.131873
0.132530
0.132694
0.132694
0.132694
0.132366
0.132366
0.137129
0.133023
0.132366
0.133515
0.133680
0.133844
0.133515
0.125138
0.134994
0.127930
0.128752
0.128752
0.128916
0.128916
0.129245
0.132201
0.130887
0.138115
0.133680
0.133351
0.133680
0.133680
0.138115
0.132366
0.133187
0.133351
0.131216
0.131544
0.131873
0.131544
0.131216
0.142714
0.132366
0.132694
0.132694
0.133023
0.132694
0.132858
0.133187
0.134008
0.132366
0.133351
0.133023
0.132694
0.132858
0.132366
0.133351
0.132694
0.133680
0.128752
0.130230
0.131216
0.131380
0.131051
0.174910
0.168996
0.131708
0.131873
0.132037
0.132037
0.131873
0.131873
0.132037
0.131544
0.126781
0.128259
0.130066
0.130559
0.131873
0.132037
0.133187
0.131873
0.132201
0.132037
0.131873
0.131708
0.130230
0.133187
0.132694
0.131216
0.137129
0.135815
0.135322
0.134994
0.134501
0.133023
0.127438
0.150763
0.132037
0.132530
0.132858
0.132858
0.133023
0.132858
0.135651
0.128916
0.133023
0.133351
0.133351
0.133351
0.133023
0.133187
0.132366
0.133187
0.133023
0.133023
0.132201
0.128916
0.133680
0.129245
0.100334
0.133844
0.133515
0.133680
0.133844
0.133351
0.137458
0.125466
0.128259
0.136472
0.134501

Kurve 3

0.003418
0.005882
0.008510
0.012617
0.015574
0.018366
0.022144
0.023458
0.027236
0.028715
0.031179
0.033643
-0.006109
0.006539
0.041856
0.044156
0.046127
0.048427
0.051055
0.053519
0.055818
0.057625
0.060089
0.060582
0.062882
0.065346
0.066824
0.067810
0.073723
0.070931
0.071095
0.069781
0.092449
0.073723
0.079801
0.079637
0.079308
0.080622
0.080458
0.081608
0.082758
0.083579
0.085057
0.061568
0.088014
0.088507
0.089657
0.090478
0.091464
0.087521
0.092778
0.096063
0.097377
0.095078
0.096063
0.097377
0.098363
0.100170
0.100005
0.119060
0.136965
0.100991
0.102141
0.105098
0.102469
0.101812
0.103127
0.102962
0.103455
0.107069
0.106083
0.106576
0.106740
0.107562
0.108054
0.110683
0.105590
0.107726
0.108876
0.109040
0.093928
0.112161
0.108219
0.110847
0.110518
0.118075
0.114296
0.115611
0.116760
0.116925
0.116596
0.115446
0.117089
0.115118
0.117253
0.120374
0.120867
0.120867
0.120210
0.120539
0.121688
0.118732
0.122838
0.121688
0.119224
0.119553
0.118403
0.119224
0.119389
0.119553
0.119553
0.119553
0.109040
0.125631
0.121031
0.111175
0.121688
0.121031
0.122017
0.123167
0.123167
0.123167
0.127273
0.116760
0.122017
0.116760
0.118239
0.117910
0.118732
0.119224
0.123988
0.127930
0.114461
0.123988
0.124317
0.124645
0.124974
0.118732
0.124317
0.120210
0.120539
0.121360
0.121196
0.121360
0.125302
0.126452
0.125302
0.127109
0.126945
0.126288
0.127109
0.125795
0.124809
0.132037
0.119389
0.132366
0.113147
0.124645
0.123495
0.123331
0.123331
0.123660
0.137129
0.124645
0.125138
0.125631
0.125795
0.125959
0.126123
0.127602
0.130394
0.132037
0.130887
0.130230
0.129409
0.128752
0.125959
0.124645
0.128752
0.124152
0.125302
0.125302
0.124974
0.124481
0.124809
0.123495
0.127602
0.110683
0.115446
0.116268
0.116103
0.116268
0.116760
0.134008
0.124974
0.125959
0.125302
0.125466
0.125631
0.126288
0.125795
0.126452
0.125795
0.125466
0.125302
0.125466
0.125959
0.122181
0.128423
0.128587
0.127438
0.128259
0.128423
0.128587
0.128423
0.127930
0.130394
0.131380
0.128095
0.128259
0.128259
0.128587
0.128752
0.129080
0.135158
0.128259
0.128752
0.128916
0.128752
0.129080
0.129573
0.120210
0.130723
0.126288
0.127438
0.128259
0.128916
0.128916
0.129080
0.127438
0.129080
0.129902
0.129902
0.130559
0.130887
0.130887
0.130887
0.152406
0.129573
0.131544
0.131708
0.131216
0.131544
0.131216
0.131051
0.131544
0.130723
0.131380
0.131544
0.131544
0.131708
0.131708
0.131873
0.093435
0.132366
0.132530
0.132694
0.132530
0.132694
0.132530
0.132694
0.129902
0.142550
0.138936
0.137951
0.137786
0.137622
0.135979
0.134829
0.125138
0.138443
0.134829
0.134994
0.134501
0.134337
0.134008
0.134008
0.161112
0.131544
0.130230
0.130887
0.131544
0.131216
0.131708
0.123660
0.131873
0.131544
0.131051
0.131216
0.131216
0.131051
0.131544
0.125631
0.136965
0.126781
0.128916
0.129737
0.129902
0.130559
0.137458
0.136636
0.131873
0.133515
0.133187
0.133023
0.132694
0.132530
0.132530
0.134665
0.133187
0.135322
0.134994
0.134829
0.134337
0.134008
0.127273
0.133844
0.127273
0.128095
0.123331
0.123167
0.123331
0.123660
0.123988
0.125959
0.128423
0.128752
0.128752
0.128916
0.129080
0.128916
0.128259
0.129409
0.129573
0.129737
0.129409
0.129080
0.129737
0.129409
0.139429
0.129245
0.130066
0.129737
0.129902
0.130394
0.130230
0.130887
0.134665
0.128587
0.130559
0.130723
0.130559
0.130394
0.130394
0.129737
0.132366
0.131873
0.130887
0.132201
0.132530
0.132530
0.132694
0.130723
0.132037
0.130559
0.131051
0.132037
0.131708
0.131380
0.131216
0.131216
0.130723
0.131544
0.131544
0.131544
0.131873
0.132037
0.132037
0.132037
0.131216
0.131708
0.131873
0.131708
0.131873
0.132037
0.133351
0.128916
0.131216
0.131216
0.133351
0.132858
0.133187
0.132858
0.132530
0.132366
0.135158
0.131380
0.131544
0.132201
0.131873
0.132037
0.131708
0.134994
0.132530
0.130723
0.131380
0.130887
0.131216
0.131216
0.131051
0.130723
0.129737
0.129573
0.129573
0.129737
0.116925
0.133023
0.132530
0.130230
0.141564
0.137293
0.137293
0.137951
0.137458
0.135322
0.132858
0.135815
0.133515
0.132530
0.132037
0.132037
0.131708
0.131873
0.138936
0.127109
0.130230
0.129080
0.129080
0.129409
0.129573
0.087521
0.133187
0.133515
0.133351
0.133023
0.133187
0.130230
0.133351
0.133844
0.133351
0.135815
0.135322
0.136965
0.137622
0.137786
0.169982
0.171296
0.130559
0.129245
0.124974
0.122345
0.121688
0.121688
0.122181
0.122838
0.130230
0.133515
0.132530
0.133187
0.133351
0.133023
0.121688
0.134829
0.129737
0.130559
0.131544
0.127273
0.126781
0.127602
0.128095
0.128095
0.128259
0.127930
0.130723
0.131051
0.130723
0.139593
0.126781
0.133680
0.132201

Kurve 4

0.009496
0.005389
0.009496
0.012781
0.015738
0.018695
0.021980
0.028222
0.070766
0.067481
0.067810
0.068467
0.069452
0.038078
0.035942
0.038899
0.041199
0.043499
0.046455
0.047934
0.049576
0.008346
0.053519
0.055326
0.054176
0.056475
0.057954
0.059925
0.059925
0.061732
0.065839
0.070274
0.063375
0.068960
0.068960
0.070602
0.072738
0.074052
0.076023
0.078158
0.080130
0.080951
0.081936
0.082922
0.084565
0.055490
0.086700
0.088507
0.089821
0.091792
0.092449
0.092942
0.093763
0.094749
0.093435
0.096227
0.097377
0.098034
0.098856
0.099513
0.100334
0.131216
0.102962
0.102798
0.103127
0.103784
0.096227
0.097377
0.098691
0.099020
0.099184
0.100334
0.100827
0.100991
0.101648
0.102469
0.102141
0.103455
0.103455
0.104605
0.105755
0.106248
0.106083
0.106412
0.107397
0.105919
0.108219
0.108876
0.109369
0.109861
0.110190
0.110847
0.111504
0.111340
0.112818
0.112654
0.112325
0.112654
0.114132
0.114625
0.114461
0.116268
0.115939
0.116103
0.115939
0.116760
0.117089
0.114461
0.079801
0.077830
0.076680
0.078323
0.080458
0.081279
0.081608
0.117089
0.112818
0.119389
0.119717
0.122017
0.123660
0.123824
0.123167
0.123167
0.122674
0.123002
0.120210
0.120539
0.120374
0.120703
0.121031
0.121196
0.124809
0.124481
0.123002
0.123167
0.123167
0.123167
0.123660
0.123988
0.126288
0.125138
0.125466
0.125631
0.125959
0.125959
0.125466
0.117910
0.124645
0.124317
0.125795
0.125631
0.125631
0.125631
0.125631
0.125138
0.125138
0.125795
0.125795
0.125959
0.126452
0.126288
0.126616
0.132858
0.126616
0.125959
0.125959
0.125959
0.126123
0.126452
0.126781
0.128095
0.126945
0.128095
0.127766
0.127766
0.127930
0.128259
0.123824
0.123495
0.132694
0.127602
0.129409
0.129573
0.129573
0.129737
0.129080
0.134337
0.121196
0.125138
0.125631
0.125795
0.125466
0.125631
0.125795
0.172282
0.164561
0.161769
0.160947
0.160290
0.159469
0.158648
0.104933
0.114625
0.114954
0.114954
0.115282
0.115939
0.116432
0.073723
0.125795
0.126781
0.126945
0.127109
0.127109
0.126945
0.127109
0.167190
0.128095
0.127930
0.128095
0.128095
0.127930
0.128259
0.128423
0.127930
0.132858
0.128423
0.127766
0.127766
0.126945
0.127273
0.127766
0.124809
0.132201
0.131216
0.130066
0.130066
0.129902
0.129902
0.127930
0.128423
0.125795
0.127930
0.128259
0.127930
0.127930
0.128259
0.171296
0.128259
0.127930
0.127438
0.133187
0.131380
0.131380
0.131216
0.131051
0.139265
0.127109
0.133187
0.131873
0.131544
0.131708
0.131544
0.087686
0.097213
0.095406
0.097377
0.099020
0.099677
0.132858
0.134501
0.133351
0.133844
0.117746
0.120210
0.122181
0.122674
0.123495
0.145342
0.122674
0.134829
0.167354
0.165875
0.147314
0.134501
0.134172
0.134172
0.133844
0.133844
0.134008
0.133515
0.133515
0.133680
0.134008
0.129902
0.134172
0.133844
0.133187
0.133515
0.133515
0.126452
0.134994
0.132366
0.133187
0.132201
0.131873
0.134172
0.133680
0.133515
0.144521
0.132201
0.133023
0.132858
0.134501
0.133515
0.132694
0.132858
0.132530
0.132530
0.157005
0.132530
0.131051
0.130887
0.130230
0.130559
0.125631
0.132694
0.132201
0.132037
0.131873
0.131544
0.130559
0.132037
0.132366
0.132366
0.129080
0.133515
0.128587
0.129409
0.129573
0.129902
0.174253
0.133023
0.131873
0.131873
0.130887
0.134665
0.129245
0.128587
0.128423
0.150927
0.164233
0.125631
0.125466
0.125466
0.125631
0.125795
0.126452
0.125795
0.125959
0.126452
0.126452
0.126781
0.126616
0.126616
0.127109
0.118239
0.127438
0.121196
0.119553
0.119717
0.119553
0.120210
0.122181
0.123167
0.123824
0.128095
0.121196
0.122181
0.120703
0.120867
0.121196
0.119224
0.124152
0.122181
0.122510
0.122181
0.122345
0.120539
0.121853
0.123824
0.122838
0.122017
0.125795
0.122181
0.124317
0.124481
0.124974
0.124645
0.124152
0.124809
0.125138
0.125138
0.128587
0.118567
0.123660
0.123988
0.124317
0.130394
0.126781
0.127438
0.127602
0.127766
0.129409
0.128916
0.128916
0.129573
0.130066
0.129737
0.121524
0.127766
0.128423
0.128259
0.123331
0.133187
0.128916
0.130230
0.130394
0.130394
0.127438
0.128752
0.130230
0.129573
0.129573
0.144193
0.128752
0.129245
0.129737
0.129409
0.129737
0.131051
0.130066
0.129902
0.130066
0.132366
0.130230
0.131708
0.131544
0.131873
0.131380
0.126452
0.131051
0.130394
0.130230
0.126945
0.138115
0.135487
0.135651
0.135979
0.135158
0.112325
0.130394
0.131051
0.130559
0.131216
0.130559
0.130723
0.131708
0.130066
0.130066
0.129902
0.130394
0.130887
0.131873
0.129080
0.141400
0.129902
0.135322
0.134829
0.134337
0.134337
0.134172
0.130723
0.130559
0.131051
0.130887
0.128916
0.129573
0.129409
0.130230
0.130394
0.127109
0.132530
0.131873
0.131708
0.132037
0.132037
0.139429
0.131708

Kurve 5

0.001611
0.006703
0.003418
0.009496
0.011631
0.014917
0.018038
0.021323
0.023951
0.071095
0.041527
0.031836
0.033807
0.036435
0.039228
0.041692
0.042513
0.044484
0.046620
0.049084
0.051055
0.052040
0.053683
0.052697
0.058447
0.059597
0.058775
0.064689
0.066660
0.067974
0.068631
0.070602
0.070766
0.071424
0.074380
0.073230
0.074545
0.075859
0.077501
0.078158
0.081772
0.081608
0.082265
0.083415
0.083908
0.085715
0.086700
0.085715
0.087686
0.089000
0.090150
0.091299
0.091957
0.092121
0.093106
0.092285
0.091628
0.109697
0.106412
0.107397
0.108219
0.107890
0.100663
0.098856
0.099513
0.097542
0.097706
0.098199
0.098691
0.099513
0.100170
0.109040
0.092121
0.096720
0.096720
0.096227
0.097542
0.098856
0.102962
0.105755
0.106412
0.106576
0.107069
0.107726
0.107890
0.110026
0.108711
0.107562
0.108219
0.107233
0.107890
0.109369
0.109697
0.114954
0.109697
0.110354
0.119224
0.104112
0.109861
0.110026
0.109697
0.110354
0.111011
0.113639
0.114789
0.114789
0.114954
0.115282
0.115939
0.105262
0.119060
0.112654
0.111175
0.112654
0.112818
0.097706
0.114789
0.114954
0.114789
0.115282
0.114296
0.116925
0.117417
0.117910
0.120867
0.120210
0.121688
0.119717
0.117910
0.120374
0.122017
0.122017
0.121524
0.120867
0.116432
0.116268
0.118075
0.118075
0.117417
0.118567
0.118403
0.117746
0.116268
0.117417
0.117910
0.117910
0.114954
0.119224
0.116268
0.116596
0.115775
0.123824
0.120210
0.120046
0.120374
0.120539
0.120539
0.122345
0.121688
0.121524
0.119717
0.116268
0.115118
0.115611
0.116103
0.133351
0.122838
0.128259
0.127602
0.127273
0.127273
0.127273
0.123660
0.133023
0.133351
0.132858
0.132366
0.122345
0.123660
0.124152
0.123988
0.120046
0.133680
0.131380
0.132694
0.132201
0.131708
0.125795
0.125138
0.124809
0.125138
0.131544
0.119553
0.127438
0.125795
0.125959
0.126616
0.122838
0.129080
0.127438
0.127273
0.127438
0.127109
0.125795
0.126452
0.129080
0.128752
0.128916
0.129737
0.135322
0.131708
0.130230
0.129902
0.128095
0.127602
0.129409
0.128916
0.128587
0.134665
0.118896
0.127109
0.127438
0.127438
0.132037
0.129737
0.128916
0.128423
0.128259
0.131216
0.127438
0.127438
0.127109
0.127602
0.128095
0.103948
0.130230
0.130230
0.130394
0.127109
0.131544
0.128916
0.130230
0.130066
0.130559
0.129245
0.130230
0.131380
0.130887
0.130723
0.138279
0.123331
0.126616
0.125466
0.125302
0.125795
0.131708
0.133515
0.133680
0.134172
0.133351
0.131216
0.131216
0.131216
0.131051
0.131051
0.130723
0.130394
0.126452
0.126616
0.125466
0.127273
0.127438
0.127438
0.127930
0.128095
0.097377
0.128423
0.129902
0.129737
0.130230
0.130066
0.128916
0.129737
0.129409
0.129573
0.129737
0.129902
0.128095
0.133023
0.131380
0.160947
0.130723
0.130394
0.130559
0.130723
0.130723
0.130723
0.131216
0.128916
0.129902
0.130394
0.131051
0.133515
0.133023
0.132858
0.132530
0.128587
0.132530
0.131873
0.132366
0.131216
0.131380
0.149285
0.130723
0.131051
0.130723
0.130559
0.130723
0.135979
0.125138
0.131544
0.134008
0.130230
0.130887
0.129737
0.129902
0.129737
0.129902
0.127109
0.131380
0.132366
0.090478
0.097049
0.099513
0.100663
0.101484
0.133515
0.134665
0.135651
0.134829
0.135651
0.135815
0.135487
0.147971
0.134172
0.134994
0.134665
0.134501
0.134829
0.134665
0.136965
0.134501
0.134501
0.133680
0.134665
0.134337
0.134501
0.134172
0.134172
0.123331
0.134829
0.132694
0.134994
0.130230
0.131216
0.131708
0.131380
0.131380
0.122838
0.129245
0.134501
0.134994
0.134994
0.134994
0.134829
0.141400
0.132366
0.132037
0.132694
0.132694
0.132201
0.132858
0.135815
0.135158
0.134994
0.135158
0.134994
0.135158
0.135158
0.134665
0.134829
0.134665
0.132201
0.134994
0.134337
0.134337
0.134501
0.134337
0.134172
0.130559
0.135322
0.134337
0.134501
0.134501
0.134994
0.134829
0.139100
0.134337
0.134337
0.134501
0.134337
0.134337
0.134172
0.134501
0.133351
0.136472
0.135487
0.132858
0.133351
0.133515
0.133680
0.133680
0.128916
0.129737
0.137786
0.135322
0.134829
0.134501
0.134501
0.134665
0.134501
0.136472
0.134172
0.134665
0.134501
0.134501
0.134337
0.137786
0.134172
0.135158
0.134665
0.134337
0.134665
0.134829
0.134501
0.156020
0.135815
0.134994
0.134501
0.134829
0.134337
0.134501
0.134665
0.134008
0.135322
0.134501
0.134829
0.134829
0.134994
0.134665
0.134501
0.134501
0.134994
0.134829
0.134994
0.135158
0.135322
0.134994
0.134665
0.174253
0.135158
0.134501
0.134665
0.134501
0.134994
0.134829
0.134665
0.141072
0.134337
0.133844
0.135487
0.135487
0.135158
0.135487
0.134829
0.135487
0.128752
0.131708
0.132530
0.132694
0.131544
0.131544
0.131873
0.120703
0.134008
0.135979
0.136472
0.136636
0.136144
0.135651

Kurve 6

0.004732
0.017873
-0.000688
0.007032
0.009167
0.013931
0.019023
0.052369
0.027894
0.030029
0.032657
0.036600
0.038899
0.042349
0.043663
0.044977
0.046291
0.049084
0.050398
0.052369
0.052533
0.056475
0.056804
0.059104
0.062060
0.063867
0.062718
0.066988
0.068795
0.070109
0.071424
0.072409
0.073066
0.087029
0.076844
0.077666
0.078980
0.079965
0.082593
0.082922
0.083908
0.084400
0.090478
0.086043
0.089000
0.088671
0.088507
0.090150
0.080622
0.090478
0.091135
0.092942
0.044813
0.058118
0.058611
0.061239
0.065510
0.051055
0.104605
0.104933
0.105755
0.106412
0.106905
0.107726
0.108547
0.110847
0.111175
0.111340
0.111175
0.109697
0.109533
0.106576
0.106576
0.109861
0.108711
0.109861
0.110190
0.111011
0.111011
0.110190
0.111668
0.112490
0.112818
0.113804
0.114954
0.115446
0.117089
0.118239
0.118403
0.116925
0.115775
0.118239
0.119553
0.119389
0.119060
0.120210
0.118403
0.116925
0.116596
0.120046
0.155855
0.119060
0.118567
0.118896
0.119224
0.118896
0.120374
0.120046
0.119717
0.120374
0.090478
0.121688
0.121688
0.121360
0.122674
0.112818
0.123167
0.123002
0.123167
0.123660
0.123002
0.123002
0.123824
0.124645
0.124809
0.124152
0.147971
0.123660
0.124645
0.123331
0.156184
0.124645
0.124974
0.124974
0.123660
0.124645
0.126945
0.120210
0.122345
0.122345
0.122345
0.122017
0.126945
0.123167
0.125138
0.124809
0.125138
0.124645
0.127109
0.127438
0.127602
0.122181
0.128259
0.126123
0.125959
0.125959
0.125466
0.124317
0.125138
0.126452
0.125795
0.128587
0.126781
0.126616
0.126616
0.126452
0.126781
0.132037
0.126452
0.126288
0.127109
0.126945
0.127273
0.126616
0.126288
0.128423
0.127930
0.127766
0.128423
0.079965
0.094256
0.096227
0.125795
0.143700
0.139757
0.140250
0.140086
0.139922
0.139757
0.133187
0.132037
0.131708
0.131873
0.133351
0.130887
0.130559
0.130559
0.130559
0.148792
0.131708
0.131708
0.131051
0.131051
0.131051
0.119224
0.132694
0.132530
0.132694
0.132858
0.132366
0.132366
0.134337
0.130230
0.128259
0.136308
0.130066
0.131873
0.132366
0.132366
0.132530
0.140907
0.131873
0.132694
0.131708
0.133515
0.132366
0.132530
0.132366
0.132201
0.134665
0.131544
0.132201
0.132201
0.132201
0.132366
0.132037
0.127602
0.128916
0.130394
0.130559
0.130066
0.130723
0.127930
0.134337
0.133844
0.134337
0.131873
0.133680
0.133844
0.133515
0.132694
0.132530
0.131708
0.135487
0.131873
0.132530
0.132366
0.133023
0.132530
0.132694
0.141729
0.126452
0.127109
0.127273
0.127602
0.127602
0.128095
0.127273
0.128259
0.128587
0.129080
0.129409
0.129737
0.129737
0.124481
0.131873
0.130887
0.131051
0.131051
0.131216
0.131708
0.131544
0.131708
0.132530
0.135322
0.127438
0.132201
0.132201
0.132530
0.132530
0.132366
0.136636
0.131544
0.134008
0.132201
0.132366
0.133023
0.132858
0.104769
0.133351
0.133844
0.133515
0.133680
0.133680
0.133351
0.133844
0.133844
0.133187
0.134008
0.134994
0.134008
0.134172
0.134008
0.133844
0.153556
0.135158
0.134665
0.134337
0.134501
0.134337
0.134008
0.133844
0.133844
0.133023
0.134008
0.132694
0.132858
0.133023
0.133187
0.132201
0.087521
0.096884
0.134994
0.135158
0.135487
0.135322
0.135651
0.135651
0.134337
0.135651
0.136144
0.135815
0.135651
0.135651
0.135487
0.135815
0.134501
0.135979
0.135487
0.135651
0.135815
0.135487
0.135651
0.135651
0.136965
0.136801
0.134337
0.134665
0.134829
0.134829
0.134829
0.130559
0.135815
0.135487
0.134172
0.134665
0.135158
0.135322
0.135487
0.130066
0.158976
0.151584
0.152406
0.152241
0.151913
0.151913
0.150763
0.134172
0.133187
0.133351
0.133351
0.133351
0.133023
0.132858
0.133351
0.138279
0.134994
0.132201
0.133351
0.133515
0.133680
0.133680
0.133844
0.134665
0.133515
0.134008
0.133351
0.132858
0.133023
0.133187
0.119717
0.131051
0.137951
0.136801
0.136472
0.136636
0.136636
0.136636
0.133515
0.131873
0.134172
0.133351
0.133515
0.133844
0.133844
0.133844
0.163411
0.134829
0.135158
0.135322
0.135815
0.135815
0.135979
0.135651
0.138115
0.134337
0.136801
0.136472
0.136144
0.135979
0.135979
0.133680
0.131380
0.137622
0.136472
0.136144
0.136472
0.136636
0.136636
0.136308
0.143043
0.134829
0.137951
0.137622
0.137293
0.136965
0.136801
0.136801
0.135651
0.137293
0.137293
0.137129
0.137293
0.137293
0.137458
0.136965
0.137129
0.139265
0.138443
0.138443
0.138115
0.137786
0.136636
0.135651
0.137622
0.135322
0.136308
0.136636
0.131380
0.131544
0.133844
0.133844
0.133844
0.133680
0.133680
0.133680
0.133680
0.134008
0.133844
0.138115
0.134994
0.133023
0.134501
0.134501
0.134665
0.134665
0.133844
0.134172
0.135815
0.135651
0.135322
0.134829
0.134665
0.135651
0.132858
0.122510
0.134829
0.134829
0.134994
0.135487

Kurve 7

0.005554
0.007196
0.010810
0.013438
0.016395
0.019188
0.021487
0.024444
0.027894
0.031015
0.032986
0.036600
0.037749
0.039392
0.041692
0.044320
0.046620
0.049412
0.041692
0.054012
0.053190
0.058118
0.061732
0.063046
0.063703
0.065017
0.067645
0.066496
0.066988
0.070602
0.072738
0.074380
0.075037
0.075037
0.109861
0.076351
0.077666
0.078651
0.080294
0.081279
0.082758
0.083743
0.092614
0.079472
0.082922
0.081936
0.081772
0.083743
0.085715
0.087850
0.093106
0.095406
0.097706
0.100334
0.101320
0.101155
0.101484
0.102962
0.100170
0.104769
0.103948
0.104769
0.106412
0.106412
0.106576
0.115939
0.106248
0.107562
0.107397
0.107069
0.108383
0.109369
0.109697
0.112818
0.110847
0.107397
0.107233
0.106740
0.106905
0.107890
0.101155
0.110026
0.110026
0.109369
0.113147
0.113639
0.112982
0.113147
0.113475
0.104605
0.113147
0.107726
0.109861
0.111340
0.111997
0.111668
0.118896
0.115118
0.119060
0.118239
0.117910
0.118239
0.119224
0.119881
0.118896
0.121524
0.113311
0.116925
0.116925
0.118239
0.119389
0.120046
0.122838
0.117582
0.122674
0.121853
0.123988
0.124481
0.124481
0.124645
0.124974
0.125466
0.121688
0.123331
0.124317
0.124645
0.124645
0.124317
0.123988
0.126781
0.124152
0.123331
0.124152
0.125138
0.125795
0.121524
0.120867
0.126616
0.127109
0.126781
0.126945
0.126945
0.127602
0.127602
0.126452
0.123331
0.137458
0.127930
0.127766
0.128259
0.128423
0.129080
0.123167
0.137786
0.135158
0.134501
0.134337
0.134172
0.134172
0.127930
0.132201
0.131708
0.132366
0.132366
0.132366
0.133844
0.126288
0.130559
0.131380
0.128095
0.128095
0.128752
0.128259
0.128423
0.127766
0.127930
0.129245
0.128423
0.127766
0.130559
0.129902
0.129737
0.130066
0.119881
0.131708
0.130066
0.129080
0.129080
0.129737
0.129902
0.132037
0.130559
0.130230
0.130394
0.130394
0.130723
0.132694
0.130230
0.129080
0.135487
0.129573
0.129902
0.130394
0.130394
0.130394
0.115939
0.130230
0.130559
0.130394
0.131380
0.126123
0.128095
0.128587
0.128423
0.128752
0.131216
0.130723
0.131216
0.131380
0.130230
0.130230
0.132366
0.125631
0.128916
0.128423
0.128259
0.128259
0.126616
0.126616
0.125466
0.126123
0.138279
0.128259
0.127273
0.127438
0.127273
0.103455
0.126616
0.126452
0.126452
0.124809
0.127273
0.126452
0.121853
0.122181
0.122510
0.122017
0.123002
0.123167
0.123824
0.123824
0.124152
0.130559
0.123167
0.125138
0.125466
0.125466
0.125795
0.124974
0.125795
0.125795
0.125302
0.165383
0.125959
0.125795
0.126288
0.126452
0.126123
0.132858
0.133515
0.135322
0.134337
0.125466
0.135158
0.133515
0.132694
0.133187
0.115446
0.126945
0.127109
0.126781
0.127273
0.127602
0.127766
0.127109
0.128095
0.128423
0.127930
0.147314
0.127602
0.128259
0.128259
0.127930
0.133680
0.127602
0.128916
0.128916
0.129409
0.129080
0.128916
0.129737
0.129902
0.129245
0.129573
0.131216
0.133023
0.134172
0.133351
0.126616
0.131216
0.129737
0.129737
0.130394
0.130066
0.130066
0.131380
0.132201
0.132037
0.131708
0.132201
0.130394
0.128916
0.129409
0.129080
0.129080
0.127109
0.126288
0.125795
0.126616
0.127438
0.126616
0.136308
0.133023
0.132366
0.132694
0.118896
0.132201
0.126452
0.128259
0.128916
0.131873
0.131544
0.131708
0.132037
0.132201
0.132530
0.142714
0.136801
0.140250
0.140250
0.131873
0.132037
0.131708
0.131544
0.131873
0.131873
0.131544
0.132858
0.130559
0.130723
0.130723
0.123660
0.133844
0.131873
0.133187
0.132694
0.132858
0.129737
0.134337
0.130559
0.131216
0.132530
0.133680
0.134337
0.134501
0.134501
0.134665
0.141236
0.127766
0.131216
0.131051
0.132858
0.136472
0.134829
0.134665
0.134501
0.134829
0.138279
0.135487
0.134994
0.135979
0.135815
0.135979
0.136472
0.135322
0.135651
0.135322
0.135651
0.134994
0.134337
0.134829
0.135651
0.131216
0.135487
0.135487
0.135651
0.135651
0.135651
0.135487
0.134829
0.135979
0.140086
0.133187
0.138443
0.137622
0.137129
0.136636
0.136801
0.140250
0.134172
0.132530
0.132530
0.133023
0.132694
0.126616
0.135979
0.134172
0.133351
0.133351
0.133023
0.133187
0.131216
0.132694
0.109861
0.134008
0.132037
0.132694
0.132858
0.133187
0.133023
0.177702
0.165054
0.140250
0.132366
0.131051
0.131380
0.131216
0.131051
0.131051
0.137458
0.132201
0.132201
0.132530
0.132530
0.132530
0.116103
0.133351
0.132858
0.133023
0.132694
0.132858
0.132694
0.118732
0.133844
0.131873
0.134337
0.128587
0.131051
0.131544
0.131708
0.131216
0.139265
0.134008
0.134829
0.134501
0.134008
0.134501
0.134008
0.134172
0.134665
0.137786
0.131544
0.135158
0.135487
0.135487
0.135651
0.135487
0.134337
0.134337
0.134829
0.134501
0.134501
0.134501
0.134172
0.099841
0.134501
0.135487
0.134337
0.134665
0.134994

Kurve 8

0.004404
0.007032
0.009003
0.012288
0.024608
0.018038
0.021159
0.024115
0.027072
0.029372
0.032821
0.034464
0.042513
0.038078
0.041527
0.043663
0.045141
0.047934
0.050562
0.053026
0.053519
0.055654
0.057790
0.059761
0.061403
0.062553
0.063867
0.065510
0.066331
0.068795
0.071588
0.073559
0.076351
0.076516
0.077173
0.082429
0.071752
0.086536
0.083251
0.083415
0.085386
0.086864
0.087521
0.090478
0.087850
0.091135
0.091792
0.093271
0.094256
0.095570
0.096720
0.094749
0.097870
0.098691
0.099513
0.100170
0.100498
0.100827
0.101484
0.101648
0.104441
0.100827
0.104112
0.106248
0.106576
0.106412
0.117746
0.117253
0.107726
0.106905
0.107726
0.108054
0.109204
0.110354
0.110190
0.111340
0.112325
0.111668
0.112325
0.112325
0.113311
0.114132
0.105919
0.114789
0.115118
0.115282
0.115446
0.115446
0.114789
0.115775
0.117417
0.111504
0.121031
0.119717
0.120374
0.119717
0.118896
0.127930
0.118403
0.118403
0.121031
0.120374
0.120539
0.121031
0.121196
0.121688
0.128587
0.121031
0.127109
0.126945
0.125959
0.126452
0.127438
0.111504
0.123824
0.123660
0.124317
0.125631
0.125466
0.124974
0.124974
0.125959
0.122674
0.126123
0.125631
0.125795
0.126452
0.126452
0.128423
0.125138
0.132694
0.125795
0.127109
0.127438
0.127438
0.127766
0.127930
0.127930
0.127273
0.131380
0.129902
0.129245
0.129245
0.129902
0.130066
0.131216
0.128259
0.129245
0.129573
0.129409
0.128752
0.115118
0.130230
0.129573
0.131051
0.138772
0.137129
0.133351
0.130559
0.130230
0.127109
0.131380
0.132366
0.118239
0.126123
0.129409
0.130230
0.129902
0.129902
0.132037
0.131544
0.132037
0.133023
0.132530
0.132694
0.132530
0.130887
0.130559
0.130723
0.130559
0.130559
0.130887
0.121524
0.131708
0.131544
0.129409
0.131216
0.132037
0.131708
0.131873
0.131873
0.132366
0.133515
0.132858
0.131051
0.131708
0.129737
0.130394
0.130394
0.130230
0.147149
0.131051
0.130887
0.131380
0.131380
0.131216
0.131380
0.130394
0.131051
0.130887
0.131216
0.131380
0.131216
0.130066
0.129409
0.130066
0.128752
0.132201
0.131544
0.131544
0.131708
0.131708
0.144850
0.131873
0.131544
0.132366
0.130559
0.131708
0.131708
0.131544
0.131380
0.132366
0.128095
0.130723
0.129245
0.129573
0.129902
0.130066
0.129080
0.132201
0.133351
0.132037
0.132366
0.132366
0.130887
0.134337
0.135487
0.134994
0.131873
0.131051
0.131380
0.131216
0.131216
0.134337
0.117746
0.123167
0.123660
0.131216
0.123002
0.123167
0.124152
0.123988
0.123660
0.124317
0.124317
0.124152
0.124317
0.124152
0.124152
0.115446
0.124974
0.124809
0.125138
0.125302
0.114296
0.125959
0.124974
0.124317
0.124809
0.121360
0.124317
0.125795
0.124809
0.125631
0.130723
0.122674
0.126288
0.125138
0.125302
0.130066
0.122674
0.125138
0.125959
0.125631
0.130723
0.127930
0.127602
0.128423
0.128259
0.128259
0.127930
0.131708
0.126288
0.128916
0.129245
0.125631
0.129573
0.130230
0.130066
0.130394
0.112161
0.129409
0.129737
0.129245
0.129573
0.129573
0.128423
0.124645
0.124645
0.125302
0.125302
0.126123
0.127273
0.125466
0.126452
0.139100
0.121853
0.125302
0.124152
0.123495
0.122181
0.122345
0.125138
0.124809
0.127109
0.123660
0.121031
0.123824
0.123167
0.123167
0.123331
0.122510
0.125138
0.124317
0.124645
0.124974
0.124809
0.127766
0.124152
0.126616
0.127109
0.127273
0.140086
0.125631
0.126781
0.127109
0.127109
0.126781
0.127602
0.126288
0.126288
0.126616
0.126945
0.120703
0.128423
0.128916
0.129245
0.129737
0.128587
0.129573
0.129245
0.129245
0.129409
0.130230
0.125466
0.126945
0.126781
0.126616
0.145342
0.129573
0.130066
0.130394
0.130230
0.130559
0.133023
0.130723
0.131544
0.131544
0.130887
0.131380
0.130559
0.131216
0.131544
0.131216
0.126781
0.133515
0.127273
0.122510
0.132530
0.131544
0.132366
0.132366
0.132201
0.132694
0.131216
0.131544
0.132201
0.131873
0.131873
0.132037
0.131708
0.132366
0.131708
0.131873
0.132037
0.132201
0.132694
0.133187
0.133023
0.135158
0.133680
0.132201
0.133187
0.133187
0.133351
0.133515
0.135158
0.133187
0.125959
0.136472
0.132366
0.132694
0.133023
0.133351
0.133680
0.132366
0.134829
0.135158
0.134337
0.134994
0.134829
0.137951
0.134501
0.135651
0.136144
0.135651
0.135815
0.135651
0.133844
0.134665
0.138443
0.123331
0.128259
0.129902
0.130066
0.130230
0.129902
0.133680
0.134829
0.126452
0.136308
0.134994
0.134337
0.134501
0.134337
0.134172
0.131051
0.134994
0.133023
0.133680
0.134172
0.128587
0.136472
0.124809
0.129409
0.129245
0.128752
0.128752
0.129245
0.135979
0.129080
0.136965
0.129409
0.130230
0.130723
0.130559
0.131051
0.131051
0.120374
0.141400
0.092285
0.131544
0.131873
0.132201
0.131873
0.132037
0.131873
0.129902
0.132858
0.129573

Kurve 9

0.006211
0.009167
0.012453
0.015574
0.024115
0.012945
0.018530
0.020009
0.022966
0.026908
0.032164
0.042842
0.041035
0.041527
0.047605
0.039556
0.043663
0.047934
0.049576
0.051712
0.054176
0.061075
0.061075
0.060254
0.064032
0.066496
0.067645
0.069617
0.070931
0.072573
0.072409
0.076351
0.075859
0.077173
0.078980
0.080294
0.083086
0.084236
0.085386
0.086864
0.087357
0.089000
0.090478
0.088178
0.089000
0.091464
0.091464
0.091792
0.092449
0.092942
0.093928
0.095242
0.094421
0.095899
0.098199
0.095406
0.098199
0.099348
0.100005
0.100991
0.101977
0.101155
0.103948
0.104933
0.105755
0.106905
0.106905
0.113639
0.108219
0.109040
0.109697
0.110190
0.110847
0.111340
0.119060
0.108711
0.117417
0.113475
0.113147
0.110847
0.110683
0.111340
0.112490
0.102798
0.115282
0.120374
0.123002
0.124317
0.123167
0.122017
0.121360
0.121360
0.095735
0.109697
0.109697
0.110847
0.112818
0.113475
0.114954
0.116760
0.122017
0.121031
0.120539
0.120539
0.121688
0.122181
0.122345
0.123167
0.119060
0.119881
0.120374
0.120539
0.121031
0.121360
0.121688
0.119717
0.122838
0.121196
0.123331
0.121360
0.121688
0.121360
0.121688
0.119553
0.121524
0.123167
0.123495
0.124481
0.123988
0.123988
0.126945
0.124152
0.125138
0.124809
0.123988
0.125138
0.125795
0.125795
0.127438
0.124974
0.125795
0.125795
0.124809
0.125302
0.126616
0.126288
0.122345
0.126288
0.127438
0.127438
0.127766
0.127273
0.127273
0.128259
0.122345
0.128916
0.128916
0.128916
0.129409
0.129245
0.129409
0.137458
0.128916
0.129737
0.130066
0.130394
0.130887
0.131051
0.131051
0.130394
0.129080
0.130559
0.130394
0.130559
0.130559
0.130559
0.130394
0.125466
0.137622
0.132366
0.132694
0.131708
0.128587
0.128916
0.128916
0.102305
0.127273
0.127930
0.128259
0.128259
0.127930
0.128423
0.128259
0.129409
0.118075
0.119881
0.121360
0.122017
0.122838
0.123167
0.123824
0.134665
0.130559
0.131544
0.132037
0.131873
0.131873
0.131708
0.119224
0.130066
0.130723
0.130230
0.130230
0.130394
0.131216
0.131051
0.131708
0.134501
0.129080
0.130723
0.130723
0.130723
0.130559
0.130723
0.136144
0.127766
0.129902
0.131051
0.131380
0.131544
0.132366
0.133515
0.134337
0.134829
0.135322
0.134994
0.134501
0.134665
0.134829
0.132201
0.134829
0.135487
0.128916
0.131380
0.131380
0.131216
0.127273
0.124152
0.121688
0.122017
0.120210
0.119553
0.119881
0.120210
0.120703
0.133515
0.124645
0.124974
0.125466
0.125959
0.126123
0.126123
0.131873
0.126288
0.129409
0.123167
0.127273
0.127602
0.127930
0.127930
0.125138
0.142057
0.105755
0.106576
0.127273
0.127602
0.127930
0.128423
0.128752
0.112818
0.129902
0.129409
0.129573
0.130066
0.130230
0.130394
0.160126
0.130066
0.130559
0.130887
0.131544
0.131873
0.132037
0.135322
0.121688
0.125795
0.131708
0.136144
0.134008
0.133844
0.133351
0.125959
0.134665
0.133351
0.132201
0.133187
0.134829
0.134501
0.134501
0.134829
0.134829
0.135487
0.130066
0.131544
0.131544
0.132530
0.134501
0.143371
0.129573
0.137951
0.136472
0.136472
0.136308
0.136144
0.130559
0.124152
0.124152
0.131544
0.131051
0.130887
0.131216
0.131216
0.130887
0.132858
0.131708
0.132201
0.133515
0.132201
0.132530
0.133023
0.133187
0.133187
0.130887
0.133187
0.133351
0.133351
0.133515
0.133515
0.133680
0.131216
0.128095
0.126945
0.127602
0.127930
0.128587
0.134172
0.134829
0.135158
0.137458
0.135158
0.134008
0.132530
0.129902
0.129080
0.131873
0.130394
0.131873
0.110026
0.099513
0.098034
0.131708
0.134829
0.135322
0.115939
0.136144
0.134337
0.135322
0.135487
0.135487
0.135651
0.136308
0.136308
0.136144
0.136801
0.136801
0.147642
0.135815
0.136144
0.136801
0.136965
0.133351
0.132366
0.131051
0.131544
0.131708
0.131873
0.133844
0.134665
0.133844
0.130230
0.133351
0.134994
0.134994
0.135487
0.135487
0.127602
0.134994
0.135158
0.135487
0.134994
0.134994
0.137129
0.135487
0.134172
0.135651
0.135487
0.147478
0.135979
0.135651
0.136144
0.135979
0.183287
0.138772
0.135158
0.135158
0.135158
0.101977
0.105919
0.136801
0.136472
0.136636
0.136965
0.146821
0.146821
0.145835
0.145999
0.097870
0.111504
0.137129
0.137293
0.137293
0.137129
0.149285
0.136636
0.141400
0.140743
0.140086
0.190679
0.177538
0.174089
0.171625
0.134829
0.138443
0.124645
0.128259
0.129080
0.129080
0.121360
0.136965
0.136144
0.136308
0.136472
0.136308
0.137129
0.137129
0.137458
0.137129
0.134665
0.137622
0.138115
0.137786
0.137622
0.137622
0.137786
0.133515
0.133023
0.132201
0.132366
0.137458
0.138772
0.137129
0.136801
0.137458
0.167847
0.137951
0.138279
0.138279
0.138115
0.138115
0.138772
0.135979
0.137129
0.136472
0.136801
0.136472
0.139265
0.138608
0.140086
0.126123
0.139100

Kurve 10

0.000790
0.005389
0.010317
0.013931
0.017216
0.022473
0.019845
0.023458
0.025922
0.029043
0.031507
0.033643
0.036107
0.038242
0.041035
0.044320
0.045634
0.045963
0.048262
0.050069
0.052697
0.054997
0.060582
0.061896
0.065346
0.067317
0.068960
0.061239
0.066988
0.069124
0.071424
0.068960
0.077009
0.074052
0.076023
0.078487
0.079144
0.078651
0.085057
0.085386
0.086536
0.078815
0.079472
0.079308
0.079801
0.080951
0.103455
0.090314
0.091628
0.092285
0.093271
0.094421
0.095570
0.095899
0.095406
0.097870
0.099513
0.100334
0.097377
0.096556
0.097542
0.099184
0.092614
0.100334
0.096063
0.098856
0.100498
0.100663
0.104769
0.103784
0.102962
0.104276
0.112818
0.105262
0.105919
0.106740
0.107069
0.108219
0.106083
0.110518
0.108876
0.108876
0.110190
0.111340
0.108383
0.111504
0.112982
0.113311
0.114132
0.111175
0.118403
0.119389
0.119881
0.119060
0.114461
0.110026
0.112654
0.113804
0.113639
0.119389
0.115775
0.115775
0.116760
0.116596
0.119060
0.117910
0.117582
0.117910
0.117582
0.119060
0.123167
0.122345
0.121196
0.121853
0.122838
0.101977
0.121196
0.121360
0.121196
0.122345
0.123331
0.118403
0.120539
0.122181
0.122510
0.122181
0.122674
0.123660
0.122674
0.122838
0.127273
0.119060
0.125466
0.123002
0.122674
0.122674
0.123002
0.127438
0.125631
0.125631
0.126781
0.125138
0.123167
0.122510
0.119881
0.121031
0.121688
0.122674
0.122017
0.122510
0.117746
0.122345
0.115775
0.116103
0.117910
0.118239
0.112654
0.121360
0.118075
0.118732
0.119060
0.119389
0.119060
0.120374
0.118896
0.119717
0.119881
0.125302
0.119553
0.120539
0.119553
0.127109
0.119881
0.120046
0.120703
0.121196
0.121196
0.121688
0.121688
0.121196
0.122345
0.114954
0.132037
0.129902
0.129245
0.129245
0.129080
0.104605
0.123824
0.123824
0.123988
0.123988
0.124481
0.126945
0.124974
0.124481
0.125138
0.125795
0.125631
0.128587
0.125138
0.129409
0.136965
0.125138
0.123331
0.123167
0.122674
0.123002
0.123167
0.121031
0.124317
0.125302
0.124645
0.123495
0.126452
0.125959
0.126123
0.126288
0.126452
0.127766
0.126288
0.125795
0.126452
0.126288
0.138443
0.126288
0.130559
0.129080
0.129080
0.129245
0.129245
0.131380
0.127930
0.127273
0.127766
0.128259
0.128423
0.128587
0.128259
0.128752
0.119224
0.130230
0.129080
0.132366
0.131216
0.132530
0.132201
0.132037
0.132201
0.127273
0.129902
0.129245
0.129737
0.129902
0.129737
0.129902
0.135815
0.127109
0.126288
0.125302
0.120867
0.118567
0.117910
0.138443
0.120539
0.119881
0.121031
0.120374
0.120539
0.120867
0.120374
0.120539
0.121524
0.115118
0.128916
0.123002
0.123167
0.123495
0.123331
0.123495
0.120374
0.124317
0.119717
0.121196
0.121524
0.121853
0.121853
0.128916
0.125795
0.125138
0.126123
0.125959
0.126288
0.126452
0.131708
0.125959
0.127766
0.127438
0.127109
0.127766
0.127602
0.127273
0.127438
0.124152
0.125959
0.132037
0.128587
0.128587
0.129245
0.129080
0.129245
0.129245
0.129902
0.128916
0.129573
0.129902
0.129573
0.130230
0.133351
0.126781
0.128916
0.127766
0.128259
0.128916
0.128916
0.129409
0.134994
0.134829
0.131544
0.131216
0.132037
0.131873
0.132037
0.131873
0.131216
0.131873
0.130723
0.131708
0.131216
0.131544
0.131708
0.132037
0.132037
0.132366
0.136144
0.135979
0.135815
0.135158
0.134994
0.135158
0.134172
0.131873
0.131544
0.132037
0.131708
0.131708
0.131708
0.131873
0.136801
0.131708
0.131544
0.131380
0.131708
0.131544
0.131708
0.131873
0.131708
0.130887
0.131216
0.131544
0.131216
0.131544
0.131544
0.131380
0.130066
0.131051
0.131873
0.131544
0.132037
0.131708
0.131873
0.134665
0.131051
0.132858
0.132858
0.133023
0.132858
0.133187
0.132858
0.140086
0.130887
0.134008
0.131544
0.131544
0.131873
0.131708
0.131873
0.130887
0.133351
0.133351
0.133351
0.133515
0.133515
0.133351
0.133351
0.130230
0.133187
0.133844
0.133023
0.133187
0.133187
0.133351
0.133187
0.132858
0.134008
0.133515
0.133844
0.133844
0.133680
0.134008
0.143535
0.135322
0.133187
0.137293
0.136308
0.135815
0.135322
0.134829
0.133351
0.131873
0.131544
0.133844
0.133187
0.132694
0.130559
0.129409
0.128095
0.131051
0.126616
0.129080
0.129573
0.129080
0.128916
0.129573
0.129080
0.129737
0.129737
0.129573
0.129902
0.129902
0.130230
0.133844
0.130066
0.129409
0.131544
0.129245
0.129737
0.130230
0.130230
0.131051
0.131873
0.132201
0.127930
0.130066
0.129902
0.130230
0.130887
0.130887
0.130723
0.132037
0.132694
0.132530
0.132858
0.132858
0.133023
0.134172
0.133187
0.133187
0.132530
0.132858
0.133023
0.133023
0.136801
0.132530
0.137129
0.130723
0.133844
0.134337
0.134172
0.134172
0.108219
0.133023
0.128095
0.133187
0.128587
0.129737
0.130559
0.130394
0.130230
0.123167

