Ladekurvenmessung
Zeit: 2016_06_21 16.41.43
Info: 2250rpm
Ladewiderstand[Ohm]: 199500
Störkapazität[pF]: 278.000000
Entladezeit[ms]: 100
Abtastrate[Hz]: 250000
Messzeit [ms]: 1.000000
Verzögerung[ms]: 0
Ladespannung[V]: 1.000000

Kurve 1

0.005882
0.012453
0.030686
0.047441
0.061568
0.073230
0.088507
0.102305
0.116432
0.129409
0.143043
0.155855
0.169325
0.178688
0.193472
0.203820
0.213841
0.224189
0.234538
0.244886
0.244886
0.256385
0.266241
0.275275
0.284803
0.293673
0.308621
0.315520
0.324062
0.331946
0.328661
0.334903
0.340817
0.348373
0.355436
0.360364
0.372520
0.374819
0.381554
0.387796
0.393217
0.401266
0.397488
0.398145
0.423113
0.412764
0.417857
0.422456
0.427548
0.432476
0.441182
0.434447
0.443974
0.447753
0.452023
0.456951
0.461715
0.468943
0.472885
0.477484
0.480934
0.485205
0.488490
0.493418
0.494732
0.499496
0.499003
0.506231
0.508859
0.512144
0.516251
0.519043
0.524464
0.513787
0.520193
0.522985
0.540397
0.533827
0.536619
0.538426
0.540890
0.543683
0.544997
0.548611
0.548446
0.550253
0.552882
0.555345
0.555181
0.559945
0.562245
0.564051
0.565694
0.564051
0.570951
0.567337
0.571608
0.573907
0.576371
0.576700
0.578342
0.580642
0.581628
0.587377
0.583927
0.585242
0.586391
0.588363
0.585406
0.587541
0.587048
0.587377
0.588527
0.596247
0.597561
0.596740
0.598383
0.600025
0.600847
0.595919
0.613331
0.607910
0.609717
0.611688
0.597233
0.605775
0.608403
0.609717
0.611195
0.565037
0.609717
0.611031
0.611852
0.612674
0.614152
0.612674
0.616287
0.615466
0.592305
0.604296
0.593290
0.594112
0.595754
0.596740
0.601339
0.598875
0.600190
0.601175
0.602161
0.604132
0.604132
0.609224
0.608403
0.610867
0.609224
0.604460
0.604953
0.608074
0.608238
0.609060
0.607417
0.610045
0.610867
0.611524
0.612181
0.612674
0.613331
0.614973
0.615138
0.615630
0.616123
0.627950
0.618259
0.618094
0.618751
0.622365
0.615466
0.620065
0.619080
0.618587
0.619573
0.620887
0.623844
0.623844
0.624501
0.623187
0.620887
0.617930
0.615795
0.615466
0.614809
0.606267
0.570622
0.569308
0.582285
0.609881
0.610210
0.615466
0.606432
0.610702
0.611195
0.611359
0.612674
0.612674
0.613988
0.613823
0.614316
0.614973
0.616944
0.617602
0.618423
0.618916
0.620394
0.608238
0.620887
0.623022
0.616123
0.624336
0.623679
0.625486
0.626965
0.627622
0.627622
0.627786
0.621215
0.626800
0.628114
0.628443
0.638956
0.628279
0.633042
0.632221
0.631728
0.632385
0.642241
0.631728
0.637477
0.635835
0.633042
0.634192
0.634028
0.634028
0.634192
0.635014
0.626472
0.634849
0.634356
0.601339
0.635342
0.635835

Kurve 2

0.010974
0.020830
0.035942
0.052040
0.067317
0.075366
0.095570
0.111340
0.123988
0.136965
0.149942
0.165547
0.173103
0.184930
0.196757
0.207763
0.221725
0.228624
0.238973
0.248665
0.258192
0.277246
0.280696
0.292030
0.300408
0.307964
0.312070
0.319462
0.325212
0.334739
0.342459
0.334739
0.355600
0.361185
0.367756
0.374327
0.376298
0.394367
0.394202
0.401102
0.406030
0.411122
0.415721
0.425905
0.430341
0.433297
0.437240
0.441018
0.445946
0.448081
0.452352
0.455966
0.486519
0.500646
0.506395
0.507380
0.477320
0.480441
0.484383
0.484055
0.487833
0.491775
0.495718
0.499003
0.514937
0.513622
0.517729
0.513787
0.517893
0.513622
0.518879
0.523150
0.525942
0.527913
0.533334
0.535962
0.538098
0.540562
0.541219
0.547297
0.547625
0.548611
0.550746
0.553210
0.552717
0.559288
0.552060
0.550089
0.552882
0.553046
0.556824
0.559945
0.561588
0.564380
0.565366
0.564544
0.567337
0.569308
0.571115
0.573907
0.573907
0.575878
0.577685
0.579328
0.579985
0.585570
0.577685
0.583106
0.590827
0.585899
0.588034
0.589512
0.590827
0.591812
0.593290
0.594112
0.596411
0.596576
0.597726
0.598711
0.580642
0.601175
0.601996
0.602654
0.603311
0.604296
0.605446
0.607417
0.606596
0.610374
0.607746
0.609224
0.610538
0.611688
0.612509
0.612674
0.618587
0.606760
0.613331
0.617109
0.614481
0.618587
0.619080
0.618916
0.619244
0.619408
0.621708
0.620230
0.619244
0.620065
0.620558
0.621215
0.620394
0.624829
0.626472
0.626965
0.627622
0.626965
0.611031
0.634356
0.631235
0.613988
0.625322
0.625979
0.626308
0.627622
0.628114
0.627786
0.628279
0.629757
0.629429
0.629757
0.629593
0.629921
0.630250
0.630743
0.631071
0.632550
0.632714
0.633535
0.633699
0.633864
0.634028
0.628771
0.632057
0.627950
0.626308
0.627129
0.627129
0.626965
0.625322
0.628279
0.624336
0.629593
0.630907
0.631400
0.631728
0.632221
0.632221
0.634685
0.632057
0.630250
0.630578
0.628936
0.629264
0.630086
0.630578
0.630907
0.636985
0.635178
0.634849
0.635342
0.635506
0.636163
0.630250
0.637149
0.636328
0.636492
0.637806
0.637642
0.636985
0.637149
0.636492
0.624501
0.648155
0.643719
0.644869
0.645526
0.644705
0.644212
0.645198
0.638463
0.636985
0.638463
0.637642
0.636985
0.638135
0.638627
0.638463
0.641091
0.640270
0.639449
0.640106
0.640270
0.640598
0.641420
0.634849
0.642077
0.641256
0.641584

Kurve 3

0.008346
0.019188
0.034793
0.050233
0.063539
0.079308
0.090150
0.107890
0.121853
0.134501
0.147642
0.159798
0.171789
0.185094
0.193636
0.205299
0.206613
0.217619
0.228132
0.238316
0.248829
0.259013
0.280532
0.284146
0.292195
0.299915
0.307800
0.316177
0.313385
0.334410
0.340488
0.347552
0.354779
0.361514
0.367263
0.373341
0.376298
0.367099
0.382868
0.382868
0.389110
0.395024
0.400609
0.405537
0.414735
0.413750
0.417199
0.421306
0.423441
0.428205
0.433954
0.439047
0.443317
0.458594
0.453830
0.459580
0.463029
0.465822
0.470092
0.474035
0.476499
0.478798
0.485040
0.488654
0.491775
0.493746
0.497032
0.496210
0.509516
0.501795
0.506395
0.512308
0.516086
0.518386
0.521343
0.524135
0.533334
0.530377
0.533170
0.535634
0.538262
0.541219
0.543518
0.545818
0.552389
0.542040
0.549761
0.551567
0.552717
0.555181
0.558302
0.550910
0.564873
0.566680
0.568322
0.569965
0.571936
0.573250
0.574729
0.564051
0.578835
0.563230
0.554524
0.558138
0.554031
0.555017
0.556495
0.567337
0.561423
0.561423
0.562245
0.563887
0.566680
0.568815
0.569801
0.581299
0.570622
0.577028
0.577193
0.578014
0.579164
0.581628
0.582942
0.583927
0.584913
0.586884
0.588363
0.589512
0.590827
0.591484
0.593290
0.593619
0.594605
0.600025
0.601504
0.603146
0.603311
0.603803
0.607910
0.585242
0.587705
0.589184
0.590498
0.591976
0.594276
0.594933
0.602654
0.596247
0.598383
0.599368
0.600682
0.601996
0.602818
0.603968
0.595919
0.605117
0.602654
0.604625
0.606267
0.606760
0.607581
0.608731
0.613988
0.614973
0.614316
0.617273
0.619244
0.619573
0.619244
0.621051
0.621872
0.619901
0.620723
0.621708
0.622365
0.622858
0.623679
0.624008
0.625650
0.626143
0.626308
0.626308
0.626965
0.627950
0.628771
0.625815
0.629264
0.630907
0.631728
0.633207
0.633207
0.633042
0.633207
0.633207
0.631400
0.637642
0.636656
0.636656
0.637149
0.636656
0.637970
0.635014
0.636656
0.638956
0.637477
0.637642
0.637313
0.637313
0.635671
0.641256
0.634685
0.635342
0.635014
0.635014
0.635178
0.627786
0.619737
0.626965
0.622037
0.624008
0.625486
0.626308
0.626308
0.618587
0.628443
0.622858
0.630250
0.625322
0.627457
0.627950
0.628279
0.650619
0.629429
0.629429
0.629429
0.613166
0.612345
0.613495
0.614645
0.615302
0.615959
0.615959
0.622694
0.618423
0.618751
0.619737
0.621051
0.613988
0.623187
0.623187

Kurve 4

0.011796
0.022473
0.038242
0.053519
0.068960
0.083579
0.098034
0.101484
0.128259
0.134829
0.148463
0.160947
0.172610
0.184109
0.195279
0.208748
0.218933
0.228296
0.239301
0.249157
0.259342
0.268376
0.277904
0.288581
0.294658
0.295644
0.304514
0.312070
0.320612
0.328990
0.334575
0.342624
0.355600
0.363321
0.369891
0.376791
0.382868
0.389110
0.394531
0.400609
0.406030
0.412929
0.418185
0.423277
0.428534
0.433133
0.436911
0.426891
0.436418
0.446931
0.454159
0.459087
0.463850
0.467957
0.470421
0.483069
0.478634
0.480605
0.484055
0.487997
0.492597
0.494896
0.498674
0.507052
0.507380
0.511487
0.514608
0.517893
0.520850
0.523971
0.524792
0.528570
0.531856
0.533663
0.534320
0.534977
0.537276
0.546804
0.542861
0.544668
0.547132
0.549103
0.551896
0.554360
0.557481
0.555510
0.541712
0.541712
0.542533
0.544176
0.545982
0.548446
0.545982
0.553703
0.550582
0.567830
0.567008
0.567830
0.567994
0.551567
0.553046
0.536619
0.553703
0.546311
0.550089
0.553046
0.555017
0.556167
0.575221
0.561752
0.563887
0.566023
0.567008
0.563887
0.566680
0.595590
0.569801
0.573415
0.572757
0.575386
0.575550
0.577028
0.578671
0.571936
0.584256
0.585406
0.586556
0.587705
0.589348
0.590662
0.591976
0.592962
0.594440
0.596411
0.596411
0.597726
0.599204
0.600354
0.600354
0.603475
0.601996
0.606924
0.605610
0.606596
0.608238
0.609717
0.617602
0.610867
0.611359
0.612509
0.613495
0.613988
0.614809
0.615795
0.616287
0.618259
0.620723
0.612017
0.620230
0.619901
0.621215
0.622365
0.623679
0.623844
0.619901
0.623351
0.625486
0.625815
0.626800
0.627129
0.627622
0.626472
0.633864
0.632878
0.632714
0.632221
0.633207
0.630414
0.630907
0.630907
0.633042
0.632221
0.632385
0.633042
0.632550
0.633371
0.634356
0.631564
0.632221
0.632385
0.636328
0.636656
0.636985
0.637806
0.637970
0.624501
0.638956
0.634685
0.636820
0.638463
0.638299
0.638299
0.641091
0.641420
0.639284
0.639777
0.640106
0.641584
0.640270
0.639613
0.637806
0.647169
0.644212
0.644705
0.643719
0.642898
0.643227
0.644048
0.645034
0.642077
0.643062
0.647169
0.646183
0.643062
0.641420
0.641748
0.641748
0.643227
0.641748
0.642570
0.643062
0.643555
0.643227
0.646512
0.645034
0.643884
0.644048
0.643391
0.654397
0.643391
0.647498
0.645691
0.645198
0.647005
0.648155
0.648155
0.648155
0.648976
0.644377
0.648976

Kurve 5

0.016231
0.026744
0.042677
0.057954
0.073066
0.087357
0.068303
0.114625
0.128095
0.140086
0.150435
0.163576
0.174746
0.186573
0.198071
0.209241
0.221889
0.237823
0.244886
0.248829
0.257863
0.268048
0.278232
0.287267
0.296958
0.308457
0.317327
0.325047
0.332275
0.339831
0.346894
0.351822
0.361185
0.368249
0.374819
0.381226
0.387468
0.393545
0.398309
0.405208
0.408658
0.416214
0.420813
0.425905
0.431490
0.436747
0.441675
0.448902
0.453502
0.455637
0.462208
0.464507
0.468450
0.472721
0.476827
0.480934
0.485698
0.489640
0.493582
0.496375
0.499989
0.487504
0.484548
0.495718
0.496539
0.501467
0.505081
0.508037
0.510830
0.514115
0.518058
0.503602
0.510994
0.510501
0.513458
0.517236
0.520193
0.523478
0.541547
0.533663
0.524300
0.531691
0.533170
0.535305
0.538262
0.540890
0.540562
0.583927
0.538919
0.539083
0.539905
0.535305
0.530706
0.532513
0.533991
0.538919
0.541219
0.543518
0.545325
0.546804
0.548611
0.550253
0.548446
0.552553
0.553703
0.555510
0.557481
0.558795
0.559781
0.561752
0.565530
0.566515
0.566187
0.566680
0.568487
0.571115
0.573086
0.574400
0.581135
0.576864
0.580314
0.582449
0.583435
0.585077
0.587541
0.559616
0.554031
0.552553
0.556495
0.560109
0.582942
0.599697
0.601175
0.570129
0.604625
0.604953
0.605939
0.607253
0.608074
0.608403
0.609388
0.613495
0.612838
0.611524
0.611524
0.611688
0.613166
0.614973
0.615302
0.620723
0.618587
0.619244
0.620394
0.620887
0.621544
0.622365
0.623022
0.624665
0.623679
0.624501
0.625815
0.625815
0.625650
0.626308
0.627129
0.627622
0.628114
0.630086
0.631728
0.633042
0.632878
0.632550
0.633042
0.631728
0.632714
0.632385
0.631728
0.632878
0.633864
0.634028
0.644705
0.627293
0.632714
0.632385
0.631892
0.632878
0.634028
0.634685
0.637806
0.636492
0.639449
0.639777
0.639613
0.638299
0.638792
0.636985
0.644377
0.643719
0.644212
0.647498
0.648319
0.647826
0.647169
0.650290
0.642405
0.638299
0.641420
0.640927
0.641091
0.641748
0.641584
0.641256
0.642077
0.645691
0.644541
0.643719
0.643719
0.644541
0.645198
0.643555
0.644048
0.644869
0.645362
0.645526
0.645034
0.644869
0.625158
0.646019
0.645198
0.645691
0.647990
0.648647
0.648647
0.648647
0.649140
0.648155
0.647826
0.649304
0.648155
0.648483
0.648976
0.648976
0.648976
0.652097
0.649633
0.649469
0.650290
0.649962
0.650290
0.651111

Kurve 6

0.015574
0.026415
0.037914
0.054340
0.070109
0.084729
0.098856
0.112490
0.126123
0.138936
0.146821
0.165054
0.174581
0.185751
0.197250
0.208420
0.218933
0.241765
0.240944
0.251293
0.261313
0.270183
0.279382
0.288581
0.297451
0.306321
0.312235
0.322419
0.327347
0.335232
0.342788
0.350180
0.357243
0.364799
0.373341
0.379912
0.386482
0.392724
0.398966
0.404715
0.410465
0.410465
0.423441
0.427877
0.432147
0.437732
0.442332
0.447753
0.452023
0.456294
0.464179
0.467136
0.472064
0.476335
0.480441
0.484219
0.488162
0.490954
0.493089
0.496539
0.500317
0.503767
0.507052
0.510666
0.466807
0.517893
0.520357
0.523478
0.526764
0.529392
0.532349
0.535305
0.531034
0.541055
0.543190
0.545490
0.548446
0.550089
0.552553
0.554688
0.557317
0.559616
0.561259
0.563230
0.565037
0.566844
0.568322
0.584092
0.571443
0.572593
0.575878
0.574729
0.576864
0.579164
0.581135
0.582285
0.582942
0.588691
0.587705
0.590334
0.592141
0.593290
0.594112
0.595590
0.594276
0.594605
0.596411
0.597726
0.598875
0.600025
0.601504
0.605775
0.606103
0.605610
0.607253
0.608074
0.609388
0.610702
0.623187
0.612181
0.615302
0.614152
0.616452
0.617109
0.617766
0.618751
0.596083
0.618094
0.617437
0.618587
0.618916
0.613495
0.610867
0.609224
0.607910
0.584256
0.618587
0.612674
0.613331
0.613823
0.613659
0.613659
0.609717
0.608896
0.609553
0.610210
0.611195
0.612509
0.613823
0.657353
0.615302
0.618751
0.615795
0.617602
0.618094
0.618423
0.619737
0.616452
0.632385
0.627786
0.623844
0.629757
0.631564
0.631892
0.632550
0.632714
0.632550
0.590005
0.594933
0.624008
0.631071
0.631892
0.631892
0.638135
0.630414
0.637477
0.636820
0.636328
0.637149
0.638135
0.635671
0.637313
0.635999
0.636820
0.637970
0.638299
0.637970
0.638135
0.629921
0.640927
0.640106
0.629757
0.644869
0.640927
0.642570
0.643555
0.643884
0.644212
0.638792
0.642570
0.642241
0.643062
0.643391
0.643227
0.653247
0.635506
0.640270
0.639449
0.639120
0.639777
0.647662
0.647662
0.649304
0.648976
0.652754
0.641584
0.644869
0.644705
0.644705
0.645034
0.651440
0.650619
0.650619
0.649304
0.650783
0.650290
0.650783
0.651604
0.651933
0.644377
0.657846
0.652590
0.652425
0.652918
0.652754
0.652261
0.651111
0.653904
0.652918
0.652425
0.652425
0.657025
0.652590
0.652918
0.653247
0.662117
0.652754
0.653575
0.653575
0.652425

Kurve 7

0.015902
0.027072
0.032329
0.055818
0.070931
0.085550
0.099841
0.113804
0.127438
0.142386
0.150763
0.161276
0.178524
0.189037
0.201849
0.213183
0.223861
0.234374
0.246529
0.253264
0.264434
0.270183
0.284638
0.290552
0.299094
0.307471
0.315849
0.324226
0.329154
0.339831
0.346073
0.353794
0.361185
0.359543
0.375805
0.382047
0.388289
0.394531
0.400773
0.406687
0.410629
0.419335
0.423770
0.430833
0.430833
0.438390
0.443482
0.448081
0.453009
0.459087
0.463029
0.471899
0.471078
0.479784
0.483234
0.486847
0.490461
0.494404
0.508695
0.498182
0.504259
0.507545
0.510666
0.513951
0.517072
0.515758
0.518550
0.518715
0.515101
0.514772
0.517893
0.520357
0.521836
0.515758
0.508530
0.521343
0.525614
0.527913
0.530542
0.533170
0.535634
0.535141
0.540397
0.533663
0.539248
0.540726
0.528078
0.531034
0.534155
0.534484
0.507052
0.515265
0.517072
0.519536
0.522985
0.526435
0.515922
0.531691
0.534320
0.537605
0.539905
0.541876
0.541055
0.542040
0.530049
0.531199
0.534484
0.537112
0.539248
0.541547
0.543683
0.546147
0.552060
0.550089
0.552882
0.553374
0.554360
0.556167
0.558631
0.560766
0.562245
0.564051
0.567830
0.567830
0.569472
0.571608
0.574072
0.574564
0.577685
0.579164
0.581135
0.582285
0.584092
0.585570
0.587048
0.588855
0.588034
0.591155
0.591648
0.594112
0.595754
0.596576
0.597726
0.599368
0.595919
0.606760
0.603803
0.603311
0.604296
0.606267
0.607253
0.607417
0.609224
0.610867
0.611524
0.612181
0.613331
0.614645
0.615795
0.609388
0.616780
0.617930
0.618587
0.619901
0.620394
0.621380
0.622365
0.617766
0.624501
0.624829
0.625486
0.626308
0.627129
0.626636
0.632550
0.628114
0.630086
0.630250
0.630907
0.630907
0.631728
0.631892
0.631564
0.633207
0.633699
0.633864
0.634192
0.634356
0.635506
0.636163
0.628114
0.640106
0.635671
0.637806
0.638792
0.638792
0.638792
0.638956
0.617766
0.639120
0.639777
0.640763
0.641091
0.641584
0.641420
0.642241
0.642077
0.638135
0.639777
0.639449
0.639284
0.640598
0.642077
0.642077
0.653575
0.645855
0.645855
0.645855
0.644869
0.645691
0.646183
0.646841
0.647990
0.644377
0.642734
0.643884
0.643555
0.643227
0.643391
0.607089
0.642405
0.646019
0.645526
0.646019
0.646676
0.646841
0.646183
0.646183
0.654397
0.636820
0.640270
0.640434
0.640434
0.641256
0.642241
0.642570
0.650947
0.652261
0.652097
0.652425

Kurve 8

0.016067
0.026579
0.042020
0.057133
0.072409
0.083579
0.098691
0.115939
0.128095
0.141729
0.154213
0.166532
0.178688
0.171296
0.201849
0.213512
0.224518
0.234866
0.244886
0.257863
0.264598
0.273633
0.283489
0.292195
0.301065
0.309935
0.315520
0.325047
0.343609
0.337531
0.348209
0.353794
0.360364
0.367756
0.374655
0.374819
0.387960
0.390917
0.401102
0.406687
0.412600
0.418021
0.424099
0.429355
0.428205
0.441675
0.444796
0.448902
0.453830
0.458101
0.475513
0.466643
0.476992
0.479784
0.483726
0.487340
0.490133
0.521179
0.493582
0.497525
0.500153
0.505902
0.507216
0.510830
0.513951
0.517072
0.511816
0.524135
0.524300
0.529392
0.532677
0.535141
0.537769
0.540397
0.543518
0.532513
0.548446
0.550089
0.552553
0.554853
0.556824
0.559124
0.560766
0.564051
0.564709
0.567337
0.569308
0.571443
0.573250
0.578014
0.577685
0.577357
0.580806
0.580806
0.582285
0.584092
0.585406
0.586720
0.589184
0.586720
0.591648
0.591976
0.592962
0.594276
0.595754
0.596904
0.590991
0.590662
0.586556
0.589184
0.590498
0.592141
0.593455
0.597561
0.596083
0.596576
0.598218
0.599697
0.600518
0.601668
0.601504
0.602654
0.603968
0.604953
0.603639
0.604460
0.605282
0.606924
0.608074
0.605446
0.611195
0.608731
0.609553
0.610210
0.610210
0.601504
0.601996
0.600682
0.604953
0.605446
0.606267
0.607581
0.608567
0.607417
0.609060
0.608567
0.610702
0.612345
0.612838
0.613988
0.615466
0.616287
0.617273
0.620065
0.610210
0.611524
0.611852
0.612674
0.614809
0.616123
0.616780
0.626636
0.625815
0.626472
0.627457
0.628279
0.628114
0.629429
0.630414
0.631728
0.627950
0.630086
0.631071
0.632057
0.632221
0.632221
0.626472
0.620723
0.621215
0.622201
0.623351
0.624336
0.625486
0.626636
0.634685
0.626636
0.627786
0.628607
0.629100
0.630086
0.631235
0.625158
0.632385
0.632714
0.635342
0.637149
0.636985
0.635671
0.636163
0.637642
0.636820
0.641584
0.641748
0.642405
0.642734
0.642734
0.642734
0.656696
0.616944
0.616944
0.617930
0.618259
0.619573
0.620065
0.621051
0.625486
0.621708
0.621708
0.621380
0.622365
0.623022
0.624336
0.617602
0.624665
0.625322
0.625486
0.626308
0.627129
0.626965
0.627293
0.628279
0.594933
0.628607
0.628936
0.629593
0.630578
0.630907
0.630907
0.634192
0.632385
0.633699
0.634356
0.635506
0.635835
0.636492
0.637149
0.637970
0.641420
0.638135
0.640763

Kurve 9

0.014917
0.025758
0.040870
0.056475
0.072081
0.079144
0.105755
0.115282
0.129080
0.142057
0.155198
0.167518
0.179345
0.189037
0.194293
0.214498
0.225339
0.235523
0.245872
0.255728
0.265419
0.282667
0.282667
0.287102
0.294987
0.304022
0.312399
0.320941
0.328661
0.339667
0.348044
0.356257
0.362992
0.369234
0.375969
0.382047
0.387796
0.395024
0.400937
0.407344
0.412929
0.418678
0.423934
0.429191
0.434447
0.438882
0.443153
0.447588
0.451531
0.456459
0.460894
0.465329
0.469928
0.474692
0.480113
0.484383
0.487833
0.491775
0.495061
0.499167
0.502617
0.504752
0.511158
0.513130
0.516579
0.519372
0.522657
0.525449
0.523478
0.530213
0.533334
0.534812
0.537769
0.540562
0.542861
0.545490
0.543190
0.551732
0.552882
0.554853
0.557317
0.559616
0.561916
0.572100
0.567830
0.567994
0.569801
0.571772
0.573250
0.575057
0.577028
0.578178
0.580149
0.581299
0.582449
0.584092
0.585570
0.587048
0.588527
0.581463
0.591976
0.592305
0.593290
0.595097
0.596411
0.597397
0.598547
0.598711
0.600354
0.605775
0.604625
0.604789
0.606103
0.607089
0.611031
0.611852
0.609060
0.613495
0.612345
0.613659
0.614809
0.615302
0.616123
0.625322
0.616123
0.618094
0.619080
0.619901
0.620887
0.621708
0.621051
0.624993
0.622365
0.624665
0.625650
0.625979
0.626472
0.627129
0.626636
0.623679
0.629921
0.627129
0.629429
0.630743
0.631235
0.631564
0.631564
0.636985
0.627786
0.632550
0.632221
0.631892
0.633042
0.634849
0.635999
0.634685
0.638135
0.634849
0.635178
0.635178
0.636656
0.637149
0.638135
0.637806
0.638463
0.638956
0.639120
0.639613
0.640106
0.641913
0.646348
0.641091
0.641584
0.641748
0.642405
0.642734
0.642898
0.643062
0.644048
0.646348
0.644705
0.643719
0.644541
0.644705
0.645034
0.645362
0.650947
0.638463
0.641913
0.646348
0.647005
0.647333
0.648155
0.645526
0.642734
0.643884
0.644377
0.644869
0.644541
0.635342
0.649304
0.648812
0.647005
0.650454
0.646841
0.647169
0.633864
0.634685
0.637477
0.637477
0.637806
0.622694
0.625322
0.624993
0.625158
0.624336
0.625322
0.635835
0.623679
0.625650
0.626965
0.627457
0.628607
0.629100
0.619737
0.630250
0.633535
0.634521
0.635835
0.636163
0.631071
0.635671
0.636492
0.630414
0.644705
0.641913
0.643391
0.642405
0.642241
0.643062
0.640763
0.641091
0.648976
0.640434
0.642898
0.641748
0.641748
0.641913
0.642898
0.644377

Kurve 10

0.019023
0.024444
0.038735
0.054669
0.069124
0.082922
0.089164
0.109533
0.122510
0.134829
0.147314
0.158976
0.170311
0.178031
0.192650
0.197414
0.224353
0.230760
0.241273
0.250964
0.260163
0.268705
0.274783
0.279053
0.289731
0.297122
0.305007
0.313713
0.321926
0.330468
0.337860
0.349194
0.352644
0.359871
0.367099
0.374162
0.380569
0.383525
0.395352
0.395024
0.402744
0.408165
0.413750
0.419663
0.425248
0.433626
0.437568
0.444796
0.448738
0.453502
0.458265
0.462536
0.466643
0.471078
0.469928
0.479456
0.484383
0.486026
0.490625
0.494404
0.498017
0.501467
0.511980
0.508859
0.511980
0.516579
0.519207
0.522164
0.525285
0.527092
0.529556
0.532349
0.534648
0.537276
0.540069
0.542204
0.544833
0.550418
0.553210
0.550746
0.556167
0.558631
0.560766
0.562737
0.564873
0.567830
0.567501
0.570786
0.572757
0.574564
0.576043
0.578178
0.579821
0.591484
0.579328
0.584749
0.586227
0.587705
0.589184
0.590827
0.575057
0.596740
0.594769
0.596740
0.597561
0.598711
0.600025
0.600847
0.576207
0.604296
0.605117
0.606432
0.607581
0.608731
0.610045
0.610867
0.621872
0.612017
0.613166
0.614481
0.614809
0.616123
0.616944
0.617437
0.624829
0.619080
0.620558
0.621215
0.621872
0.622858
0.623679
0.624336
0.624008
0.625158
0.625979
0.626965
0.627457
0.628114
0.628607
0.629593
0.626143
0.628936
0.626800
0.626965
0.628279
0.628936
0.630086
0.641256
0.632385
0.636492
0.635014
0.635506
0.635835
0.636163
0.636492
0.637313
0.637806
0.639613
0.639777
0.639613
0.640270
0.641256
0.641091
0.635999
0.646019
0.640434
0.640598
0.640927
0.641420
0.641420
0.641748
0.641420
0.643391
0.643227
0.643719
0.644048
0.644377
0.644377
0.646841
0.658010
0.644212
0.643884
0.642570
0.633042
0.620723
0.618916
0.619244
0.621215
0.603803
0.604296
0.604789
0.606432
0.606596
0.607910
0.597397
0.609881
0.610702
0.611852
0.613002
0.613823
0.615138
0.615959
0.617437
0.614809
0.619244
0.620558
0.621215
0.622365
0.623351
0.634356
0.624172
0.625979
0.627457
0.625979
0.626636
0.627457
0.628771
0.629264
0.641420
0.630250
0.636985
0.636492
0.636163
0.637149
0.637970
0.625650
0.636985
0.636820
0.637642
0.638299
0.638463
0.638135
0.638792
0.641913
0.635014
0.642241
0.641584
0.642898
0.643884
0.644377
0.647826
0.643227
0.645362
0.641420
0.646348
0.645691
0.645526
0.645526
0.646348
0.646676

