Ladekurvenmessung
Zeit: 2016_06_21 16.28.06
Info: 2250rpm
Ladewiderstand[Ohm]: 199500
Störkapazität[pF]: 278.000000
Entladezeit[ms]: 100
Abtastrate[Hz]: 250000
Messzeit [ms]: 3.000000
Verzögerung[ms]: 0
Ladespannung[V]: 0.800000

Kurve 1

0.005389
0.014095
0.028058
0.041035
0.052369
0.064524
0.076680
0.086372
0.098199
0.108547
0.118896
0.129080
0.136144
0.149120
0.157826
0.166532
0.175238
0.181973
0.192322
0.200864
0.208091
0.216469
0.221889
0.230760
0.238316
0.245051
0.251950
0.258192
0.262463
0.272154
0.278725
0.284967
0.289566
0.298272
0.300408
0.305664
0.311249
0.321434
0.319462
0.329811
0.332111
0.335560
0.339995
0.350508
0.349523
0.350508
0.354943
0.358721
0.356586
0.370220
0.369234
0.374655
0.379747
0.382704
0.385989
0.389110
0.394202
0.397324
0.395845
0.403730
0.403401
0.407015
0.410465
0.412929
0.420813
0.416050
0.424099
0.424920
0.468614
0.429519
0.428698
0.430833
0.432969
0.435269
0.439539
0.427548
0.433462
0.435597
0.438061
0.440853
0.449559
0.446438
0.449067
0.451202
0.453502
0.454159
0.459744
0.460565
0.462372
0.457444
0.465493
0.466971
0.467957
0.470750
0.471899
0.472392
0.476992
0.475020
0.475677
0.477156
0.477977
0.477484
0.478634
0.478963
0.480277
0.487504
0.482412
0.487012
0.486683
0.487012
0.488819
0.487012
0.488819
0.490954
0.491775
0.492925
0.493089
0.477320
0.494404
0.495061
0.483726
0.499167
0.496210
0.497689
0.499660
0.500481
0.500646
0.503274
0.500974
0.499989
0.500974
0.502452
0.502617
0.503110
0.503931
0.499824
0.499496
0.497525
0.499660
0.498510
0.499003
0.499824
0.493746
0.503931
0.499496
0.501467
0.502288
0.503274
0.504095
0.502617
0.507545
0.508037
0.513787
0.517072
0.518879
0.518550
0.517565
0.516086
0.520522
0.501960
0.516743
0.508695
0.509516
0.509352
0.509352
0.510173
0.510337
0.515594
0.511651
0.513787
0.513951
0.514444
0.515265
0.515594
0.515922
0.515429
0.517072
0.517072
0.516908
0.517401
0.517565
0.514115
0.520522
0.519372
0.518715
0.519207
0.520029
0.520357
0.520522
0.520850
0.520522
0.525285
0.521671
0.520850
0.522000
0.521836
0.522328
0.522164
0.527256
0.522821
0.523807
0.523807
0.523643
0.524135
0.524628
0.522164
0.524464
0.524792
0.523971
0.524300
0.524464
0.524628
0.524957
0.527256
0.523807
0.525778
0.526764
0.526764
0.526928
0.527092
0.527585
0.529720
0.528406
0.527749
0.526599
0.526599
0.526599
0.526928
0.527749
0.528899
0.527092
0.532841
0.531199
0.530870
0.530870
0.531034
0.524300
0.531856
0.526764
0.528242
0.528242
0.527913
0.528078
0.528406
0.521014
0.529392
0.531199
0.531691
0.531199
0.531527
0.531856
0.532020
0.535470
0.530542
0.536619
0.532184
0.531691
0.531363
0.531691
0.531199
0.531363
0.531691
0.532349
0.531856
0.532349
0.533006
0.533006
0.533006
0.531199
0.533170
0.533170
0.533334
0.533334
0.533498
0.533334
0.533006
0.529063
0.533663
0.533991
0.533991
0.534320
0.534484
0.534484
0.535141
0.532841
0.535305
0.533170
0.533334
0.533170
0.533006
0.533170
0.533006
0.534320
0.534320
0.533991
0.534320
0.534320
0.534484
0.533991
0.532020
0.534648
0.534320
0.534977
0.534977
0.534484
0.534648
0.534484
0.528242
0.534812
0.534484
0.534977
0.535141
0.535470
0.535798
0.536127
0.540233
0.529720
0.537276
0.535798
0.535305
0.535470
0.535470
0.535470
0.538262
0.535798
0.535634
0.535634
0.535634
0.535962
0.536455
0.536291
0.537276
0.535798
0.535962
0.535962
0.535962
0.535962
0.535798
0.533006
0.532020
0.536619
0.536455
0.536455
0.536455
0.536619
0.536619
0.535798
0.539412
0.537276
0.536455
0.536948
0.536784
0.536291
0.536619
0.537276
0.535141
0.537112
0.536619
0.537112
0.537276
0.537276
0.537276
0.541383
0.537276
0.538262
0.538098
0.538098
0.537934
0.537769
0.535962
0.536948
0.537934
0.537441
0.537605
0.538098
0.538426
0.538755
0.537441
0.538426
0.536784
0.539576
0.536619
0.537276
0.537441
0.537112
0.537276
0.539740
0.538919
0.538755
0.538755
0.538591
0.538755
0.539248
0.538426
0.537934
0.539412
0.538591
0.538426
0.538262
0.538426
0.541055
0.546804
0.534320
0.538426
0.538919
0.538591
0.538919
0.539083
0.541055
0.540233
0.548611
0.537441
0.540397
0.539412
0.538919
0.539083
0.538919
0.545161
0.538426
0.538262
0.538098
0.538262
0.538591
0.538591
0.538262
0.539083
0.541383
0.540562
0.540233
0.540726
0.530049
0.543847
0.539905
0.530377
0.540726
0.539740
0.540397
0.541219
0.541055
0.542369
0.540562
0.539905
0.545161
0.530870
0.535305
0.537276
0.539740
0.540233
0.540069
0.536291
0.534812
0.533663
0.534155
0.534648
0.534977
0.531856
0.537276
0.538426
0.538098
0.538591
0.538098
0.534812
0.537934
0.538755
0.539083
0.538262
0.544504
0.544833
0.544833
0.541712
0.543190
0.537769
0.537934
0.538098
0.538755
0.538426
0.538426
0.538426
0.538426
0.538426
0.539248
0.539248
0.537441
0.538591
0.538426
0.538591
0.522985
0.539248
0.539248
0.539248
0.538426
0.523478
0.518386
0.519043
0.519700
0.519864
0.519043
0.519864
0.520522
0.521179
0.522000
0.524792
0.515429
0.517893
0.517236
0.517565
0.520357
0.526106
0.524300
0.524300
0.524628
0.560109
0.524464
0.524792
0.525614
0.526271
0.526599
0.527092
0.526764
0.527585
0.527913
0.528570
0.528735
0.528899
0.529556
0.530213
0.531363
0.504095
0.531527
0.531363
0.532020
0.533170
0.532841
0.532020
0.533334
0.532184
0.532184
0.539412
0.532677
0.533663
0.534155
0.533991
0.538262
0.529063
0.533991
0.531527
0.531034
0.532020
0.532677
0.536291
0.532020
0.533006
0.529720
0.524628
0.534484
0.530213
0.532677
0.533991
0.533827
0.536784
0.530542
0.533334
0.534484
0.534155
0.536619
0.535798
0.534320
0.534484
0.533663
0.537769
0.536291
0.535962
0.536291
0.536291
0.535962
0.536784
0.536948
0.536619
0.536948
0.537276
0.535962
0.536619
0.536948
0.537112
0.530706
0.537441
0.536619
0.537276
0.538426
0.538262
0.537441
0.537605
0.538426
0.538426
0.538262
0.542369
0.536291
0.534977
0.535141
0.534977
0.534812
0.536127
0.529392
0.529228
0.529063
0.578507
0.542697
0.534812
0.534977
0.534320
0.534648
0.517893
0.536948
0.536784
0.538262
0.534648
0.534812
0.535470
0.535634
0.535962
0.535634
0.533991
0.542697
0.539576
0.539576
0.539905
0.540562
0.535305
0.535798
0.535634
0.535470
0.535470
0.535962
0.534648
0.535470
0.535634
0.537276
0.535962
0.535634
0.535634
0.535798
0.536291
0.536948
0.537441
0.535962
0.537934
0.538098
0.535798
0.536948
0.537605
0.537605
0.537605
0.522000
0.537605
0.538098
0.538098
0.539083
0.538262
0.539083
0.538591
0.538591
0.538262
0.538591
0.539412
0.562409
0.538591
0.540233
0.545161
0.538755
0.538591
0.537769
0.537276
0.537112
0.537605
0.538591
0.539576
0.536291
0.541383
0.540069
0.540069
0.540069
0.539905
0.539576
0.523478
0.540233
0.540233
0.539905
0.541055
0.540562
0.561259
0.540233
0.540562
0.540397
0.540233
0.540562
0.541219
0.542533
0.540562
0.541383
0.536127
0.537441
0.535634
0.535634
0.535634
0.535962
0.530049
0.541219
0.539740
0.549432
0.545654
0.545818
0.546147
0.545490
0.545325
0.533498
0.542204
0.539083
0.540562
0.540562
0.540890
0.541712
0.540726
0.543518
0.541383
0.541383
0.540890
0.541876
0.542204
0.543683
0.541383
0.540233
0.545654
0.543026
0.543026
0.542861
0.543190
0.543518
0.538262
0.541219
0.541712
0.542533
0.542533
0.542533
0.542697
0.542697
0.541383
0.543683
0.539576
0.540397
0.541547

Kurve 2

0.012124
0.022144
0.033971
0.052040
0.055818
0.069945
0.080294
0.092942
0.103784
0.113968
0.123988
0.134172
0.144193
0.158812
0.162590
0.170968
0.179345
0.188051
0.196921
0.206941
0.210555
0.220247
0.228132
0.235688
0.242094
0.250471
0.256549
0.265419
0.241108
0.275768
0.282996
0.289731
0.296630
0.301722
0.305500
0.309771
0.316834
0.319462
0.324062
0.330797
0.335067
0.339010
0.343609
0.348044
0.360200
0.356586
0.365949
0.369070
0.372191
0.376133
0.374491
0.379254
0.384675
0.388125
0.392067
0.395024
0.382211
0.400116
0.402580
0.400773
0.418185
0.416542
0.419992
0.423934
0.425248
0.426727
0.426727
0.427712
0.434119
0.428862
0.435269
0.436090
0.437732
0.439704
0.442168
0.453830
0.445617
0.450217
0.450545
0.451859
0.453995
0.441511
0.457608
0.458923
0.461058
0.463193
0.464672
0.465329
0.461386
0.468943
0.466643
0.472721
0.472885
0.474035
0.476006
0.477156
0.477977
0.486847
0.477977
0.517072
0.490461
0.483398
0.484219
0.485040
0.486847
0.487504
0.506723
0.488983
0.489968
0.490790
0.490790
0.491775
0.493254
0.495718
0.495553
0.496703
0.497032
0.497196
0.496375
0.494568
0.492597
0.491775
0.491940
0.491611
0.493418
0.494732
0.495553
0.496210
0.496868
0.497525
0.500153
0.499660
0.499660
0.500317
0.500810
0.501467
0.502288
0.515101
0.502124
0.504095
0.503438
0.503438
0.504259
0.505902
0.504752
0.511651
0.508366
0.509680
0.510501
0.510501
0.510501
0.510994
0.512473
0.512144
0.512801
0.513458
0.514279
0.514608
0.514608
0.515922
0.553374
0.516579
0.517072
0.517565
0.517401
0.517893
0.518058
0.518550
0.523643
0.558795
0.556988
0.553210
0.519043
0.519207
0.519864
0.512308
0.520850
0.521014
0.521179
0.521671
0.521836
0.522164
0.522328
0.507709
0.523478
0.523478
0.526106
0.526106
0.526435
0.526764
0.527421
0.536455
0.524957
0.526764
0.526764
0.527256
0.527421
0.527749
0.527913
0.528406
0.527913
0.529063
0.528406
0.528899
0.529885
0.530049
0.530213
0.528406
0.539740
0.537112
0.536455
0.536127
0.535141
0.534977
0.534648
0.522328
0.530049
0.532184
0.532020
0.532677
0.533006
0.533170
0.540562
0.528735
0.528570
0.526435
0.527092
0.527092
0.527421
0.527749
0.528406
0.533170
0.537934
0.537605
0.538098
0.537769
0.537605
0.537605
0.514279
0.500974
0.500153
0.501960
0.536291
0.536455
0.536784
0.536948
0.534155
0.536291
0.536784
0.537605
0.537605
0.538098
0.538262
0.552060
0.541383
0.537276
0.538098
0.538426
0.537769
0.537769
0.537934
0.538098
0.542204
0.539248
0.538262
0.538591
0.538426
0.538755
0.539412
0.533334
0.541383
0.538919
0.539905
0.539740
0.540069
0.539576
0.539412
0.533006
0.537769
0.541547
0.541383
0.541547
0.541383
0.541547
0.542040
0.540069
0.543190
0.541876
0.541383
0.541383
0.540890
0.540726
0.541055
0.543190
0.537276
0.545982
0.544504
0.544504
0.544504
0.544997
0.544833
0.543847
0.539576
0.540726
0.540890
0.540890
0.540726
0.540890
0.542533
0.540726
0.543518
0.541876
0.542533
0.542697
0.542697
0.542861
0.542040
0.545654
0.541547
0.545982
0.544504
0.544997
0.544997
0.544668
0.544504
0.542204
0.544997
0.545490
0.546147
0.546311
0.546147
0.546475
0.542204
0.542040
0.542204
0.541876
0.542369
0.542369
0.540890
0.543354
0.542369
0.541547
0.542369
0.542861
0.542533
0.542533
0.542697
0.544504
0.542861
0.547132
0.542204
0.542369
0.542204
0.542040
0.542369
0.542040
0.546968
0.540233
0.545325
0.544997
0.544833
0.544833
0.544833
0.542533
0.541547
0.541383
0.540397
0.540562
0.540562
0.527256
0.544340
0.544011
0.520522
0.542697
0.542861
0.542861
0.543026
0.543190
0.544504
0.543683
0.545490
0.545490
0.528899
0.532677
0.533170
0.532841
0.533170
0.535305
0.542369
0.544833
0.543026
0.543190
0.543683
0.543354
0.540397
0.544668
0.544833
0.544668
0.544504
0.544668
0.542533
0.544176
0.545654
0.545325
0.546147
0.542697
0.545325
0.544997
0.544997
0.565530
0.541219
0.545325
0.544833
0.545982
0.544833
0.544833
0.544668
0.544668
0.544504
0.544997
0.546147
0.546147
0.547132
0.546804
0.546968
0.529885
0.545818
0.545654
0.545161
0.545490
0.545490
0.545654
0.544997
0.545654
0.545818
0.544504
0.545325
0.545982
0.545982
0.545982
0.554853
0.544833
0.546311
0.544997
0.544833
0.545325
0.546311
0.546311
0.546147
0.546147
0.534648
0.532513
0.532513
0.533170
0.533991
0.533827
0.532513
0.535798
0.534977
0.536784
0.536948
0.535798
0.536948
0.536455
0.536619
0.536948
0.505573
0.500481
0.535962
0.535634
0.534977
0.530542
0.529228
0.530049
0.529720
0.527749
0.553374
0.527421
0.527585
0.528078
0.528570
0.534155
0.527256
0.532349
0.530542
0.530706
0.531199
0.531527
0.530706
0.531199
0.531527
0.531856
0.527913
0.530049
0.530049
0.530377
0.531034
0.531856
0.538919
0.532184
0.534977
0.535798
0.534812
0.537112
0.535798
0.534648
0.533991
0.533006
0.536455
0.533827
0.533498
0.534484
0.534648
0.533991
0.539905
0.538591
0.524135
0.518879
0.519372
0.516908
0.518058
0.519700
0.520029
0.509844
0.523643
0.521671
0.522657
0.523971
0.524135
0.526106
0.532020
0.533663
0.533498
0.533663
0.530377
0.527585
0.527585
0.528406
0.529063
0.529556
0.535962
0.514115
0.516415
0.516579
0.521179
0.521671
0.522328
0.522328
0.522657
0.523643
0.518058
0.535798
0.530870
0.532184
0.527256
0.526271
0.527585
0.528242
0.528735
0.528735
0.526599
0.531527
0.530377
0.530870
0.531034
0.534977
0.531199
0.532184
0.532513
0.533334
0.533170
0.533663
0.533170
0.534484
0.532349
0.536291
0.535141
0.535305
0.535305
0.534320
0.533663
0.533663
0.538426
0.538755
0.535798
0.536291
0.532677
0.535141
0.535634
0.536291
0.536291
0.525121
0.537112
0.517236
0.518222
0.519372
0.520029
0.523314
0.524300
0.524135
0.524628
0.525614
0.526106
0.531199
0.526435
0.528406
0.537605
0.528406
0.529063
0.529556
0.530213
0.530213
0.531363
0.530377
0.530049
0.523971
0.537276
0.530870
0.532020
0.533006
0.532677
0.533006
0.526106
0.536619
0.530049
0.531199
0.532020
0.519207
0.529228
0.516908
0.522328
0.521507
0.520686
0.521343
0.522000
0.524628
0.519043
0.531856
0.523150
0.528899
0.527585
0.527421
0.527913
0.528242
0.517565
0.526435
0.524628
0.539083
0.537276
0.536948
0.537276
0.536948
0.537441
0.515265
0.529392
0.529885
0.530377
0.530706
0.531034
0.532841
0.531363
0.532841
0.532677
0.533170
0.533663
0.533827
0.534320
0.535634
0.536784
0.533170
0.536291
0.535962
0.535798
0.536784
0.537276
0.537441
0.538426
0.536455
0.541219
0.541547
0.542040
0.540890
0.540562
0.540890
0.514444
0.540562
0.538262
0.539248
0.540397
0.541219
0.541547
0.550089
0.541547
0.540890
0.540397
0.539576
0.540397
0.536619
0.536455
0.535470
0.536291
0.537441
0.537276
0.536948
0.537441
0.538426
0.538591
0.536619
0.540397
0.536948
0.539083
0.540397
0.540562
0.540069
0.540562
0.527256
0.541712
0.538591
0.539905
0.524135
0.523971
0.524135
0.539083
0.525285
0.527749
0.527421
0.527421
0.528242
0.529063
0.530049
0.535305
0.530377
0.531691
0.531034
0.530049
0.530377
0.531527
0.532184
0.511158
0.534648
0.534155
0.534648
0.535470
0.535305
0.534977
0.535305
0.533991
0.537112
0.536784
0.536948

Kurve 3

0.013767
0.023294
0.036600
0.049084
0.060418
0.072902
0.081115
0.096556
0.107397
0.116925
0.128259
0.138279
0.148628
0.156512
0.163740
0.173103
0.180166
0.187558
0.196264
0.205299
0.213512
0.219097
0.230760
0.232238
0.240780
0.249486
0.255728
0.261970
0.269033
0.269690
0.285295
0.291045
0.296958
0.302543
0.308292
0.312892
0.318970
0.328825
0.330140
0.333261
0.337696
0.342788
0.347552
0.351822
0.356093
0.360528
0.366113
0.366442
0.369399
0.372520
0.376955
0.381554
0.381226
0.389767
0.393217
0.396666
0.401430
0.404058
0.406194
0.409151
0.403730
0.423441
0.421963
0.425413
0.428534
0.430505
0.431983
0.433954
0.432969
0.434611
0.437404
0.440032
0.441675
0.444467
0.447096
0.448902
0.447753
0.449724
0.451859
0.453502
0.455144
0.456787
0.456623
0.413914
0.457116
0.457280
0.459415
0.461058
0.462865
0.463850
0.465329
0.467629
0.468943
0.468286
0.472885
0.474199
0.475513
0.476170
0.476992
0.481098
0.469600
0.475513
0.476499
0.477813
0.479948
0.481755
0.483069
0.487340
0.489147
0.490133
0.490461
0.491611
0.492597
0.493746
0.491775
0.495553
0.497689
0.497032
0.498182
0.499167
0.490297
0.490297
0.491283
0.489147
0.492597
0.494404
0.495389
0.496210
0.496375
0.496539
0.505409
0.496046
0.497853
0.499167
0.499989
0.501138
0.501960
0.508695
0.502288
0.506723
0.504259
0.505081
0.506231
0.506395
0.507380
0.500317
0.511487
0.498839
0.510830
0.510501
0.512144
0.512965
0.513294
0.513951
0.510830
0.508202
0.507052
0.509187
0.510501
0.510994
0.510666
0.533006
0.516743
0.517236
0.518222
0.517893
0.518715
0.519372
0.523807
0.519207
0.523807
0.517893
0.519536
0.518386
0.518222
0.518715
0.514444
0.524464
0.520686
0.521343
0.522328
0.522821
0.523478
0.523478
0.523807
0.524135
0.523971
0.524464
0.524957
0.525285
0.524957
0.525285
0.526599
0.522000
0.523643
0.522164
0.523314
0.523971
0.524792
0.539905
0.525942
0.528242
0.531527
0.519864
0.521836
0.528242
0.528078
0.528406
0.531691
0.529720
0.531856
0.530542
0.529392
0.532020
0.531856
0.531856
0.532020
0.528735
0.535141
0.530542
0.530870
0.531199
0.531363
0.531527
0.532184
0.533827
0.533663
0.533827
0.533991
0.534320
0.533498
0.535470
0.533170
0.541055
0.533827
0.534977
0.535305
0.534977
0.535470
0.535141
0.532841
0.533006
0.519700
0.537112
0.537112
0.537441
0.537605
0.537769
0.536948
0.538426
0.538098
0.537605
0.537276
0.537276
0.536127
0.537276
0.537112
0.534648
0.533827
0.533663
0.541055
0.570951
0.567337
0.564051
0.563066
0.528406
0.529063
0.529063
0.529228
0.529392
0.527585
0.530049
0.531034
0.530542
0.495553
0.500153
0.532677
0.533498
0.534155
0.534155
0.535141
0.534155
0.534484
0.534977
0.534812
0.534977
0.541055
0.535305
0.534320
0.534977
0.534977
0.539576
0.530542
0.530870
0.531527
0.531691
0.534977
0.532020
0.532513
0.533334
0.533663
0.505738
0.533991
0.529063
0.526764
0.522000
0.522985
0.526599
0.527421
0.527749
0.528406
0.526928
0.539905
0.537276
0.536291
0.536455
0.536619
0.538755
0.527913
0.529885
0.530542
0.531034
0.531691
0.531691
0.531034
0.531691
0.531691
0.535141
0.527421
0.531856
0.532349
0.532349
0.531363
0.534648
0.533991
0.534320
0.534484
0.534977
0.535470
0.534648
0.536291
0.536291
0.509516
0.536784
0.536784
0.536784
0.536619
0.536619
0.536948
0.535962
0.537441
0.537605
0.537441
0.537441
0.537769
0.537934
0.537769
0.538098
0.541055
0.537112
0.538262
0.538098
0.538591
0.538262
0.537934
0.538426
0.538919
0.538098
0.538098
0.522985
0.540069
0.539576
0.539576
0.539083
0.541055
0.540069
0.541219
0.541219
0.541055
0.540726
0.540562
0.540233
0.539905
0.547954
0.539740
0.539740
0.540233
0.540562
0.540397
0.540726
0.539576
0.540233
0.540233
0.540233
0.540233
0.538919
0.540726
0.540890
0.540890
0.541055
0.541219
0.539083
0.541712
0.541712
0.541055
0.542204
0.541876
0.542204
0.542204
0.542040
0.542204
0.544668
0.542204
0.542369
0.544340
0.542204
0.542369
0.542369
0.542533
0.542861
0.542533
0.542040
0.543518
0.541055
0.541876
0.542040
0.535798
0.543847
0.543190
0.543026
0.543190
0.543026
0.543026
0.543190
0.543354
0.545982
0.543354
0.543683
0.545818
0.545325
0.545490
0.545490
0.545818
0.543190
0.546968
0.548939
0.544011
0.543683
0.543683
0.537605
0.532349
0.532677
0.534155
0.523314
0.525778
0.527585
0.529392
0.530213
0.534484
0.534812
0.535962
0.536291
0.536291
0.536291
0.536619
0.537769
0.537112
0.535634
0.539576
0.537441
0.537112
0.537605
0.537769
0.537769
0.538919
0.540890
0.538919
0.539740
0.539740
0.539576
0.539905
0.540233
0.540397
0.542369
0.535798
0.540069
0.541383
0.541547
0.541547
0.538098
0.542204
0.538755
0.538755
0.539248
0.539576
0.539576
0.536291
0.541712
0.509516
0.541383
0.538755
0.536948
0.533170
0.527256
0.527421
0.531527
0.528406
0.526106
0.533006
0.531199
0.531034
0.531034
0.531363
0.531199
0.532677
0.531856
0.530870
0.531034
0.531363
0.532184
0.528735
0.535962
0.532020
0.533663
0.534320
0.534155
0.533991
0.533991
0.533334
0.532513
0.534812
0.534320
0.536455
0.537112
0.536291
0.535798
0.536455
0.544340
0.533827
0.536455
0.535305
0.534648
0.535141
0.535141
0.535470
0.540397
0.537934
0.537934
0.538262
0.538262
0.538262
0.538591
0.536948
0.538426
0.539576
0.539905
0.539905
0.539412
0.539083
0.539412
0.538098
0.543026
0.541876
0.544011
0.544833
0.544340
0.543683
0.543683
0.542369
0.541219
0.537769
0.537112
0.536127
0.537276
0.538098
0.537605
0.558138
0.542369
0.542369
0.542533
0.541876
0.542204
0.543190
0.537605
0.544176
0.542861
0.544176
0.544668
0.544011
0.543190
0.543026
0.544176
0.545818
0.536291
0.541219
0.543683
0.544504
0.526271
0.527421
0.533827
0.528735
0.530049
0.529063
0.528406
0.529228
0.530542
0.531856
0.542861
0.529063
0.533006
0.533663
0.533006
0.533663
0.534484
0.535305
0.534484
0.534812
0.537112
0.536948
0.537441
0.536619
0.536455
0.536784
0.536455
0.538098
0.534648
0.536948
0.538426
0.538262
0.538098
0.540397
0.541055
0.541055
0.539083
0.538426
0.538919
0.539740
0.540069
0.539576
0.539576
0.541547
0.541383
0.541219
0.541219
0.541876
0.541876
0.539576
0.541055
0.542040
0.542533
0.542204
0.541547
0.541055
0.541547
0.543190
0.542697
0.539905
0.541712
0.542697
0.542369
0.541876
0.545490
0.542861
0.540562
0.542204
0.539576
0.539740
0.540069
0.540562
0.540562
0.548939
0.544504
0.547461
0.547461
0.546639
0.546804
0.546804
0.542204
0.543683
0.545490
0.545654
0.545325
0.544668
0.543847
0.538591
0.546968
0.542697
0.544504
0.542697
0.543354
0.544176
0.543683
0.549596
0.544833
0.545982
0.544997
0.544833
0.544997
0.545325
0.544997
0.544833
0.549925
0.536127
0.533334
0.531363
0.526764
0.527092
0.527256
0.523150
0.532020
0.526928
0.528078
0.529392
0.529063
0.529228
0.528078
0.531034
0.532513
0.533827
0.531363
0.532184
0.532841
0.533006
0.540397
0.531527
0.535141
0.538098
0.535470
0.534484
0.534812
0.534977
0.534977
0.535305
0.535634
0.539905
0.539083
0.538591
0.538919
0.539083
0.524300
0.539083
0.533663
0.535470
0.536948
0.536948
0.536291
0.537112
0.538426
0.539248
0.538426

Kurve 4

0.007689
0.019352
0.032329
0.044484
0.056640
0.068631
0.084236
0.090807
0.106905
0.112161
0.123331
0.133680
0.143371
0.152899
0.162262
0.179345
0.179674
0.188872
0.197578
0.204642
0.213019
0.221725
0.224846
0.236016
0.243244
0.250143
0.257206
0.263613
0.269690
0.272647
0.286117
0.293344
0.295151
0.299751
0.305171
0.311413
0.316998
0.327676
0.320119
0.330961
0.347716
0.338188
0.347223
0.351330
0.354451
0.358393
0.362992
0.365456
0.369891
0.373505
0.376955
0.381061
0.384018
0.379747
0.394038
0.389932
0.394531
0.399459
0.402908
0.397324
0.410465
0.411943
0.415393
0.416378
0.419335
0.423113
0.426398
0.429191
0.432312
0.430669
0.434940
0.435104
0.440196
0.441511
0.442660
0.445124
0.445946
0.448245
0.452352
0.449559
0.454159
0.455802
0.457280
0.459251
0.461386
0.462865
0.463029
0.466643
0.468778
0.470092
0.464836
0.476827
0.472721
0.475349
0.471735
0.475677
0.477320
0.478470
0.479620
0.480441
0.481098
0.486683
0.487012
0.487997
0.485205
0.490625
0.490133
0.490954
0.490133
0.509516
0.489968
0.496868
0.495718
0.495553
0.496868
0.498182
0.496046
0.494239
0.495718
0.496868
0.497853
0.497853
0.499003
0.502124
0.503274
0.502617
0.503767
0.503438
0.504095
0.504916
0.505409
0.506723
0.505573
0.504259
0.504588
0.513622
0.504916
0.512144
0.510337
0.510009
0.510337
0.508202
0.510666
0.509352
0.502781
0.501795
0.503438
0.496046
0.510009
0.505738
0.495882
0.497689
0.496375
0.493582
0.498346
0.499989
0.501138
0.500974
0.500810
0.502617
0.503274
0.503767
0.509516
0.504752
0.511158
0.510666
0.509023
0.512308
0.500810
0.509023
0.508695
0.508695
0.511651
0.513458
0.511487
0.511816
0.512144
0.513787
0.505081
0.515101
0.515758
0.517401
0.514115
0.517072
0.516743
0.517236
0.518222
0.518386
0.516743
0.530213
0.528078
0.526106
0.526106
0.528899
0.518715
0.525778
0.524300
0.523478
0.523807
0.520357
0.520357
0.519043
0.517729
0.528570
0.520850
0.524957
0.524300
0.523807
0.524464
0.524792
0.521671
0.520686
0.521507
0.519536
0.524957
0.520850
0.521836
0.522493
0.522985
0.520193
0.526435
0.522493
0.522821
0.523807
0.524300
0.526435
0.527585
0.526599
0.527256
0.527913
0.528078
0.527092
0.529228
0.528899
0.535962
0.519207
0.524300
0.524300
0.525449
0.526435
0.526764
0.530213
0.530213
0.532513
0.528242
0.530706
0.530706
0.530213
0.530542
0.530542
0.513951
0.532513
0.532020
0.532677
0.532349
0.532349
0.535798
0.533170
0.532677
0.532841
0.533006
0.532513
0.539576
0.531856
0.532677
0.533006
0.532349
0.533170
0.533827
0.533827
0.533991
0.534812
0.530706
0.534977
0.535305
0.535634
0.534977
0.535470
0.535798
0.535962
0.535962
0.536291
0.537605
0.536455
0.537112
0.536948
0.537276
0.542861
0.532184
0.537605
0.536455
0.536948
0.537441
0.537769
0.540562
0.532020
0.535962
0.537441
0.538426
0.536127
0.536784
0.536784
0.537769
0.537112
0.543847
0.542204
0.539740
0.538919
0.539576
0.539905
0.539412
0.539576
0.538919
0.540233
0.539248
0.541219
0.540890
0.540233
0.540233
0.539740
0.541055
0.540890
0.541219
0.541383
0.540562
0.540890
0.540397
0.542533
0.540069
0.540397
0.540397
0.540233
0.540562
0.540233
0.540397
0.540397
0.537441
0.544176
0.537112
0.524135
0.525121
0.525778
0.526599
0.525449
0.527585
0.532184
0.533170
0.532020
0.530542
0.531034
0.538426
0.530377
0.531363
0.531856
0.532184
0.532349
0.533006
0.533334
0.531691
0.538919
0.532020
0.533827
0.534812
0.534648
0.534812
0.534812
0.529556
0.533498
0.535798
0.536127
0.535962
0.536619
0.536619
0.537112
0.537605
0.538426
0.535305
0.536948
0.536619
0.537112
0.537934
0.531856
0.518550
0.523807
0.523150
0.523971
0.524957
0.525942
0.526435
0.552224
0.527092
0.526435
0.526599
0.527585
0.527092
0.528078
0.528570
0.528899
0.528570
0.527256
0.530870
0.530870
0.531363
0.532020
0.532513
0.532677
0.532020
0.535141
0.535141
0.534812
0.534812
0.534977
0.525449
0.525285
0.523643
0.523807
0.524628
0.524792
0.525778
0.526599
0.526764
0.531034
0.527421
0.526764
0.526106
0.525285
0.524792
0.524464
0.525614
0.525778
0.526271
0.527256
0.527421
0.528242
0.527585
0.525285
0.524300
0.522164
0.523150
0.524464
0.522328
0.519372
0.520029
0.520193
0.527749
0.520850
0.522000
0.522328
0.522985
0.523807
0.524135
0.524464
0.528242
0.524957
0.526764
0.526106
0.525942
0.526435
0.526599
0.527092
0.525285
0.533170
0.529885
0.530049
0.530706
0.530542
0.530870
0.530870
0.522821
0.537769
0.531691
0.532349
0.532677
0.533006
0.533170
0.533663
0.538919
0.533827
0.532841
0.533991
0.534648
0.534977
0.535470
0.547461
0.550418
0.535798
0.541876
0.540562
0.540233
0.539083
0.537934
0.538262
0.533170
0.538262
0.536784
0.536619
0.536948
0.537605
0.538262
0.537934
0.540726
0.538591
0.540562
0.540890
0.540562
0.540069
0.540233
0.540562
0.540890
0.541219
0.541055
0.541055
0.539248
0.522657
0.527092
0.524135
0.528406
0.527092
0.526271
0.527092
0.527092
0.527913
0.525121
0.527913
0.529885
0.528242
0.529063
0.530377
0.530706
0.530542
0.531363
0.528078
0.530213
0.529063
0.529556
0.530213
0.530706
0.530870
0.537276
0.536455
0.534977
0.535798
0.535634
0.535798
0.536127
0.543518
0.536619
0.550746
0.531199
0.535305
0.536127
0.536291
0.534484
0.531034
0.531691
0.530213
0.539740
0.529720
0.527092
0.525449
0.524464
0.522000
0.516086
0.522164
0.518715
0.519700
0.521014
0.521507
0.521179
0.531691
0.523643
0.523807
0.524464
0.524300
0.525449
0.526599
0.528570
0.523478
0.521836
0.514772
0.517893
0.516908
0.517072
0.517893
0.518715
0.523478
0.524464
0.522164
0.525121
0.526106
0.525778
0.527092
0.527913
0.527749
0.528735
0.523314
0.525778
0.526435
0.526599
0.526928
0.537276
0.531527
0.532184
0.532677
0.532677
0.533170
0.546475
0.533498
0.534648
0.535141
0.542861
0.534320
0.534320
0.534155
0.533991
0.518550
0.538426
0.537934
0.538262
0.537605
0.538919
0.538919
0.539083
0.539576
0.539248
0.535962
0.549432
0.544997
0.542369
0.540562
0.540069
0.548118
0.536619
0.545161
0.543190
0.542040
0.542697
0.543847
0.541055
0.540562
0.540397
0.544668
0.540726
0.545161
0.528735
0.527913
0.528570
0.528735
0.528242
0.530377
0.526599
0.531034
0.530049
0.532349
0.532841
0.531199
0.525778
0.539248
0.534320
0.536127
0.536948
0.536784
0.536455
0.533334
0.534484
0.534648
0.534648
0.534977
0.536619
0.536784
0.535798
0.535962
0.545490
0.536127
0.537441
0.537769
0.537441
0.538426
0.525285
0.535798
0.535634
0.536127
0.533498
0.539740
0.535798
0.537112
0.538426
0.538098
0.541712
0.540726
0.541383
0.541712
0.541547
0.541219
0.542697
0.543026
0.540726
0.540069
0.539905
0.541383
0.544176
0.542861
0.542533
0.542697
0.540562
0.541712
0.540890
0.542040
0.543190
0.541219
0.543354
0.539576
0.540069
0.541219
0.495718
0.545325
0.545654
0.545818
0.545982
0.546147
0.553703
0.553374
0.553539
0.553539
0.552882
0.546475
0.544504
0.543518
0.542533
0.546804
0.517729
0.518550
0.518879
0.518879
0.519700
0.522164
0.522328
0.522164
0.522164
0.522821
0.518058
0.527092
0.521179
0.522985
0.524464
0.524957
0.528406
0.524464
0.527585
0.528242

Kurve 5

0.007853
0.017709
0.030357
0.043499
0.056804
0.068631
0.080622
0.099020
0.100334
0.114132
0.123824
0.139265
0.141236
0.153227
0.162097
0.170311
0.179509
0.193472
0.197743
0.205627
0.213512
0.221561
0.229610
0.233388
0.206120
0.212691
0.234538
0.266241
0.272483
0.278068
0.284967
0.291209
0.297287
0.300901
0.311578
0.311742
0.318148
0.324555
0.319627
0.322748
0.330140
0.332603
0.337367
0.344759
0.347880
0.351822
0.356257
0.360364
0.374655
0.367756
0.374327
0.376626
0.379912
0.383690
0.387960
0.390260
0.392724
0.396338
0.399459
0.402908
0.406522
0.408493
0.411943
0.414571
0.412764
0.420813
0.418185
0.423277
0.426891
0.428698
0.432969
0.436911
0.440032
0.442332
0.443810
0.442825
0.447096
0.445617
0.446274
0.448245
0.451531
0.457444
0.457280
0.458101
0.460072
0.462701
0.461222
0.464343
0.465986
0.467957
0.462536
0.471407
0.472064
0.473213
0.474528
0.475677
0.478141
0.474199
0.477649
0.479620
0.480605
0.487176
0.484055
0.490625
0.491118
0.490790
0.496868
0.479291
0.483562
0.483234
0.487340
0.494075
0.495061
0.495882
0.496868
0.497525
0.498674
0.497360
0.499989
0.501138
0.502945
0.499331
0.502945
0.501960
0.503274
0.505409
0.505902
0.504752
0.506723
0.509023
0.509844
0.509680
0.519207
0.508530
0.516415
0.514772
0.514444
0.514937
0.554196
0.513294
0.512965
0.513787
0.516743
0.515429
0.514115
0.514115
0.513787
0.514937
0.514937
0.518879
0.517893
0.520522
0.518058
0.518550
0.517893
0.518715
0.520029
0.520850
0.517236
0.520522
0.519536
0.520522
0.521343
0.521179
0.521343
0.523971
0.523643
0.523807
0.523807
0.524464
0.524957
0.524464
0.523150
0.533498
0.524135
0.528406
0.526928
0.525449
0.525942
0.526599
0.526106
0.525285
0.528570
0.527749
0.526435
0.526599
0.527585
0.528078
0.528078
0.520029
0.528570
0.528406
0.528570
0.529228
0.528735
0.539740
0.529720
0.529063
0.529392
0.529063
0.529885
0.530706
0.529556
0.530706
0.537605
0.529720
0.533006
0.531856
0.531199
0.531363
0.532020
0.494239
0.532677
0.531363
0.534320
0.529228
0.531527
0.532349
0.532677
0.532841
0.531034
0.535634
0.532020
0.534320
0.534320
0.534977
0.544340
0.536127
0.536455
0.536948
0.537276
0.537605
0.537769
0.545818
0.536127
0.539740
0.576043
0.557317
0.521343
0.521507
0.521836
0.522657
0.521836
0.524300
0.520357
0.524300
0.524792
0.524464
0.524957
0.525614
0.526271
0.523971
0.532020
0.526435
0.527749
0.527913
0.522328
0.517893
0.516251
0.515265
0.515758
0.516579
0.517072
0.517729
0.518386
0.534484
0.519043
0.518550
0.521671
0.520357
0.520850
0.521507
0.522000
0.522328
0.521179
0.522000
0.522328
0.518879
0.519207
0.519372
0.520193
0.520686
0.513130
0.522328
0.517893
0.519864
0.520522
0.520686
0.521179
0.529392
0.524464
0.526599
0.524792
0.525449
0.525285
0.526435
0.526764
0.527421
0.527749
0.528078
0.527092
0.527749
0.528078
0.528406
0.528899
0.494239
0.529720
0.529720
0.531034
0.531034
0.531034
0.531691
0.531691
0.530706
0.531856
0.531199
0.532677
0.532349
0.532677
0.532841
0.536948
0.532349
0.533006
0.533006
0.533006
0.533663
0.533991
0.520193
0.520522
0.522328
0.522000
0.520850
0.521836
0.521671
0.522164
0.522985
0.522657
0.526599
0.525285
0.525942
0.526106
0.526928
0.527421
0.527913
0.528570
0.511158
0.511980
0.513294
0.514279
0.514608
0.515429
0.515922
0.520522
0.517236
0.517565
0.518879
0.519536
0.520357
0.520850
0.521671
0.530706
0.520193
0.521507
0.521507
0.522657
0.522985
0.523807
0.517236
0.525285
0.525121
0.527256
0.527421
0.528078
0.528735
0.528735
0.529392
0.528242
0.531034
0.531034
0.530542
0.530870
0.531034
0.531034
0.543190
0.530213
0.531527
0.531856
0.532184
0.532677
0.533170
0.528406
0.533170
0.526271
0.525778
0.526435
0.526764
0.527256
0.527913
0.526599
0.529228
0.535470
0.525285
0.527749
0.528406
0.528735
0.529556
0.530049
0.492104
0.531856
0.532349
0.531527
0.532020
0.532184
0.532513
0.532513
0.556003
0.533170
0.532020
0.532677
0.532513
0.533334
0.533663
0.535470
0.538755
0.522164
0.527585
0.529063
0.532349
0.535798
0.536455
0.539248
0.528406
0.542369
0.537769
0.537934
0.538591
0.538919
0.539083
0.539248
0.539905
0.535962
0.537934
0.537769
0.537769
0.537934
0.538098
0.583270
0.576700
0.541547
0.538426
0.539412
0.539412
0.539740
0.538591
0.539576
0.538591
0.539576
0.539905
0.539905
0.540233
0.540397
0.540397
0.540562
0.541055
0.540890
0.540890
0.540890
0.541219
0.541547
0.541547
0.539083
0.541547
0.542533
0.542697
0.542697
0.542861
0.543190
0.542697
0.543354
0.542533
0.543518
0.543683
0.544176
0.544176
0.543190
0.543847
0.545325
0.543518
0.544011
0.544504
0.544504
0.544833
0.543190
0.544340
0.544340
0.547297
0.543847
0.545818
0.545490
0.545490
0.545818
0.532513
0.555181
0.549761
0.550089
0.550089
0.549268
0.549268
0.547132
0.546311
0.545325
0.546475
0.546311
0.545982
0.558467
0.542204
0.546804
0.551732
0.539576
0.542369
0.541219
0.541219
0.541547
0.544833
0.547297
0.546968
0.543518
0.545654
0.545490
0.545982
0.546804
0.546475
0.546804
0.547297
0.545161
0.546968
0.547132
0.546968
0.546804
0.550582
0.547297
0.546968
0.547132
0.547297
0.547461
0.549761
0.543847
0.547625
0.547461
0.547132
0.548282
0.547954
0.547789
0.547625
0.521014
0.548446
0.548611
0.549761
0.546968
0.548118
0.548282
0.548282
0.548282
0.547954
0.546804
0.547789
0.548282
0.548611
0.548775
0.548118
0.556660
0.546639
0.548939
0.547461
0.546968
0.547461
0.549103
0.550910
0.550253
0.550582
0.551896
0.549432
0.548446
0.549268
0.548775
0.543847
0.530542
0.531199
0.533663
0.534320
0.534484
0.533827
0.533827
0.534320
0.534484
0.531034
0.534977
0.535470
0.536127
0.536948
0.536619
0.536455
0.531691
0.540890
0.538919
0.538426
0.538591
0.534484
0.532841
0.531691
0.531691
0.556003
0.539412
0.540069
0.540233
0.540397
0.540233
0.540562
0.544668
0.544176
0.543518
0.532020
0.545161
0.540069
0.542040
0.542861
0.538098
0.545490
0.540562
0.543354
0.543354
0.543026
0.543190
0.543847
0.544833
0.543518
0.544011
0.550582
0.543354
0.544340
0.544668
0.544668
0.545161
0.544176
0.545490
0.544668
0.544340
0.544504
0.543026
0.551239
0.546804
0.545654
0.546311
0.541876
0.552717
0.548446
0.548939
0.549596
0.536784
0.544176
0.546311
0.546968
0.546968
0.546475
0.549925
0.543354
0.547132
0.546475
0.549432
0.536291
0.540562
0.540233
0.539576
0.540397
0.548939
0.548611
0.548282
0.548446
0.547625
0.543190
0.548446
0.547461
0.548611
0.549432
0.549432
0.547297
0.547954
0.548611
0.549432
0.545982
0.556660
0.554031
0.554196
0.554853
0.554360
0.555510
0.547625
0.548118
0.547297
0.547625
0.547954
0.547132
0.547132
0.546475
0.547132
0.550746
0.548611
0.547297
0.547461
0.547461
0.546804
0.548611
0.548446
0.548775
0.548775
0.548775
0.548775
0.550418
0.548611
0.548775
0.546639
0.549925
0.549596
0.549268
0.550253
0.550253
0.549268
0.548939
0.549268
0.548611
0.547789
0.553210
0.552060
0.551732
0.551403
0.551403
0.572265
0.548939
0.549432
0.549925
0.549268
0.549432
0.548282
0.549268
0.551075
0.551239
0.551732
0.550582
0.543354
0.552882

Kurve 6

-0.006273
0.019352
0.026251
0.044320
0.056640
0.068303
0.080130
0.091628
0.102469
0.123331
0.123988
0.133187
0.144685
0.151749
0.160947
0.170475
0.179509
0.188051
0.199714
0.205792
0.212198
0.219918
0.227310
0.234866
0.241765
0.251128
0.257042
0.265419
0.272319
0.278725
0.283817
0.289731
0.290552
0.296794
0.316013
0.318805
0.325540
0.330961
0.334410
0.337696
0.342624
0.339010
0.343281
0.348044
0.351987
0.356093
0.360528
0.364635
0.368085
0.375312
0.375969
0.379254
0.382704
0.385825
0.389439
0.393381
0.390424
0.403237
0.402744
0.406194
0.409808
0.412107
0.414078
0.416707
0.373341
0.422456
0.420649
0.426234
0.429519
0.431655
0.432640
0.434776
0.441346
0.440525
0.442003
0.443810
0.444796
0.447260
0.449888
0.451366
0.461386
0.453830
0.456459
0.457773
0.458594
0.460729
0.462865
0.458594
0.468121
0.465986
0.468943
0.470750
0.471899
0.472228
0.473871
0.475185
0.477977
0.479948
0.482905
0.485533
0.487340
0.487176
0.487340
0.488326
0.485862
0.486683
0.487669
0.488654
0.489968
0.491611
0.491775
0.501303
0.490954
0.499660
0.499167
0.498510
0.499660
0.500810
0.501631
0.494404
0.497689
0.499660
0.500646
0.500810
0.500974
0.501303
0.501960
0.499496
0.503767
0.500646
0.503438
0.506066
0.506066
0.506066
0.509023
0.508695
0.507709
0.508037
0.507709
0.508530
0.510009
0.510337
0.510830
0.510994
0.510337
0.510173
0.510666
0.511323
0.512308
0.513622
0.514115
0.515594
0.516743
0.516908
0.517236
0.517236
0.517236
0.517565
0.518386
0.515101
0.527092
0.527421
0.527749
0.527585
0.525614
0.522328
0.519536
0.511816
0.520850
0.521179
0.521014
0.522000
0.522493
0.522328
0.526106
0.523150
0.523150
0.523971
0.523643
0.524628
0.525121
0.521836
0.525449
0.526599
0.526928
0.527913
0.527256
0.526764
0.517893
0.527585
0.523643
0.527585
0.527585
0.527749
0.528078
0.528406
0.538262
0.528406
0.530213
0.528406
0.528570
0.529063
0.529228
0.529720
0.529556
0.535634
0.527913
0.531034
0.529720
0.529392
0.529228
0.530870
0.522821
0.531691
0.530870
0.531527
0.532513
0.532020
0.531363
0.527256
0.531034
0.531527
0.534977
0.531199
0.532677
0.533170
0.533498
0.539412
0.531199
0.532349
0.533827
0.533498
0.535141
0.535141
0.534155
0.533991
0.533991
0.539083
0.534155
0.531856
0.531856
0.532020
0.532513
0.532020
0.535305
0.528570
0.530542
0.530706
0.531034
0.531199
0.533170
0.534155
0.535141
0.533334
0.534155
0.536619
0.536127
0.536291
0.536291
0.534977
0.535634
0.535470
0.535305
0.528899
0.527913
0.528899
0.529063
0.529063
0.546804
0.536784
0.536455
0.536784
0.537112
0.537605
0.537441
0.539905
0.542861
0.543683
0.542861
0.542204
0.542040
0.538262
0.536948
0.537441
0.520850
0.549432
0.545490
0.545490
0.545325
0.544997
0.536784
0.537112
0.536784
0.554853
0.535470
0.535798
0.534648
0.534484
0.534320
0.545161
0.533663
0.539576
0.538098
0.537769
0.537769
0.537769
0.534320
0.534484
0.535305
0.535305
0.535470
0.523478
0.537276
0.534320
0.535634
0.536127
0.537112
0.536619
0.536948
0.536948
0.536948
0.540562
0.537769
0.536948
0.537605
0.538426
0.538262
0.537605
0.537605
0.537934
0.538098
0.537276
0.539083
0.537605
0.538098
0.538755
0.538755
0.534648
0.538755
0.538919
0.538919
0.539083
0.529556
0.539248
0.536455
0.537112
0.537605
0.539740
0.539740
0.540233
0.539412
0.539905
0.558795
0.539740
0.539905
0.539248
0.539412
0.587213
0.575221
0.539412
0.539248
0.539083
0.540890
0.528570
0.531034
0.532349
0.532513
0.533170
0.528242
0.541547
0.541055
0.542204
0.542697
0.540726
0.542040
0.542204
0.542204
0.542369
0.538098
0.554524
0.550910
0.549761
0.550582
0.551567
0.541876
0.542861
0.542861
0.542861
0.543190
0.541876
0.544833
0.543026
0.529063
0.558467
0.523478
0.528406
0.528570
0.529063
0.529392
0.529885
0.530213
0.529556
0.530049
0.530377
0.531856
0.536455
0.537769
0.537276
0.537112
0.526928
0.532677
0.532677
0.533006
0.531034
0.531199
0.532513
0.525942
0.526599
0.527256
0.527749
0.552717
0.532513
0.533498
0.533663
0.535305
0.524300
0.527913
0.527256
0.528899
0.531199
0.534155
0.534648
0.535962
0.536455
0.534320
0.536948
0.537112
0.536948
0.537112
0.537276
0.537276
0.541876
0.539412
0.539083
0.538591
0.538262
0.543190
0.537605
0.540726
0.541383
0.540890
0.541055
0.540397
0.538755
0.538426
0.538591
0.556003
0.545982
0.539248
0.539083
0.539412
0.539412
0.533991
0.544011
0.539576
0.536784
0.539905
0.540233
0.539905
0.540726
0.540562
0.540562
0.540726
0.541055
0.542040
0.541712
0.541547
0.552224
0.539905
0.544176
0.542697
0.543190
0.542861
0.542697
0.588527
0.572593
0.559452
0.512965
0.510501
0.509680
0.509844
0.509352
0.509844
0.509516
0.512308
0.509023
0.504095
0.516579
0.515922
0.516251
0.516908
0.517729
0.518550
0.466479
0.482577
0.483234
0.519043
0.519864
0.521179
0.521343
0.522821
0.522164
0.523478
0.524300
0.524792
0.525449
0.525285
0.526106
0.527749
0.527092
0.527421
0.528242
0.528735
0.528899
0.529720
0.530049
0.529720
0.531034
0.530542
0.532184
0.532349
0.532513
0.533334
0.533170
0.532020
0.533498
0.534155
0.534812
0.535141
0.534484
0.574400
0.535470
0.535470
0.535798
0.535962
0.536455
0.536619
0.540726
0.536948
0.540069
0.537605
0.537112
0.538098
0.538098
0.538426
0.538426
0.530542
0.539740
0.541712
0.543847
0.545982
0.546804
0.545818
0.545818
0.545982
0.539248
0.539905
0.540397
0.540890
0.541055
0.540726
0.543683
0.538919
0.546147
0.544340
0.543190
0.543683
0.544340
0.544340
0.545161
0.543847
0.536948
0.541055
0.541219
0.541712
0.541876
0.541876
0.541876
0.540397
0.543026
0.542369
0.543190
0.543847
0.543847
0.543190
0.543683
0.536948
0.550582
0.547297
0.547297
0.547789
0.546147
0.545654
0.546475
0.544176
0.543354
0.543683
0.543847
0.544176
0.544997
0.544504
0.546639
0.544340
0.545325
0.543190
0.542697
0.543190
0.544340
0.544011
0.542861
0.545654
0.546311
0.531856
0.533006
0.532841
0.532677
0.533827
0.497360
0.533663
0.534155
0.534648
0.534977
0.535141
0.535962
0.543518
0.531856
0.535634
0.534484
0.534812
0.535962
0.536619
0.537112
0.537441
0.537276
0.549432
0.545490
0.543683
0.543683
0.544504
0.544833
0.536455
0.546804
0.542040
0.543518
0.545161
0.544833
0.544011
0.544340
0.516743
0.542861
0.543026
0.543026
0.543354
0.543847
0.543518
0.543847
0.544668
0.544340
0.544504
0.544176
0.544176
0.544997
0.535305
0.527256
0.530049
0.520850
0.525121
0.523971
0.523314
0.524464
0.525778
0.479127
0.532184
0.532513
0.533663
0.534320
0.534320
0.534155
0.534648
0.534648
0.536948
0.537441
0.537769
0.538098
0.538919
0.538919
0.538755
0.541219
0.542697
0.544011
0.544340
0.544176
0.544997
0.545325
0.545325
0.535962
0.541055
0.541712
0.541876
0.541876
0.542369
0.543190
0.541055
0.538426
0.553867
0.552060
0.554853
0.555181
0.554031
0.553867
0.554196
0.501960
0.513130
0.544340
0.545161
0.544997
0.544504
0.544176
0.547789
0.545490
0.549432
0.548939
0.548282
0.549103
0.549432
0.568815
0.545325
0.546804
0.535470
0.538426
0.538098
0.537934
0.538755
0.503602
0.547625
0.544668
0.559781
0.556495
0.556331
0.556331

Kurve 7

0.011796
0.021651
0.034136
0.046455
0.010646
0.030029
0.050726
0.097049
0.108219
0.118732
0.131380
0.135815
0.150599
0.159469
0.167682
0.177374
0.191829
0.193472
0.202014
0.209898
0.216304
0.225832
0.232895
0.239959
0.246529
0.227639
0.259013
0.265091
0.271826
0.278561
0.283653
0.290552
0.296465
0.302872
0.307964
0.311085
0.317163
0.322748
0.327840
0.332603
0.337039
0.347716
0.345416
0.351001
0.355272
0.358393
0.363321
0.369891
0.370384
0.374655
0.377448
0.383854
0.382540
0.389932
0.392231
0.395024
0.395681
0.371863
0.404223
0.407508
0.410465
0.414078
0.416050
0.418514
0.421799
0.424591
0.392560
0.429355
0.431819
0.434283
0.436418
0.438718
0.440196
0.441182
0.445617
0.445781
0.447260
0.450381
0.452023
0.453830
0.453995
0.455802
0.462044
0.457608
0.461551
0.461879
0.464015
0.466807
0.462372
0.471571
0.473049
0.474692
0.468121
0.474856
0.475513
0.478470
0.481098
0.480277
0.481427
0.481262
0.485533
0.487176
0.488326
0.488326
0.487997
0.491447
0.491283
0.491775
0.493254
0.485533
0.491775
0.490954
0.490954
0.491940
0.496868
0.498017
0.499003
0.499496
0.500153
0.497853
0.501960
0.503110
0.504259
0.505245
0.504588
0.505409
0.507380
0.508037
0.509516
0.508695
0.508530
0.509844
0.510994
0.511323
0.511651
0.514115
0.513130
0.513294
0.513458
0.519372
0.513787
0.520193
0.518715
0.517729
0.518222
0.516908
0.517401
0.517401
0.513787
0.514279
0.510009
0.524464
0.517072
0.518550
0.519372
0.519864
0.518058
0.516908
0.520357
0.521343
0.515265
0.528078
0.525942
0.526599
0.527585
0.525778
0.527913
0.511487
0.517072
0.516086
0.524792
0.523807
0.527749
0.527585
0.526435
0.526106
0.526271
0.525285
0.523478
0.523478
0.523643
0.524464
0.527421
0.526435
0.526928
0.527256
0.527421
0.518550
0.528570
0.528242
0.529063
0.524300
0.534320
0.530049
0.531034
0.532513
0.532349
0.531856
0.530542
0.531363
0.530706
0.530706
0.531363
0.531034
0.531034
0.531199
0.531527
0.537112
0.531527
0.531691
0.532020
0.532349
0.532841
0.519372
0.532841
0.533170
0.533498
0.533827
0.533663
0.527585
0.539905
0.536455
0.524300
0.540562
0.534977
0.536619
0.536784
0.520029
0.520029
0.521507
0.514279
0.517565
0.518715
0.522000
0.520522
0.520522
0.521014
0.521507
0.528406
0.513294
0.517401
0.516415
0.515429
0.516086
0.516579
0.525942
0.525778
0.525778
0.526106
0.526599
0.526435
0.521343
0.524300
0.519207
0.519372
0.517893
0.518550
0.519700
0.520193
0.520686
0.531034
0.514937
0.528406
0.520522
0.526435
0.526106
0.525778
0.526106
0.526435
0.539248
0.524464
0.525614
0.526106
0.526764
0.527092
0.527092
0.528406
0.526599
0.527585
0.527749
0.528242
0.528406
0.528735
0.529228
0.528570
0.530049
0.529228
0.531856
0.530213
0.530213
0.530706
0.530542
0.528078
0.532841
0.515758
0.519864
0.520522
0.521014
0.521836
0.518715
0.531691
0.524464
0.526271
0.524792
0.525121
0.525614
0.526106
0.528406
0.529556
0.530377
0.530049
0.530542
0.530706
0.530542
0.531034
0.532513
0.530870
0.531363
0.532184
0.532841
0.532841
0.533170
0.533170
0.538262
0.534977
0.535634
0.533991
0.534484
0.534484
0.534812
0.534977
0.536619
0.534648
0.535470
0.535798
0.535798
0.535798
0.536619
0.524792
0.537112
0.536948
0.536619
0.537112
0.537276
0.537276
0.536948
0.532513
0.535305
0.537934
0.538755
0.538262
0.538591
0.538591
0.538919
0.549432
0.536784
0.539740
0.539576
0.539576
0.539740
0.539576
0.539576
0.540069
0.538919
0.541547
0.540726
0.541219
0.541712
0.541712
0.542204
0.540233
0.540726
0.539576
0.539576
0.539576
0.540233
0.541547
0.541547
0.536291
0.542861
0.538098
0.538098
0.539083
0.539248
0.539740
0.546147
0.539740
0.541876
0.541547
0.541547
0.541547
0.541547
0.541547
0.541383
0.541712
0.542533
0.542204
0.542697
0.543026
0.543190
0.543518
0.537112
0.544668
0.540069
0.540890
0.540890
0.540397
0.543026
0.543190
0.536127
0.543847
0.542697
0.544176
0.544011
0.544176
0.544340
0.550746
0.546311
0.543683
0.544176
0.543683
0.543683
0.543518
0.543683
0.544011
0.547297
0.544997
0.544176
0.545325
0.545490
0.545490
0.545818
0.535634
0.545982
0.540069
0.541383
0.541547
0.541383
0.541383
0.541547
0.543518
0.544176
0.547297
0.544176
0.544833
0.545818
0.545982
0.546475
0.544668
0.546968
0.547132
0.546639
0.546311
0.546475
0.546639
0.546804
0.550418
0.545818
0.549761
0.547625
0.547789
0.547954
0.548282
0.548118
0.553539
0.543847
0.545982
0.545818
0.545325
0.545161
0.543518
0.544011
0.544176
0.547297
0.548282
0.550253
0.550089
0.549761
0.549761
0.543683
0.544504
0.543354
0.544997
0.542861
0.543026
0.542861
0.542861
0.543026
0.544668
0.544833
0.544833
0.544997
0.544997
0.545161
0.545654
0.546311
0.543847
0.546475
0.545818
0.545654
0.545654
0.545654
0.547297
0.547297
0.544668
0.545654
0.545982
0.545654
0.545818
0.546147
0.546804
0.544668
0.555510
0.546804
0.546804
0.546968
0.547132
0.546804
0.546804
0.550253
0.546804
0.546968
0.547132
0.547461
0.547625
0.547789
0.547297
0.546147
0.546804
0.546311
0.546147
0.546475
0.539576
0.549432
0.548446
0.544176
0.550582
0.544504
0.545982
0.546475
0.546804
0.550418
0.548775
0.548446
0.551075
0.543026
0.545654
0.545654
0.545654
0.545654
0.548118
0.548118
0.548939
0.548775
0.548775
0.549103
0.549268
0.545490
0.560109
0.556331
0.555181
0.554688
0.554524
0.543847
0.548282
0.548282
0.544833
0.545654
0.538098
0.538098
0.538262
0.538262
0.546639
0.526599
0.529228
0.523478
0.527585
0.521507
0.520850
0.521507
0.522164
0.522657
0.528899
0.531527
0.531199
0.531856
0.532020
0.531856
0.525121
0.531527
0.531527
0.531363
0.532184
0.532184
0.532349
0.532513
0.534155
0.533827
0.530542
0.544011
0.542369
0.542040
0.541547
0.547461
0.533827
0.537112
0.535798
0.539248
0.536455
0.537441
0.537769
0.537769
0.537769
0.541547
0.534812
0.538591
0.539412
0.539083
0.539412
0.535962
0.544504
0.537112
0.538919
0.540069
0.540069
0.542369
0.541547
0.541876
0.542697
0.540233
0.542533
0.543847
0.545161
0.546147
0.545818
0.542861
0.544833
0.543190
0.543026
0.547297
0.544011
0.545161
0.544011
0.543026
0.558138
0.536291
0.543190
0.541712
0.541219
0.541876
0.542369
0.546804
0.545818
0.546147
0.545161
0.540397
0.546804
0.544668
0.546147
0.545982
0.545490
0.547297
0.540726
0.543683
0.544833
0.544340
0.546968
0.546475
0.546311
0.545982
0.545490
0.548775
0.547461
0.544833
0.543026
0.533498
0.534648
0.537934
0.535141
0.534155
0.534812
0.535962
0.536619
0.537769
0.538919
0.539412
0.529392
0.539412
0.540069
0.540397
0.540562
0.540726
0.541219
0.537441
0.539083
0.539576
0.539740
0.545161
0.542533
0.546311
0.545982
0.544668
0.544997
0.541876
0.537605
0.536784
0.536784
0.552060
0.544504
0.544340
0.543847
0.543847
0.544176
0.539905
0.545982
0.545325
0.545818
0.544833
0.544504
0.546147
0.546311
0.547132
0.546475
0.544504
0.545325
0.545654
0.545818
0.546639
0.551239
0.545490
0.547132
0.546804
0.546147
0.546147
0.556003
0.546147
0.546968
0.547132
0.551239
0.542204
0.533827
0.534812
0.533663
0.534320
0.535470
0.536291
0.535634
0.536127
0.537276
0.536948

Kurve 8

0.008839
0.017545
0.030029
0.045141
0.056640
0.028551
0.046291
0.054997
0.067810
0.081444
0.093435
0.104112
0.167025
0.165711
0.172610
0.170803
0.179181
0.188544
0.196757
0.205627
0.213841
0.230431
0.235359
0.242094
0.249157
0.255399
0.262956
0.236673
0.270840
0.277904
0.284803
0.291373
0.296137
0.301065
0.288416
0.275604
0.309607
0.324062
0.329647
0.334410
0.339503
0.344595
0.349030
0.382375
0.392888
0.359871
0.364306
0.368249
0.371698
0.376298
0.380404
0.382868
0.386646
0.387139
0.390589
0.393545
0.397159
0.400445
0.401923
0.407508
0.408822
0.413750
0.417035
0.419499
0.421470
0.423934
0.396338
0.426234
0.431490
0.433626
0.436911
0.440525
0.441346
0.443153
0.445124
0.449395
0.446438
0.451366
0.450874
0.451695
0.454323
0.456623
0.458594
0.500646
0.496375
0.500646
0.465165
0.466150
0.468121
0.470585
0.432640
0.472392
0.473871
0.475513
0.461058
0.459908
0.461386
0.463193
0.464015
0.465493
0.467136
0.470914
0.473213
0.474528
0.475513
0.477156
0.479784
0.478634
0.478634
0.479948
0.479620
0.481591
0.483398
0.484383
0.492268
0.486683
0.487176
0.488326
0.488326
0.489968
0.491611
0.486683
0.495225
0.495225
0.495389
0.497032
0.497360
0.486026
0.487012
0.488490
0.490133
0.490625
0.492432
0.493582
0.494896
0.495225
0.496046
0.502945
0.499331
0.499167
0.500646
0.501467
0.503438
0.503931
0.503767
0.514772
0.503767
0.511980
0.510501
0.508859
0.509352
0.510994
0.511323
0.509187
0.508695
0.512308
0.512965
0.513951
0.513622
0.513951
0.514772
0.510830
0.517565
0.515265
0.518222
0.519864
0.520193
0.519864
0.522328
0.521343
0.520850
0.521014
0.521179
0.521507
0.520686
0.520029
0.520686
0.520686
0.522328
0.521179
0.521507
0.522000
0.523807
0.524300
0.520193
0.531527
0.528242
0.528242
0.528735
0.528078
0.527913
0.528242
0.525121
0.523314
0.524300
0.525285
0.526106
0.526435
0.526599
0.529063
0.529063
0.525942
0.532841
0.530542
0.529885
0.530377
0.531199
0.531034
0.534484
0.530542
0.530706
0.531199
0.530870
0.531691
0.532349
0.516743
0.532513
0.533006
0.533006
0.533498
0.532841
0.533006
0.526435
0.542697
0.530213
0.536127
0.535470
0.536619
0.537441
0.537112
0.547954
0.535141
0.539740
0.535634
0.535798
0.536127
0.536455
0.536455
0.536455
0.542861
0.534648
0.541712
0.540562
0.539905
0.540069
0.540890
0.532513
0.547297
0.538591
0.538262
0.538591
0.538591
0.537934
0.532513
0.539412
0.540397
0.543026
0.538262
0.540069
0.540890
0.541383
0.550089
0.539576
0.540562
0.542369
0.541383
0.540562
0.540890
0.541219
0.541547
0.541383
0.541547
0.542533
0.540562
0.540890
0.541055
0.541219
0.535798
0.545161
0.542204
0.542369
0.542369
0.542533
0.542369
0.542533
0.542697
0.545654
0.542533
0.543354
0.544668
0.543847
0.544176
0.544340
0.542697
0.545818
0.544340
0.544011
0.544833
0.544504
0.544668
0.544668
0.544668
0.537605
0.523314
0.524135
0.525285
0.525778
0.526599
0.526764
0.528078
0.527585
0.529392
0.529720
0.529556
0.529556
0.531856
0.534648
0.535305
0.528242
0.531034
0.531691
0.532020
0.532184
0.532513
0.532349
0.536127
0.535141
0.544176
0.532677
0.533827
0.533498
0.533663
0.534648
0.544011
0.533170
0.538591
0.537276
0.537441
0.537934
0.538098
0.536455
0.535305
0.538426
0.537769
0.537605
0.530049
0.538755
0.537112
0.539248
0.538755
0.540069
0.538755
0.539083
0.539248
0.539248
0.541547
0.539905
0.539248
0.540397
0.542369
0.540562
0.539083
0.538919
0.538591
0.538919
0.540397
0.546311
0.544176
0.544011
0.544176
0.544176
0.535962
0.542040
0.542040
0.541055
0.541383
0.538755
0.541876
0.538262
0.538755
0.539248
0.536291
0.548118
0.547789
0.546968
0.546968
0.557645
0.537605
0.534320
0.532020
0.529063
0.529392
0.531856
0.532349
0.533170
0.533170
0.532020
0.531691
0.532020
0.532349
0.532513
0.533170
0.524628
0.535141
0.534648
0.534155
0.534812
0.533006
0.533827
0.526928
0.526435
0.527421
0.527421
0.543518
0.539083
0.538426
0.538591
0.541547
0.529720
0.532841
0.532841
0.532513
0.532513
0.529392
0.534155
0.533170
0.533334
0.540726
0.528406
0.533170
0.533991
0.533991
0.534812
0.535141
0.538426
0.536455
0.536948
0.537605
0.539412
0.537276
0.538098
0.538919
0.538426
0.534320
0.540069
0.539740
0.540069
0.540069
0.540397
0.540397
0.543026
0.541219
0.541219
0.541055
0.528242
0.522328
0.523150
0.524957
0.531856
0.517072
0.528899
0.527256
0.526928
0.527913
0.528570
0.529063
0.529392
0.529885
0.521179
0.531199
0.528899
0.530706
0.531199
0.531527
0.531691
0.534320
0.532841
0.535305
0.535305
0.535305
0.537605
0.535798
0.534977
0.532677
0.524464
0.523971
0.526106
0.514608
0.524957
0.526106
0.528570
0.528570
0.526435
0.527421
0.528078
0.528735
0.526271
0.544011
0.540069
0.528078
0.544176
0.540069
0.539905
0.540233
0.540397
0.540233
0.533334
0.533334
0.533827
0.534648
0.534812
0.539083
0.526599
0.530542
0.530377
0.530870
0.532184
0.532677
0.539248
0.539248
0.537605
0.539576
0.540069
0.539576
0.540069
0.540233
0.540233
0.531199
0.542533
0.523807
0.526271
0.527749
0.529063
0.529556
0.530049
0.530542
0.531363
0.529885
0.530213
0.530377
0.530213
0.531034
0.531527
0.534648
0.538919
0.538591
0.539248
0.539576
0.540069
0.539905
0.536291
0.540233
0.540890
0.538919
0.538426
0.539412
0.539412
0.539740
0.539905
0.540890
0.539083
0.541547
0.541219
0.541547
0.542040
0.542369
0.542697
0.542533
0.542697
0.544504
0.544176
0.544668
0.544997
0.544504
0.546968
0.544504
0.547461
0.547954
0.547297
0.547461
0.547954
0.574400
0.544504
0.555345
0.545161
0.544997
0.545490
0.545161
0.545490
0.545490
0.542861
0.550253
0.546311
0.538919
0.536127
0.531363
0.528078
0.526928
0.527256
0.526106
0.529228
0.522164
0.518222
0.516908
0.512965
0.517072
0.512308
0.516251
0.515101
0.516086
0.517236
0.518550
0.519536
0.522000
0.524300
0.521343
0.522328
0.522657
0.523150
0.523807
0.524628
0.524957
0.520357
0.532349
0.529063
0.531691
0.532677
0.532841
0.532841
0.533498
0.528406
0.531034
0.531856
0.532349
0.533334
0.533170
0.533334
0.535798
0.535470
0.534648
0.534977
0.535305
0.536455
0.537441
0.537276
0.546147
0.537769
0.541876
0.539905
0.538755
0.540069
0.541055
0.541547
0.539412
0.541547
0.543190
0.543847
0.545161
0.544504
0.544340
0.544997
0.540562
0.543518
0.544340
0.544340
0.544504
0.544504
0.544833
0.556660
0.544997
0.545982
0.545982
0.545654
0.546475
0.547297
0.547461
0.547132
0.545818
0.547461
0.547789
0.546147
0.545982
0.547132
0.547461
0.545654
0.547625
0.550910
0.552224
0.553046
0.552717
0.552060
0.552553
0.543683
0.549925
0.547789
0.545818
0.544668
0.543683
0.543354
0.543518
0.544668
0.545325
0.544997
0.544833
0.545654
0.545982
0.546475
0.546475
0.548775
0.546475
0.549103
0.547789
0.546475
0.546968
0.547789
0.545325
0.546968
0.545818
0.547954
0.548775
0.548282
0.547625
0.547789
0.547789
0.549432
0.546804
0.548282
0.549268
0.548939
0.548611
0.548446
0.549432
0.551732
0.551075
0.550910
0.550253
0.550746
0.550910
0.551075
0.548118
0.548611
0.554360
0.551896
0.551403
0.551403
0.552060
0.547625
0.546475
0.553374
0.548446

Kurve 9

0.013931
0.024773
0.038078
0.049576
0.060746
0.073395
0.058939
0.095242
0.105262
0.115775
0.126288
0.135651
0.144521
0.153556
0.163247
0.173103
0.181645
0.190022
0.198728
0.207763
0.215976
0.232238
0.230595
0.236509
0.249979
0.254085
0.259670
0.266569
0.273304
0.278232
0.281846
0.294823
0.298929
0.304022
0.309607
0.313549
0.318805
0.324062
0.329975
0.333261
0.338353
0.344102
0.348866
0.352315
0.356093
0.360528
0.366770
0.369563
0.373669
0.377612
0.382047
0.386154
0.393381
0.389767
0.401430
0.394367
0.396995
0.400937
0.408001
0.411614
0.413421
0.416542
0.420978
0.419992
0.424591
0.427055
0.429848
0.432147
0.434611
0.435269
0.439211
0.442332
0.444139
0.447096
0.448738
0.450217
0.452680
0.454816
0.456130
0.457608
0.459580
0.461715
0.464179
0.466150
0.467136
0.470257
0.469435
0.470750
0.472556
0.473378
0.474692
0.474199
0.490133
0.471242
0.480934
0.481755
0.483891
0.485205
0.486519
0.487669
0.476499
0.489640
0.489968
0.490790
0.492597
0.493582
0.493911
0.497853
0.496539
0.500810
0.501303
0.501631
0.503110
0.503931
0.509516
0.501631
0.501303
0.502288
0.504916
0.505738
0.506231
0.507052
0.501467
0.519700
0.512801
0.504752
0.514937
0.512144
0.512144
0.513787
0.514608
0.514937
0.514279
0.513951
0.515429
0.515922
0.516743
0.516743
0.512308
0.505245
0.506066
0.506066
0.506066
0.508695
0.513787
0.507380
0.511816
0.511651
0.516908
0.514608
0.512473
0.512637
0.512801
0.501303
0.516908
0.516908
0.517565
0.518715
0.526764
0.527092
0.527421
0.527913
0.526435
0.498510
0.519372
0.520522
0.520850
0.521671
0.521507
0.525121
0.521836
0.523971
0.522657
0.522328
0.522985
0.529885
0.524957
0.527092
0.526435
0.529885
0.521179
0.526435
0.526106
0.525778
0.526928
0.529885
0.524628
0.526599
0.527749
0.531199
0.530377
0.531199
0.531856
0.532184
0.522657
0.536948
0.531691
0.533498
0.534484
0.534320
0.533991
0.533170
0.534320
0.534155
0.533827
0.534320
0.535470
0.535470
0.535141
0.535470
0.538262
0.535305
0.539248
0.536784
0.536127
0.536948
0.535470
0.538098
0.537769
0.537934
0.528570
0.537769
0.537112
0.537605
0.538098
0.537934
0.539576
0.537112
0.538426
0.538755
0.538919
0.538591
0.540562
0.540890
0.541547
0.541547
0.540726
0.528078
0.524957
0.524300
0.524135
0.526271
0.530706
0.531691
0.530542
0.530377
0.531034
0.529392
0.533663
0.533827
0.534320
0.534484
0.532020
0.535141
0.533663
0.535141
0.535962
0.534812
0.537276
0.537276
0.537441
0.536784
0.535962
0.541055
0.533334
0.539412
0.538919
0.546968
0.535634
0.538098
0.536455
0.535634
0.536127
0.540233
0.538591
0.537112
0.537769
0.538098
0.530542
0.540562
0.538098
0.539083
0.539412
0.539083
0.539083
0.538755
0.541219
0.540726
0.535634
0.540069
0.541055
0.540890
0.540069
0.536948
0.538098
0.525449
0.531034
0.525285
0.536948
0.523150
0.522657
0.524464
0.524135
0.524464
0.529063
0.524464
0.526764
0.526928
0.527092
0.527256
0.527913
0.525285
0.526435
0.526271
0.526764
0.526764
0.529720
0.529228
0.530049
0.524957
0.528570
0.524792
0.525942
0.527256
0.527585
0.528406
0.532513
0.534812
0.532184
0.535798
0.535141
0.535305
0.535305
0.535634
0.536127
0.546475
0.535305
0.536291
0.536948
0.537276
0.537605
0.535798
0.537769
0.538591
0.538262
0.538591
0.539248
0.535305
0.540726
0.536291
0.532020
0.541055
0.541055
0.541055
0.541219
0.541383
0.541547
0.543190
0.542369
0.541055
0.540726
0.533663
0.532841
0.533498
0.534484
0.535305
0.537112
0.540233
0.543847
0.543354
0.543683
0.543847
0.537605
0.545490
0.544011
0.543518
0.543847
0.543683
0.544011
0.543354
0.544668
0.544997
0.546968
0.541055
0.543190
0.543683
0.543026
0.543026
0.554853
0.544668
0.546147
0.544340
0.545654
0.545654
0.545490
0.545490
0.545818
0.552882
0.544997
0.539083
0.538755
0.539083
0.539576
0.539576
0.540069
0.538426
0.539905
0.539576
0.539905
0.540069
0.540233
0.535962
0.546311
0.542040
0.541219
0.541547
0.540397
0.539905
0.539248
0.539576
0.538426
0.540233
0.536784
0.540562
0.539083
0.538591
0.538098
0.538426
0.542204
0.537934
0.539083
0.539412
0.539412
0.539740
0.540397
0.516908
0.540726
0.541383
0.541547
0.541547
0.541547
0.542204
0.542533
0.543683
0.540890
0.542204
0.544176
0.543518
0.525614
0.526106
0.526764
0.529720
0.532349
0.523971
0.528406
0.529063
0.529063
0.529228
0.529885
0.530049
0.530870
0.534977
0.534155
0.534977
0.535141
0.535141
0.526928
0.534648
0.532677
0.523314
0.524135
0.524300
0.524792
0.525285
0.517236
0.520029
0.535634
0.533334
0.533827
0.534155
0.534155
0.533991
0.540726
0.530213
0.535141
0.531691
0.532020
0.532513
0.532841
0.532841
0.533170
0.534484
0.534648
0.534812
0.535470
0.536127
0.536455
0.536948
0.535305
0.536455
0.537276
0.536784
0.537441
0.537605
0.537934
0.538591
0.526599
0.540726
0.541383
0.541547
0.540397
0.540726
0.540562
0.540726
0.538426
0.540233
0.537112
0.537934
0.538098
0.538262
0.538755
0.538755
0.543190
0.542861
0.541712
0.543026
0.543026
0.543354
0.543518
0.540562
0.543847
0.542861
0.542697
0.542697
0.542533
0.542533
0.542861
0.533663
0.544668
0.543026
0.546475
0.546311
0.546639
0.546968
0.547132
0.546968
0.545325
0.545490
0.545818
0.545325
0.545654
0.545490
0.545982
0.550253
0.546639
0.546475
0.546804
0.546639
0.546475
0.546475
0.546639
0.547954
0.544504
0.546639
0.546475
0.546311
0.546311
0.546147
0.537112
0.542861
0.547954
0.547789
0.547132
0.547789
0.547789
0.547625
0.547132
0.550910
0.548611
0.548282
0.548611
0.548446
0.548611
0.548611
0.549268
0.544011
0.550089
0.547625
0.547954
0.548118
0.547297
0.546968
0.543354
0.538426
0.539576
0.539905
0.540233
0.540397
0.540397
0.540069
0.545161
0.545818
0.544504
0.546311
0.547132
0.546804
0.546968
0.546639
0.546968
0.544997
0.546804
0.547297
0.546804
0.546804
0.547297
0.547297
0.548775
0.548282
0.548118
0.548282
0.548775
0.548939
0.549103
0.548939
0.547461
0.549596
0.549432
0.549432
0.548939
0.548611
0.549103
0.547461
0.547625
0.552717
0.550089
0.550418
0.550746
0.550582
0.552060
0.550418
0.552553
0.542204
0.545818
0.544997
0.544340
0.544997
0.544997
0.555510
0.549268
0.549268
0.550253
0.549761
0.549761
0.549761
0.540562
0.548775
0.546804
0.546804
0.547625
0.547132
0.546968
0.551896
0.550582
0.546475
0.549596
0.543683
0.545654
0.546804
0.546804
0.549432
0.547132
0.546311
0.547625
0.547625
0.546804
0.547461
0.546804
0.546804
0.547297
0.547461
0.548775
0.548446
0.548611
0.548775
0.549432
0.547132
0.549596
0.549596
0.550089
0.550746
0.550089
0.538262
0.550746
0.550089
0.549761
0.550089
0.549103
0.551732
0.552224
0.552553
0.578178
0.550089
0.550253
0.550253
0.550089
0.550582
0.549432
0.549268
0.548939
0.549596
0.551732
0.551896
0.551239
0.551239
0.550910
0.551732
0.532184
0.552060
0.551403
0.552717
0.553374
0.553210
0.548118
0.550910
0.551239
0.551239
0.549761
0.550910
0.551403
0.551567
0.551567
0.553210
0.550746
0.552060
0.551896
0.563230
0.551239
0.551732
0.551896
0.550746
0.550746
0.556331
0.551732
0.552224
0.552224
0.552389
0.552389
0.552224
0.553374
0.551732

Kurve 10

0.011467
0.020830
0.033479
0.040378
0.060582
0.068467
0.081936
0.094585
0.103127
0.117910
0.125138
0.137951
0.148299
0.157662
0.165711
0.174746
0.183123
0.191829
0.200207
0.249814
0.216140
0.224353
0.231088
0.237659
0.290880
0.293344
0.296301
0.296301
0.301558
0.269855
0.274125
0.281682
0.287924
0.293837
0.298437
0.304679
0.310592
0.316013
0.322255
0.326690
0.331618
0.331125
0.337531
0.342459
0.347552
0.356750
0.357900
0.361842
0.366278
0.369399
0.373669
0.378433
0.383525
0.386811
0.389767
0.391903
0.395188
0.397981
0.401102
0.404058
0.407015
0.406030
0.412764
0.412600
0.416214
0.421799
0.423934
0.426727
0.430176
0.432805
0.435433
0.434611
0.438225
0.440853
0.443153
0.445617
0.457773
0.449395
0.450545
0.447424
0.449231
0.451366
0.453009
0.451202
0.460729
0.460072
0.461879
0.462208
0.463522
0.464343
0.465493
0.467136
0.468286
0.472064
0.472064
0.467464
0.477484
0.471735
0.473706
0.476335
0.478141
0.479291
0.442003
0.448574
0.448245
0.451038
0.455473
0.458430
0.508037
0.500481
0.501138
0.502124
0.502124
0.503110
0.526599
0.499496
0.500481
0.505738
0.499824
0.505573
0.505081
0.503438
0.502617
0.500810
0.496703
0.493089
0.493911
0.495718
0.496868
0.497689
0.498839
0.500153
0.500810
0.491283
0.502781
0.503110
0.503767
0.505081
0.505573
0.510830
0.506723
0.506888
0.507380
0.507380
0.508202
0.509023
0.515265
0.510009
0.513130
0.510501
0.511651
0.511980
0.512801
0.513294
0.514279
0.501960
0.514772
0.513130
0.522985
0.522657
0.522985
0.523314
0.523150
0.523971
0.491775
0.487833
0.486355
0.488162
0.490625
0.491775
0.496703
0.538098
0.537769
0.536291
0.534648
0.534812
0.535798
0.535798
0.527092
0.527092
0.526435
0.527256
0.527421
0.527749
0.527913
0.528735
0.528735
0.528570
0.529228
0.527749
0.530542
0.531034
0.531199
0.531199
0.531363
0.517565
0.531199
0.531691
0.531199
0.532513
0.532184
0.531856
0.533170
0.532677
0.532677
0.532841
0.533170
0.533334
0.533663
0.533991
0.533334
0.533663
0.522657
0.522328
0.521836
0.523150
0.524464
0.524957
0.524135
0.526271
0.526106
0.529063
0.530542
0.530213
0.530049
0.530377
0.519207
0.532184
0.526928
0.528078
0.529228
0.529720
0.529556
0.546804
0.531034
0.531856
0.532349
0.532020
0.532677
0.533827
0.533991
0.539740
0.532841
0.539412
0.535798
0.534648
0.534320
0.535634
0.536291
0.524464
0.546475
0.538426
0.541055
0.542369
0.541383
0.539083
0.533991
0.528406
0.533827
0.531034
0.529063
0.530706
0.530870
0.530706
0.531034
0.532020
0.534320
0.535470
0.535634
0.535470
0.536455
0.536948
0.537276
0.538426
0.534155
0.533991
0.534484
0.534812
0.535141
0.536455
0.532677
0.536455
0.535470
0.536127
0.536291
0.536619
0.535962
0.536619
0.537605
0.538426
0.535798
0.537605
0.537605
0.537605
0.537769
0.537769
0.578014
0.539083
0.539248
0.539412
0.539576
0.540233
0.540397
0.540562
0.541055
0.539905
0.540562
0.540397
0.540397
0.540397
0.540397
0.536619
0.531199
0.545818
0.541876
0.541876
0.542204
0.542697
0.543354
0.543190
0.541383
0.542533
0.543354
0.542861
0.542369
0.542861
0.542697
0.573086
0.543026
0.543354
0.544011
0.544176
0.544340
0.544668
0.544504
0.543683
0.547461
0.544011
0.543683
0.544668
0.544504
0.544176
0.535962
0.555181
0.543026
0.547132
0.545654
0.545325
0.544997
0.545325
0.545490
0.533827
0.545982
0.545654
0.545490
0.545161
0.545490
0.545161
0.564051
0.544668
0.544997
0.546147
0.545982
0.546311
0.545982
0.549925
0.538098
0.545654
0.543847
0.545161
0.545161
0.544668
0.544833
0.541219
0.546147
0.545490
0.546475
0.545654
0.545982
0.546639
0.546147
0.546475
0.546639
0.547461
0.542533
0.544176
0.543847
0.544504
0.544997
0.545982
0.545982
0.547461
0.546147
0.546804
0.547132
0.547297
0.581299
0.548611
0.547625
0.594769
0.582285
0.581135
0.564380
0.545325
0.545325
0.546311
0.545490
0.544833
0.545982
0.546147
0.546311
0.546147
0.546147
0.546804
0.543026
0.549268
0.545982
0.545654
0.545982
0.546475
0.546475
0.547461
0.541712
0.540726
0.541712
0.542040
0.542369
0.556003
0.542533
0.545161
0.578507
0.580971
0.583599
0.548939
0.547625
0.548118
0.547625
0.545982
0.546475
0.544833
0.548118
0.549268
0.548446
0.548611
0.548939
0.542697
0.550253
0.544833
0.546475
0.546804
0.546475
0.546804
0.549432
0.549432
0.548939
0.549596
0.549925
0.549596
0.549268
0.549761
0.549761
0.549925
0.548775
0.549925
0.549432
0.549925
0.549761
0.547625
0.549596
0.549432
0.548611
0.544176
0.546311
0.548611
0.547789
0.547297
0.547297
0.548118
0.547132
0.547625
0.546804
0.546804
0.547132
0.549103
0.547132
0.546968
0.547297
0.547954
0.548611
0.544176
0.550089
0.548282
0.547461
0.546968
0.540562
0.540890
0.541547
0.542369
0.537441
0.543354
0.543190
0.543354
0.543026
0.544997
0.544176
0.544668
0.544997
0.545161
0.543847
0.544504
0.544668
0.544011
0.544668
0.544833
0.563066
0.546639
0.546804
0.547132
0.547461
0.550746
0.546475
0.547625
0.548446
0.548118
0.551075
0.541712
0.546147
0.546639
0.546311
0.542040
0.549761
0.549103
0.548939
0.536948
0.532677
0.545325
0.541547
0.542533
0.542697
0.525942
0.538919
0.538919
0.538919
0.539576
0.539905
0.540233
0.539576
0.540726
0.541383
0.541055
0.544668
0.531199
0.533827
0.523971
0.524792
0.539740
0.532841
0.538426
0.537769
0.537441
0.535305
0.527913
0.525121
0.525285
0.525614
0.526106
0.525121
0.526271
0.528570
0.528570
0.526435
0.536784
0.535962
0.537605
0.537769
0.537441
0.537769
0.531527
0.532184
0.532349
0.532841
0.556331
0.547132
0.544833
0.542204
0.539905
0.539740
0.533663
0.534977
0.533334
0.534155
0.534977
0.534320
0.535798
0.536784
0.536127
0.536784
0.536948
0.537769
0.538098
0.538755
0.539083
0.540397
0.536291
0.538919
0.540069
0.539905
0.539905
0.544176
0.540562
0.540562
0.547461
0.542040
0.543847
0.542861
0.542697
0.542861
0.543190
0.542533
0.543683
0.541547
0.542369
0.542861
0.520357
0.544668
0.539248
0.540562
0.541055
0.541712
0.543518
0.546804
0.546147
0.546475
0.544504
0.545654
0.547297
0.547461
0.548282
0.547954
0.555674
0.545490
0.553374
0.551403
0.545161
0.549925
0.549761
0.549268
0.549432
0.549596
0.551239
0.549761
0.549432
0.549761
0.549925
0.549761
0.551239
0.548939
0.550253
0.551075
0.550253
0.550089
0.544997
0.552060
0.550582
0.545161
0.562409
0.558138
0.557645
0.558302
0.557645
0.556003
0.549268
0.552882
0.553539
0.551403
0.550253
0.550910
0.550418
0.550746
0.550582
0.553046
0.551239
0.552717
0.551403
0.550746
0.551403
0.548939
0.550910
0.551896
0.551732
0.552553
0.552224
0.551567
0.551075
0.551896
0.546968
0.559781
0.555345
0.555181
0.554853
0.553703
0.553374
0.555838
0.551239
0.553703
0.556331
0.552882
0.552389
0.552717
0.552060
0.542369
0.549432
0.537441
0.540562
0.541547
0.541876
0.542861
0.534812
0.546804
0.544997
0.537605
0.539248
0.539248
0.539083
0.539248
0.540562
0.537934
0.541055
0.529063
0.528078
0.528406
0.528406
0.527749
0.533170
0.527256
0.527421
0.529885
0.530049
0.530706
0.531199
0.531856
0.532020
0.535305
0.533663
0.534977
0.535141
0.535141
0.535634
0.536784
0.535305

