Ladekurvenmessung
Zeit: 2016_06_21 16.41.37
Info: 2250rpm
Ladewiderstand[Ohm]: 199500
Störkapazität[pF]: 278.000000
Entladezeit[ms]: 100
Abtastrate[Hz]: 250000
Messzeit [ms]: 1.000000
Verzögerung[ms]: 0
Ladespannung[V]: 0.500000

Kurve 1

0.005389
0.010153
0.019845
0.025758
0.034464
0.038735
0.044977
0.052533
0.059925
0.066331
0.087357
0.081279
0.090971
0.095735
0.100498
0.105919
0.111997
0.117089
0.073723
0.085550
0.091299
0.097213
0.134172
0.137458
0.141400
0.142221
0.152241
0.161933
0.166697
0.172117
0.170639
0.173760
0.176717
0.178359
0.184766
0.183287
0.186244
0.188215
0.191008
0.194622
0.197743
0.200042
0.205135
0.209734
0.210884
0.213348
0.215483
0.218276
0.220740
0.220411
0.233716
0.233881
0.235852
0.237495
0.238973
0.240123
0.212362
0.238809
0.239301
0.241108
0.244229
0.245051
0.245872
0.246529
0.249650
0.249322
0.250800
0.252278
0.253100
0.254414
0.256385
0.257371
0.258849
0.264598
0.257042
0.262791
0.263120
0.263120
0.264270
0.266077
0.262791
0.268048
0.268212
0.269526
0.271826
0.272319
0.272483
0.272319
0.275604
0.272647
0.278232
0.278725
0.279053
0.278396
0.278068
0.281846
0.279710
0.280367
0.279218
0.283324
0.282339
0.283160
0.283489
0.284638
0.288745
0.284638
0.288416
0.288581
0.289238
0.290223
0.291373
0.287595
0.299586
0.292852
0.294494
0.295808
0.295808
0.295151
0.295480
0.295808
0.296958
0.298437
0.293180
0.295808
0.296958
0.297779
0.311413
0.300079
0.301393
0.305828
0.301558
0.302543
0.303200
0.302707
0.303529
0.304186
0.309935
0.302543
0.303364
0.305171
0.305993
0.306650
0.301065
0.313877
0.305336
0.308128
0.308785
0.309278
0.308128
0.309771
0.308457
0.309442
0.307800
0.307143
0.306978
0.304679
0.306157
0.306157
0.304514
0.306321
0.306321
0.308621
0.307307
0.307471
0.307143
0.307635
0.307800
0.311906
0.308457
0.308128
0.303364
0.297779
0.298765
0.299422
0.300572
0.299751
0.302379
0.303200
0.303857
0.294494
0.303529
0.303364
0.303693
0.300079
0.305007
0.305171
0.306485
0.308292
0.307800
0.307307
0.308292
0.305664
0.306321
0.307635
0.308949
0.307635
0.307471
0.307964
0.320119
0.307800
0.313713
0.312070
0.311742
0.312563
0.313220
0.311249
0.310756
0.313385
0.313385
0.314206
0.311578
0.316670
0.314534
0.315356
0.315520
0.316013
0.311085
0.313877
0.315027
0.315191
0.317820
0.315849
0.319791
0.319627
0.321434
0.315027
0.317163
0.315684
0.315027
0.315356
0.316670
0.318641
0.316341
0.316341
0.316834
0.317327
0.305993
0.317491
0.317655
0.317655
0.318312
0.317820
0.317491
0.317655
0.318148
0.318148
0.318312
0.318312
0.319298
0.319955

Kurve 2

0.002925
0.008182
0.014917
0.032329
0.019188
0.031672
0.037092
0.043663
0.051055
0.058611
0.072409
0.079637
0.083251
0.089985
0.097377
0.101812
0.107069
0.111997
0.110683
0.126616
0.122345
0.126452
0.142386
0.143043
0.148628
0.153556
0.157498
0.161112
0.160947
0.164561
0.169818
0.173103
0.176881
0.180166
0.186080
0.185259
0.192486
0.193965
0.196100
0.199221
0.202671
0.202835
0.207434
0.207763
0.214498
0.215483
0.216797
0.219426
0.220740
0.223532
0.229117
0.231910
0.235195
0.211377
0.235031
0.237330
0.238480
0.241765
0.243244
0.233388
0.255071
0.251128
0.253592
0.255235
0.256549
0.256549
0.255235
0.258028
0.257206
0.258192
0.259670
0.285131
0.263448
0.264927
0.266077
0.269690
0.268048
0.269690
0.270019
0.269690
0.271169
0.273961
0.274947
0.276097
0.277082
0.277904
0.277411
0.281189
0.282667
0.283489
0.281189
0.285788
0.283817
0.284803
0.285788
0.286610
0.287431
0.289073
0.289895
0.288088
0.288909
0.288745
0.293509
0.292523
0.292687
0.293344
0.293837
0.293509
0.295973
0.294823
0.294330
0.295151
0.278725
0.297615
0.298272
0.298765
0.299751
0.303036
0.302215
0.304679
0.305993
0.306157
0.301722
0.298437
0.299751
0.300736
0.300901
0.300901
0.312070
0.305007
0.304350
0.304514
0.304679
0.305993
0.305828
0.305828
0.306157
0.306485
0.310099
0.309442
0.309278
0.309278
0.309114
0.300243
0.314370
0.307800
0.309771
0.310921
0.302543
0.310921
0.310921
0.311249
0.311578
0.309771
0.311413
0.313220
0.313220
0.314206
0.313549
0.328004
0.313549
0.314206
0.313549
0.313056
0.314042
0.315520
0.315027
0.313877
0.314863
0.319955
0.316341
0.316506
0.316670
0.316998
0.317163
0.320448
0.319462
0.321105
0.321434
0.321434
0.298108
0.310756
0.311578
0.311906
0.303857
0.323405
0.318148
0.319298
0.315849
0.314206
0.313220
0.310428
0.313877
0.311578
0.318148
0.302707
0.307964
0.308128
0.307964
0.303036
0.313877
0.303857
0.304679
0.305171
0.305007
0.305993
0.305171
0.305993
0.306650
0.306978
0.308128
0.308292
0.309442
0.310428
0.311249
0.303857
0.312235
0.311413
0.311413
0.311742
0.311742
0.311578
0.313549
0.312892
0.312235
0.315027
0.313549
0.312728
0.313056
0.313056
0.312728
0.313549
0.310428
0.313220
0.311906
0.311578
0.312399
0.310428
0.316834
0.317491
0.318641
0.319134
0.318805
0.317984
0.317491
0.317327
0.317820
0.319955
0.313877
0.316013

Kurve 3

0.004568
0.010974
0.018366
0.026415
0.033479
0.040870
0.049905
0.054176
0.060746
0.066988
0.073723
0.080787
0.098691
0.089657
0.097870
0.104112
0.109204
0.114132
0.119717
0.124809
0.128259
0.143535
0.138772
0.142550
0.146657
0.151256
0.155034
0.158812
0.162754
0.164890
0.169161
0.174910
0.178195
0.181809
0.184273
0.187394
0.191993
0.194786
0.196757
0.200042
0.202506
0.206120
0.209077
0.215976
0.204149
0.218604
0.219426
0.223532
0.225503
0.227310
0.229774
0.224189
0.232895
0.230924
0.235195
0.234209
0.236838
0.240287
0.243737
0.246529
0.241930
0.251621
0.249814
0.252443
0.255235
0.256713
0.258028
0.261970
0.261806
0.262463
0.263448
0.264270
0.266077
0.268212
0.268869
0.274125
0.277082
0.261313
0.266241
0.266241
0.266898
0.268212
0.277082
0.280532
0.281846
0.281353
0.282831
0.284967
0.285460
0.286774
0.287595
0.287924
0.289731
0.289566
0.290223
0.291373
0.291866
0.292195
0.297451
0.293344
0.299094
0.298601
0.298437
0.299422
0.306321
0.296630
0.298929
0.296465
0.297779
0.299586
0.299915
0.300079
0.300736
0.293837
0.310921
0.307143
0.308949
0.304514
0.303857
0.297615
0.295316
0.295973
0.296137
0.295480
0.299751
0.300079
0.300243
0.300736
0.300901
0.314042
0.299915
0.301229
0.301722
0.301886
0.302543
0.306157
0.302872
0.303693
0.304350
0.308128
0.305828
0.300243
0.300736
0.301722
0.302379
0.308292
0.310264
0.311906
0.298765
0.305007
0.304843
0.305007
0.306650
0.307143
0.270676
0.307143
0.307800
0.307800
0.309114
0.308785
0.308621
0.308949
0.310428
0.308785
0.309771
0.310428
0.313877
0.312399
0.312235
0.312235
0.315520
0.308621
0.313220
0.313877
0.313220
0.314370
0.314206
0.314863
0.314534
0.315027
0.312728
0.326033
0.321269
0.322255
0.323240
0.317163
0.317327
0.316670
0.316998
0.317327
0.316998
0.316998
0.318312
0.318805
0.317163
0.317327
0.317327
0.317984
0.320448
0.318970
0.318805
0.318477
0.320941
0.320119
0.317984
0.317327
0.306321
0.305828
0.309442
0.309935
0.310099
0.311249
0.303693
0.311578
0.312070
0.312563
0.313220
0.313713
0.313056
0.315684
0.316834
0.316506
0.316341
0.358229
0.350837
0.330140
0.299422
0.301722
0.299586
0.300901
0.300736
0.301065
0.301558
0.304843
0.305500
0.303857
0.304186
0.305007
0.296794
0.307964
0.307964
0.307800
0.309771
0.310099
0.310264
0.309114
0.306978
0.306321
0.303529
0.305500

Kurve 4

0.004075
0.010153
0.017873
0.026087
0.033807
0.041035
0.048755
0.055654
0.063375
0.068467
0.074216
0.080130
0.087029
0.092778
0.106576
0.103291
0.109369
0.114789
0.119060
0.123660
0.129245
0.111668
0.139265
0.143535
0.148135
0.152406
0.156512
0.160455
0.164397
0.166532
0.170639
0.181481
0.184766
0.189037
0.192322
0.194457
0.197086
0.205135
0.198071
0.205792
0.205627
0.206941
0.210062
0.213676
0.216140
0.218933
0.219918
0.223368
0.226160
0.227803
0.229610
0.232731
0.234702
0.190351
0.238973
0.241601
0.243901
0.245872
0.247515
0.248007
0.246693
0.243408
0.248336
0.250471
0.251950
0.253921
0.255728
0.257042
0.281846
0.258192
0.263448
0.260984
0.260656
0.262463
0.264598
0.265419
0.261641
0.262134
0.263941
0.264762
0.265912
0.267226
0.269198
0.270676
0.240944
0.273140
0.274290
0.275111
0.276097
0.276918
0.277739
0.278232
0.247679
0.281025
0.281682
0.283489
0.285788
0.286445
0.286938
0.311413
0.288416
0.288745
0.289238
0.288416
0.288581
0.290388
0.291537
0.291537
0.296465
0.295151
0.295480
0.296137
0.296958
0.297615
0.298601
0.282174
0.299586
0.299751
0.299915
0.300572
0.301229
0.301229
0.301558
0.300572
0.301722
0.304350
0.301886
0.303364
0.304514
0.304350
0.311249
0.306814
0.307471
0.304186
0.302872
0.301886
0.301065
0.301393
0.300572
0.322748
0.305664
0.306978
0.307800
0.307143
0.308128
0.308785
0.306978
0.310921
0.305171
0.307143
0.308621
0.308621
0.308457
0.308621
0.312070
0.311578
0.321598
0.320284
0.322419
0.323240
0.322419
0.322583
0.313385
0.313385
0.312563
0.316506
0.314534
0.314699
0.315520
0.315520
0.315520
0.316341
0.316177
0.316670
0.316998
0.316998
0.317491
0.317984
0.318970
0.317984
0.318312
0.318805
0.318970
0.318477
0.316670
0.320776
0.319627
0.320119
0.319791
0.320448
0.320448
0.320448
0.320776
0.320776
0.322419
0.329318
0.312563
0.315849
0.314863
0.314206
0.314370
0.313877
0.315027
0.313877
0.313713
0.276918
0.270512
0.272976
0.274783
0.275932
0.276097
0.277739
0.274618
0.271169
0.271661
0.248500
0.275275
0.276261
0.276261
0.278725
0.280532
0.281189
0.282667
0.283653
0.286610
0.275275
0.278068
0.289073
0.291045
0.289895
0.290552
0.291209
0.291866
0.310921
0.293837
0.295151
0.295808
0.296630
0.297779
0.298929
0.297287
0.299258
0.300572
0.301393
0.301393
0.302050
0.300243
0.303529
0.301886
0.301886

Kurve 5

0.004239
0.008675
0.018038
0.025101
0.032986
0.040378
0.046948
0.054012
0.061732
0.073066
0.073230
0.079472
0.085550
0.090807
0.096556
0.102469
0.111997
0.114132
0.117253
0.122345
0.126945
0.132201
0.137458
0.141564
0.144028
0.148792
0.153556
0.157826
0.160947
0.152077
0.171625
0.172282
0.175074
0.181481
0.185423
0.189201
0.192979
0.195607
0.197907
0.201849
0.206120
0.205135
0.210391
0.212362
0.214990
0.216962
0.219097
0.235523
0.221725
0.230103
0.230431
0.231910
0.233881
0.236838
0.225832
0.236838
0.239301
0.241108
0.243080
0.244886
0.244722
0.258685
0.256385
0.258685
0.253757
0.254578
0.256713
0.258685
0.260327
0.264270
0.261806
0.262791
0.264434
0.264762
0.272483
0.271661
0.271826
0.272647
0.273797
0.271826
0.275111
0.274454
0.274947
0.276097
0.277246
0.274618
0.279053
0.279710
0.280860
0.282503
0.282831
0.281846
0.284967
0.285952
0.286774
0.286281
0.286774
0.287924
0.289073
0.289731
0.298272
0.289073
0.295644
0.294658
0.303200
0.291866
0.297615
0.296630
0.295808
0.296301
0.341309
0.329811
0.299915
0.295316
0.295480
0.296465
0.283324
0.298601
0.292523
0.295316
0.297122
0.296958
0.300572
0.299258
0.302215
0.303364
0.264434
0.292852
0.303200
0.304186
0.305171
0.305500
0.348373
0.345088
0.339174
0.337696
0.305664
0.304022
0.304022
0.304022
0.304514
0.307307
0.304843
0.305007
0.305500
0.304679
0.305664
0.306485
0.307471
0.306485
0.307143
0.308292
0.288909
0.309114
0.308621
0.308949
0.309607
0.305828
0.310592
0.305336
0.307471
0.309114
0.308457
0.311249
0.311906
0.311413
0.311906
0.311906
0.312235
0.313056
0.313385
0.313220
0.313385
0.312563
0.313713
0.313713
0.313056
0.313549
0.314370
0.312399
0.312892
0.315191
0.315356
0.311085
0.323405
0.319134
0.319462
0.319627
0.319134
0.318477
0.314370
0.316834
0.317820
0.317163
0.319462
0.317327
0.317327
0.317820
0.317655
0.322091
0.313056
0.318148
0.316341
0.315849
0.317984
0.311578
0.311085
0.311085
0.311249
0.312235
0.316506
0.320119
0.317327
0.317820
0.319955
0.320284
0.321598
0.322255
0.322912
0.322583
0.318148
0.321926
0.322419
0.322583
0.322091
0.333753
0.320284
0.321762
0.319791
0.318970
0.319462
0.321762
0.316670
0.316998
0.316506
0.318970
0.309771
0.312563
0.312235
0.311906
0.312892
0.309278
0.320612
0.319462
0.319955
0.322091
0.319955
0.320941
0.321434
0.322255

Kurve 6

0.009332
0.014588
0.017545
0.036764
0.041199
0.048427
0.054340
0.060089
0.066003
0.067810
0.078323
0.082429
0.087521
0.093599
0.137786
0.116760
0.108711
0.114132
0.120703
0.113475
0.123167
0.127438
0.131051
0.136965
0.148463
0.148956
0.153884
0.158648
0.152406
0.167354
0.171132
0.174910
0.179345
0.174253
0.185916
0.183452
0.188380
0.192486
0.195279
0.197578
0.204642
0.207434
0.209898
0.212362
0.217290
0.217619
0.222875
0.223532
0.224518
0.237659
0.229774
0.232238
0.234702
0.236509
0.239137
0.232895
0.246201
0.245872
0.247679
0.250143
0.249157
0.251128
0.253264
0.254907
0.256713
0.257699
0.253757
0.257206
0.259999
0.261149
0.261970
0.274290
0.264434
0.265091
0.266734
0.269362
0.269526
0.271990
0.272483
0.272647
0.274290
0.275111
0.281682
0.280860
0.281353
0.282339
0.276754
0.282174
0.280860
0.282174
0.283653
0.284638
0.286938
0.287267
0.288581
0.289073
0.289895
0.290223
0.291537
0.292359
0.293673
0.293509
0.326526
0.295151
0.295808
0.296630
0.297451
0.292852
0.293837
0.294658
0.294987
0.296137
0.302872
0.302707
0.302707
0.303364
0.303529
0.298601
0.307143
0.304679
0.305828
0.307143
0.307307
0.299422
0.306485
0.300408
0.301722
0.300736
0.303036
0.304186
0.305007
0.305993
0.306321
0.306650
0.346237
0.295316
0.295973
0.295480
0.302050
0.301229
0.301558
0.302050
0.302543
0.304186
0.301558
0.301886
0.302543
0.303364
0.303693
0.301558
0.302050
0.302543
0.304022
0.304679
0.304679
0.269526
0.308292
0.308949
0.307635
0.309278
0.309935
0.310428
0.310756
0.311249
0.311249
0.312399
0.315356
0.322912
0.305007
0.308949
0.308785
0.308785
0.309278
0.309771
0.340160
0.316013
0.316341
0.317163
0.316670
0.317655
0.313220
0.317820
0.318312
0.318805
0.318805
0.319134
0.319134
0.318148
0.318477
0.309771
0.321269
0.316013
0.317655
0.318641
0.318805
0.319134
0.327676
0.321926
0.331946
0.322419
0.321269
0.321269
0.321269
0.322255
0.322255
0.334410
0.320776
0.324719
0.324226
0.323569
0.324226
0.321105
0.325540
0.319955
0.321598
0.322583
0.322583
0.322091
0.322255
0.325540
0.325869
0.327018
0.325869
0.327183
0.328168
0.327676
0.327676
0.327183
0.324390
0.331618
0.316998
0.318312
0.310756
0.311906
0.313056
0.313877
0.343281
0.322255
0.322748
0.322255
0.321434
0.321762
0.322419
0.304022
0.323405
0.325540
0.326033
0.326690
0.326361
0.326033

Kurve 7

0.009496
0.014752
0.022309
0.036764
0.036435
0.045470
0.052369
0.057954
0.063539
0.069617
0.076187
0.080130
0.085222
0.090971
0.096720
0.102962
0.108876
0.113147
0.117582
0.121853
0.122017
0.124645
0.128587
0.134172
0.139757
0.147642
0.151584
0.159469
0.163083
0.166697
0.170803
0.173924
0.177374
0.181152
0.183616
0.187723
0.191501
0.194786
0.197907
0.200371
0.202671
0.209241
0.209898
0.212198
0.215155
0.217290
0.220083
0.223204
0.225832
0.226489
0.232238
0.231253
0.234374
0.236016
0.237659
0.240287
0.237987
0.254250
0.245379
0.250636
0.251786
0.253592
0.255235
0.256713
0.258192
0.237495
0.259506
0.255071
0.257535
0.259834
0.260820
0.261477
0.287431
0.268376
0.269362
0.271004
0.271169
0.272647
0.274454
0.287267
0.276261
0.277082
0.277904
0.284146
0.283160
0.282996
0.283981
0.273468
0.286117
0.279710
0.286774
0.286610
0.287924
0.288581
0.289238
0.289731
0.290552
0.292852
0.291209
0.292687
0.293509
0.294166
0.294330
0.304843
0.295480
0.296301
0.297122
0.297779
0.298272
0.299422
0.304186
0.289073
0.293344
0.302379
0.302379
0.302707
0.303364
0.303529
0.304022
0.305828
0.299258
0.291702
0.305993
0.306650
0.306978
0.308292
0.308785
0.308785
0.293344
0.304843
0.303200
0.303693
0.304843
0.305336
0.306321
0.310921
0.314370
0.311906
0.311578
0.311906
0.312728
0.313877
0.314863
0.312399
0.316670
0.314534
0.313877
0.314534
0.314534
0.314863
0.315684
0.315520
0.315849
0.313385
0.325212
0.319462
0.319462
0.319298
0.317820
0.304350
0.325212
0.320776
0.321762
0.322255
0.320941
0.320776
0.318805
0.319298
0.315356
0.309935
0.310428
0.311906
0.306157
0.305171
0.303857
0.316506
0.310921
0.315191
0.313056
0.312563
0.312399
0.313220
0.313877
0.311249
0.311742
0.315684
0.315684
0.317327
0.316670
0.316506
0.315684
0.314699
0.313713
0.313385
0.314206
0.313713
0.313549
0.309278
0.307471
0.306978
0.307964
0.308621
0.316998
0.302379
0.308621
0.307964
0.310264
0.310264
0.308457
0.307635
0.307307
0.307800
0.304514
0.314370
0.314534
0.314699
0.315027
0.317655
0.315027
0.316013
0.317163
0.316834
0.314370
0.315684
0.318148
0.317984
0.318148
0.317820
0.331618
0.317820
0.318312
0.318805
0.317655
0.322091
0.319462
0.322583
0.321598
0.320284
0.321762
0.317655
0.319134
0.319627
0.319134
0.313056
0.320941
0.320776
0.318312
0.318641
0.314370
0.319791

Kurve 8

0.009824
0.014424
0.021651
0.029865
0.035285
0.053847
0.057954
0.064689
0.071916
0.077666
0.083415
0.086700
0.091464
0.095078
0.100827
0.105919
0.111833
0.117582
0.122510
0.133515
0.127930
0.136308
0.138936
0.142550
0.147314
0.152241
0.156677
0.160947
0.166861
0.171296
0.175567
0.180166
0.182959
0.185587
0.189365
0.188544
0.198728
0.197578
0.201028
0.204806
0.207434
0.209570
0.224025
0.214990
0.217947
0.220247
0.222711
0.225503
0.227967
0.230267
0.231745
0.232567
0.237002
0.238809
0.240616
0.242751
0.244722
0.246693
0.241930
0.249979
0.252443
0.254085
0.256878
0.257042
0.258356
0.260327
0.251950
0.273961
0.268376
0.269690
0.269690
0.270676
0.271333
0.272483
0.275932
0.275111
0.274454
0.274947
0.275932
0.277904
0.279053
0.280039
0.298437
0.282503
0.283489
0.283817
0.283653
0.285460
0.286938
0.286281
0.288088
0.288909
0.290716
0.291866
0.292359
0.292359
0.293180
0.293180
0.296137
0.295973
0.296630
0.297944
0.298765
0.298437
0.298601
0.301558
0.301065
0.299422
0.300079
0.299915
0.301229
0.301886
0.299586
0.294658
0.287924
0.290716
0.290552
0.291373
0.292523
0.293837
0.291209
0.294658
0.296794
0.295808
0.297287
0.297779
0.298272
0.298437
0.299915
0.299586
0.299915
0.301393
0.302215
0.303036
0.303036
0.303200
0.306814
0.305336
0.309278
0.309607
0.309114
0.309607
0.310921
0.315356
0.308292
0.311085
0.309771
0.308292
0.308785
0.309771
0.310264
0.300901
0.310592
0.309607
0.311906
0.309607
0.310099
0.310756
0.311249
0.311578
0.302050
0.315191
0.315520
0.316834
0.318148
0.317655
0.317327
0.320941
0.314534
0.320119
0.319298
0.318312
0.318805
0.319791
0.320284
0.318805
0.321269
0.320941
0.322091
0.320776
0.320448
0.320776
0.300901
0.321926
0.315849
0.320612
0.320119
0.322419
0.322255
0.322583
0.322091
0.322419
0.322748
0.320941
0.322091
0.322748
0.323240
0.322419
0.339995
0.322419
0.323569
0.322912
0.322255
0.321434
0.321762
0.323405
0.322912
0.322583
0.328825
0.320284
0.320776
0.320776
0.320941
0.319627
0.327676
0.320612
0.322419
0.326033
0.323240
0.325704
0.326361
0.326361
0.326361
0.316506
0.325540
0.326197
0.326361
0.326854
0.326526
0.326361
0.324555
0.327676
0.325869
0.325047
0.325540
0.326361
0.326526
0.331946
0.329811
0.330797
0.328168
0.327840
0.328168
0.327511
0.328333
0.329318
0.325047
0.326361
0.293344
0.293837

Kurve 9

0.011796
0.018530
0.025594
0.031836
0.038735
0.041199
0.046784
0.054176
0.062389
0.069288
0.075530
0.080951
0.088178
0.093599
0.099020
0.104441
0.109861
0.115775
0.121196
0.134172
0.129902
0.134665
0.139922
0.142714
0.147314
0.151749
0.156020
0.160126
0.162919
0.160455
0.173103
0.175731
0.179017
0.182302
0.185423
0.188872
0.192158
0.197907
0.196757
0.202506
0.205627
0.208748
0.210720
0.238809
0.215812
0.218604
0.221397
0.222875
0.225668
0.228624
0.231253
0.232238
0.238152
0.237987
0.240123
0.241437
0.242915
0.245544
0.247350
0.241108
0.247022
0.252443
0.254907
0.255892
0.258028
0.258685
0.260163
0.262298
0.264270
0.264434
0.266898
0.267883
0.270512
0.271169
0.272976
0.273633
0.275275
0.276589
0.276918
0.278068
0.280039
0.281189
0.283981
0.283981
0.283981
0.284638
0.285460
0.285460
0.287102
0.288252
0.289073
0.290059
0.290716
0.292852
0.294494
0.294987
0.294823
0.295480
0.296630
0.296301
0.296794
0.298272
0.299258
0.300243
0.300079
0.300079
0.303529
0.301722
0.302215
0.303036
0.302707
0.303693
0.305171
0.305664
0.310756
0.305336
0.306321
0.307307
0.307635
0.307635
0.308621
0.308621
0.308292
0.304350
0.307635
0.309114
0.310264
0.309771
0.310099
0.310921
0.309935
0.312070
0.313713
0.313713
0.313549
0.313385
0.313549
0.314206
0.313877
0.317820
0.316177
0.315849
0.316670
0.317820
0.318312
0.318148
0.318641
0.320941
0.321434
0.320119
0.319462
0.319791
0.318641
0.305828
0.313549
0.309935
0.312892
0.313713
0.313877
0.313385
0.313877
0.307143
0.313385
0.313385
0.313877
0.314863
0.315027
0.314699
0.315356
0.362828
0.357736
0.349687
0.348537
0.346730
0.313877
0.314206
0.323897
0.316834
0.314206
0.319791
0.316834
0.315684
0.316506
0.317327
0.316998
0.314206
0.317491
0.317984
0.318641
0.318970
0.318970
0.319134
0.319462
0.320776
0.318805
0.320612
0.321105
0.321434
0.320941
0.320776
0.321434
0.321926
0.321926
0.322091
0.322419
0.323076
0.323569
0.359707
0.323569
0.323405
0.318312
0.316834
0.316998
0.317491
0.318805
0.323733
0.325047
0.325704
0.325212
0.327347
0.327018
0.327018
0.327347
0.327511
0.324555
0.326033
0.328497
0.328168
0.328990
0.328825
0.328004
0.328661
0.329482
0.331618
0.331454
0.330961
0.331618
0.332111
0.328004
0.319462
0.333261
0.328661
0.328333
0.328825
0.328004
0.328333
0.326690
0.327676
0.324062
0.336874

Kurve 10

0.015574
0.018859
0.027072
0.034628
0.041363
0.048591
0.055654
0.059268
0.064360
0.071095
0.077666
0.083251
0.089164
0.095406
0.102305
0.100334
0.107233
0.112654
0.117253
0.122345
0.127766
0.151749
0.129409
0.145507
0.153884
0.155855
0.159633
0.163740
0.167354
0.168175
0.173103
0.178524
0.180331
0.185916
0.189529
0.192158
0.195114
0.198400
0.197578
0.201356
0.205135
0.207763
0.210720
0.213183
0.215483
0.219754
0.221561
0.223368
0.225668
0.227967
0.230760
0.233224
0.240287
0.237002
0.240451
0.237823
0.241930
0.244229
0.245708
0.247843
0.247186
0.249814
0.245379
0.257863
0.256385
0.259013
0.260492
0.261806
0.262956
0.252443
0.260492
0.260984
0.262298
0.263941
0.265255
0.266241
0.270840
0.270019
0.270676
0.272319
0.273797
0.275275
0.277246
0.277739
0.278889
0.280039
0.280203
0.282010
0.282503
0.282503
0.283653
0.282503
0.287595
0.288416
0.283489
0.297287
0.294823
0.294987
0.296301
0.296465
0.296465
0.294166
0.294001
0.294987
0.295808
0.295808
0.296301
0.307635
0.294987
0.300736
0.299422
0.299094
0.300079
0.301229
0.300079
0.305336
0.303693
0.303693
0.303529
0.303364
0.303364
0.303529
0.297451
0.305007
0.302379
0.304350
0.305336
0.306814
0.306978
0.307800
0.308949
0.297122
0.294001
0.296630
0.298437
0.298272
0.299422
0.299422
0.301065
0.299751
0.292523
0.293180
0.294001
0.294823
0.299915
0.291209
0.295316
0.294987
0.301393
0.295808
0.299258
0.300243
0.300408
0.301393
0.303200
0.299094
0.301065
0.300243
0.305993
0.299586
0.302379
0.303693
0.304350
0.300408
0.309607
0.308949
0.310428
0.311249
0.311085
0.310756
0.309935
0.312070
0.310264
0.310428
0.310756
0.314206
0.302215
0.305993
0.306321
0.321105
0.313713
0.315191
0.313549
0.312563
0.313220
0.315684
0.314206
0.313220
0.314042
0.312892
0.329811
0.324226
0.325540
0.326197
0.325704
0.319298
0.317984
0.318312
0.318641
0.318805
0.318970
0.320776
0.320284
0.318641
0.318641
0.318312
0.320119
0.322912
0.322419
0.321762
0.321434
0.320284
0.322912
0.320612
0.320284
0.320448
0.317655
0.322419
0.316834
0.316998
0.318477
0.319462
0.319955
0.317984
0.319462
0.320612
0.321926
0.325376
0.325376
0.325376
0.325376
0.324062
0.327840
0.321434
0.326361
0.320448
0.321926
0.316834
0.323897
0.322091
0.321269
0.321105
0.321434
0.320941
0.319627
0.319462
0.319627
0.309278
0.322091
0.321269

