Ladekurvenmessung
Zeit: 2018_05_23 14.35.10
Info: T80, F20N, 0.5
Ladewiderstand[Ohm]: 10000000
Strkapazitt[pF]: 100.000000
Entladezeit[ms]: 100
Abtastrate[Hz]: 250000
Anzahl der Messwerte: 3000.000000
Verzgerung[ms]: 1
Ladespannung[V]: 0.200000
Capacitance
9.386282514104816e-11
1.1567633316405269e-10
1.2221343270379329e-10
9.196432337751031e-11
9.672190616914042e-11
1.1625805575722759e-10
1.2204106304801628e-10
1.6550383423605403e-10
1.293751685822055e-10
9.295387418545563e-11
1.1226730058490949e-10
1.3063964360994177e-10
1.1966796493391113e-10
8.800128233453704e-11
9.121205488489955e-11
1.0092478348806912e-10
1.1139761329100154e-10
1.1455452335572913e-10
1.1204694974523343e-10
1.3470099014976992e-10
1.067848905430844e-10
1.1008211398056435e-10
1.140295193925492e-10
1.2657788857223537e-10
1.2973587214084255e-10
1.3913584501201668e-10
1.011000771711864e-10
1.0657171486761114e-10
1.2187253320872995e-10
1.1235206473884644e-10
1.1023889096747324e-10
1.1385723757116e-10
1.0768493015799325e-10
1.1429159765494515e-10
1.2610952870206174e-10
1.3188484420569934e-10
1.0191805613158645e-10
1.3499700464646494e-10
1.1024364497135246e-10
1.046853543201123e-10
1.1247598480066992e-10
1.1958126945638681e-10
1.0167098303591362e-10
1.6113738085457729e-10
1.3383987501732316e-10
1.2404829944446372e-10
1.190883020803483e-10
1.4030976149528183e-10
1.3383153483808002e-10
7.93974150299658e-11
8.421916138829499e-11
8.371996098309388e-11
9.513665222401306e-11
9.128577830208501e-11
1.065792189584566e-10
1.1597529753552595e-10
9.430139559577674e-11
1.070055226636975e-10
1.0874728331533018e-10
1.1929907577041243e-10
1.0000595283649665e-10
9.693944286930117e-11
1.0092184384198046e-10
1.1028693384077296e-10
9.802998091627357e-11
9.851689063351796e-11
1.0711004060104262e-10
1.0595615696345817e-10
1.1568944168320193e-10
1.3020750134766554e-10
1.0869249388318551e-10
1.0619746319342963e-10
1.1626706934305876e-10
1.0152847303942285e-10
9.339528074879599e-11
9.555128667367859e-11
9.758568961222178e-11
1.048019516763506e-10
1.048019516763506e-10
1.0223328978041712e-10
9.800903630822796e-11
1.0484601277724061e-10
9.522523829563608e-11
9.244255365151766e-11
1.1851671380767875e-10
1.0352675338643152e-10
9.224141770824201e-11
9.255299868981349e-11
7.537885290106182e-11
1.1391138844440424e-10
9.725679416100575e-11
9.477505755936757e-11
9.879227053279662e-11
9.047177399277923e-11
9.679595051192659e-11
9.733080792671331e-11
1.0073520605578072e-10
1.0076615878050335e-10
1.0979482906623497e-10
9.007823478718694e-11
9.347987532471888e-11
1.1741671842712924e-10
1.1282659383052915e-10
9.794637025429312e-11
1.0592611053639055e-10
1.1054197210597059e-10
1.0696133509487868e-10
1.116356386953627e-10
9.903806749054803e-11
9.1722479480705e-11
1.0550507806116686e-10
1.0807807253506924e-10
9.448678138285045e-11
9.306269838234957e-11
1.0151011286718271e-10
1.042641530878529e-10
1.0246303652204854e-10
1.1445628681838318e-10
9.510650845031252e-11
8.854648496395568e-11
1.2444831661532888e-10
1.1167021952264845e-10
9.760389756865605e-11
1.210133462528206e-10
1.0651565744340888e-10
1.019780972433803e-10
9.636419461015035e-11
1.0104594148093203e-10
9.30427291032424e-11
9.699175005377338e-11
1.0788519094715781e-10
9.185609335791589e-11
9.403238369295007e-11
1.1138843797166217e-10
9.273079521156468e-11
1.2342283618836232e-10
1.1800488541911363e-10
9.785970713311539e-11
1.2026564746699202e-10
1.1485761246565742e-10
1.243761973144516e-10
1.5192497864870923e-10
9.758230383892212e-11
1.2538305228295358e-10
9.441648489574915e-11
1.26116776124784e-10
1.3804312542444722e-10
1.346817184274344e-10
1.1637393414158326e-10
1.2577902566259605e-10
1.2360546604573712e-10
1.0212940382426647e-10
9.602597464925055e-11
1.1400626953884618e-10
1.2190964005026344e-10
1.0761634363700373e-10
9.674983111770053e-11
9.714826117148496e-11
1.2798008839745755e-10
1.0079878970469906e-10
1.196884505001907e-10
1.247385599960724e-10
1.164044020918589e-10
1.0137428346774075e-10
9.982357496186842e-11
1.0302853441374958e-10
1.2504533451596885e-10
1.3049436562410525e-10
1.1182635214920431e-10
1.0418377083418937e-10
1.1838870015934765e-10
1.3200424695236687e-10
1.1779412337978346e-10
9.716640453460906e-11
1.4711338151411103e-10
1.2864489540532093e-10
1.273883365761556e-10
1.2887976236929101e-10
1.3306455325678782e-10
1.3208684414562475e-10
1.1661007210140489e-10
1.280877582110026e-10
1.0028791819852739e-10
1.3401104950292725e-10
1.187849014920768e-10
1.3070094987165005e-10
1.1629060235761898e-10
1.3794143198332925e-10
1.292807572561969e-10
1.1769491468144273e-10
1.1383230335769534e-10
1.1388407650126332e-10
1.3790771023734942e-10
1.0928279604010503e-10
1.2025232256617174e-10
1.3129764174295848e-10
1.217544760339548e-10
1.337740653809119e-10
1.1245467363733096e-10
1.21199875358845e-10
1.263971233631652e-10
1.1097600186537215e-10
1.2150835678492663e-10
1.2644309964744056e-10
1.197412204537845e-10
1.105840070169916e-10
1.115214332490807e-10
1.1156371651369096e-10
1.2208232991649234e-10
1.3163252286675418e-10
1.0714564898316502e-10
1.3517608837521544e-10
1.1379537328799685e-10
