Ladekurvenmessung
Zeit: 2018_05_23 14.38.05
Info: T80, F20N, 0.857
Ladewiderstand[Ohm]: 10000000
Strkapazitt[pF]: 100.000000
Entladezeit[ms]: 100
Abtastrate[Hz]: 250000
Anzahl der Messwerte: 3000.000000
Verzgerung[ms]: 1
Ladespannung[V]: 0.200000
Capacitance
8.629083061918476e-11
8.711376624020226e-11
8.666456217253752e-11
1.2275385862611845e-10
8.992195101212282e-11
1.1161422489044633e-10
8.00793911507255e-11
8.729411836754339e-11
1.1756097484888657e-10
1.1052120086967977e-10
8.324401736883337e-11
8.8330628950349e-11
9.922374645128658e-11
9.651124896550663e-11
1.0217443501306668e-10
1.0741479042730582e-10
1.180021544941439e-10
8.550888212242238e-11
9.920424820669399e-11
1.0534430158011291e-10
8.591090616233869e-11
8.886215259226655e-11
8.902727289389568e-11
8.874407347610196e-11
1.0698745057520929e-10
1.2214484406799984e-10
8.815724749456365e-11
9.129502436999058e-11
1.1655402736446995e-10
8.684039230108698e-11
1.0324741227505252e-10
8.783493291018131e-11
9.242827892265212e-11
1.0655256875162103e-10
1.2257448155971377e-10
1.209085049868449e-10
8.881771573902115e-11
8.143594462086484e-11
8.429104891277928e-11
8.60566248096931e-11
8.74530772909078e-11
1.010482324287301e-10
1.249159261039303e-10
1.140434855884913e-10
1.140434855884913e-10
9.362289845303648e-11
8.28380470472983e-11
8.627645609435849e-11
9.025790696912474e-11
1.0822100834901218e-10
8.910269913887265e-11
8.57730975874115e-11
8.712387355205812e-11
9.297540212723377e-11
8.303800870794346e-11
8.80376122975155e-11
8.981123732494795e-11
9.906188174344968e-11
1.0173865275647003e-10
1.1274909320367773e-10
8.876640104242867e-11
8.775062902232148e-11
8.424154538128684e-11
8.439614479305007e-11
1.0380595106003263e-10
8.972866771891975e-11
9.076653909894343e-11
8.38161544121762e-11
8.030887188769042e-11
9.789479553221388e-11
9.215584929606638e-11
1.1302277850511576e-10
9.081979291536557e-11
8.583622195812693e-11
1.1229886134212735e-10
9.180612321360306e-11
8.858912679912128e-11
9.439636562828318e-11
1.0336756445935468e-10
1.059415479285792e-10
8.91588506515737e-11
8.769963308295282e-11
8.36795619387023e-11
8.420629736573538e-11
9.940499458017164e-11
8.986829061816981e-11
8.908628637224706e-11
9.036450143381081e-11
9.47051927684949e-11
9.086660307103885e-11
8.534444159154449e-11
1.0283436803482275e-10
1.079514665608158e-10
9.503137474100899e-11
9.760215940647124e-11
8.29961896263332e-11
8.297899775247083e-11
9.217017635521565e-11
9.078634920075499e-11
9.984383136152201e-11
8.511287714949522e-11
9.578537299492418e-11
1.023068373526607e-10
8.478240457870689e-11
8.697555721993507e-11
8.193991004256175e-11
9.095667115524252e-11
1.006959076322507e-10
1.054265752602199e-10
8.732009245281448e-11
8.721518019517945e-11
9.145299787976318e-11
9.681541174616193e-11
1.0477543106787675e-10
8.991988789947768e-11
8.348252590464911e-11
9.525604550730549e-11
1.0623864706798362e-10
8.124324214995204e-11
1.0461540533186179e-10
1.0137667029840745e-10
8.097553774582153e-11
9.959531398151578e-11
8.098225995420445e-11
9.162249269192929e-11
1.0219572508587523e-10
9.663205976275203e-11
8.063373083875793e-11
1.0397223328349432e-10
8.937099398191575e-11
1.0025705935628334e-10
1.0878267885416653e-10
8.205380371581335e-11
1.1858670662293067e-10
9.079096901930497e-11
1.1434282750239299e-10
8.818622658643762e-11
8.35485867598611e-11
9.654353640512726e-11
9.961451343382867e-11
1.1770323379160398e-10
1.0953338743138292e-10
9.681858276614565e-11
9.169681499152303e-11
8.308208473266274e-11
7.619489176531342e-11
8.323811982221725e-11
8.573493729205133e-11
9.816502410529318e-11
8.146014562700268e-11
8.667319077313522e-11
1.0481491168486851e-10
1.0744644025563849e-10
1.082634831936005e-10
9.293154855108112e-11
9.031923250817072e-11
8.797489981581077e-11
1.0225239970186614e-10
8.99833462934126e-11
7.545685676278482e-11
7.608735565640321e-11
1.3104335851900027e-10
9.742357021013593e-11
9.678340413599629e-11
1.2176352886439567e-10
9.789005320608747e-11
1.0085429060553909e-10
8.710029920254064e-11
1.2713229669706661e-10
1.0990173817362355e-10
1.1913677780654722e-10
8.988254479629735e-11
1.1827258453763707e-10
9.304986588567683e-11
8.898047465664965e-11
8.843686077413695e-11
9.615627537529393e-11
1.234340250981709e-10
8.248242517640865e-11
1.2707019747675083e-10
8.550420033296927e-11
8.6930930010536e-11
1.197946300232585e-10
1.077355291289838e-10
9.087350454799033e-11
9.366326538062439e-11
9.366326538062439e-11
8.67634638764972e-11
7.929382484874511e-11
7.929382484874511e-11
1.2754904153431351e-10
1.0761788963043114e-10
9.62912742987022e-11
8.969025522461944e-11
8.655983317839989e-11
1.2249725176088052e-10
1.1054311991198757e-10
1.1114157897499857e-10
1.0285376293840632e-10
9.395205370858267e-11
1.339186536572022e-10
1.0558997542998611e-10
1.2668972573675196e-10
9.906318199549453e-11
8.190292472161111e-11
8.504981897047436e-11
1.316088524892819e-10
8.422074118594302e-11
8.651036083449941e-11
8.35017542588932e-11
1.2079334490482107e-10
1.1828434627492368e-10
1.224065448075107e-10
1.0555751684260351e-10
1.3125272898699724e-10
9.594087546135682e-11
9.593080580262469e-11
1.2881085197458748e-10
1.1918593606733776e-10
1.1918593606733776e-10
1.1893418627912985e-10
8.118195007244591e-11
1.2288276237774965e-10
1.2983580528410892e-10
1.237318783802782e-10
1.0648028267418216e-10
9.072255542997664e-11
8.90312548546003e-11
8.601883826640311e-11
1.222051317471329e-10
1.1239105029064593e-10
1.1662393009043208e-10
9.668025967503652e-11
8.331250565750408e-11
8.376695333420598e-11
1.1170380148862806e-10
1.1386586866627091e-10
1.2735894520852506e-10
1.2410387375399172e-10
9.866916983695276e-11
8.745309533328004e-11
8.10566596841076e-11
8.313857565930712e-11
1.2031624347549086e-10
1.2611842654637542e-10
1.0196301509476366e-10
1.233636309706851e-10
9.862712705468244e-11
8.553638825841123e-11
1.1672803004245883e-10
1.2258940015728542e-10
1.0437420158754847e-10
1.2191224981919777e-10
1.0334773963869628e-10
1.0022460840085523e-10
1.0512634949513882e-10
1.1014587636141713e-10
1.1661544264361173e-10
1.1100102714533394e-10
1.0714832380248813e-10
9.973696823331851e-11
9.31228515052925e-11
1.1460316565042197e-10
1.2429284911557872e-10
1.2440975483544245e-10
1.028841678220036e-10
1.1479660229696069e-10
1.1717547041057462e-10
1.0122205919267181e-10
1.1804308014751234e-10
1.0849220114237004e-10
1.1881834675122253e-10
1.062787759180175e-10
1.1507558287184233e-10
1.0048982656869325e-10
1.029647639932554e-10
1.1634819917912507e-10
1.3505431672868258e-10
1.2221000984682975e-10
8.320154188506398e-11
1.1249225739675149e-10
1.2693130413583324e-10
1.0735175509646842e-10
1.178859070237589e-10
1.1992865999809086e-10
1.1131809500812856e-10
1.2197282020920413e-10
9.574600651080132e-11
1.205742720696577e-10
1.1938178323181787e-10
1.0502099919577423e-10
8.430096141891005e-11
1.2823445704082528e-10
1.0968318201933792e-10
1.1675295518518701e-10
1.3058267922507575e-10
1.2289514795290822e-10
1.236649448543113e-10
1.2423691223631408e-10
9.467348029649264e-11
1.0726772169459061e-10
8.192941738380324e-11
1.1806121263115944e-10
1.2136307306604201e-10
1.053045208924996e-10
9.939952296323603e-11
1.1809811888270844e-10
1.1961413930984134e-10
1.0968714433295774e-10
1.0968714433295774e-10
1.1065073575365169e-10
1.0783114921587496e-10
1.0828745416246927e-10
1.1433322086141479e-10
1.1438981484487735e-10
1.149605798801212e-10
1.0989344979432248e-10
1.193320275162724e-10
1.1477345445616595e-10
1.0412679813165467e-10
1.1397585962025207e-10
9.956867089360768e-11
9.577569108082645e-11
1.0832920215813851e-10
1.0956050406733122e-10
1.0231664549141686e-10
1.1887664993535095e-10
1.022334380756224e-10
1.146195274853222e-10
1.0090816274008276e-10
1.044750622332599e-10
1.2585172180794141e-10
1.1193405441843838e-10
9.831463012477436e-11
1.1983828181794714e-10
1.2202251086226093e-10
9.699919735497096e-11
9.793771105996682e-11
1.0371851099904362e-10
1.0686104244623261e-10
1.0896112659373271e-10
1.1764432500384805e-10
1.1256632231461585e-10
