Ladekurvenmessung

Zeit: 2018_05_04 10.03.23

Info: FVA3, v = 0.747, T = 23, F = 20, h = 457.0

Ladewiderstand[Ohm]: 1012700

Störkapazität[pF]: 0.000000

Entladezeit[ms]: 200

Abtastrate[Hz]: 250000

Anzahl der Messwerte: 2500.000000

Verzögerung[ms]: 3

Ladespannung[V]: 0.200000


	Kurve_1	Kurve_2	Kurve_3
0	-0.001662	-0.001169	-0.017441
1	0.000803	0.006556	-0.016619
2	-0.006757	0.004255	-0.012346
3	-0.001662	0.006062	-0.015633
4	-0.000512	-0.001991	-0.017605
5	-0.002648	0.002611	-0.012674
6	-0.002648	-0.002484	-0.01629
7	0.000146	0.002447	-0.016454
8	-0.004456	-0.000183	-0.01629
9	-0.001991	0.00294	-0.017112
10	-0.001991	0.001296	-0.017441
11	0.00146	-1.9e-05	-0.015304
12	-0.000841	0.004419	-0.017441
13	-0.002813	0.001296	-0.018262
14	-0.005443	0.00146	-0.019249
15	-0.001827	-0.00347	-0.016948
16	-0.000512	0.00294	-0.018755
17	-0.001827	-0.001005	-0.016454
18	-0.001169	0.002775	-0.017769
19	-0.000676	0.00146	-0.016619
20	0.002775	0.001625	-0.018427
21	-0.000512	-0.000183	-0.021714
22	0.00146	0.002118	-0.019906
23	-0.002155	0.003597	-0.018591
24	-0.001498	-0.001991	-0.019084
25	-0.004128	-0.000347	-0.020563
26	-0.000676	-1.9e-05	-0.016948
27	-0.001005	-0.000347	-0.014811
28	0.000146	0.002118	-0.022371
29	-0.001827	-0.001991	-0.020235
30	0.000639	0.001296	-0.019577
31	0.001789	-0.000347	-0.019742
32	0.002282	0.002447	-0.017769
33	-0.000183	0.005241	-0.020728
34	0.00031	0.005405	-0.015797
35	-0.000183	0.001296	-0.016454
36	-0.002813	-0.001334	-0.015468
37	0.002118	0.000639	-0.014975
38	-0.002813	-0.002155	-0.016948
39	0.001789	0.000474	-0.01629
40	0.001296	-0.001498	-0.01892
41	0.001625	-0.000347	-0.016454
42	-0.001991	-0.000512	-0.017934
43	0.002775	-0.001334	-0.013989
44	0.00146	-0.001662	-0.013825
45	0.001625	-0.000347	-0.016948
46	0.000967	-0.001334	-0.017605
47	0.001132	-0.00232	-0.015304
48	0.00146	-1.9e-05	-0.016783
49	-0.002484	-0.002648	-0.012017
50	0.001954	0.001625	-0.01366
51	0.000803	-0.002813	-0.014647
52	0.001954	-0.00232	-0.013825
53	0.001132	-0.002648	-0.017441
54	-0.001005	-0.00232	-0.015304
55	-0.002813	-0.000347	-0.016454
56	-0.003635	-0.001827	-0.013167
57	0.000967	-0.001498	-0.014482
58	-0.000676	0.00031	-0.013167
59	-0.000512	0.000967	-0.013496
60	0.002775	0.000639	-0.012839
61	-0.000183	0.001625	-0.01629
62	-0.001005	-0.001005	-0.013003
63	-1.9e-05	-0.001498	-0.015304
64	-0.005114	0.002775	-0.01366
65	-0.004456	-0.000512	-0.013003
66	-0.000183	0.00031	-0.012839
67	-0.003306	0.001625	-0.009551
68	0.001132	0.000803	-0.009387
69	0.00409	0.00031	-0.011195
70	0.000639	0.001954	-0.013825
71	-0.000347	-0.001169	-0.009716
72	-0.00232	0.000474	-0.010702
73	0.003597	-0.002648	-0.009223
74	-0.002648	-0.001498	-0.010866
75	0.00146	-0.000183	-0.007744
76	0.002775	0.000967	-0.00725
77	0.00294	-0.002484	-0.012346
78	0.002775	0.000146	-0.011031
79	0.004583	-0.002648	-0.008072
80	-0.000347	-0.000841	-0.009716
81	0.000803	-0.003306	-0.00988
82	0.003433	-0.000676	-0.007744
83	0.00031	-0.003963	-0.011031
84	0.002447	0.00031	-0.008237
85	0.000803	0.004912	-0.008072
86	-1.9e-05	0.002282	-0.009551
87	-1.9e-05	0.002118	-0.009223
88	0.003104	-0.000347	-0.008401
89	0.002118	-0.001662	-0.007579
90	0.000967	-0.000347	-0.005278
91	0.00294	-0.000512	-0.006264
92	0.001132	-0.000347	-0.005443
93	0.001296	-0.001005	-0.006429
94	0.001132	-0.003635	-0.007744
95	0.001954	-0.001991	-0.008237
96	-0.000676	-0.001169	-0.00725
97	0.000803	-0.000841	-0.007086
98	0.00294	-0.001991	-0.006757
99	0.003433	-0.001169	-0.00873
100	0.001625	-0.003635	-0.000841
101	0.002118	-0.001169	-0.002977
102	0.002118	-0.001498	-0.004621
103	0.000146	0.000967	-0.00347
104	0.003268	0.002611	-0.003799
105	-0.000347	0.002447	-0.007744
106	-0.005936	0.000639	-0.007415
107	-0.002813	0.000639	-0.002813
108	-0.004949	0.001625	-0.00725
109	0.004419	-0.002484	-0.005114
110	-1.9e-05	0.000803	-0.00873
111	-0.000841	-0.001662	-0.005443
112	0.00146	0.000639	-0.00347
113	0.004912	-0.002648	-0.005771
114	0.004583	-0.001169	-0.006264
115	0.001789	-0.000512	-0.004949
116	0.005241	0.000803	-0.005607
117	0.00146	-0.000676	-0.005278
118	0.003926	0.001625	-0.004456
119	0.002611	-0.000512	-0.0061
120	0.00294	-0.000512	-0.002648
121	0.00146	0.002447	-0.00232
122	0.00146	0.005241	0.000146
123	-0.002155	-0.001662	-0.00232
124	0.005076	-0.000183	-1.9e-05
125	0.002611	0.002611	-0.003306
126	0.001132	-0.00347	-0.006429
127	0.002775	-0.000512	-0.007086
128	-0.000841	-0.00347	-0.004456
129	0.000803	0.001789	-0.004949
130	0.003597	0.000474	-0.003306
131	0.003433	-1.9e-05	-0.001334
132	0.001625	-0.002648	-0.005771
133	0.004255	-0.000183	-0.001334
134	0.003104	-0.005443	-0.005607
135	0.00294	0.000474	-0.003799
136	0.003104	-1.9e-05	-0.004621
137	0.001132	0.000967	-0.001991
138	0.001132	0.000146	-0.005443
139	0.004583	-0.001662	-0.000676
140	0.001954	0.003433	-0.004292
141	-0.000841	-0.002813	-0.002484
142	0.001625	-0.004785	-0.001169
143	0.000967	-1.9e-05	-0.001005
144	0.001625	-0.002813	-0.000183
145	0.001132	-0.004949	-0.001662
146	0.00294	-0.001334	-0.001662
147	0.00146	-0.003635	-0.000841
148	0.00409	0.000146	0.00146
149	0.002611	-0.001169	-0.005607
150	0.004583	0.000639	-0.001827
151	0.001789	0.001789	-0.004128
152	0.002447	0.003597	-0.001169
153	0.002611	0.001954	-0.00347
154	0.000803	0.00031	0.001789
155	0.002611	0.000639	0.002447
156	-0.001498	-0.004456	-0.003142
157	-0.001991	0.00031	-0.000841
158	-0.001169	-0.002155	-0.001005
159	0.002447	-0.000347	0.001789
160	-0.005443	-0.001169	-0.001991
161	0.00409	-0.001169	-0.001827
162	-1.9e-05	-0.001334	-0.001827
163	0.003926	0.000146	-0.001991
164	0.000967	-0.000512	-0.003142
165	0.005405	-0.000183	-0.000512
166	0.010664	0.000146	-0.000183
167	0.004583	-0.002648	-0.001334
168	0.003433	0.001132	-0.005114
169	0.003926	-0.001334	-0.001498
170	0.001625	0.00146	0.004912
171	0.000474	-0.000841	0.00031
172	0.00294	0.000967	-0.000841
173	0.00294	0.000474	-1.9e-05
174	0.000803	-0.001334	-0.000676
175	-0.000347	-0.001005	-0.001991
176	0.002118	0.00031	-0.001827
177	0.001296	0.000146	0.004912
178	0.004748	-0.002977	0.003268
179	-0.001334	-0.00347	-0.004292
180	0.003104	0.002611	-0.001334
181	0.001954	-0.003963	-0.003799
182	0.001132	-0.002813	-0.003142
183	0.000803	-0.001498	-0.004949
184	0.001132	-0.002648	-0.001334
185	0.002775	-0.000183	-0.00232
186	0.001954	-0.001005	-0.000512
187	0.001296	-0.001005	-0.000841
188	0.002611	-0.000512	0.001789
189	0.002447	0.002118	-0.002484
190	-0.001827	0.000803	-0.002484
191	-0.001498	-0.000347	-0.000841
192	-0.002155	-0.001662	-0.011688
193	-0.000512	-0.001662	0.000639
194	-0.001169	-0.002648	-0.002155
195	0.001132	0.002447	0.003104
196	-0.001498	0.000639	-0.003635
197	-0.000512	-0.002648	0.000803
198	-0.000183	-0.000512	0.004748
199	-1.9e-05	0.000803	0.002447
200	0.00031	0.001296	0.001132
201	0.000474	0.003104	-0.000512
202	-0.001991	0.002118	-0.00232
203	-0.001827	0.000639	-0.004785
204	0.000474	0.000639	-0.003799
205	0.001789	-0.000183	0.001789
206	0.000639	0.007542	-0.002484
207	-0.001991	0.001132	-0.000347
208	-0.002648	0.00294	0.001789
209	-0.004292	0.001132	0.000967
210	-0.001169	0.00294	-0.000676
211	-0.004621	-0.000183	0.004912
212	-0.000841	-0.000183	0.001132
213	-0.003963	-0.000512	0.000474
214	-0.000347	-0.001498	-0.000183
215	-0.004621	-0.000183	-0.00232
216	-0.001334	-0.00347	-0.000512
217	0.000639	0.00146	-0.001169
218	-0.003306	-0.000512	-0.001005
219	-0.003306	-1.9e-05	-0.000841
220	-0.000512	-0.000512	0.00294
221	-0.000841	-0.000841	0.000474
222	-0.000676	-0.000347	-0.001991
223	-0.002648	0.001625	0.000146
224	-0.003306	-0.002648	-0.001169
225	0.000967	0.002611	-0.002484
226	-0.000841	-1.9e-05	-0.000676
227	0.000146	0.000146	0.001625
228	0.002611	0.004419	-0.001005
229	-0.000183	-0.000676	-0.001498
230	-1.9e-05	-0.000347	-0.002648
231	0.000803	-0.00232	0.00146
232	0.003104	0.000146	-0.003799
233	-0.00232	-0.001498	-0.001991
234	-0.001334	0.003268	-0.001005
235	0.00031	-0.008237	0.000639
236	0.00146	0.006062	-0.001334
237	0.000639	-0.004621	-0.002155
238	0.001789	-0.003635	-0.002977
239	-0.003142	0.001132	-0.00347
240	0.000639	0.000803	-0.001334
241	-0.000841	0.000474	-0.000841
242	0.001625	0.000967	0.000803
243	0.002447	0.001789	-0.003963
244	0.000474	-0.00232	-0.000183
245	0.001954	-0.001827	0.00031
246	-0.000841	-0.001662	-0.000512
247	-0.000841	-0.000841	-0.005443
248	-0.000183	-0.002813	0.003597
249	-0.000183	-0.002648	0.000639
250	-0.001005	0.003104	0.000474
251	0.001296	0.002118	0.001789
252	0.000146	-0.001498	-0.001827
253	0.001625	-1.9e-05	-0.002155
254	0.000474	-0.000676	-0.003306
255	0.003104	0.000803	0.004583
256	0.005734	-0.001005	0.000146
257	0.004255	-0.002648	0.001296
258	-0.001005	-0.000841	-0.002977
259	0.000803	0.000967	0.001296
260	0.001132	0.001625	-0.000512
261	-0.002648	0.001132	0.001954
262	-0.002648	0.001296	-0.000841
263	-0.000676	-0.000183	0.00031
264	0.000967	0.000474	-0.000841
265	-0.000512	-0.000347	-0.001005
266	-0.002648	-1.9e-05	-0.002977
267	-0.004949	-0.000841	0.003433
268	0.000967	-0.000841	-0.000676
269	0.000967	-0.002484	-0.001827
270	-0.001662	0.001132	0.005898
271	-0.000676	-0.000512	-0.000183
272	0.004255	0.000639	-1.9e-05
273	0.000639	-1.9e-05	-0.000512
274	-1.9e-05	0.000146	-0.000512
275	0.005241	0.001132	-0.002648
276	-0.001005	0.00294	-0.001991
277	-0.001169	-0.001005	-0.000676
278	0.002447	0.001625	-0.00232
279	-0.002813	0.001625	-0.006429
280	-0.001169	-0.000347	-0.003142
281	0.000146	0.001954	-0.001169
282	-0.001334	0.000967	-0.00232
283	-1.9e-05	0.002611	-0.003963
284	-0.005936	0.000639	-0.001662
285	0.001296	0.001625	-0.001827
286	-0.001169	-0.002484	-0.002648
287	-0.001005	0.005076	-0.001005
288	-0.001169	-0.002484	-0.001827
289	-0.000347	-0.003799	0.000474
290	-0.001005	0.002611	-0.000676
291	-0.000676	0.000803	-0.000841
292	-0.002813	0.000803	-1.9e-05
293	0.003597	0.00409	-0.000183
294	-0.000183	0.000639	-0.002813
295	-0.00347	-0.000841	-0.000512
296	0.001625	0.001625	-0.003963
297	-0.001991	-0.002977	-0.002813
298	-0.001005	0.004255	-0.001169
299	-0.001662	-0.003799	0.002611
300	0.002611	0.000639	-0.001827
301	-0.003963	-0.002813	0.000474
302	-0.000347	-0.003635	-0.000183
303	-0.002648	0.000146	-0.002977
304	-0.001498	0.000803	0.003104
305	0.001789	0.001132	0.00294
306	0.00409	-0.002977	0.000146
307	0.004419	-0.002977	-1.9e-05
308	0.00146	0.002611	0.000639
309	-0.00232	-0.000676	-0.003306
310	0.000967	-0.001334	0.000146
311	-0.000841	0.000146	-0.000676
312	-0.002155	0.00031	0.000639
313	-0.001498	0.000474	-0.003142
314	-0.002977	-0.001334	-0.000183
315	0.001954	0.005076	-0.001005
316	-0.000512	0.001296	-0.00232
317	0.000146	0.002611	-0.001662
318	0.001625	0.000639	-0.001498
319	0.005076	-1.9e-05	-0.000841
320	-0.000183	-0.009716	0.000474
321	0.001789	-0.001334	0.005241
322	0.004748	0.000803	-0.000183
323	0.000474	0.000639	0.004583
324	0.006556	0.000474	0.000803
325	0.000639	-0.002484	0.001132
326	0.000146	0.002118	-0.00232
327	0.00146	-0.004949	0.001789
328	0.003926	-0.000512	-0.002155
329	-0.002155	-0.001169	-0.004128
330	0.00294	-1.9e-05	0.001132
331	0.002611	-0.009551	-0.001169
332	0.002118	-0.000512	0.000639
333	0.003926	0.003433	-0.001827
334	0.002118	0.00294	-0.00232
335	-0.000183	0.00146	-0.001334
336	0.001296	-0.001334	-1.9e-05
337	0.002775	0.003926	-0.002977
338	0.000639	-0.001005	-0.000841
339	0.005076	-0.000347	-0.000347
340	0.004912	0.00146	0.00146
341	0.003268	0.000474	-0.001827
342	0.003268	-0.005771	0.000967
343	0.001789	-0.001827	-0.000676
344	0.003597	-1.9e-05	-0.000183
345	0.001625	-0.001991	0.000639
346	0.000967	-0.004621	-0.002813
347	0.000474	-1.9e-05	-0.001334
348	0.002447	0.000474	-0.002977
349	0.002447	0.00146	-0.000183
350	0.005569	-0.000347	-0.002813
351	0.004419	0.000803	0.000146
352	0.000803	-0.002648	-0.000183
353	0.003104	0.000803	0.001625
354	0.00146	-0.001169	0.002775
355	-0.000347	-0.000512	0.007377
356	-0.00347	0.00146	-0.004621
357	0.001132	-0.002813	0.003433
358	0.002611	0.006062	0.001625
359	0.000146	0.000146	-0.000841
360	0.000967	0.000803	0.00031
361	0.005241	0.000474	-0.001827
362	0.006391	0.000803	-0.001334
363	0.003104	-0.001005	-0.001169
364	0.005898	0.003104	-0.001005
365	0.003104	0.001789	-0.004456
366	0.003104	0.00294	0.00146
367	0.001132	-0.002155	-0.002155
368	0.006062	0.000967	-0.000676
369	0.007213	0.001789	-0.001498
370	0.006062	0.000967	0.00146
371	0.003597	0.001296	0.002118
372	0.007706	0.001296	0.001954
373	0.007542	-0.000347	0.000967
374	0.007377	0.001132	0.00146
375	0.007049	0.002118	0.000639
376	0.002118	-0.000183	-0.000183
377	0.011158	-0.001334	0.002775
378	0.002118	-0.001498	-0.003142
379	0.005241	-0.001169	-0.001991
380	0.000146	0.000803	0.002118
381	0.008035	0.003433	-0.001662
382	0.004255	-0.003635	-0.005114
383	0.010336	0.002447	0.000146
384	0.001625	0.006391	-0.001827
385	0.004419	0.004748	-0.000676
386	0.006556	0.002775	-0.002484
387	0.006227	0.000967	0.000967
388	0.013787	0.002611	0.00031
389	0.005076	-0.001662	0.001296
390	0.006227	0.003268	0.001132
391	0.003104	0.001625	0.001789
392	0.006391	-0.001498	0.001954
393	0.00409	-0.005114	-0.002484
394	0.00672	-0.000841	0.001132
395	0.004912	-0.000183	0.002282
396	0.007706	0.001132	0.001296
397	0.007213	0.001296	-0.003635
398	0.009021	-0.000347	0.000474
399	0.005405	0.006556	-0.001005
400	0.006062	-0.002484	-0.002484
401	0.007213	0.000967	0.002447
402	0.006391	0.001132	-0.000183
403	0.011979	0.002611	-0.001991
404	0.004912	-0.001662	0.003104
405	0.010171	0.003597	0.00409
406	0.002282	0.002447	0.001789
407	0.001296	0.002447	0.001132
408	0.002118	0.005569	0.001625
409	0.006884	0.003268	-0.000347
410	-0.006264	-0.002648	0.002118
411	0.003926	0.002611	0.001296
412	0.00672	-0.000512	-1.9e-05
413	0.00935	0.00409	-0.001827
414	0.008199	0.000967	-0.002648
415	0.009021	-0.001005	-0.000512
416	0.007542	0.003597	-0.002484
417	0.00787	0.002118	0.002447
418	0.0105	0.005076	-0.001169
419	0.011158	0.000967	-0.001005
420	0.009678	0.007377	-0.002648
421	-0.000841	0.001296	0.001132
422	0.008528	0.000639	0.002611
423	0.008692	0.004419	0.000967
424	0.008692	0.003926	0.001789
425	0.011979	0.001954	-0.001662
426	0.0105	0.004912	0.00031
427	0.008035	0.003597	0.000967
428	0.008199	0.002775	-0.000183
429	0.008692	0.003761	-0.004292
430	0.009021	0.001296	-0.002155
431	0.009185	0.004255	0.00031
432	0.008035	0.00031	-0.005607
433	0.009843	0.004255	-0.002155
434	0.009185	0.004583	-0.001005
435	0.012965	0.005076	0.000803
436	0.008035	0.00409	-0.001334
437	0.012637	0.003104	-0.000512
438	0.005734	0.004583	-0.000676
439	0.004912	0.00409	0.000967
440	0.005898	0.00294	-0.002484
441	0.008035	0.003268	0.00031
442	0.005569	0.004419	0.001132
443	0.008692	0.004748	0.000803
444	0.004748	0.000639	-0.002484
445	0.006391	0.00409	0.001789
446	0.007377	0.00031	-1.9e-05
447	0.008528	-0.002155	-0.000183
448	0.009514	0.00031	-0.000512
449	0.008857	0.000803	-1.9e-05
450	0.006391	0.000803	-0.002155
451	0.008363	0.000474	-1.9e-05
452	0.008692	0.005241	-0.001662
453	0.008692	0.002447	0.001132
454	0.010664	0.002118	-0.001498
455	0.004583	-1.9e-05	-0.003963
456	0.00935	0.004748	-1.9e-05
457	0.006391	0.001625	-0.001827
458	0.00146	0.000803	0.000803
459	0.005076	-0.001169	0.000967
460	0.006227	0.000803	0.000146
461	0.001296	0.005734	-0.001827
462	0.004255	-0.001169	0.000474
463	0.00672	0.002447	-0.002648
464	0.006391	0.003104	-1.9e-05
465	0.007049	0.000803	-0.000512
466	0.005241	-0.002813	-1.9e-05
467	0.007706	0.00409	-0.001334
468	0.007377	-0.000183	0.002282
469	0.007049	-0.000183	-0.002484
470	0.00294	0.00031	-0.002813
471	0.003926	0.001625	-0.004292
472	0.002118	0.001132	-0.001991
473	0.001954	0.001789	-0.000183
474	0.004748	-1.9e-05	-0.00347
475	0.007542	0.000146	0.001954
476	0.00294	-0.000512	-0.000347
477	0.004748	0.001296	0.000474
478	0.003433	-0.001005	-0.001005
479	0.002282	-0.002813	-0.000512
480	0.000803	0.000639	-0.002648
481	0.002775	0.000474	-0.001991
482	0.004748	-1.9e-05	-0.005443
483	0.000474	-0.000347	-0.003963
484	0.004748	0.003597	-0.000841
485	0.008199	-1.9e-05	-0.002977
486	0.001296	0.00294	0.001132
487	0.00146	-0.000183	0.001954
488	0.001954	0.000967	0.002282
489	-0.000347	0.000146	-0.003142
490	0.000803	0.000803	0.002775
491	0.001789	-0.000183	-0.002977
492	-0.000676	-0.000512	0.000474
493	-0.002648	0.004583	-0.005114
494	-0.000676	-0.004128	-0.00232
495	-0.001005	-0.000841	-0.000841
496	-0.003142	-0.001498	-0.001334
497	-0.000183	-0.001662	0.003926
498	-0.000841	-0.001827	0.001625
499	0.000967	-0.001334	-0.000183
500	-0.002484	-0.003635	-0.000183
501	-0.00347	-0.005278	0.001296
502	-0.002155	-0.001005	-0.001005
503	-0.001827	-0.001827	0.002282
504	-0.004292	-0.000183	-0.001498
505	-0.003142	0.000474	-0.001662
506	-0.004128	-0.000183	-0.004785
507	-0.002155	0.00294	-0.000347
508	-0.002648	0.001954	0.00031
509	-0.005278	0.002775	-0.003142
510	-0.001005	0.00294	-0.001169
511	-0.004292	0.000474	-0.000512
512	-0.003635	0.001625	-0.000676
513	-0.006757	-0.000183	0.001954
514	-0.004128	0.00031	-0.001334
515	-0.006922	-0.001498	-0.003799
516	-0.004621	0.000474	0.001132
517	-0.005114	-0.004128	0.000474
518	-0.004949	-0.000183	-0.001991
519	-0.006757	-0.001498	0.002282
520	-0.008072	-0.002648	0.002118
521	-0.007415	-0.001662	-0.0061
522	-0.005936	-0.002155	-0.001662
523	-0.005443	0.002611	0.000146
524	-0.0061	-0.002813	-0.002484
525	-0.006757	-0.001169	-0.00232
526	-0.007579	-0.002648	-0.000512
527	-0.006593	-0.000841	-0.002813
528	-0.007744	-0.000676	0.000803
529	-0.006922	0.001789	-0.001662
530	-0.007415	-0.002155	0.002282
531	-0.006429	-0.000841	-0.001498
532	-0.005936	-0.000676	-0.003306
533	-0.007086	-0.002484	0.001954
534	-0.00988	-0.000183	-0.001005
535	-0.006757	0.00146	0.000474
536	-0.008894	-0.000676	-0.001662
537	-0.00347	-0.003799	0.001625
538	-0.010045	0.000474	-0.001169
539	-0.009223	-0.002648	0.000639
540	-0.006593	-0.000512	-0.001498
541	-0.008072	-0.001334	-0.000183
542	-0.001662	-0.004949	0.000146
543	-0.0061	-0.005607	-0.002813
544	-0.009058	-0.001991	-1.9e-05
545	-0.010538	-0.00232	-0.001005
546	-0.007415	-0.000841	-0.000183
547	-0.008565	-0.004128	-0.000183
548	-0.008565	-0.001991	0.001296
549	-0.00873	-0.00232	-0.001169
550	-0.007579	-0.00347	0.002611
551	-0.010538	-0.003306	0.00031
552	-0.011195	-0.003306	0.003433
553	-0.006922	-0.002484	-0.001169
554	-0.008565	-0.003142	-0.001662
555	-0.007744	-0.001169	0.000803
556	-0.008401	-0.001169	0.001789
557	-0.008072	0.000146	0.000146
558	-0.010373	-0.001991	-0.001827
559	-0.009551	-0.001827	-0.002155
560	-0.009223	0.003268	-0.000183
561	-0.005771	-0.000512	-0.001169
562	-0.00988	0.002611	0.000803
563	-0.007908	0.00146	0.002282
564	-0.008401	-0.001005	-1.9e-05
565	-0.005771	-0.000347	0.002775
566	-0.011524	0.000803	-0.002155
567	-0.006429	-0.001662	0.008363
568	-0.009223	-1.9e-05	-0.002813
569	-0.011031	-0.001334	0.000803
570	-0.007086	-1.9e-05	0.003104
571	-0.00873	-0.000841	-0.000347
572	-0.004456	0.000967	-0.003306
573	-0.008072	0.00146	0.002447
574	-0.005114	0.002611	-0.001662
575	-0.003635	-0.002813	-0.000841
576	-0.005278	-0.000347	-0.001498
577	-0.007086	-0.001334	-0.000183
578	-0.003963	0.00031	0.00146
579	-0.006757	0.002611	-0.001005
580	-0.004949	-0.000183	0.001625
581	-0.005607	0.002447	-0.003799
582	-0.004621	0.000639	-0.000183
583	-0.00873	0.001132	0.002282
584	-0.007086	0.002611	0.003433
585	-0.005278	0.001954	0.00146
586	-0.006922	-0.002648	0.002118
587	-0.004621	-0.000347	0.001954
588	-0.006757	-0.001169	0.003104
589	-0.002813	-0.000183	-0.000512
590	-0.00347	-0.00347	-0.000841
591	-0.005114	-0.001662	-0.000347
592	-0.002648	-0.003306	0.00409
593	-0.001827	-0.0061	0.000474
594	-0.004785	0.000474	0.000474
595	-0.001169	-0.002648	0.003433
596	-0.003142	-0.001498	0.001132
597	-0.000676	-0.000512	0.002447
598	-0.001827	0.000474	-0.001169
599	-0.000512	0.001296	0.001954
600	-0.0061	0.000803	-0.000183
601	-0.00347	-0.003142	0.000967
602	-0.002648	-0.000676	0.000474
603	-0.004292	-0.002484	0.002775
604	-0.001005	0.000146	0.000803
605	-0.002484	-0.000676	0.002118
606	-0.001498	0.000967	0.00294
607	-0.001991	-0.003142	-0.000347
608	0.000639	-1.9e-05	0.003761
609	-0.000183	-0.001662	0.000967
610	-0.002648	0.000146	0.001625
611	0.000803	-0.003306	-0.001005
612	0.002118	-0.002813	-0.000512
613	-0.001662	-0.001169	-0.001498
614	0.002118	0.000474	0.002118
615	0.00146	-0.000183	-0.001498
616	0.001132	0.000474	0.000146
617	0.00146	0.002118	0.001296
618	0.002118	-0.000512	0.00031
619	0.00031	-1.9e-05	0.002118
620	0.00031	0.00146	0.005569
621	-0.000183	0.001789	0.004419
622	-0.001334	-0.002155	0.003104
623	0.003597	-0.000347	-0.000347
624	-0.000183	-0.002484	0.00146
625	0.001296	0.002775	0.000803
626	0.001954	-0.000347	-0.001169
627	0.004255	0.000474	0.001132
628	0.002611	-0.000676	0.001789
629	0.007377	0.000967	-0.005771
630	0.002775	0.000639	-0.000183
631	0.001954	-1.9e-05	-0.001498
632	0.005405	-0.001005	-0.002155
633	0.002447	0.00146	0.001789
634	0.003926	0.002447	-0.001991
635	0.001625	-0.001334	0.000639
636	0.003433	-0.000183	0.000474
637	0.00146	-0.002484	-0.001005
638	0.003268	0.004748	0.000146
639	0.000803	-0.007579	0.000474
640	0.005076	-0.000183	0.001296
641	0.00146	-0.000347	-0.000676
642	0.004748	-0.001334	0.004748
643	0.002611	-0.003306	0.000146
644	0.004255	-0.002813	0.002447
645	0.004912	-0.001169	0.001132
646	0.005569	-0.003963	0.000474
647	0.002118	-1.9e-05	-0.001498
648	0.004255	-0.000512	0.000639
649	0.006391	-0.00232	-0.001169
650	0.00672	0.005076	-1.9e-05
651	0.003597	0.001789	-0.000676
652	0.004583	-0.002155	0.002118
653	0.005241	0.001954	0.001789
654	0.003926	-0.002977	0.004583
655	0.00409	0.000639	0.00146
656	0.002611	0.001789	0.000474
657	0.002447	-0.001991	0.001954
658	0.001789	0.001954	0.001954
659	0.002118	0.000146	0.001132
660	0.005241	-0.000183	0.00294
661	0.001789	-1.9e-05	-0.000512
662	0.005405	-0.001991	0.000639
663	0.005734	0.001296	0.001132
664	0.005405	0.002775	-0.002813
665	0.001789	0.002611	0.000967
666	0.005898	0.000474	0.00146
667	0.004255	-1.9e-05	-0.000676
668	0.005569	0.002611	0.001132
669	0.003926	0.00146	-0.003142
670	0.005734	0.000967	0.001296
671	0.00409	0.002118	0.000967
672	0.006884	-0.005607	0.004255
673	0.003761	-0.00347	-0.001498
674	0.00672	0.000967	0.002282
675	0.005241	0.000803	0.001789
676	0.004419	-0.000183	0.002611
677	0.005405	-0.000841	0.005076
678	0.00672	0.000639	0.001789
679	0.006556	0.000474	-1.9e-05
680	0.003926	0.000474	-0.003142
681	0.00294	0.001954	-0.002977
682	0.003433	0.000474	-0.002155
683	0.005898	0.001296	0.000146
684	0.001954	-0.003142	-0.005607
685	0.007049	0.000474	-0.005607
686	0.004255	-1.9e-05	-0.002813
687	0.007542	0.000967	-0.001498
688	0.007377	0.00146	0.00409
689	0.005569	0.002118	-1.9e-05
690	0.005241	0.001789	-0.003142
691	0.007377	0.003104	-0.000347
692	0.006556	0.002447	0.000967
693	0.006227	-0.000512	0.000803
694	0.006884	-0.00347	0.001132
695	0.006062	0.000803	0.000146
696	0.005734	-0.000512	0.001954
697	0.006556	-0.000183	0.000967
698	0.007706	-0.00232	0.00031
699	0.006556	-0.000676	0.00031
700	0.008528	0.006884	-0.00232
701	0.006391	0.005241	-0.002155
702	0.010336	0.003268	-1.9e-05
703	0.006884	0.001132	-0.000676
704	0.007706	0.00294	0.000146
705	0.007706	0.000803	0.000639
706	0.006062	-0.000347	-0.001169
707	0.003926	0.001625	-0.000841
708	0.007542	0.000474	0.003104
709	0.003761	0.000967	-0.000347
710	0.008692	0.000639	-0.004949
711	0.006884	0.000146	-0.001991
712	0.008035	0.003268	0.002447
713	0.009678	0.008199	-0.001498
714	0.00935	-0.000183	-0.000841
715	0.008692	0.004748	0.001296
716	0.009021	-0.000183	-0.000347
717	0.010007	-0.000676	-0.00347
718	0.006391	-0.000512	-0.000347
719	0.009185	0.00031	0.000146
720	0.006556	0.001296	-0.002155
721	0.00787	0.003761	-0.007908
722	0.00672	-0.000183	-0.0061
723	0.007377	0.00294	0.001132
724	0.005076	0.004255	-0.005771
725	0.002775	0.000474	0.00031
726	0.004583	0.002118	0.00146
727	0.003597	-0.000183	0.002282
728	0.00672	0.000146	0.000967
729	0.00409	-0.001169	0.00146
730	0.006556	0.002611	0.001132
731	0.005076	-0.002648	-0.002155
732	0.008528	0.001789	-0.002484
733	0.010171	-0.001498	-0.003306
734	0.008199	0.000639	-0.003306
735	0.008035	0.000474	-0.006264
736	0.006227	-1.9e-05	-0.00347
737	0.007213	0.00146	-0.001169
738	0.00787	0.002775	0.003761
739	0.005898	0.002775	-0.003142
740	0.005569	0.000639	0.00031
741	0.002611	0.000803	-0.001498
742	0.003761	-0.002484	0.003597
743	0.005898	0.001789	0.001625
744	-0.000183	-0.002155	-0.001005
745	0.003597	0.003597	0.001132
746	0.00294	-0.00232	0.00031
747	0.004748	0.001132	0.001954
748	0.004419	-1.9e-05	0.00031
749	0.004912	0.001296	-0.001005
750	0.004255	0.000803	-0.001169
751	0.009021	0.005734	0.005569
752	0.016746	0.01313	0.012308
753	0.025292	0.020197	0.018389
754	0.028744	0.0271	0.024142
755	0.036962	0.038112	0.035318
756	0.046659	0.046001	0.037948
757	0.049453	0.045344	0.047316
758	0.057671	0.05652	0.054548
759	0.064574	0.0603	0.061286
760	0.069504	0.067203	0.065395
761	0.069176	0.072463	0.071477
762	0.079037	0.0769	0.077558
763	0.082324	0.086269	0.083146
764	0.08972	0.086269	0.088405
765	0.093336	0.087748	0.089556
766	0.098102	0.097938	0.094487
767	0.103197	0.099417	0.098431
768	0.107635	0.102869	0.103691
769	0.113059	0.109936	0.106485
770	0.118811	0.113552	0.112566
771	0.118647	0.118647	0.115524
772	0.127358	0.11651	0.12292
773	0.126207	0.123085	0.120291
774	0.131302	0.124893	0.124564
775	0.131302	0.129495	0.129495
776	0.132289	0.130809	0.129823
777	0.137877	0.134918	0.13574
778	0.13952	0.139192	0.135411
779	0.14215	0.138534	0.134918
780	0.147574	0.144122	0.141164
781	0.152176	0.145273	0.144615
782	0.147245	0.144615	0.141821
783	0.150697	0.151518	0.148396
784	0.152669	0.153819	0.14971
785	0.151683	0.150039	0.152998
786	0.15497	0.154806	0.152998
787	0.157928	0.154312	0.159572
788	0.159408	0.159736	0.161544
789	0.160065	0.158586	0.159736
790	0.166475	0.159736	0.162202
791	0.164338	0.163023	0.161873
792	0.168283	0.164338	0.162695
793	0.167132	0.163352	0.163023
794	0.168447	0.171899	0.171406
795	0.168118	0.16779	0.169105
796	0.172227	0.170913	0.169926
797	0.167625	0.171077	0.169105
798	0.173542	0.16894	0.169926
799	0.170748	0.172392	0.175021
800	0.172227	0.17157	0.174857
801	0.174364	0.170748	0.176336
802	0.179788	0.175186	0.174693
803	0.177487	0.177815	0.178802
804	0.178802	0.176501	0.179623
805	0.176829	0.187019	0.178473
806	0.179623	0.177651	0.181596
807	0.179295	0.181103	0.179788
808	0.175515	0.182746	0.180774
809	0.18176	0.183732	0.18176
810	0.181924	0.184883	0.184883
811	0.181267	0.184554	0.183075
812	0.182417	0.180938	0.179459
813	0.183897	0.190142	0.183897
814	0.178637	0.183239	0.184718
815	0.182417	0.183404	0.187019
816	0.182417	0.1908	0.185869
817	0.184883	0.184554	0.189814
818	0.183568	0.187513	0.186526
819	0.186033	0.188499	0.189156
820	0.185869	0.1908	0.189814
821	0.18554	0.187348	0.191128
822	0.187513	0.191457	0.189156
823	0.186198	0.187184	0.187841
824	0.189649	0.191621	0.189156
825	0.186198	0.190471	0.190142
826	0.189156	0.1908	0.190964
827	0.1908	0.18932	0.193758
828	0.188499	0.192608	0.200332
829	0.189978	0.191457	0.192443
830	0.187677	0.19195	0.193758
831	0.187513	0.193594	0.1908
832	0.186362	0.193265	0.195237
833	0.187841	0.195895	0.189978
834	0.18554	0.187019	0.196059
835	0.191293	0.19573	0.192279
836	0.191786	0.193594	0.192608
837	0.193429	0.194744	0.196881
838	0.191293	0.183404	0.193265
839	0.190964	0.192115	0.196717
840	0.193101	0.19458	0.195073
841	0.189485	0.196223	0.196717
842	0.191457	0.194087	0.19573
843	0.194087	0.192443	0.198524
844	0.190635	0.195566	0.192608
845	0.193594	0.194087	0.19721
846	0.194087	0.193265	0.19573
847	0.191293	0.194087	0.197538
848	0.193758	0.197703	0.193922
849	0.192772	0.18817	0.19458
850	0.194087	0.197045	0.200332
851	0.192115	0.198524	0.196223
852	0.193594	0.194416	0.197045
853	0.193429	0.195566	0.201154
854	0.196717	0.198689	0.200168
855	0.192115	0.194909	0.194251
856	0.190635	0.197374	0.19721
857	0.191786	0.196881	0.196881
858	0.19195	0.196717	0.202633
859	0.191128	0.198031	0.196717
860	0.192115	0.198031	0.197703
861	0.195566	0.197045	0.196059
862	0.194251	0.197538	0.198031
863	0.199182	0.197867	0.195402
864	0.196223	0.196223	0.195073
865	0.196059	0.195073	0.196388
866	0.195402	0.196717	0.19721
867	0.195566	0.200661	0.19836
868	0.194087	0.196059	0.198524
869	0.194416	0.197045	0.198689
870	0.195566	0.200004	0.199511
871	0.195895	0.199346	0.199018
872	0.194087	0.196388	0.199675
873	0.195073	0.199511	0.201647
874	0.195566	0.197538	0.199675
875	0.199018	0.19836	0.200661
876	0.197045	0.199018	0.199182
877	0.197867	0.195237	0.199675
878	0.197867	0.199839	0.190964
879	0.197703	0.19836	0.197867
880	0.194416	0.200168	0.196059
881	0.189485	0.198689	0.194251
882	0.197867	0.195073	0.196717
883	0.195566	0.196717	0.198853
884	0.202798	0.201976	0.197703
885	0.196223	0.199675	0.199182
886	0.198196	0.200332	0.199346
887	0.193429	0.200004	0.202469
888	0.197045	0.199675	0.200004
889	0.193922	0.198524	0.19721
890	0.196552	0.198031	0.201976
891	0.195566	0.201154	0.200004
892	0.197374	0.198689	0.19836
893	0.197374	0.197538	0.198524
894	0.198196	0.193922	0.200661
895	0.206249	0.195237	0.199018
896	0.196223	0.196223	0.198524
897	0.198689	0.196552	0.197045
898	0.196388	0.19721	0.198689
899	0.197703	0.202469	0.199675
900	0.196059	0.199675	0.197703
901	0.198689	0.202305	0.20099
902	0.197045	0.205427	0.201647
903	0.197045	0.203291	0.199182
904	0.193758	0.201319	0.198689
905	0.197374	0.201154	0.202633
906	0.201483	0.20099	0.197867
907	0.189814	0.19836	0.203784
908	0.200332	0.199511	0.20477
909	0.195402	0.19836	0.198524
910	0.197538	0.197374	0.199839
911	0.198689	0.19721	0.199018
912	0.197867	0.201483	0.19836
913	0.198853	0.199511	0.199182
914	0.206085	0.200004	0.199511
915	0.197703	0.199675	0.199182
916	0.200497	0.203455	0.197703
917	0.199675	0.205592	0.198031
918	0.198196	0.205592	0.201154
919	0.196059	0.202962	0.198853
920	0.198689	0.204113	0.199675
921	0.197045	0.201319	0.198196
922	0.199182	0.199675	0.201483
923	0.197045	0.199839	0.198853
924	0.196223	0.200004	0.20099
925	0.199182	0.199675	0.199182
926	0.19721	0.198689	0.198524
927	0.200168	0.201154	0.200168
928	0.191128	0.198031	0.200497
929	0.194909	0.198689	0.199018
930	0.195073	0.199018	0.196552
931	0.201154	0.19721	0.196717
932	0.199675	0.201154	0.198853
933	0.199511	0.202633	0.199182
934	0.198524	0.200168	0.195895
935	0.19836	0.203126	0.199675
936	0.194744	0.201319	0.200004
937	0.197867	0.203126	0.199346
938	0.196717	0.20362	0.200004
939	0.184883	0.198853	0.201319
940	0.194251	0.199839	0.199511
941	0.197538	0.197867	0.20099
942	0.199346	0.200168	0.200661
943	0.195237	0.19836	0.199182
944	0.200004	0.198031	0.200332
945	0.198031	0.196388	0.198853
946	0.198524	0.200004	0.200004
947	0.199346	0.200825	0.198853
948	0.20214	0.199839	0.19836
949	0.199182	0.201976	0.197867
950	0.198031	0.200168	0.201154
951	0.195895	0.20214	0.197867
952	0.199346	0.198524	0.200497
953	0.20099	0.198853	0.199182
954	0.197045	0.200661	0.199511
955	0.197867	0.200661	0.200497
956	0.197045	0.20099	0.198853
957	0.196223	0.203126	0.197045
958	0.199346	0.199018	0.205592
959	0.200004	0.200332	0.197538
960	0.19836	0.202633	0.202798
961	0.199675	0.201319	0.201154
962	0.19836	0.197374	0.197703
963	0.200004	0.200168	0.201812
964	0.19721	0.199675	0.200661
965	0.203784	0.199018	0.199182
966	0.200004	0.19836	0.198524
967	0.201154	0.19573	0.200825
968	0.200168	0.197374	0.197045
969	0.200497	0.199182	0.200004
970	0.204606	0.199182	0.197703
971	0.197867	0.203126	0.200825
972	0.199182	0.201812	0.199018
973	0.198524	0.200332	0.201154
974	0.19836	0.20099	0.198031
975	0.198196	0.19836	0.204277
976	0.199839	0.199018	0.201483
977	0.198853	0.193265	0.199182
978	0.200497	0.20214	0.201647
979	0.19573	0.194744	0.199511
980	0.200332	0.196552	0.199346
981	0.203126	0.199018	0.195895
982	0.202305	0.200825	0.20099
983	0.201319	0.205099	0.198689
984	0.201319	0.19573	0.20099
985	0.195895	0.201647	0.198689
986	0.201319	0.19836	0.201976
987	0.205756	0.20099	0.198031
988	0.200825	0.201647	0.19836
989	0.199675	0.202469	0.199346
990	0.201154	0.19836	0.199346
991	0.198853	0.20099	0.202962
992	0.198524	0.197867	0.200332
993	0.200825	0.20099	0.20099
994	0.197867	0.197538	0.201154
995	0.201154	0.19836	0.20362
996	0.197703	0.198031	0.201812
997	0.199511	0.200168	0.205756
998	0.199018	0.201154	0.200168
999	0.203291	0.199675	0.206578
1000	0.19836	0.202469	0.199675
1001	0.199839	0.19836	0.200825
1002	0.201976	0.202469	0.200825
1003	0.200004	0.200661	0.200004
1004	0.201154	0.200825	0.198196
1005	0.19836	0.198524	0.199182
1006	0.200004	0.204441	0.199182
1007	0.195895	0.202798	0.200004
1008	0.195073	0.204606	0.201319
1009	0.195402	0.199018	0.200332
1010	0.19836	0.201319	0.201812
1011	0.19573	0.201812	0.200332
1012	0.201319	0.200825	0.201319
1013	0.196881	0.201319	0.198196
1014	0.198031	0.200497	0.200332
1015	0.200661	0.199511	0.199346
1016	0.199839	0.198524	0.200332
1017	0.20099	0.199018	0.199018
1018	0.200004	0.199182	0.199511
1019	0.199346	0.200497	0.201154
1020	0.201812	0.199182	0.199511
1021	0.201647	0.199346	0.19721
1022	0.198524	0.200332	0.198524
1023	0.201154	0.201483	0.199675
1024	0.200497	0.199839	0.198524
1025	0.200168	0.202962	0.196717
1026	0.20099	0.202962	0.199839
1027	0.202798	0.20214	0.202633
1028	0.200497	0.202305	0.196223
1029	0.199018	0.202305	0.197374
1030	0.201812	0.197538	0.203948
1031	0.202469	0.199346	0.198853
1032	0.20099	0.199182	0.197374
1033	0.201812	0.199839	0.201154
1034	0.200332	0.202962	0.198524
1035	0.201647	0.197703	0.201319
1036	0.201483	0.202798	0.196717
1037	0.199675	0.198689	0.199839
1038	0.199839	0.199018	0.201812
1039	0.200661	0.201319	0.199182
1040	0.200661	0.200332	0.200004
1041	0.198524	0.199511	0.200004
1042	0.20362	0.198031	0.200332
1043	0.198524	0.20099	0.198524
1044	0.20099	0.198689	0.200004
1045	0.198524	0.202305	0.201976
1046	0.204277	0.199018	0.200661
1047	0.197538	0.200661	0.198689
1048	0.200661	0.19721	0.204113
1049	0.198689	0.196717	0.197867
1050	0.202469	0.199018	0.199346
1051	0.202633	0.200661	0.199839
1052	0.200168	0.198031	0.199182
1053	0.201976	0.201483	0.198689
1054	0.200168	0.198031	0.200332
1055	0.204113	0.200497	0.197703
1056	0.204934	0.20099	0.200825
1057	0.209043	0.198196	0.199839
1058	0.197867	0.197867	0.199839
1059	0.202305	0.197703	0.202633
1060	0.201319	0.201483	0.200497
1061	0.200661	0.198524	0.200497
1062	0.198524	0.200168	0.199511
1063	0.199182	0.200497	0.201647
1064	0.196388	0.200004	0.199346
1065	0.198196	0.199182	0.203948
1066	0.200825	0.202633	0.200168
1067	0.198031	0.200825	0.20214
1068	0.203948	0.20214	0.20099
1069	0.201812	0.198031	0.202469
1070	0.202798	0.204277	0.202798
1071	0.201319	0.198196	0.198689
1072	0.205756	0.196388	0.202469
1073	0.201483	0.199182	0.19836
1074	0.203455	0.198689	0.201976
1075	0.200332	0.200332	0.199675
1076	0.204277	0.199018	0.196223
1077	0.200661	0.196223	0.198689
1078	0.20214	0.197867	0.198031
1079	0.200497	0.196388	0.196881
1080	0.202305	0.197374	0.202305
1081	0.205921	0.202305	0.20214
1082	0.200168	0.198031	0.201647
1083	0.205263	0.203455	0.199182
1084	0.198524	0.199182	0.202305
1085	0.202962	0.200497	0.202633
1086	0.199018	0.199018	0.196881
1087	0.201812	0.197867	0.198853
1088	0.198031	0.199182	0.201976
1089	0.201647	0.198853	0.197867
1090	0.199182	0.199675	0.200332
1091	0.201319	0.199182	0.202633
1092	0.202633	0.200825	0.201154
1093	0.202962	0.197045	0.20099
1094	0.201647	0.199675	0.199346
1095	0.199511	0.199018	0.198196
1096	0.198853	0.199346	0.197867
1097	0.20214	0.199675	0.199839
1098	0.201647	0.202962	0.20099
1099	0.198196	0.199018	0.200004
1100	0.202798	0.202798	0.200168
1101	0.199511	0.201647	0.202798
1102	0.202469	0.199839	0.206085
1103	0.197045	0.199182	0.204277
1104	0.198689	0.199839	0.202633
1105	0.198524	0.199839	0.200497
1106	0.199018	0.201976	0.201154
1107	0.201319	0.202469	0.201812
1108	0.203291	0.205921	0.201154
1109	0.200825	0.20362	0.196388
1110	0.201319	0.202798	0.201647
1111	0.200825	0.202469	0.198689
1112	0.199839	0.201812	0.199346
1113	0.20214	0.200661	0.203455
1114	0.200825	0.20214	0.201812
1115	0.198853	0.203455	0.202798
1116	0.198853	0.198689	0.198689
1117	0.200168	0.204277	0.199346
1118	0.19721	0.201319	0.201647
1119	0.202305	0.198853	0.20099
1120	0.198524	0.199018	0.199018
1121	0.200332	0.199346	0.200332
1122	0.199018	0.197374	0.199346
1123	0.202962	0.201647	0.200004
1124	0.201319	0.200004	0.20477
1125	0.202469	0.200168	0.204934
1126	0.201647	0.197703	0.20099
1127	0.201812	0.199675	0.199018
1128	0.20099	0.201812	0.203948
1129	0.200168	0.202798	0.207071
1130	0.205263	0.204113	0.198031
1131	0.202305	0.198689	0.195566
1132	0.200497	0.203126	0.201319
1133	0.20099	0.202962	0.196717
1134	0.200168	0.200332	0.199018
1135	0.19836	0.201483	0.200004
1136	0.203291	0.200661	0.200825
1137	0.197374	0.198689	0.201483
1138	0.200332	0.200332	0.203455
1139	0.200004	0.199018	0.200168
1140	0.202469	0.197867	0.202962
1141	0.201647	0.197045	0.198853
1142	0.200332	0.195237	0.201319
1143	0.200168	0.202962	0.200004
1144	0.198853	0.196388	0.198524
1145	0.203948	0.198689	0.202633
1146	0.199018	0.197538	0.203126
1147	0.201647	0.201976	0.20099
1148	0.199839	0.20099	0.201319
1149	0.20099	0.201976	0.202305
1150	0.200497	0.198853	0.205099
1151	0.200168	0.203291	0.190964
1152	0.199346	0.198853	0.199346
1153	0.198689	0.198853	0.201319
1154	0.193758	0.201812	0.198853
1155	0.191786	0.200825	0.20214
1156	0.198031	0.198031	0.200497
1157	0.197374	0.197045	0.202962
1158	0.200332	0.201976	0.201647
1159	0.199839	0.199675	0.201319
1160	0.199675	0.201319	0.200497
1161	0.199018	0.199839	0.201154
1162	0.20099	0.200004	0.192443
1163	0.200004	0.200825	0.200168
1164	0.198196	0.200661	0.199675
1165	0.197045	0.203126	0.19721
1166	0.198853	0.201319	0.201647
1167	0.200004	0.200661	0.199018
1168	0.200168	0.202305	0.200825
1169	0.198853	0.202798	0.200825
1170	0.199675	0.201319	0.202798
1171	0.200332	0.201976	0.200332
1172	0.200168	0.195895	0.202962
1173	0.197867	0.203126	0.199839
1174	0.199018	0.199182	0.196059
1175	0.200004	0.203455	0.201319
1176	0.198196	0.202798	0.200004
1177	0.19721	0.20214	0.199675
1178	0.20099	0.199182	0.200661
1179	0.203784	0.199018	0.20099
1180	0.202469	0.19573	0.200004
1181	0.202633	0.197045	0.20099
1182	0.199675	0.200168	0.19836
1183	0.202469	0.199839	0.201812
1184	0.199346	0.20099	0.199511
1185	0.200332	0.200825	0.197374
1186	0.198524	0.204441	0.198524
1187	0.198853	0.201154	0.202305
1188	0.197045	0.202633	0.200168
1189	0.198853	0.199511	0.203126
1190	0.196552	0.201976	0.200168
1191	0.194909	0.196223	0.195237
1192	0.19836	0.196552	0.202798
1193	0.196059	0.199182	0.201319
1194	0.198853	0.199182	0.201483
1195	0.198689	0.194251	0.201154
1196	0.200004	0.198689	0.202962
1197	0.198031	0.200825	0.199839
1198	0.201976	0.201483	0.200332
1199	0.196717	0.20099	0.198524
1200	0.201647	0.200661	0.19836
1201	0.201812	0.199675	0.19573
1202	0.198853	0.201812	0.195895
1203	0.199675	0.202962	0.199182
1204	0.199675	0.199839	0.201154
1205	0.199182	0.206085	0.200332
1206	0.19721	0.200004	0.20214
1207	0.197374	0.200168	0.200332
1208	0.194744	0.201154	0.202305
1209	0.200168	0.199182	0.201483
1210	0.195402	0.199346	0.200332
1211	0.19573	0.202469	0.202962
1212	0.200825	0.198853	0.199018
1213	0.199675	0.205592	0.198689
1214	0.196388	0.198031	0.199346
1215	0.199675	0.199675	0.199511
1216	0.19836	0.201812	0.198524
1217	0.199018	0.199839	0.199675
1218	0.199346	0.201812	0.196059
1219	0.198853	0.201812	0.200497
1220	0.200497	0.205099	0.199346
1221	0.197374	0.200825	0.199675
1222	0.201154	0.203455	0.202305
1223	0.197538	0.203455	0.202305
1224	0.199182	0.20099	0.199511
1225	0.196717	0.201319	0.201483
1226	0.201647	0.201976	0.201976
1227	0.196059	0.193922	0.199839
1228	0.195566	0.200497	0.199346
1229	0.199675	0.199018	0.19721
1230	0.201976	0.201976	0.201647
1231	0.200661	0.205427	0.200168
1232	0.200497	0.199675	0.197703
1233	0.203126	0.203291	0.198031
1234	0.200168	0.200332	0.200004
1235	0.202305	0.200825	0.197867
1236	0.198031	0.200168	0.199018
1237	0.199675	0.202305	0.202469
1238	0.197867	0.199511	0.20214
1239	0.198031	0.201647	0.20099
1240	0.193429	0.200825	0.202305
1241	0.196881	0.20477	0.201319
1242	0.196552	0.200004	0.200661
1243	0.200168	0.200332	0.203126
1244	0.198689	0.199511	0.200004
1245	0.19836	0.198524	0.204606
1246	0.197374	0.201647	0.198196
1247	0.198524	0.196059	0.202305
1248	0.199182	0.20099	0.200825
1249	0.198031	0.197867	0.200497
1250	0.199675	0.201976	0.199018
1251	0.198524	0.199839	0.202469
1252	0.20099	0.202305	0.202962
1253	0.199346	0.200168	0.200004
1254	0.202798	0.200332	0.200825
1255	0.198689	0.201976	0.201812
1256	0.198031	0.202633	0.201647
1257	0.199511	0.20362	0.19836
1258	0.199182	0.204113	0.202305
1259	0.196223	0.199018	0.199018
1260	0.196881	0.199675	0.204113
1261	0.197374	0.199675	0.200004
1262	0.197867	0.198524	0.205099
1263	0.200332	0.200661	0.20099
1264	0.196223	0.196717	0.200168
1265	0.200004	0.202633	0.202962
1266	0.201319	0.199182	0.19836
1267	0.194087	0.201483	0.200004
1268	0.202962	0.196388	0.198853
1269	0.201812	0.19836	0.200004
1270	0.198853	0.197867	0.200004
1271	0.200497	0.202469	0.200661
1272	0.19721	0.199675	0.19573
1273	0.199675	0.202633	0.2074
1274	0.199346	0.200661	0.200661
1275	0.199675	0.196223	0.200332
1276	0.200825	0.198031	0.201154
1277	0.201154	0.196717	0.20099
1278	0.197538	0.201647	0.20099
1279	0.197374	0.185705	0.200004
1280	0.202633	0.197703	0.201976
1281	0.200825	0.195895	0.202305
1282	0.20099	0.198196	0.201154
1283	0.202305	0.197374	0.199182
1284	0.201154	0.202798	0.199675
1285	0.200497	0.197538	0.199346
1286	0.198031	0.200168	0.200004
1287	0.201647	0.199839	0.199018
1288	0.203126	0.200497	0.20099
1289	0.199346	0.201154	0.196388
1290	0.199839	0.196881	0.201319
1291	0.202633	0.200004	0.199839
1292	0.201319	0.199675	0.200004
1293	0.198524	0.200168	0.198031
1294	0.200332	0.19836	0.203126
1295	0.199839	0.200497	0.202305
1296	0.198196	0.200168	0.199018
1297	0.200661	0.199675	0.199675
1298	0.200004	0.200332	0.201154
1299	0.203455	0.198853	0.20099
1300	0.199839	0.197374	0.200168
1301	0.200497	0.201154	0.200497
1302	0.197867	0.19836	0.201976
1303	0.19836	0.204113	0.200497
1304	0.199182	0.203291	0.19721
1305	0.201483	0.200168	0.201812
1306	0.197045	0.202305	0.197703
1307	0.199839	0.200825	0.201647
1308	0.200168	0.201647	0.197374
1309	0.198031	0.205921	0.200004
1310	0.199675	0.205263	0.200661
1311	0.199675	0.201976	0.200497
1312	0.200004	0.20214	0.200497
1313	0.199182	0.199511	0.202798
1314	0.199511	0.202469	0.200332
1315	0.197374	0.200332	0.201483
1316	0.200825	0.200497	0.200497
1317	0.198524	0.200004	0.201154
1318	0.199346	0.200332	0.198524
1319	0.200004	0.196059	0.200661
1320	0.202962	0.199675	0.202798
1321	0.198853	0.202305	0.195566
1322	0.205592	0.199346	0.19836
1323	0.199346	0.201319	0.198196
1324	0.20099	0.19836	0.20214
1325	0.203948	0.197538	0.19836
1326	0.200004	0.202469	0.200332
1327	0.199839	0.202469	0.200332
1328	0.199511	0.197374	0.200168
1329	0.199346	0.204606	0.19458
1330	0.199346	0.19836	0.200168
1331	0.204277	0.199182	0.201812
1332	0.199839	0.203291	0.198689
1333	0.202305	0.20362	0.200332
1334	0.199346	0.200004	0.199018
1335	0.202962	0.202798	0.202633
1336	0.200825	0.197538	0.194744
1337	0.200497	0.198689	0.198853
1338	0.198853	0.199346	0.200497
1339	0.202305	0.196717	0.199018
1340	0.200168	0.201647	0.19836
1341	0.204113	0.194251	0.201154
1342	0.202962	0.199839	0.199511
1343	0.200661	0.199511	0.199182
1344	0.203126	0.20099	0.20099
1345	0.199346	0.198689	0.200332
1346	0.198524	0.204441	0.197045
1347	0.202305	0.200332	0.199675
1348	0.202798	0.202469	0.202962
1349	0.197374	0.200661	0.196223
1350	0.200332	0.200332	0.205263
1351	0.20099	0.201319	0.197703
1352	0.198524	0.197538	0.20099
1353	0.195895	0.201976	0.19721
1354	0.193594	0.202305	0.199511
1355	0.20214	0.202469	0.201319
1356	0.200332	0.200332	0.198689
1357	0.200168	0.204441	0.19836
1358	0.207728	0.199839	0.200661
1359	0.201483	0.198689	0.200004
1360	0.199839	0.200825	0.199675
1361	0.20099	0.201483	0.20099
1362	0.200497	0.201647	0.198031
1363	0.200168	0.202305	0.201154
1364	0.199675	0.201319	0.199675
1365	0.200168	0.202798	0.199675
1366	0.199511	0.204113	0.198853
1367	0.201812	0.200004	0.201976
1368	0.200332	0.203784	0.200332
1369	0.202798	0.20477	0.202305
1370	0.199018	0.201647	0.203455
1371	0.198031	0.200332	0.203948
1372	0.201319	0.202633	0.198031
1373	0.199675	0.199346	0.199675
1374	0.201319	0.200004	0.202633
1375	0.200661	0.200332	0.199839
1376	0.200497	0.204606	0.200332
1377	0.201319	0.201647	0.198196
1378	0.199511	0.203126	0.197703
1379	0.202305	0.203126	0.197374
1380	0.18932	0.202305	0.200004
1381	0.19458	0.202305	0.200497
1382	0.198196	0.202469	0.198031
1383	0.199182	0.201319	0.19836
1384	0.199839	0.19721	0.201976
1385	0.199346	0.200825	0.200497
1386	0.197374	0.201647	0.203291
1387	0.198689	0.201483	0.200825
1388	0.198524	0.201319	0.202469
1389	0.200168	0.200168	0.20099
1390	0.199018	0.201154	0.201483
1391	0.189649	0.200004	0.20099
1392	0.197045	0.19721	0.200332
1393	0.196388	0.198031	0.200332
1394	0.198196	0.199675	0.200168
1395	0.200825	0.200332	0.199018
1396	0.197538	0.201154	0.194909
1397	0.200004	0.205921	0.199511
1398	0.197703	0.202469	0.19836
1399	0.200004	0.202633	0.20099
1400	0.201483	0.203291	0.198524
1401	0.200004	0.204277	0.202962
1402	0.196881	0.204934	0.200661
1403	0.197045	0.200332	0.203784
1404	0.197045	0.200661	0.205263
1405	0.197374	0.201647	0.202633
1406	0.200332	0.20214	0.203126
1407	0.199182	0.198689	0.202798
1408	0.19836	0.201483	0.199018
1409	0.195402	0.197867	0.200661
1410	0.202798	0.200332	0.200825
1411	0.199182	0.201647	0.198689
1412	0.203126	0.200661	0.202305
1413	0.200825	0.201154	0.19836
1414	0.202798	0.202469	0.201154
1415	0.20099	0.20214	0.19836
1416	0.199182	0.203784	0.199839
1417	0.199511	0.203784	0.200004
1418	0.200168	0.20214	0.201154
1419	0.199346	0.203455	0.200825
1420	0.199182	0.203455	0.201319
1421	0.200004	0.204113	0.203784
1422	0.198524	0.20099	0.201483
1423	0.202305	0.204113	0.202798
1424	0.199182	0.20362	0.201812
1425	0.200497	0.203291	0.200661
1426	0.199511	0.200004	0.199018
1427	0.201154	0.199018	0.201647
1428	0.201812	0.203784	0.196881
1429	0.200661	0.200168	0.194087
1430	0.198524	0.203126	0.195237
1431	0.200168	0.203455	0.201154
1432	0.200168	0.201319	0.202469
1433	0.198524	0.199182	0.196059
1434	0.198689	0.206249	0.201319
1435	0.201812	0.200825	0.202305
1436	0.197374	0.204113	0.200825
1437	0.199511	0.202469	0.201647
1438	0.199346	0.20362	0.205263
1439	0.19721	0.202469	0.196717
1440	0.198689	0.202962	0.201154
1441	0.197045	0.205756	0.199675
1442	0.199018	0.200004	0.200332
1443	0.197538	0.198524	0.200661
1444	0.197538	0.20099	0.20099
1445	0.200332	0.203291	0.201154
1446	0.200825	0.202305	0.198689
1447	0.199018	0.201976	0.197703
1448	0.201647	0.201483	0.201812
1449	0.200825	0.201812	0.200004
1450	0.198689	0.203291	0.199182
1451	0.202798	0.204606	0.198689
1452	0.20099	0.206085	0.200497
1453	0.200332	0.206742	0.201483
1454	0.199675	0.201154	0.203948
1455	0.198689	0.203126	0.198196
1456	0.198689	0.202305	0.201483
1457	0.201154	0.200497	0.202633
1458	0.196881	0.203291	0.199839
1459	0.198524	0.19836	0.201319
1460	0.201154	0.197703	0.201647
1461	0.199018	0.200661	0.199018
1462	0.199839	0.200825	0.201483
1463	0.203126	0.199839	0.199182
1464	0.19836	0.203291	0.197867
1465	0.200004	0.201154	0.200332
1466	0.203948	0.20214	0.195402
1467	0.196388	0.201154	0.201647
1468	0.201319	0.201483	0.200332
1469	0.201319	0.199675	0.19836
1470	0.200168	0.20362	0.197867
1471	0.199346	0.200661	0.198689
1472	0.199182	0.202305	0.199511
1473	0.197703	0.201483	0.199675
1474	0.200332	0.201976	0.20099
1475	0.197538	0.203948	0.20214
1476	0.199018	0.197045	0.200168
1477	0.199346	0.197045	0.199346
1478	0.200332	0.198524	0.204113
1479	0.200004	0.201647	0.198689
1480	0.204934	0.194087	0.198031
1481	0.202798	0.201976	0.196717
1482	0.200825	0.198031	0.200004
1483	0.201812	0.203291	0.197045
1484	0.201647	0.202962	0.197538
1485	0.200661	0.202469	0.200661
1486	0.199182	0.201319	0.199018
1487	0.200825	0.202962	0.200825
1488	0.199346	0.199018	0.201154
1489	0.200168	0.20362	0.200497
1490	0.199182	0.20099	0.202305
1491	0.201647	0.19836	0.203455
1492	0.195237	0.197703	0.200825
1493	0.197374	0.197374	0.206907
1494	0.199018	0.199839	0.200004
1495	0.201154	0.197374	0.200168
1496	0.201812	0.197703	0.196223
1497	0.199346	0.198524	0.200168
1498	0.201319	0.201812	0.20099
1499	0.197703	0.196223	0.19836
1500	0.200497	0.202633	0.201647
1501	0.200004	0.193429	0.198689
1502	0.202469	0.201319	0.199839
1503	0.196388	0.200168	0.200661
1504	0.200004	0.202305	0.203948
1505	0.198031	0.200332	0.196059
1506	0.197045	0.199675	0.197867
1507	0.19721	0.200825	0.20099
1508	0.19836	0.200661	0.20214
1509	0.198689	0.201154	0.200168
1510	0.197867	0.196223	0.205099
1511	0.199182	0.198031	0.202469
1512	0.199675	0.199182	0.202469
1513	0.198196	0.197374	0.202305
1514	0.195566	0.19721	0.200332
1515	0.199182	0.200332	0.202962
1516	0.194744	0.197374	0.198689
1517	0.202305	0.196552	0.199018
1518	0.200168	0.198196	0.198524
1519	0.203126	0.199182	0.201647
1520	0.197703	0.201154	0.197538
1521	0.201154	0.200497	0.201647
1522	0.199511	0.19836	0.199511
1523	0.197867	0.199182	0.202798
1524	0.199346	0.200168	0.200661
1525	0.198524	0.199346	0.20214
1526	0.199018	0.197374	0.201483
1527	0.19721	0.197703	0.201319
1528	0.197703	0.195073	0.201319
1529	0.197374	0.194416	0.200497
1530	0.199839	0.201483	0.20214
1531	0.196717	0.197867	0.198524
1532	0.201812	0.198689	0.202962
1533	0.200332	0.202305	0.200497
1534	0.199675	0.199839	0.199018
1535	0.199675	0.19573	0.199675
1536	0.200497	0.200004	0.202633
1537	0.198031	0.198196	0.201976
1538	0.199346	0.19836	0.201976
1539	0.201154	0.199839	0.200168
1540	0.197374	0.198524	0.202305
1541	0.196881	0.200004	0.200661
1542	0.19836	0.195237	0.202469
1543	0.19721	0.199182	0.20214
1544	0.196388	0.196059	0.207235
1545	0.201483	0.18932	0.199675
1546	0.198689	0.187677	0.200825
1547	0.200497	0.18817	0.200004
1548	0.196717	0.18817	0.205592
1549	0.19573	0.191128	0.196881
1550	0.19721	0.187841	0.200332
1551	0.198689	0.187513	0.201319
1552	0.196552	0.186691	0.199346
1553	0.201319	0.1908	0.201812
1554	0.198853	0.191293	0.199182
1555	0.200004	0.187513	0.203455
1556	0.197703	0.193922	0.196388
1557	0.19721	0.191457	0.204277
1558	0.198031	0.194087	0.201319
1559	0.194744	0.194744	0.206578
1560	0.195402	0.190307	0.202633
1561	0.196059	0.192443	0.201483
1562	0.198196	0.195566	0.201319
1563	0.196717	0.195237	0.202469
1564	0.200332	0.193265	0.201812
1565	0.19721	0.19458	0.199839
1566	0.200332	0.19458	0.202633
1567	0.199018	0.192115	0.201319
1568	0.198524	0.193429	0.204277
1569	0.197538	0.194416	0.200004
1570	0.20099	0.195073	0.201647
1571	0.199675	0.195073	0.197867
1572	0.199346	0.196059	0.201483
1573	0.205921	0.196717	0.201647
1574	0.194909	0.197703	0.197045
1575	0.199675	0.199675	0.201976
1576	0.19721	0.193429	0.199839
1577	0.199182	0.200004	0.203126
1578	0.199182	0.194416	0.20214
1579	0.19836	0.19573	0.200661
1580	0.198031	0.194087	0.206578
1581	0.199018	0.195566	0.19458
1582	0.192443	0.195566	0.198689
1583	0.195402	0.196552	0.203291
1584	0.19836	0.191128	0.197374
1585	0.197045	0.191128	0.200004
1586	0.199182	0.196223	0.195895
1587	0.200661	0.194416	0.204113
1588	0.200332	0.200825	0.200661
1589	0.200168	0.194416	0.200497
1590	0.202305	0.195566	0.199839
1591	0.196223	0.193101	0.198689
1592	0.199839	0.193594	0.190471
1593	0.19721	0.19721	0.198689
1594	0.197374	0.193922	0.201483
1595	0.201483	0.198196	0.203784
1596	0.201976	0.199018	0.198524
1597	0.196223	0.198524	0.199182
1598	0.199675	0.19721	0.207235
1599	0.196223	0.199839	0.199018
1600	0.196881	0.199675	0.202305
1601	0.198031	0.197045	0.201319
1602	0.198031	0.195566	0.200825
1603	0.199182	0.198196	0.193429
1604	0.197538	0.195895	0.201319
1605	0.201976	0.194744	0.202305
1606	0.197703	0.196223	0.199182
1607	0.197045	0.197374	0.204113
1608	0.196717	0.196223	0.200497
1609	0.199839	0.199018	0.203126
1610	0.199018	0.195402	0.201154
1611	0.200332	0.198196	0.201483
1612	0.200661	0.197538	0.200497
1613	0.197703	0.197374	0.200825
1614	0.194744	0.198853	0.196059
1615	0.199511	0.197703	0.199839
1616	0.196552	0.192115	0.199511
1617	0.198031	0.198853	0.200825
1618	0.199675	0.198853	0.20362
1619	0.199839	0.196223	0.20099
1620	0.201154	0.198196	0.202305
1621	0.200168	0.194909	0.200332
1622	0.203948	0.199346	0.20099
1623	0.202305	0.196223	0.200825
1624	0.200497	0.199675	0.199839
1625	0.20099	0.199182	0.19836
1626	0.201319	0.199675	0.199346
1627	0.198524	0.195895	0.198524
1628	0.197703	0.200661	0.199839
1629	0.199675	0.199511	0.199018
1630	0.202305	0.199675	0.202633
1631	0.202305	0.201483	0.19721
1632	0.197045	0.192936	0.200661
1633	0.198524	0.199346	0.200004
1634	0.20099	0.197538	0.20362
1635	0.197867	0.197374	0.202305
1636	0.199182	0.201154	0.201483
1637	0.193922	0.199182	0.20362
1638	0.197045	0.198031	0.200332
1639	0.195895	0.202469	0.200004
1640	0.195895	0.197374	0.202469
1641	0.199839	0.197703	0.199182
1642	0.197867	0.196223	0.198689
1643	0.200497	0.201319	0.20214
1644	0.198689	0.198524	0.198196
1645	0.198689	0.197703	0.205099
1646	0.199675	0.196717	0.20099
1647	0.196388	0.19836	0.201483
1648	0.198196	0.19836	0.199182
1649	0.198524	0.198689	0.200004
1650	0.199182	0.204441	0.199511
1651	0.196388	0.200661	0.201483
1652	0.199675	0.200825	0.201647
1653	0.197867	0.200332	0.202633
1654	0.197538	0.202305	0.201154
1655	0.196881	0.196881	0.202798
1656	0.197374	0.201483	0.201812
1657	0.19573	0.197867	0.201154
1658	0.196717	0.199675	0.198524
1659	0.195073	0.19721	0.197045
1660	0.199182	0.196388	0.200661
1661	0.19836	0.201812	0.202305
1662	0.199675	0.19836	0.199018
1663	0.202305	0.199346	0.198031
1664	0.199346	0.200332	0.199675
1665	0.19836	0.203784	0.197703
1666	0.201647	0.19836	0.200825
1667	0.199346	0.202305	0.197374
1668	0.197703	0.200004	0.200825
1669	0.19836	0.198524	0.200497
1670	0.197045	0.198853	0.19836
1671	0.197867	0.200825	0.202305
1672	0.19721	0.201483	0.200168
1673	0.198524	0.202305	0.202633
1674	0.199018	0.199182	0.198196
1675	0.199346	0.203784	0.200332
1676	0.197045	0.203784	0.197867
1677	0.199839	0.199182	0.200661
1678	0.199839	0.201647	0.201812
1679	0.200004	0.198031	0.199839
1680	0.201154	0.199346	0.19573
1681	0.198689	0.200661	0.196717
1682	0.200168	0.20214	0.201154
1683	0.196717	0.202469	0.197867
1684	0.198031	0.202798	0.200004
1685	0.200661	0.199839	0.198524
1686	0.201483	0.206414	0.203126
1687	0.192936	0.202305	0.201154
1688	0.202962	0.200497	0.20477
1689	0.194416	0.20099	0.200004
1690	0.199018	0.200661	0.202962
1691	0.197374	0.19836	0.200332
1692	0.199018	0.197374	0.200332
1693	0.199182	0.199346	0.200661
1694	0.200497	0.197374	0.200661
1695	0.198853	0.200825	0.198689
1696	0.200825	0.196388	0.202962
1697	0.201483	0.199675	0.201483
1698	0.199839	0.198031	0.199675
1699	0.200004	0.200168	0.200497
1700	0.197374	0.200004	0.201154
1701	0.198853	0.202798	0.199346
1702	0.197703	0.200332	0.201647
1703	0.197045	0.201647	0.200497
1704	0.195073	0.204606	0.200825
1705	0.198524	0.199018	0.203291
1706	0.193758	0.202633	0.199346
1707	0.198031	0.199675	0.201319
1708	0.200661	0.199511	0.197538
1709	0.201154	0.196059	0.199018
1710	0.199511	0.19573	0.201483
1711	0.199839	0.195895	0.201812
1712	0.198689	0.198524	0.197374
1713	0.202962	0.197703	0.201154
1714	0.201483	0.19836	0.200004
1715	0.195237	0.19836	0.199346
1716	0.20099	0.19721	0.19721
1717	0.197538	0.179295	0.194416
1718	0.201483	0.17798	0.203291
1719	0.198689	0.179295	0.199675
1720	0.199675	0.182253	0.199018
1721	0.200497	0.17798	0.201976
1722	0.20099	0.180445	0.203126
1723	0.197703	0.180774	0.20099
1724	0.199182	0.17798	0.201812
1725	0.201154	0.181431	0.201647
1726	0.197703	0.186691	0.200825
1727	0.199346	0.183897	0.200332
1728	0.202469	0.183568	0.200332
1729	0.200661	0.186033	0.197538
1730	0.200497	0.184225	0.196881
1731	0.202469	0.194416	0.19573
1732	0.200168	0.184061	0.199511
1733	0.203291	0.189814	0.19836
1734	0.201483	0.18817	0.197867
1735	0.201319	0.189649	0.201483
1736	0.199839	0.191293	0.200661
1737	0.198689	0.192936	0.20362
1738	0.200825	0.18817	0.203126
1739	0.201647	0.190307	0.202798
1740	0.198031	0.189156	0.201483
1741	0.198689	0.18817	0.201483
1742	0.199346	0.193758	0.201976
1743	0.200004	0.188827	0.20214
1744	0.199511	0.191128	0.201647
1745	0.201154	0.190307	0.199018
1746	0.19836	0.194251	0.197703
1747	0.197045	0.192443	0.20477
1748	0.202962	0.191293	0.200497
1749	0.198196	0.1908	0.200332
1750	0.202469	0.195895	0.19836
1751	0.199018	0.197045	0.197703
1752	0.199182	0.191786	0.201976
1753	0.198524	0.192772	0.198853
1754	0.197374	0.195237	0.20214
1755	0.19836	0.19721	0.201154
1756	0.195566	0.195895	0.201647
1757	0.193101	0.197867	0.200004
1758	0.196552	0.194744	0.203291
1759	0.196717	0.193922	0.197867
1760	0.200332	0.198524	0.204934
1761	0.200661	0.198689	0.201319
1762	0.199675	0.195566	0.200168
1763	0.200497	0.198689	0.201483
1764	0.202798	0.18439	0.20214
1765	0.201319	0.19573	0.201812
1766	0.200661	0.196552	0.200332
1767	0.199675	0.194744	0.197867
1768	0.199182	0.197374	0.199839
1769	0.197867	0.19836	0.203948
1770	0.201154	0.198689	0.19836
1771	0.199182	0.195895	0.200004
1772	0.200004	0.200661	0.200497
1773	0.20099	0.197538	0.200168
1774	0.198524	0.199675	0.200497
1775	0.19836	0.184718	0.201483
1776	0.200332	0.187677	0.203291
1777	0.199675	0.190142	0.200332
1778	0.200004	0.1908	0.200004
1779	0.199346	0.191621	0.197374
1780	0.199839	0.193265	0.204441
1781	0.199346	0.191293	0.19836
1782	0.20099	0.189485	0.198196
1783	0.199675	0.194909	0.200825
1784	0.202962	0.191457	0.201812
1785	0.199839	0.193101	0.200004
1786	0.197867	0.191457	0.200332
1787	0.198196	0.191786	0.201319
1788	0.196388	0.190635	0.199511
1789	0.196223	0.195073	0.20099
1790	0.195566	0.190471	0.202469
1791	0.198524	0.194087	0.203455
1792	0.197045	0.192443	0.201647
1793	0.201154	0.196717	0.201154
1794	0.19836	0.193101	0.201154
1795	0.200497	0.195073	0.204277
1796	0.19836	0.196717	0.198196
1797	0.20099	0.195566	0.198853
1798	0.200661	0.191621	0.199511
1799	0.205263	0.194744	0.201483
1800	0.198031	0.196881	0.200332
1801	0.200004	0.195402	0.199182
1802	0.198689	0.196388	0.201483
1803	0.201483	0.196388	0.201319
1804	0.198853	0.195566	0.197374
1805	0.200332	0.198031	0.201647
1806	0.199675	0.200004	0.199839
1807	0.201647	0.195073	0.198031
1808	0.201812	0.200004	0.201976
1809	0.202469	0.199839	0.202469
1810	0.202633	0.196717	0.205756
1811	0.193265	0.19836	0.200825
1812	0.199182	0.198031	0.202469
1813	0.197374	0.198524	0.200168
1814	0.197867	0.19573	0.202962
1815	0.198196	0.195073	0.201647
1816	0.200004	0.198196	0.200825
1817	0.199018	0.197703	0.199018
1818	0.200825	0.196388	0.198196
1819	0.198689	0.200497	0.196059
1820	0.200168	0.195073	0.200661
1821	0.194744	0.19836	0.197374
1822	0.197538	0.19721	0.196881
1823	0.20099	0.198196	0.198689
1824	0.19836	0.197045	0.196552
1825	0.201647	0.199018	0.200332
1826	0.196059	0.197045	0.197374
1827	0.200332	0.19721	0.200825
1828	0.197045	0.199511	0.202962
1829	0.201319	0.196388	0.200497
1830	0.196717	0.19836	0.199675
1831	0.195566	0.197538	0.200825
1832	0.186855	0.198689	0.197045
1833	0.199182	0.197538	0.202305
1834	0.199018	0.198031	0.196717
1835	0.202469	0.198196	0.199182
1836	0.200004	0.201483	0.196717
1837	0.201154	0.196223	0.198196
1838	0.204113	0.196223	0.198031
1839	0.19573	0.200004	0.197538
1840	0.20214	0.199839	0.19836
1841	0.199018	0.196059	0.196223
1842	0.200004	0.197703	0.199675
1843	0.190307	0.199839	0.196717
1844	0.198853	0.197374	0.197045
1845	0.197867	0.199346	0.198524
1846	0.196717	0.198031	0.202962
1847	0.197867	0.20099	0.200004
1848	0.198031	0.201812	0.199346
1849	0.198196	0.199511	0.196717
1850	0.197867	0.201483	0.197867
1851	0.200332	0.200168	0.19721
1852	0.199839	0.198031	0.197045
1853	0.197703	0.200332	0.196223
1854	0.195895	0.198031	0.196059
1855	0.199346	0.198853	0.197045
1856	0.196717	0.200004	0.196717
1857	0.197374	0.199839	0.198524
1858	0.193758	0.202305	0.196223
1859	0.194909	0.199346	0.199018
1860	0.197374	0.199839	0.198524
1861	0.19573	0.201319	0.200168
1862	0.198196	0.203126	0.199182
1863	0.19836	0.198689	0.196388
1864	0.197703	0.203291	0.199182
1865	0.19836	0.196552	0.202305
1866	0.197538	0.201976	0.198853
1867	0.19721	0.199182	0.20214
1868	0.200168	0.201154	0.200497
1869	0.198853	0.196552	0.19836
1870	0.199346	0.200825	0.197374
1871	0.200825	0.19721	0.199839
1872	0.200497	0.200004	0.199182
1873	0.200332	0.200661	0.199018
1874	0.202469	0.199511	0.199182
1875	0.199182	0.203784	0.199018
1876	0.20099	0.203948	0.202798
1877	0.198689	0.201483	0.198196
1878	0.199839	0.200168	0.003268
1879	0.197703	0.203784	0.011322
1880	0.200497	0.200332	0.018554
1881	0.196717	0.201812	0.027922
1882	0.199675	0.198689	0.036304
1883	0.197703	0.202469	0.011651
1884	0.196552	0.200825	0.020033
1885	0.19836	0.202305	0.027593
1886	0.196717	0.200825	0.035154
1887	0.199675	0.202469	0.044686
1888	0.19836	0.198524	0.045837
1889	0.203784	0.201647	0.056356
1890	0.20099	0.202305	0.064409
1891	0.202469	0.199675	0.065888
1892	0.200497	0.198853	0.07049
1893	0.201319	0.202305	0.080516
1894	0.199018	0.198524	0.08216
1895	0.200497	0.197867	0.088077
1896	0.199675	0.200004	0.089227
1897	0.199346	0.202633	0.097116
1898	0.199018	0.202633	0.10517
1899	0.196717	0.201812	0.108621
1900	0.200661	0.202798	0.112073
1901	0.199182	0.198689	0.11536
1902	0.197374	0.202798	0.118976
1903	0.197045	0.201483	0.121112
1904	0.198689	0.200497	0.125714
1905	0.195073	0.202305	0.127029
1906	0.19836	0.201483	0.13196
1907	0.200168	0.199675	0.130809
1908	0.202962	0.198689	0.138534
1909	0.205592	0.199182	0.140178
1910	0.203126	0.201154	0.146259
1911	0.202305	0.20099	0.143136
1912	0.199182	0.201647	0.146095
1913	0.201319	0.204441	0.145437
1914	0.199346	0.200661	0.150204
1915	0.20099	0.203784	0.152505
1916	0.200004	0.202633	0.157928
1917	0.206742	0.202798	0.158093
1918	0.19721	0.201976	0.161215
1919	0.200661	0.202633	0.165489
1920	0.200168	0.204606	0.165489
1921	0.199675	0.201319	0.164996
1922	0.200332	0.199839	0.166146
1923	0.200332	0.200825	0.173871
1924	0.198853	0.200825	0.172392
1925	0.202469	0.200661	0.173214
1926	0.20099	0.200332	0.173542
1927	0.200661	0.200332	0.176829
1928	0.202798	0.203948	0.174693
1929	0.200004	0.202469	0.177322
1930	0.199346	0.205592	0.178473
1931	0.197867	0.203291	0.178309
1932	0.201483	0.204441	0.181596
1933	0.201319	0.201976	0.18061
1934	0.203126	0.202469	0.183239
1935	0.200004	0.202798	0.183239
1936	0.201319	0.20214	0.185869
1937	0.198689	0.202798	0.188827
1938	0.196552	0.202633	0.187184
1939	0.197867	0.204606	0.18439
1940	0.201976	0.205263	0.19195
1941	0.200825	0.204934	0.189156
1942	0.198853	0.199839	0.190142
1943	0.204277	0.204441	0.189649
1944	0.200004	0.195566	0.190471
1945	0.202305	0.19836	0.191457
1946	0.200825	0.200497	0.190964
1947	0.202633	0.202469	0.193101
1948	0.20099	0.202469	0.193429
1949	0.200497	0.206249	0.192443
1950	0.20099	0.203948	0.196059
1951	0.201483	0.204277	0.194416
1952	0.198524	0.206907	0.193265
1953	0.199675	0.202962	0.192115
1954	0.199182	0.203455	0.194087
1955	0.200332	0.202469	0.196881
1956	0.201976	0.20362	0.194416
1957	0.201976	0.201154	0.196881
1958	0.200168	0.207564	0.198196
1959	0.200332	0.206578	0.19721
1960	0.198524	0.206085	0.197045
1961	0.199018	0.204113	0.19573
1962	0.202798	0.204441	0.199346
1963	0.200004	0.205099	0.19721
1964	0.200168	0.204606	0.197374
1965	0.204113	0.202962	0.197703
1966	0.200332	0.205263	0.197867
1967	0.200661	0.204441	0.197374
1968	0.202962	0.205427	0.19721
1969	0.200168	0.205592	0.198689
1970	0.202962	0.20362	0.196552
1971	0.200497	0.206249	0.196552
1972	0.200825	0.203784	0.19458
1973	0.203784	0.205263	0.19836
1974	0.204441	0.202962	0.195566
1975	0.203948	0.203455	0.198031
1976	0.200661	0.202305	0.196552
1977	0.202305	0.200168	0.196059
1978	0.201976	0.201647	0.195073
1979	0.202962	0.205592	0.194251
1980	0.201319	0.200825	0.194744
1981	0.201154	0.204934	0.194087
1982	0.198689	0.205099	0.193265
1983	0.200168	0.205592	0.195237
1984	0.202305	0.205592	0.200168
1985	0.20099	0.205099	0.200332
1986	0.20099	0.206414	0.196059
1987	0.202962	0.203126	0.198196
1988	0.199346	0.205427	0.196717
1989	0.19836	0.202962	0.199018
1990	0.199182	0.202633	0.197538
1991	0.198853	0.201319	0.19721
1992	0.200332	0.202305	0.19573
1993	0.19836	0.20362	0.192443
1994	0.201647	0.199182	0.198524
1995	0.203948	0.200168	0.197045
1996	0.20099	0.209536	0.197045
1997	0.200332	0.204441	0.192443
1998	0.209372	0.202305	0.196059
1999	0.200004	0.204606	0.193101
2000	0.203126	0.204441	0.195237
2001	0.202469	0.205427	0.192608
2002	0.202305	0.201812	0.192936
2003	0.20099	0.2074	0.193101
2004	0.19836	0.20362	0.195402
2005	0.205921	0.205756	0.197867
2006	0.200004	0.203455	0.194744
2007	0.196717	0.207071	0.194251
2008	0.198196	0.202469	0.194251
2009	0.203784	0.202305	0.19573
2010	0.200168	0.201976	0.195073
2011	0.206085	0.203948	0.194251
2012	0.202469	0.202962	0.19195
2013	0.20099	0.202962	0.192608
2014	0.20477	0.20099	0.19195
2015	0.206249	0.20362	0.192936
2016	0.200332	0.203455	0.192443
2017	0.202469	0.205263	0.194744
2018	0.202962	0.203126	0.189156
2019	0.203455	0.20362	0.195402
2020	0.204277	0.203455	0.192115
2021	0.200332	0.202305	0.194909
2022	0.202469	0.205592	0.190307
2023	0.201319	0.201812	0.195402
2024	0.198853	0.201647	0.195237
2025	0.199511	0.202962	0.19721
2026	0.201154	0.203126	0.194416
2027	0.200332	0.203126	0.193594
2028	0.201647	0.20477	0.193594
2029	0.20099	0.200661	0.18932
2030	0.202962	0.201483	0.193265
2031	0.20214	0.201319	0.190964
2032	0.20477	0.198031	0.191293
2033	0.199018	0.200825	0.193265
2034	0.200825	0.19836	0.190964
2035	0.202469	0.065067	0.191457
2036	0.200004	0.016581	0.1908
2037	0.200332	0.004748	0.190471
2038	0.201976	0.003761	0.191457
2039	0.20214	0.013623	0.189156
2040	0.201647	0.021676	0.188663
2041	0.201812	0.028251	0.189156
2042	0.199018	0.034168	0.186691
2043	0.201154	0.042221	0.186526
2044	0.197703	0.047152	0.180281
2045	0.201483	0.04896	0.180116
2046	0.200661	0.055041	0.173378
2047	0.202962	0.065231	0.173542
2048	0.20214	0.070983	0.17272
2049	0.20099	0.074435	0.169926
2050	0.203291	0.08331	0.17157
2051	0.20214	0.086926	0.170748
2052	0.200825	0.089885	0.164338
2053	0.203455	0.094651	0.163352
2054	0.199511	0.101061	0.169926
2055	0.197867	0.103033	0.169598
2056	0.19458	0.106813	0.171734
2057	0.195895	0.105827	0.174857
2058	0.19836	0.117168	0.175679
2059	0.195566	0.119469	0.176008
2060	0.200825	0.119633	0.178802
2061	0.198031	0.124893	0.176008
2062	0.195895	0.126043	0.17535
2063	0.199182	0.128015	0.180445
2064	0.201647	0.130316	0.180774
2065	0.199839	0.134261	0.179952
2066	0.201812	0.136562	0.182911
2067	0.200661	0.142314	0.178802
2068	0.200004	0.14215	0.181924
2069	0.201812	0.146588	0.181924
2070	0.199018	0.147903	0.184554
2071	0.201319	0.14971	0.185212
2072	0.201976	0.148724	0.178637
2073	0.200004	0.152176	0.183732
2074	0.19836	0.154477	0.186362
2075	0.200825	0.155463	0.184554
2076	0.197374	0.157928	0.185869
2077	0.199675	0.156613	0.190307
2078	0.199675	0.159079	0.185869
2079	0.198524	0.16138	0.190471
2080	0.199839	0.165324	0.187348
2081	0.197867	0.159243	0.190471
2082	0.204113	0.162037	0.188006
2083	0.205099	0.16516	0.191786
2084	0.204277	0.170091	0.186198
2085	0.199511	0.167461	0.188663
2086	0.201483	0.172392	0.18932
2087	0.198196	0.170255	0.189978
2088	0.198689	0.172227	0.194087
2089	0.20362	0.17157	0.190142
2090	0.204113	0.176994	0.194087
2091	0.199675	0.179623	0.191786
2092	0.199675	0.174528	0.193101
2093	0.201647	0.178966	0.192936
2094	0.200497	0.176336	0.194251
2095	0.200004	0.181267	0.191786
2096	0.200332	0.178473	0.196388
2097	0.200497	0.180445	0.195402
2098	0.198853	0.18176	0.197538
2099	0.201483	0.181596	0.194909
2100	0.201319	0.18176	0.195895
2101	0.198689	0.186526	0.195566
2102	0.199018	0.186362	0.195402
2103	0.199018	0.19195	0.192443
2104	0.19573	0.188827	0.194251
2105	0.195895	0.185869	0.197867
2106	0.199675	0.191293	0.191128
2107	0.200825	0.186526	0.20099
2108	0.198689	0.187513	0.19573
2109	0.202962	0.188663	0.198196
2110	0.199346	0.189649	0.199675
2111	0.197538	0.188663	0.195073
2112	0.196881	0.194251	0.196717
2113	0.20099	0.191128	0.199018
2114	0.198853	0.191293	0.196388
2115	0.201812	0.189814	0.197374
2116	0.202469	0.192608	0.199675
2117	0.199839	0.189978	0.198031
2118	0.200661	0.191786	0.198853
2119	0.200661	0.190964	0.199018
2120	0.200825	0.1908	0.19573
2121	0.198524	0.192608	0.204441
2122	0.201154	0.191128	0.199346
2123	0.199018	0.198196	0.196717
2124	0.199675	0.195073	0.195895
2125	0.20214	0.193101	0.204277
2126	0.201976	0.194909	0.199182
2127	0.198196	0.195566	0.196717
2128	0.201319	0.192936	0.19721
2129	0.199511	0.195237	0.193922
2130	0.201812	0.193265	0.194416
2131	0.197538	0.196059	0.192772
2132	0.195073	0.192936	0.195895
2133	0.201812	0.196059	0.191128
2134	0.198524	0.011322	0.191128
2135	0.200332	0.021183	0.197538
2136	0.197703	0.024799	0.19458
2137	0.201319	0.033181	0.196881
2138	0.199675	0.040084	0.197045
2139	0.199346	0.047316	0.197703
2140	0.203126	0.050768	0.197045
2141	0.203455	0.057177	0.177651
2142	0.199182	0.062437	0.160722
2143	0.20099	0.066053	0.117168
2144	0.200825	0.074435	0.041892
2145	0.199511	0.079859	0.027429
2146	0.199839	0.094651	0.028086
2147	0.203455	0.090049	0.033674
2148	0.201154	0.095308	0.035647
2149	0.198196	0.099746	0.042878
2150	0.201976	0.105005	0.050439
2151	0.199346	0.107964	0.053726
2152	0.197867	0.111908	0.055863
2153	0.196223	0.114045	0.046494
2154	0.198853	0.120948	0.035647
2155	0.196223	0.12177	0.05389
2156	0.201154	0.126536	0.060465
2157	0.200332	0.130645	0.06293
2158	0.201976	0.129495	0.071312
2159	0.204113	0.132946	0.074599
2160	0.201154	0.135904	0.08331
2161	0.199182	0.138863	0.086926
2162	0.202798	0.139356	0.093007
2163	0.204934	0.14478	0.099582
2164	0.198031	0.146095	0.100239
2165	0.20099	0.147245	0.108621
2166	0.20099	0.150039	0.107471
2167	0.198196	0.15119	0.116839
2168	0.198031	0.15497	0.117825
2169	0.201483	0.156942	0.123085
2170	0.201319	0.155299	0.127687
2171	0.201154	0.158914	0.13196
2172	0.20099	0.160394	0.131302
2173	0.201154	0.159736	0.134918
2174	0.199182	0.16253	0.136398
2175	0.200168	0.16253	0.14215
2176	0.201812	0.163681	0.141493
2177	0.200168	0.167297	0.141164
2178	0.202305	0.169762	0.145273
2179	0.198853	0.168447	0.144122
2180	0.205592	0.172063	0.150697
2181	0.206085	0.170584	0.153162
2182	0.200168	0.172885	0.158586
2183	0.19836	0.173542	0.159243
2184	0.20214	0.170913	0.162859
2185	0.200661	0.17535	0.163845
2186	0.202469	0.175679	0.168447
2187	0.201154	0.176008	0.165653
2188	0.199346	0.175679	0.169926
2189	0.200004	0.179459	0.171077
2190	0.202305	0.174364	0.17157
2191	0.205263	0.179295	0.171734
2192	0.203291	0.178637	0.174528
2193	0.204441	0.17913	0.175186
2194	0.201483	0.182911	0.175679
2195	0.20362	0.183239	0.179623
2196	0.203126	0.183897	0.179295
2197	0.201483	0.184225	0.182746
2198	0.201812	0.184554	0.182417
2199	0.200497	0.186362	0.182582
2200	0.199839	0.186691	0.187184
2201	0.201154	0.186691	0.189978
2202	0.202633	0.182089	0.187019
2203	0.199839	0.189649	0.19195
2204	0.199511	0.187019	0.192443
2205	0.204113	0.183897	0.190471
2206	0.202305	0.187677	0.190635
2207	0.200168	0.186362	0.193265
2208	0.199182	0.190471	0.19195
2209	0.202633	0.186198	0.191457
2210	0.204934	0.190471	0.193429
2211	0.199511	0.189156	0.191621
2212	0.205099	0.187348	0.192772
2213	0.201812	0.19195	0.194744
2214	0.197867	0.191621	0.19721
2215	0.201976	0.192279	0.195237
2216	0.19836	0.192115	0.195237
2217	0.198689	0.192279	0.197374
2218	0.20099	0.191128	0.200004
2219	0.199511	0.19573	0.197867
2220	0.201319	0.192115	0.196881
2221	0.199346	0.194744	0.199675
2222	0.200661	0.190964	0.198031
2223	0.204606	0.191293	0.20099
2224	0.20099	0.191293	0.198689
2225	0.20099	0.193429	0.197703
2226	0.201976	0.192115	0.202633
2227	0.204277	0.196881	0.200825
2228	0.199839	0.192279	0.200497
2229	0.204441	0.189978	0.203948
2230	0.20362	0.197703	0.20099
2231	0.205921	0.194744	0.203455
2232	0.201647	0.198196	0.204606
2233	0.202633	0.199182	0.203948
2234	0.202469	0.196223	0.209372
2235	0.200825	0.194744	0.207071
2236	0.19836	0.197374	0.204606
2237	0.203126	0.196552	0.209208
2238	0.202469	0.201483	0.212002
2239	0.195237	0.193265	0.206742
2240	0.207728	0.195237	0.208386
2241	0.202962	0.19195	0.208386
2242	0.199182	0.195895	0.207728
2243	0.202469	0.196059	0.210029
2244	0.202469	0.192608	0.208715
2245	0.202469	0.193922	0.207728
2246	0.202305	0.19573	0.209043
2247	0.198853	0.19573	0.206907
2248	0.202798	0.198524	0.209701
2249	0.202305	0.196223	0.206085
2250	0.202305	0.194251	0.208386
2251	0.203948	0.195895	0.210523
2252	0.200497	0.195402	0.210358
2253	0.200497	0.198524	0.210029
2254	0.198524	0.194087	0.213152
2255	0.20099	0.201154	0.213317
2256	0.201647	0.195402	0.210194
2257	0.200497	0.197374	0.215125
2258	0.198196	0.198031	0.211016
2259	0.200332	0.196059	0.212166
2260	0.199675	0.188827	0.211344
2261	0.201812	0.195237	0.21381
2262	0.201483	0.19721	0.210358
2263	0.199675	0.197703	0.212824
2264	0.199018	0.198196	0.209372
2265	0.205263	0.197374	0.217426
2266	0.200332	0.199675	0.209536
2267	0.202469	0.19721	0.212002
2268	0.203455	0.201647	0.211837
2269	0.196552	0.199346	0.212166
2270	0.201976	0.199675	0.20855
2271	0.200168	0.190471	0.211344
2272	0.200004	0.197045	0.211673
2273	0.201154	0.199675	0.214467
2274	0.202962	0.197538	0.214303
2275	0.199839	0.19721	0.217261
2276	0.201647	0.198853	0.220055
2277	0.199346	0.19573	0.212988
2278	0.202798	0.195895	0.212824
2279	0.198524	0.198031	0.211509
2280	0.198031	0.194744	0.209536
2281	0.202305	0.200332	0.210851
2282	0.201976	0.194087	0.213152
2283	0.202305	0.194251	0.209536
2284	0.203126	0.196881	0.211673
2285	0.200004	0.20099	0.212495
2286	0.198853	0.201154	0.213152
2287	0.199839	0.197703	0.21381
2288	0.196059	0.19721	0.213481
2289	0.199182	0.199839	0.210194
2290	0.201319	0.199839	0.214796
2291	0.200168	0.197867	0.214796
2292	0.197374	0.194251	0.209701
2293	0.202469	0.197374	0.213317
2294	0.198689	0.197703	0.215618
2295	0.20214	0.19458	0.211837
2296	0.19573	0.196881	0.21118
2297	0.199182	0.196059	0.210029
2298	0.200661	0.199511	0.209865
2299	0.198853	0.198031	0.214138
2300	0.200825	0.199839	0.208386
2301	0.19836	0.201647	0.209372
2302	0.198031	0.202798	0.209372
2303	0.199018	0.199346	0.20855
2304	0.199675	0.205921	0.206085
2305	0.195566	0.197538	0.208386
2306	0.20099	0.198196	0.208386
2307	0.197045	0.204277	0.208386
2308	0.19836	0.195566	0.210194
2309	0.197374	0.200332	0.208222
2310	0.197867	0.197867	0.20855
2311	0.197867	0.200497	0.205263
2312	0.198853	0.198524	0.208222
2313	0.19836	0.200497	0.208879
2314	0.199511	0.198196	0.203455
2315	0.204934	0.199346	0.204441
2316	0.201812	0.199839	0.205756
2317	0.197538	0.198689	0.202633
2318	0.196059	0.19836	0.200661
2319	0.202305	0.200497	0.200168
2320	0.19836	0.198853	0.201483
2321	0.194416	0.201976	0.204934
2322	0.198031	0.200332	0.201483
2323	0.198853	0.201319	0.201319
2324	0.197045	0.200168	0.201976
2325	0.195566	0.198689	0.20477
2326	0.198196	0.200825	0.197045
2327	0.197867	0.195402	0.199346
2328	0.197538	0.198689	0.195895
2329	0.193265	0.200332	0.199182
2330	0.197374	0.201647	0.19836
2331	0.198031	0.197703	0.198031
2332	0.197045	0.201812	0.194909
2333	0.199018	0.198196	0.19458
2334	0.200497	0.193758	0.193594
2335	0.197867	0.197045	0.193594
2336	0.201483	0.201483	0.196717
2337	0.197374	0.199018	0.189485
2338	0.199346	0.199018	0.197045
2339	0.206907	0.197703	0.192608
2340	0.200332	0.196223	0.194251
2341	0.196717	0.198853	0.192608
2342	0.198524	0.197045	0.194909
2343	0.19721	0.194909	0.191621
2344	0.19573	0.198853	0.193101
2345	0.197538	0.200332	0.191457
2346	0.198689	0.198689	0.191457
2347	0.199675	0.200497	0.18932
2348	0.197538	0.199346	0.187184
2349	0.200168	0.200004	0.188334
2350	0.193758	0.198524	0.189156
2351	0.199346	0.199839	0.18932
2352	0.194744	0.197045	0.189485
2353	0.200661	0.197045	0.187841
2354	0.192608	0.201319	0.184061
2355	0.194909	0.196717	0.189649
2356	0.198031	0.203291	0.183732
2357	0.19721	0.200332	0.18932
2358	0.200168	0.203126	0.184554
2359	0.198031	0.200004	0.186691
2360	0.197374	0.201647	0.186033
2361	0.185047	0.200825	0.186526
2362	0.197867	0.204277	0.180774
2363	0.196388	0.196223	0.18439
2364	0.19836	0.199018	0.186855
2365	0.200168	0.199839	0.181267
2366	0.197045	0.199346	0.183075
2367	0.197045	0.199182	0.182582
2368	0.199511	0.197374	0.184225
2369	0.197867	0.202798	0.183404
2370	0.198689	0.19836	0.185047
2371	0.200661	0.20362	0.184225
2372	0.192279	0.200497	0.18439
2373	0.196717	0.200168	0.182582
2374	0.193594	0.198689	0.183404
2375	0.202633	0.199511	0.182911
2376	0.197867	0.198196	0.182911
2377	0.19836	0.200497	0.182253
2378	0.203784	0.198196	0.185047
2379	0.193265	0.19836	0.184225
2380	0.195566	0.200661	0.182417
2381	0.203948	0.200168	0.183075
2382	0.195566	0.19836	0.182253
2383	0.198689	0.201976	0.18439
2384	0.196552	0.201647	0.183239
2385	0.197045	0.19836	0.187019
2386	0.19721	0.200825	0.182746
2387	0.200497	0.199511	0.184061
2388	0.198031	0.200168	0.182417
2389	0.201976	0.198031	0.184718
2390	0.198689	0.200168	0.182911
2391	0.197703	0.199018	0.181267
2392	0.200332	0.200332	0.18554
2393	0.197867	0.201483	0.184883
2394	0.197867	0.200497	0.186362
2395	0.195566	0.200168	0.186198
2396	0.197045	0.201483	0.183732
2397	0.196388	0.201483	0.187019
2398	0.200168	0.20099	0.183239
2399	0.195566	0.201154	0.183568
2400	0.198689	0.200004	0.187348
2401	0.198524	0.198196	0.183732
2402	0.198524	0.198853	0.185705
2403	0.19721	0.201483	0.185376
2404	0.198689	0.200825	0.189156
2405	0.196552	0.204606	0.190142
2406	0.192115	0.203126	0.187513
2407	0.194744	0.199182	0.185705
2408	0.196059	0.200825	0.186526
2409	0.200168	0.203126	0.185047
2410	0.195073	0.199182	0.188499
2411	0.197703	0.20362	0.18817
2412	0.196881	0.202469	0.185376
2413	0.200004	0.202305	0.188006
2414	0.195895	0.203291	0.186033
2415	0.198689	0.201483	0.18932
2416	0.192772	0.205263	0.187513
2417	0.192608	0.197374	0.189485
2418	0.196059	0.202962	0.189156
2419	0.196552	0.20099	0.191621
2420	0.198524	0.198689	0.190964
2421	0.198689	0.200825	0.187841
2422	0.199675	0.202633	0.186526
2423	0.196059	0.20362	0.188499
2424	0.200168	0.201647	0.187841
2425	0.198689	0.198853	0.188006
2426	0.197703	0.203126	0.191128
2427	0.197867	0.201976	0.186691
2428	0.200661	0.204113	0.191786
2429	0.19721	0.200661	0.18439
2430	0.198524	0.201647	0.190307
2431	0.196388	0.203455	0.18817
2432	0.197867	0.201483	0.193101
2433	0.196881	0.201647	0.190471
2434	0.193101	0.205263	0.193429
2435	0.199018	0.205592	0.191293
2436	0.199182	0.201647	0.189814
2437	0.194416	0.205756	0.193758
2438	0.196388	0.199182	0.193758
2439	0.198689	0.201154	0.190964
2440	0.19458	0.199675	0.193922
2441	0.197045	0.200332	0.197045
2442	0.193429	0.201154	0.189814
2443	0.196059	0.198524	0.193594
2444	0.196223	0.200004	0.1908
2445	0.198689	0.198853	0.193101
2446	0.19836	0.203948	0.189978
2447	0.198196	0.20099	0.198853
2448	0.196717	0.204113	0.19573
2449	0.197045	0.200168	0.195895
2450	0.198689	0.199839	0.195566
2451	0.197867	0.201154	0.196059
2452	0.195237	0.200825	0.194251
2453	0.19573	0.201976	0.195073
2454	0.195237	0.20099	0.195237
2455	0.199839	0.204441	0.197538
2456	0.193922	0.198853	0.194251
2457	0.192608	0.198031	0.196223
2458	0.199182	0.202469	0.19573
2459	0.193922	0.200004	0.19573
2460	0.197867	0.201483	0.195073
2461	0.198524	0.20477	0.189814
2462	0.197867	0.201483	0.194744
2463	0.196552	0.202962	0.193758
2464	0.198524	0.201483	0.194744
2465	0.196223	0.20362	0.196223
2466	0.195402	0.202798	0.192936
2467	0.194909	0.204934	0.197374
2468	0.19721	0.201319	0.196881
2469	0.199182	0.202633	0.198196
2470	0.196388	0.20362	0.200497
2471	0.198031	0.203455	0.195566
2472	0.198524	0.201154	0.196059
2473	0.197374	0.202798	0.196223
2474	0.196717	0.20099	0.194087
2475	0.197374	0.199346	0.19573
2476	0.19458	0.202469	0.194744
2477	0.202798	0.204113	0.195073
2478	0.195566	0.203948	0.191621
2479	0.20099	0.202305	0.189649
2480	0.199018	0.20214	0.193265
2481	0.197867	0.203948	0.196717
2482	0.198031	0.205099	0.192443
2483	0.201319	0.201154	0.195895
2484	0.194251	0.207728	0.196717
2485	0.196881	0.204934	0.199018
2486	0.195566	0.205427	0.198031
2487	0.196059	0.202305	0.198031
2488	0.196388	0.200168	0.198196
2489	0.192115	0.202633	0.195237
2490	0.196881	0.202798	0.198524
2491	0.196552	0.197867	0.19721
2492	0.19573	0.201319	0.200825
2493	0.201154	0.20214	0.196388
2494	0.19836	0.197374	0.197045
2495	0.195895	0.199346	0.193922
2496	0.198196	0.200497	0.194251
2497	0.197045	0.201319	0.195566
2498	0.19721	0.201154	0.198853
2499	0.197045	0.200004	0.195566
