Ladekurvenmessung

Zeit: 2018_05_04 11.33.20

Info: FVA3, v = 0.195, T = 80, F = 20, h = 86.6

Ladewiderstand[Ohm]: 1012700

Störkapazität[pF]: 0.000000

Entladezeit[ms]: 200

Abtastrate[Hz]: 250000

Anzahl der Messwerte: 2500.000000

Verzögerung[ms]: 3

Ladespannung[V]: 0.200000


	Kurve_1	Kurve_2
0	-0.000347	0.000803
1	-0.000512	-0.000347
2	-0.000347	-1.9e-05
3	-0.000183	-0.000347
4	-1.9e-05	-0.000512
5	-0.000183	-0.000183
6	-0.000183	-0.001005
7	-0.000183	-0.000183
8	-0.000183	-0.001498
9	-0.000183	0.000639
10	-0.000183	-0.000183
11	-0.000512	-0.000347
12	-1.9e-05	0.000803
13	-0.000183	-0.001169
14	-0.000347	0.000146
15	-0.000183	-0.000676
16	-1.9e-05	0.00031
17	-0.000183	0.00146
18	0.000146	0.000639
19	-0.000183	-0.000512
20	-0.000183	-0.000183
21	-0.000183	-0.000183
22	-0.000347	-0.000183
23	-0.000183	-1.9e-05
24	-0.000347	-0.000183
25	-0.000183	-0.000347
26	-0.000183	-0.000676
27	-0.000183	0.000639
28	-0.000183	-0.004621
29	-0.000183	-1.9e-05
30	-0.000183	-0.000183
31	-0.000183	-1.9e-05
32	-0.000347	-1.9e-05
33	-0.000183	-0.000183
34	-0.000512	-1.9e-05
35	-0.000183	-1.9e-05
36	-0.000183	0.00031
37	-0.000183	0.002447
38	-1.9e-05	-1.9e-05
39	-0.000183	-0.004456
40	-1.9e-05	-0.00347
41	-1.9e-05	-0.000841
42	-0.000183	0.00031
43	-0.000183	0.001296
44	-0.000183	-0.000347
45	-0.000347	-0.000512
46	-0.000347	-0.000183
47	-0.000347	-0.000183
48	-1.9e-05	-1.9e-05
49	-0.000183	0.000146
50	-0.000183	-0.000676
51	-1.9e-05	-0.000512
52	-1.9e-05	-0.000183
53	-1.9e-05	-1.9e-05
54	-0.000183	-0.000183
55	-0.000347	0.000146
56	-0.000183	-0.000183
57	-0.000347	-0.000512
58	0.00031	-0.000512
59	-1.9e-05	-0.000347
60	0.001954	-0.000347
61	-0.000347	-0.000512
62	-0.002155	-0.000183
63	-0.001334	0.000146
64	0.001789	-1.9e-05
65	-0.000512	-1.9e-05
66	-0.000841	-0.000183
67	-0.001662	-0.000183
68	0.000146	-1.9e-05
69	-0.001005	-0.000183
70	-0.000183	-0.000512
71	-0.000183	-0.000512
72	0.002282	-0.000347
73	-0.003306	-0.000347
74	0.002447	-1.9e-05
75	0.002118	0.00031
76	-0.005114	-0.000183
77	-1.9e-05	0.000146
78	0.00146	-0.000676
79	-0.001827	-0.000347
80	0.002447	-0.000512
81	-0.000347	-0.000183
82	-0.001498	0.000474
83	0.00031	-0.000183
84	-0.002155	-0.000676
85	0.001954	-0.000512
86	-0.000512	-0.000512
87	-0.001498	0.000474
88	-0.000841	0.001296
89	-0.001169	-0.000676
90	-0.001005	-0.000676
91	0.000803	-0.000347
92	-1.9e-05	0.004748
93	-0.000183	-1.9e-05
94	-1.9e-05	0.003104
95	-1.9e-05	0.003433
96	-1.9e-05	0.00146
97	-0.000183	-0.001005
98	-0.000347	-1.9e-05
99	-0.000347	0.000146
100	-0.000183	0.005241
101	-0.000512	0.000967
102	0.000474	-0.000183
103	-1.9e-05	-1.9e-05
104	-1.9e-05	-0.000183
105	-0.000183	0.000146
106	0.000474	-0.000347
107	-0.000183	0.000146
108	0.000803	-0.000347
109	-0.000347	0.000146
110	-0.000183	-0.000676
111	-0.001005	-1.9e-05
112	-0.000183	0.001789
113	-0.000183	-0.000841
114	-0.000183	-1.9e-05
115	-0.000841	0.001296
116	-0.000676	-0.001498
117	-1.9e-05	0.000803
118	-0.000183	0.000146
119	-0.000183	-0.000512
120	-0.000347	0.000474
121	-0.000347	-0.000183
122	-0.000183	-1.9e-05
123	-0.000183	-1.9e-05
124	-0.000347	0.000146
125	-0.000347	-0.000512
126	-0.000512	-0.000347
127	-1.9e-05	-0.000512
128	-1.9e-05	-0.000183
129	-0.000347	-0.000183
130	-0.000347	-1.9e-05
131	-0.000347	-0.000183
132	-0.000183	-1.9e-05
133	-0.000512	0.000146
134	-0.000512	-1.9e-05
135	-0.000183	-0.000347
136	-1.9e-05	-0.000512
137	-0.000183	-0.000183
138	0.000146	-0.000347
139	-1.9e-05	-1.9e-05
140	-1.9e-05	-1.9e-05
141	-0.000183	-1.9e-05
142	-1.9e-05	0.002118
143	-0.000347	0.001625
144	-0.000183	0.002118
145	-0.000347	0.00031
146	-1.9e-05	0.004255
147	-1.9e-05	0.001954
148	-0.000183	0.004583
149	-1.9e-05	-0.000183
150	-0.000183	-0.000347
151	-0.000347	-1.9e-05
152	-0.000183	0.001132
153	-0.000183	0.000803
154	-0.000183	-1.9e-05
155	-0.000347	-0.000183
156	-0.000512	-0.001662
157	-0.000347	-0.000676
158	-0.000183	0.001789
159	-1.9e-05	-0.000512
160	-1.9e-05	0.000967
161	-1.9e-05	-0.001991
162	-1.9e-05	0.001625
163	-0.000183	0.000146
164	-0.000347	-0.000841
165	-0.000183	-0.000183
166	-0.000183	-0.000676
167	-1.9e-05	-0.000347
168	-0.000183	-0.000512
169	-1.9e-05	-0.000512
170	0.000146	-0.000512
171	-0.000676	-0.000183
172	-0.000841	-0.000183
173	-1.9e-05	0.000967
174	-0.000347	-0.000183
175	-0.001005	-1.9e-05
176	0.001296	-0.000347
177	0.002775	-1.9e-05
178	0.001789	-0.001005
179	0.000474	-1.9e-05
180	-0.000183	-0.000183
181	0.000639	-0.000512
182	0.00146	-0.000512
183	-0.000841	-0.001662
184	-0.000183	0.002118
185	-0.000512	0.00031
186	-0.001827	0.005076
187	-0.000841	0.003104
188	-0.001662	0.00409
189	-0.000512	0.002611
190	-0.000512	0.00146
191	-0.000676	0.000146
192	0.00146	0.003761
193	0.000146	0.003926
194	0.00031	0.004583
195	0.001789	0.004912
196	0.000639	0.004255
197	-0.002155	0.004583
198	-0.001005	0.00294
199	-0.000347	0.006227
200	-0.000347	0.004912
201	-1.9e-05	0.007213
202	0.000474	0.006884
203	-0.000347	0.010007
204	-0.000676	0.010336
205	0.000146	0.012965
206	-1.9e-05	0.0105
207	-0.000183	0.011486
208	-0.000183	0.012637
209	-0.000347	0.010993
210	-0.000183	0.006884
211	-0.000347	0.000803
212	-0.000183	0.003104
213	-0.000183	0.004419
214	0.000146	-0.000183
215	-1.9e-05	0.002775
216	-0.000183	0.008199
217	-1.9e-05	0.003104
218	-0.000183	0.007213
219	-1.9e-05	0.008692
220	-0.000512	0.008199
221	-0.000183	0.008363
222	-0.000183	0.007706
223	-0.000512	0.005569
224	-0.000183	0.006227
225	0.000146	0.004583
226	-0.000183	0.001789
227	0.000146	0.00294
228	-0.000183	0.001789
229	-0.000347	0.003433
230	-0.000183	0.00146
231	-0.000183	0.001296
232	-0.000347	-1.9e-05
233	-0.000347	0.000146
234	-1.9e-05	-0.000183
235	-0.000183	-0.000676
236	-1.9e-05	-0.001991
237	-0.000183	-0.000183
238	-0.000183	-0.001498
239	-1.9e-05	-0.00232
240	-0.000183	-0.001005
241	-0.000183	0.000474
242	-1.9e-05	0.002447
243	-0.000183	0.00031
244	-0.000183	0.004419
245	-0.000512	0.001132
246	-0.000183	0.000639
247	-1.9e-05	0.000146
248	-0.000183	0.00031
249	0.000146	-0.001498
250	-0.000183	-1.9e-05
251	0.000146	-0.000347
252	-0.000512	-0.000347
253	-0.000347	-0.000183
254	-0.001005	0.000474
255	-0.000347	-1.9e-05
256	-0.000512	-1.9e-05
257	-1.9e-05	-0.000512
258	-0.000183	-0.000183
259	-1.9e-05	-0.000347
260	-0.000347	-0.000347
261	0.000639	-1.9e-05
262	0.000146	-0.000183
263	-0.000512	-0.000183
264	-0.000183	-1.9e-05
265	-0.000841	0.000146
266	-0.000183	-0.000183
267	-0.001334	-0.000183
268	-0.000512	-0.000347
269	-0.000512	-0.000183
270	0.000146	-0.000512
271	-0.000183	-1.9e-05
272	-0.000512	-0.000183
273	-0.001334	-0.000183
274	-0.000841	-0.000183
275	0.00031	-0.000183
276	-0.000676	-1.9e-05
277	-0.000183	0.000146
278	0.000803	-0.000183
279	-0.004456	-0.000347
280	-0.001991	-0.000347
281	-0.001005	-0.000183
282	-0.000347	-0.000512
283	0.000803	-0.000347
284	-0.000676	-1.9e-05
285	0.00146	-0.000183
286	0.000639	-1.9e-05
287	0.001625	-1.9e-05
288	0.00031	-0.000183
289	0.000803	-0.000347
290	-0.000183	-0.000183
291	-0.000183	-0.000183
292	-0.001005	-0.000183
293	-0.000183	-0.000512
294	-0.000183	-0.000183
295	-0.002648	-0.000183
296	0.001789	-0.000183
297	-0.001169	-1.9e-05
298	-0.001005	-0.000183
299	-0.000512	-0.000183
300	0.005898	-0.000183
301	-0.000347	-0.000183
302	-0.000183	-0.000347
303	-0.000183	-0.000347
304	-0.000183	-0.000183
305	-0.000183	-0.000183
306	-1.9e-05	-1.9e-05
307	-0.000347	-1.9e-05
308	-0.000183	-1.9e-05
309	-0.000183	-0.000183
310	-0.000347	-1.9e-05
311	0.00031	-0.000183
312	-0.000347	-0.000183
313	-0.000183	-0.000347
314	-0.000183	-0.000183
315	0.000146	-0.000183
316	0.000967	-0.000183
317	-0.002648	-1.9e-05
318	-0.000512	-0.000183
319	0.000146	-1.9e-05
320	-0.000183	-0.000183
321	-0.001169	-1.9e-05
322	-0.003799	-0.000183
323	-0.000512	-0.000183
324	-1.9e-05	-0.000347
325	-1.9e-05	-0.000347
326	-0.000183	-0.000347
327	-0.000183	-0.000183
328	-0.000347	-0.000183
329	-0.000183	-0.000183
330	-0.000347	-1.9e-05
331	-0.000347	-1.9e-05
332	-0.000183	-0.000183
333	-0.000676	-0.000183
334	-0.000841	-1.9e-05
335	-0.000183	-0.000347
336	-0.000183	-0.000512
337	0.000474	-0.000183
338	-0.000183	-0.000347
339	-0.000841	-0.000183
340	-1.9e-05	-0.000183
341	-0.000512	-1.9e-05
342	-0.001498	-1.9e-05
343	-0.000183	-1.9e-05
344	-0.001005	-0.000183
345	0.00031	-0.000347
346	-0.001662	-0.000183
347	0.00031	-0.000183
348	-0.000512	-1.9e-05
349	0.000146	-0.000183
350	-0.000841	-0.000183
351	0.000474	-0.000183
352	0.000474	-1.9e-05
353	-0.000512	-1.9e-05
354	-0.000347	-0.000183
355	0.000146	-0.000183
356	-0.000841	-0.000347
357	-0.000183	-0.000347
358	0.000146	-0.000347
359	-0.000347	-0.000347
360	-0.000183	-0.000183
361	-0.000676	-0.000183
362	-0.000183	-0.000183
363	0.00031	-1.9e-05
364	-0.000347	-1.9e-05
365	-0.000676	-0.000183
366	-0.000347	-0.000512
367	-0.000841	-0.000183
368	-0.000183	-0.000183
369	-1.9e-05	-0.000183
370	-1.9e-05	-0.000676
371	-0.000183	-0.000183
372	0.000146	-0.000183
373	-0.000347	-0.000183
374	-0.000183	-0.000183
375	-0.000183	-1.9e-05
376	-0.000183	-0.000183
377	-0.000512	-1.9e-05
378	-0.000512	-0.000183
379	-1.9e-05	-0.000512
380	-1.9e-05	-0.000183
381	0.000146	-0.000183
382	-1.9e-05	-0.000183
383	-1.9e-05	-0.000183
384	-0.000183	-0.000183
385	-0.000347	-1.9e-05
386	-0.000347	0.000146
387	-0.000183	-0.000347
388	-0.000347	-0.000183
389	-0.000512	-0.000183
390	-0.000347	-0.000183
391	-0.000347	-0.000347
392	-1.9e-05	-0.000183
393	-0.000183	-0.000183
394	-0.000183	-0.000183
395	-0.000183	-1.9e-05
396	-0.000183	-1.9e-05
397	-1.9e-05	0.000146
398	-0.000183	-1.9e-05
399	-0.000512	-0.000183
400	-0.000512	-0.000183
401	-0.000347	-0.000512
402	-0.000183	-0.000183
403	-0.000183	-0.000183
404	-0.000183	-0.000183
405	0.000146	-1.9e-05
406	-0.000183	-1.9e-05
407	-0.000512	0.000146
408	-0.000183	-1.9e-05
409	-0.000347	-1.9e-05
410	-0.000347	-0.000183
411	-0.000347	-0.000347
412	-0.000183	-0.000183
413	-0.000183	-0.000347
414	-0.000183	-0.000183
415	-0.000183	-0.000347
416	-1.9e-05	-1.9e-05
417	0.000146	-0.000183
418	-0.000347	-0.000183
419	-0.000347	-0.000183
420	-0.000347	-1.9e-05
421	-1.9e-05	-0.000183
422	-0.000183	-0.000347
423	-0.000183	-0.000183
424	-1.9e-05	-0.000347
425	-0.000183	-0.000347
426	-0.000347	-0.000183
427	-1.9e-05	-0.000183
428	-0.000347	-0.000183
429	-0.000347	-0.000183
430	-0.000512	-0.000183
431	-0.000183	-1.9e-05
432	-0.000347	-0.000183
433	-0.000676	-0.000183
434	-0.000183	-0.000347
435	-0.000183	-0.000347
436	-1.9e-05	-0.000512
437	-1.9e-05	-0.000347
438	-0.000183	-0.000183
439	-1.9e-05	0.000146
440	-0.000512	-0.000183
441	-0.000512	0.000146
442	-0.000183	-1.9e-05
443	-0.000347	-0.000183
444	-0.000347	-0.000183
445	-1.9e-05	-0.000183
446	-0.000183	-0.000347
447	-0.000183	-0.000347
448	-0.000183	-0.000183
449	-1.9e-05	-0.000183
450	-1.9e-05	-0.000183
451	-1.9e-05	-0.000347
452	-0.000347	-1.9e-05
453	-0.000347	-0.000183
454	-0.000347	-0.000183
455	-0.000347	-0.000347
456	-1.9e-05	-0.000347
457	-0.000183	-0.000512
458	-0.000183	-0.000183
459	-1.9e-05	-0.000183
460	-0.000183	-0.000183
461	-0.000183	-1.9e-05
462	-0.000183	-1.9e-05
463	-0.000347	-0.000347
464	-0.000347	-0.000183
465	-0.000512	-0.000183
466	-1.9e-05	-0.000347
467	-0.000183	-0.000347
468	-0.000183	-0.000347
469	-0.000183	-0.000183
470	-1.9e-05	-0.000183
471	-1.9e-05	-0.000183
472	-0.000183	-1.9e-05
473	-0.000183	-1.9e-05
474	-0.000512	-0.000183
475	-0.000512	-0.000183
476	-0.000183	-1.9e-05
477	-0.000512	-0.000183
478	-0.000183	-0.000183
479	-0.000183	-0.000347
480	-0.000183	-0.000347
481	-0.000183	-0.000512
482	-0.000183	-1.9e-05
483	-0.000347	-0.000347
484	-0.000347	-0.000183
485	-1.9e-05	-0.000183
486	-0.000183	-0.000183
487	-0.000512	-0.000347
488	-0.000347	-0.000183
489	-0.000183	-0.000183
490	-1.9e-05	-0.000512
491	-0.000183	-0.000183
492	-0.000183	-0.000183
493	-1.9e-05	-0.000183
494	-0.000183	-1.9e-05
495	-0.000183	-1.9e-05
496	-0.000347	-1.9e-05
497	-0.000347	-1.9e-05
498	-0.000183	0.000146
499	-0.000183	-0.000183
500	-0.000183	-0.000347
501	-0.000183	-0.000347
502	-1.9e-05	-0.000512
503	0.000146	-0.000183
504	-0.000183	-0.000347
505	-1.9e-05	-1.9e-05
506	-0.000183	-0.000183
507	-0.000347	-0.000183
508	-0.000347	-0.000183
509	-0.000347	-0.000183
510	-0.000512	-0.000183
511	-1.9e-05	-0.000183
512	-0.000183	-0.000183
513	-0.000183	-0.000347
514	-1.9e-05	-0.000347
515	-0.000183	-0.000183
516	-0.000183	-0.000183
517	-0.000347	-1.9e-05
518	-0.000183	-1.9e-05
519	-0.000183	-1.9e-05
520	-0.000183	-1.9e-05
521	-0.000347	-0.000183
522	-0.000183	-0.000183
523	-0.000183	-0.000512
524	-1.9e-05	-0.000183
525	-0.000347	-0.000183
526	-0.000183	-0.000347
527	-0.000183	-0.000183
528	-0.000183	-0.000183
529	-0.000347	-0.000183
530	-0.000512	-0.000183
531	-0.000347	-1.9e-05
532	-0.000183	-0.000183
533	-0.000183	-0.000347
534	-0.000347	-0.000512
535	-1.9e-05	-0.000347
536	-0.000347	-0.000347
537	-1.9e-05	-0.000183
538	-0.000183	-0.000183
539	-0.000183	-0.000183
540	-0.000183	-1.9e-05
541	-0.000347	-1.9e-05
542	-0.000183	-1.9e-05
543	-0.000512	-0.000183
544	-0.000183	-0.000183
545	-1.9e-05	-0.000512
546	-0.000183	-0.000183
547	-0.000183	-0.000347
548	-0.000183	-0.000183
549	0.000146	-0.000183
550	-0.000347	-0.000183
551	-0.000347	-0.000183
552	-0.000347	-0.000183
553	-0.000183	-0.000183
554	-0.000676	-0.000183
555	-0.000183	-0.000183
556	-0.000183	-0.000347
557	-0.000183	-0.000183
558	-0.000183	-0.000183
559	-0.000183	-0.000183
560	-1.9e-05	-0.000347
561	-0.000347	-1.9e-05
562	-0.000183	-0.000183
563	-0.000512	-0.000183
564	-0.000183	-1.9e-05
565	-0.000183	-0.000183
566	-0.000183	-0.000347
567	-0.000183	-0.000183
568	-0.000183	-0.000512
569	-1.9e-05	-0.000183
570	-1.9e-05	-0.000347
571	-0.000183	-0.000183
572	-0.000183	-0.000183
573	-0.000183	-0.000183
574	-0.000183	0.000146
575	-0.000183	-0.000183
576	-0.000347	-0.000183
577	-0.000183	-0.000183
578	-0.000183	-0.000183
579	-0.000183	-0.000512
580	-0.000347	-0.000512
581	-1.9e-05	-0.000183
582	-0.000347	-0.000183
583	-0.000183	-0.000183
584	-0.000347	-1.9e-05
585	-0.000347	-0.000183
586	-0.000347	-0.000183
587	-0.000183	-0.000347
588	-1.9e-05	-0.000347
589	0.000146	-0.000183
590	-0.000183	-0.000512
591	-0.000183	-0.000183
592	0.000639	-1.9e-05
593	-0.000512	-0.000183
594	0.000967	-0.000183
595	-0.000676	-0.000347
596	-0.000512	-0.000183
597	-0.000347	-0.000183
598	-0.000183	-0.000183
599	-0.000512	-0.000183
600	0.000146	-0.000347
601	-1.9e-05	-0.000347
602	-1.9e-05	-0.000512
603	0.00031	-0.000347
604	0.000146	-0.000183
605	-0.000347	-0.000183
606	-1.9e-05	-0.000183
607	-0.000347	-0.000183
608	-0.000183	-0.000183
609	-0.000512	-0.000347
610	-0.000512	-0.000347
611	0.000146	-0.000183
612	-0.000347	-0.000183
613	-0.000183	-0.000347
614	-0.000676	-0.000183
615	-1.9e-05	-1.9e-05
616	-0.000347	-0.000183
617	-1.9e-05	-0.000183
618	-0.000676	-1.9e-05
619	-0.000183	-0.000183
620	-0.000676	-0.000347
621	-0.000347	-1.9e-05
622	-0.000512	-0.000347
623	-0.000347	-0.000512
624	-1.9e-05	-0.000347
625	-0.000183	-0.000347
626	-0.000183	-0.000183
627	-0.000183	-0.000183
628	-0.000183	-0.000183
629	-0.000347	-1.9e-05
630	-0.000512	-0.000183
631	0.00031	-0.000347
632	-0.000183	-0.000183
633	-0.000183	-0.000347
634	-0.000183	-0.000347
635	-0.000347	-0.000183
636	-1.9e-05	-0.000183
637	-0.000183	-0.000183
638	-0.000347	0.000146
639	-1.9e-05	-1.9e-05
640	-0.000347	0.000146
641	-0.000183	-1.9e-05
642	0.000474	-0.000183
643	-0.000183	-0.000347
644	-1.9e-05	-0.000347
645	-1.9e-05	-0.000347
646	0.000146	-0.000347
647	-0.000183	-1.9e-05
648	0.000146	-0.000183
649	-0.000347	-1.9e-05
650	-0.000183	-0.000183
651	-0.000347	-0.000183
652	-0.000512	-0.000183
653	-0.001169	-0.000183
654	-1.9e-05	-0.000347
655	-0.000183	-0.000183
656	-0.000183	-0.000347
657	-0.000183	-0.000512
658	-1.9e-05	-1.9e-05
659	-0.000183	-1.9e-05
660	-0.000183	-0.000183
661	-1.9e-05	-0.000183
662	-0.000347	-0.000183
663	-0.000183	-0.000183
664	-0.000347	-0.000183
665	-0.000347	-0.000183
666	-0.000347	-0.000347
667	-1.9e-05	-0.000347
668	-0.000183	-0.000347
669	-1.9e-05	-0.000347
670	-1.9e-05	-0.000183
671	-0.000347	-1.9e-05
672	-1.9e-05	-0.000183
673	-0.000347	-0.000183
674	-0.000347	-1.9e-05
675	-0.000512	-0.000183
676	-0.000347	-0.000183
677	-1.9e-05	-0.000347
678	-0.000183	-0.000512
679	-1.9e-05	-0.000183
680	-1.9e-05	-0.000183
681	-0.000183	-0.000183
682	-0.000183	-0.000183
683	-0.000183	-0.000183
684	-0.000512	-0.000183
685	-0.000347	-1.9e-05
686	-0.000347	-1.9e-05
687	-0.000512	-0.000183
688	-0.000347	-0.000512
689	-1.9e-05	-0.000512
690	-0.000183	-0.000512
691	-0.000183	-0.000183
692	-1.9e-05	-0.000183
693	-0.000347	-0.000347
694	-0.000183	-0.000183
695	-0.000347	-1.9e-05
696	-0.000183	-1.9e-05
697	-0.000183	-1.9e-05
698	-0.000347	-0.000183
699	-0.000183	-0.000183
700	-1.9e-05	-0.000512
701	-0.000183	-0.000347
702	-1.9e-05	-0.000183
703	-0.000183	-0.000347
704	-0.000347	-0.000183
705	-0.000347	-1.9e-05
706	-0.000183	0.000146
707	-0.000347	-1.9e-05
708	-0.000183	-0.000183
709	-0.000183	-0.000183
710	-0.000183	-0.000183
711	-1.9e-05	-0.000347
712	-1.9e-05	-0.000347
713	-0.000183	-0.000512
714	-0.000183	-0.000347
715	-0.000183	0.000146
716	-0.000183	-0.000183
717	-1.9e-05	-0.000183
718	-0.000347	-0.000183
719	-0.000183	-0.000183
720	-0.000347	-0.000183
721	-0.000347	-0.000347
722	-0.000183	-0.000347
723	-0.000183	-0.000512
724	-0.000183	-0.000512
725	-0.000183	-1.9e-05
726	-0.000183	-0.000183
727	-0.000183	0.000146
728	-0.000183	-1.9e-05
729	-0.000512	-1.9e-05
730	-0.000183	-0.000347
731	-0.000347	-0.000183
732	-1.9e-05	-0.000183
733	-0.000183	-0.000347
734	-0.000183	-0.000183
735	-1.9e-05	-0.000347
736	0.000146	-1.9e-05
737	-0.000183	-0.000347
738	-0.000512	-1.9e-05
739	-0.000512	-0.000183
740	-0.000347	-0.000183
741	-0.000183	-0.000347
742	-0.000183	-0.000183
743	-0.000183	-0.000512
744	-0.000183	-0.000512
745	-0.000183	-0.000347
746	-0.000183	-0.000183
747	0.000146	-1.9e-05
748	0.000146	-0.000512
749	-0.000512	-0.000183
750	-0.000512	-0.001334
751	-0.000347	0.000474
752	-0.000347	0.002282
753	-0.000183	0.000639
754	-0.000183	-0.000512
755	0.000146	-0.000512
756	0.000146	-1.9e-05
757	-0.000183	-0.000347
758	-1.9e-05	-0.000183
759	-0.000183	-0.000183
760	-0.000183	-1.9e-05
761	-0.000183	-1.9e-05
762	-0.000347	0.002118
763	-0.000512	0.000146
764	-0.000183	-0.000347
765	-0.000183	0.000639
766	-0.000183	-0.000183
767	-0.000183	-0.000347
768	-0.000183	0.001296
769	-1.9e-05	-0.000676
770	-0.000183	0.001132
771	-0.000183	0.000474
772	-0.000347	-0.000183
773	-0.000183	0.00031
774	-0.000512	0.000639
775	-0.000347	0.00031
776	-0.000347	0.000474
777	-0.000347	0.000474
778	-1.9e-05	0.00031
779	-1.9e-05	0.000474
780	-0.000183	-0.000183
781	-1.9e-05	-1.9e-05
782	-0.000183	-0.000183
783	-0.000347	0.000146
784	-0.000183	-0.000183
785	-0.000512	0.000146
786	-0.000183	-0.001662
787	-0.000183	0.000474
788	-1.9e-05	-0.000512
789	-0.000183	-0.000841
790	-1.9e-05	0.002282
791	-1.9e-05	-1.9e-05
792	-1.9e-05	0.000967
793	-0.000183	0.000474
794	-0.000183	0.000639
795	-0.000183	0.000474
796	-0.000512	0.00031
797	-1.9e-05	0.00031
798	-0.000183	0.000146
799	-0.000183	-0.000512
800	-0.000183	0.000474
801	-0.000183	-0.001169
802	-0.000347	0.000474
803	-0.000183	-0.000512
804	-0.000347	0.000639
805	-1.9e-05	-0.000183
806	-0.000183	-0.000183
807	-0.000347	0.000803
808	-1.9e-05	0.000146
809	-1.9e-05	-0.000347
810	-1.9e-05	-1.9e-05
811	-1.9e-05	-1.9e-05
812	-0.000183	-0.000183
813	-1.9e-05	0.000146
814	-1.9e-05	-1.9e-05
815	-0.000183	-1.9e-05
816	-0.000347	-0.000183
817	-0.000183	-0.000183
818	-0.000347	-0.000183
819	-0.000347	-0.000512
820	-0.000183	-0.000512
821	-0.000183	-0.000512
822	-0.000183	-0.000183
823	0.00031	-0.000183
824	-1.9e-05	-1.9e-05
825	-1.9e-05	-0.000183
826	-0.000183	0.000146
827	-0.000347	-1.9e-05
828	-1.9e-05	-1.9e-05
829	-0.000347	0.000146
830	-0.000183	-0.000183
831	-1.9e-05	-0.000183
832	-1.9e-05	-0.000347
833	-1.9e-05	-0.000347
834	-0.000183	-0.000676
835	-0.000183	-0.000183
836	-1.9e-05	-0.000183
837	-1.9e-05	-0.000183
838	-0.000183	-0.000183
839	-0.000183	0.000146
840	-0.000347	-1.9e-05
841	-0.000347	-0.000347
842	-0.000183	-0.000512
843	-1.9e-05	-0.000512
844	-0.000183	-0.000347
845	-1.9e-05	-0.000347
846	-1.9e-05	-0.000183
847	-1.9e-05	-0.000183
848	-0.000512	-1.9e-05
849	-0.000183	-1.9e-05
850	-0.000183	-1.9e-05
851	-0.000512	-1.9e-05
852	-0.000183	-0.000183
853	-1.9e-05	-1.9e-05
854	-0.000183	-0.000183
855	-0.000183	-0.000183
856	-0.000512	-0.000183
857	-1.9e-05	-1.9e-05
858	-0.000183	-0.000183
859	-0.000347	-0.000183
860	-0.000183	-1.9e-05
861	-0.000512	-1.9e-05
862	-1.9e-05	-0.000183
863	-0.000347	0.000146
864	-0.000183	-0.000347
865	-1.9e-05	-0.000347
866	0.000146	-0.000347
867	-1.9e-05	-0.000347
868	-1.9e-05	-1.9e-05
869	0.000146	-1.9e-05
870	-0.000183	-0.000183
871	-0.000183	-0.000183
872	-0.000347	-1.9e-05
873	-0.000347	-1.9e-05
874	-0.000347	-0.000347
875	-0.000183	-0.000347
876	-0.000183	-0.000512
877	-1.9e-05	-0.000347
878	-1.9e-05	-0.000347
879	-0.000183	-1.9e-05
880	-0.000347	-0.000347
881	-0.000347	-1.9e-05
882	-0.000183	-0.000347
883	-0.000183	0.000146
884	-0.000183	-0.000347
885	-0.000183	-0.000183
886	-0.000183	-0.000676
887	-1.9e-05	-0.000183
888	-0.000183	-0.000347
889	-0.000183	-0.000183
890	-0.000183	-1.9e-05
891	-0.000183	-1.9e-05
892	-0.000183	-1.9e-05
893	-0.000512	-1.9e-05
894	-0.000347	-1.9e-05
895	-0.000512	-1.9e-05
896	-0.000183	-0.000347
897	-1.9e-05	-0.000183
898	-1.9e-05	-0.000183
899	-0.000183	-0.000512
900	-1.9e-05	-0.000347
901	-0.000183	-0.000183
902	-0.000183	-0.000183
903	-0.000183	-1.9e-05
904	-0.000347	-1.9e-05
905	-0.000347	-1.9e-05
906	-0.000512	-1.9e-05
907	-0.000512	-0.000183
908	-0.000183	-0.000347
909	-1.9e-05	-0.000183
910	-1.9e-05	-0.000183
911	-0.000183	-0.000183
912	-1.9e-05	-0.000347
913	-0.000183	-0.000183
914	-0.000183	-1.9e-05
915	-0.000183	-1.9e-05
916	-1.9e-05	-0.000347
917	-0.000183	-1.9e-05
918	-0.000183	-0.000347
919	-0.000347	-0.000347
920	-0.000183	-1.9e-05
921	-0.000347	-0.000512
922	-0.000183	-0.000512
923	-1.9e-05	-0.000183
924	-1.9e-05	-1.9e-05
925	-0.000347	-0.000183
926	-0.000347	-0.000183
927	-0.000347	-0.000347
928	-0.000347	-0.000183
929	-0.000512	-0.000347
930	-0.000347	-0.000183
931	-1.9e-05	-0.000512
932	-0.000183	-0.000347
933	-0.000183	-0.000512
934	-0.000183	-0.000347
935	-1.9e-05	-0.000183
936	-0.000183	-0.000183
937	-0.000183	-0.000183
938	-1.9e-05	-0.000183
939	-0.000183	-0.000183
940	-0.000183	-0.000347
941	-0.000183	-0.000183
942	-1.9e-05	-0.000183
943	-0.000183	-0.000512
944	-1.9e-05	-0.000347
945	-1.9e-05	-0.000183
946	-0.000183	-0.000183
947	-0.000183	-0.000183
948	-0.000183	-0.000183
949	-0.000512	-1.9e-05
950	-0.000183	-0.000183
951	-0.000676	-1.9e-05
952	-1.9e-05	-0.000183
953	-0.000347	-0.000512
954	0.000146	-0.000512
955	-0.000183	-0.000347
956	-0.000183	-0.000183
957	-1.9e-05	-1.9e-05
958	-0.000183	-0.000183
959	-0.000347	-0.000347
960	-0.000347	-1.9e-05
961	-0.000512	-0.000183
962	-0.000183	-1.9e-05
963	-0.000183	-0.000183
964	-0.000183	-0.000183
965	-0.000183	-0.000347
966	-1.9e-05	-0.000512
967	-1.9e-05	-0.000183
968	-0.000183	-0.000347
969	-1.9e-05	-1.9e-05
970	-0.000347	-0.000183
971	-0.000347	-0.000183
972	-0.000183	-1.9e-05
973	-0.000183	-0.000183
974	-0.000347	-0.000347
975	-0.000183	-0.000347
976	-1.9e-05	-0.000347
977	-0.000183	-0.000512
978	-1.9e-05	-0.000347
979	-1.9e-05	-0.000183
980	-1.9e-05	-0.000183
981	-0.000183	0.000146
982	-0.000183	-0.000183
983	-0.000512	-1.9e-05
984	-0.000512	-0.000347
985	-0.000183	-1.9e-05
986	-0.000183	-0.000183
987	-0.000183	-0.000183
988	-1.9e-05	0.000146
989	0.000146	-0.000183
990	-1.9e-05	-1.9e-05
991	-0.000347	0.000146
992	-0.000183	-1.9e-05
993	-0.000347	-1.9e-05
994	-0.000512	-0.000347
995	-0.000347	-0.000347
996	-0.000347	-0.000512
997	-1.9e-05	-0.000347
998	-0.000183	-0.000183
999	-0.000183	-1.9e-05
1000	0.000146	-0.000183
1001	-1.9e-05	-0.000183
1002	0.000146	-1.9e-05
1003	-0.000183	-0.000183
1004	-0.000183	-1.9e-05
1005	-0.000183	-1.9e-05
1006	-0.000512	-0.000347
1007	-0.000183	-1.9e-05
1008	-0.000183	-0.000347
1009	-1.9e-05	-0.000183
1010	-1.9e-05	-0.000676
1011	-0.000183	-1.9e-05
1012	-0.000183	-0.000183
1013	-0.000183	-1.9e-05
1014	-0.000183	-1.9e-05
1015	-0.000183	-0.000183
1016	-0.000183	-0.000183
1017	-0.000512	-0.000183
1018	-1.9e-05	-0.000183
1019	-0.000183	-0.000512
1020	-0.000183	-0.000347
1021	-0.000183	-0.000347
1022	-1.9e-05	-0.000183
1023	-1.9e-05	-0.000183
1024	-1.9e-05	-0.000183
1025	-0.000183	-1.9e-05
1026	-0.000183	-0.000183
1027	-0.000183	-0.000183
1028	-0.000347	-0.000183
1029	-0.000183	-0.000183
1030	-0.000183	-0.000183
1031	-1.9e-05	-1.9e-05
1032	-0.000183	-0.000512
1033	-1.9e-05	-0.000183
1034	-0.000183	-0.000183
1035	-0.000347	-0.000183
1036	-0.000183	-0.000183
1037	-0.000183	-0.000183
1038	-0.000347	-1.9e-05
1039	-0.000512	-1.9e-05
1040	-0.000183	-0.000512
1041	-0.000183	-0.000347
1042	-1.9e-05	-0.000512
1043	-1.9e-05	-0.000512
1044	-0.000183	-0.000347
1045	-1.9e-05	-0.000512
1046	-0.000183	-1.9e-05
1047	-0.000183	-1.9e-05
1048	-0.000183	-1.9e-05
1049	-0.000183	-1.9e-05
1050	-0.000347	-0.000183
1051	-0.000512	-0.000183
1052	-0.000183	-0.000183
1053	-0.000347	-0.000183
1054	0.000146	-0.000183
1055	-0.000183	-0.000183
1056	-1.9e-05	-1.9e-05
1057	-1.9e-05	-0.000183
1058	-0.000183	-0.000183
1059	-0.000183	-1.9e-05
1060	-0.000183	-0.000183
1061	-0.000183	-0.000183
1062	-0.000183	-0.000183
1063	-0.000183	-0.000512
1064	-1.9e-05	-0.000183
1065	-1.9e-05	-0.000347
1066	0.000146	-0.000183
1067	0.000146	-1.9e-05
1068	-0.000183	-0.000183
1069	-0.000183	-0.000183
1070	-0.000347	-0.000183
1071	-0.000347	-0.000183
1072	-0.000347	-0.000183
1073	-0.000183	-0.000347
1074	-1.9e-05	-0.000512
1075	0.000146	-0.000347
1076	-0.000183	-0.000512
1077	-0.000183	-0.000183
1078	-1.9e-05	-0.000183
1079	-1.9e-05	-0.000183
1080	-0.000183	-0.000183
1081	-0.000347	-1.9e-05
1082	-0.000183	-0.000183
1083	-0.000347	-0.000183
1084	-0.000183	-1.9e-05
1085	-1.9e-05	-0.000183
1086	-1.9e-05	-0.000183
1087	-0.000183	-0.000347
1088	0.000146	-0.000512
1089	-0.000183	-0.000347
1090	-1.9e-05	-1.9e-05
1091	-0.000183	-1.9e-05
1092	-0.000183	-1.9e-05
1093	-0.000347	-1.9e-05
1094	-0.000347	-0.000183
1095	-0.000183	-0.000512
1096	-0.000183	-0.000347
1097	0.000146	-0.000512
1098	0.000146	-0.000347
1099	0.000146	-0.000183
1100	-0.000347	-1.9e-05
1101	-1.9e-05	-1.9e-05
1102	-0.000512	-0.000183
1103	-0.000347	-0.000183
1104	-0.000512	-0.000183
1105	-0.000347	-0.000183
1106	-0.000183	-0.000183
1107	-0.000183	-0.000347
1108	-1.9e-05	-0.000512
1109	-0.000183	-0.000347
1110	-0.000512	-0.000183
1111	-0.000183	-0.000183
1112	0.00031	-0.000183
1113	-0.000347	-0.000183
1114	-0.000183	-0.000183
1115	-0.000183	-1.9e-05
1116	-0.000183	-0.000183
1117	-1.9e-05	-0.000347
1118	-0.000183	-0.000347
1119	-1.9e-05	-0.000183
1120	-1.9e-05	-0.000347
1121	-1.9e-05	-0.000183
1122	-1.9e-05	-0.000183
1123	-0.000347	-1.9e-05
1124	-1.9e-05	-1.9e-05
1125	-0.000183	-1.9e-05
1126	-0.000183	-1.9e-05
1127	-0.000183	-0.000183
1128	-0.000183	-0.000183
1129	-0.000183	-0.000512
1130	-0.000347	-0.000347
1131	-0.000347	-0.000347
1132	-0.000183	-0.000347
1133	-0.000183	-0.000347
1134	-0.000183	-0.000183
1135	-1.9e-05	-0.000183
1136	-0.000183	-0.000183
1137	-0.000347	-1.9e-05
1138	-0.000512	-0.000183
1139	-0.000512	-0.000183
1140	-0.000183	-0.000512
1141	0.000146	-0.000347
1142	-1.9e-05	-0.000347
1143	-1.9e-05	-1.9e-05
1144	-1.9e-05	-0.000183
1145	-1.9e-05	-0.000183
1146	-0.000183	-0.000183
1147	-0.000347	-1.9e-05
1148	-0.000347	-0.000347
1149	-0.000512	-0.000183
1150	-1.9e-05	-0.000512
1151	-0.000183	-0.000347
1152	0.000146	-0.000347
1153	-0.000512	-0.000512
1154	-0.000347	-0.000183
1155	0.00031	-0.000347
1156	-0.000347	-0.000183
1157	0.000146	-1.9e-05
1158	-0.001827	-0.000183
1159	0.00146	-1.9e-05
1160	0.00031	-0.000183
1161	-0.000512	-1.9e-05
1162	0.000474	-0.000347
1163	0.000639	-0.000183
1164	0.000146	-0.000183
1165	0.000639	-0.000347
1166	-1.9e-05	-0.000347
1167	-1.9e-05	-0.000183
1168	-0.000841	-0.000183
1169	-0.000183	-0.000183
1170	-0.000183	0.000146
1171	-0.000347	-0.000183
1172	-0.001005	-1.9e-05
1173	-0.000183	-0.000347
1174	-1.9e-05	-0.000183
1175	-0.000183	-0.000183
1176	-1.9e-05	-0.000347
1177	-1.9e-05	-0.000183
1178	-0.000183	-0.000183
1179	-0.000183	-0.000183
1180	-0.000183	-0.000183
1181	-0.000347	-1.9e-05
1182	-0.000347	-0.000347
1183	-0.000183	-0.000347
1184	0.000146	-0.000512
1185	-1.9e-05	-0.000512
1186	0.000146	-0.000512
1187	0.000146	-0.000347
1188	-0.000183	-1.9e-05
1189	0.000474	-1.9e-05
1190	-0.000512	-0.000183
1191	0.00146	-1.9e-05
1192	0.001296	-1.9e-05
1193	0.002447	-0.000183
1194	0.002447	-0.000512
1195	0.00146	-0.000183
1196	0.004912	-0.000183
1197	0.005405	-0.000347
1198	0.00672	-0.000183
1199	0.004419	-1.9e-05
1200	0.005734	-1.9e-05
1201	0.008857	-0.000183
1202	0.008363	0.000146
1203	0.005569	-0.000183
1204	0.005241	0.000146
1205	0.006884	-0.000183
1206	0.007049	-0.000183
1207	0.008363	-0.000183
1208	0.00935	-0.000347
1209	0.004255	-0.000183
1210	0.007213	-0.000183
1211	0.005734	-0.000347
1212	0.00935	-0.000183
1213	0.009185	-1.9e-05
1214	0.007542	0.000146
1215	0.011979	-0.000183
1216	0.005569	-0.000347
1217	-0.000183	-1.9e-05
1218	0.00031	-0.000512
1219	-1.9e-05	-0.000183
1220	-1.9e-05	-0.000347
1221	-0.000347	-1.9e-05
1222	-1.9e-05	-0.000347
1223	0.000146	-0.000183
1224	0.001132	-1.9e-05
1225	0.002447	-0.000183
1226	0.00672	-0.000183
1227	0.001954	-1.9e-05
1228	0.000146	-0.000347
1229	-0.000676	-0.000183
1230	0.002282	-0.000183
1231	0.001625	-0.000183
1232	0.000146	-0.000183
1233	0.001296	-0.000183
1234	-0.000841	-1.9e-05
1235	0.004912	-0.000183
1236	0.004583	-1.9e-05
1237	0.004912	-1.9e-05
1238	0.000639	-0.000183
1239	0.001296	-1.9e-05
1240	0.004255	-0.000183
1241	0.003597	-0.000347
1242	0.005734	-0.000183
1243	0.00672	-0.000183
1244	0.006556	-1.9e-05
1245	0.007049	-1.9e-05
1246	0.003268	-1.9e-05
1247	0.004748	0.000146
1248	0.007542	-1.9e-05
1249	0.011322	-0.000347
1250	0.009514	-0.000183
1251	0.004748	-0.000676
1252	0.00787	-0.000183
1253	0.012144	-0.000347
1254	0.013952	-0.000183
1255	0.017896	-1.9e-05
1256	0.008857	-0.000347
1257	0.002611	0.000146
1258	0.002611	-1.9e-05
1259	0.003104	-1.9e-05
1260	0.00031	-1.9e-05
1261	-0.000841	0.000803
1262	-1.9e-05	-0.000183
1263	0.00031	-0.000183
1264	0.003104	-0.000512
1265	0.001132	-1.9e-05
1266	-1.9e-05	0.000146
1267	0.00146	0.000146
1268	0.002447	-0.000183
1269	0.000803	0.000146
1270	0.001296	0.000474
1271	0.005898	0.003761
1272	0.005898	0.00409
1273	0.000803	0.005734
1274	0.005734	0.008363
1275	0.002282	0.012308
1276	0.000639	0.010664
1277	-0.001662	0.010171
1278	0.002611	0.0105
1279	0.000803	0.002447
1280	-0.000183	0.010336
1281	0.000803	0.00031
1282	0.003433	0.003268
1283	0.003761	-0.000512
1284	-0.000512	-0.000183
1285	0.001625	-0.000347
1286	0.002282	0.000474
1287	0.001789	0.000803
1288	0.00031	0.000803
1289	0.002447	-0.001169
1290	-0.000512	0.003104
1291	0.001132	0.001625
1292	-0.000676	-0.001169
1293	-0.005443	0.00294
1294	-0.000183	0.004748
1295	-1.9e-05	0.004583
1296	-1.9e-05	0.001625
1297	-1.9e-05	0.007213
1298	-0.000183	0.005734
1299	-0.000512	0.007213
1300	0.000146	0.002118
1301	-0.000347	0.002775
1302	-0.000347	0.003597
1303	-0.000512	0.003761
1304	-0.003142	0.004748
1305	-0.002484	-0.000512
1306	0.002447	0.002447
1307	0.001954	0.000639
1308	-1.9e-05	0.005898
1309	0.001296	-0.000183
1310	-0.000183	0.003104
1311	-0.000183	0.006227
1312	-0.000347	0.007213
1313	-0.000841	-0.001005
1314	-0.000841	0.004419
1315	0.00294	0.008199
1316	-0.001005	0.007706
1317	0.002447	0.004912
1318	-0.000512	0.005405
1319	0.001954	0.000146
1320	0.002611	0.004748
1321	0.000967	0.000474
1322	-0.000512	0.005241
1323	-0.000676	0.006556
1324	0.000639	0.006884
1325	0.001789	0.004583
1326	0.001789	0.007706
1327	0.000474	0.005734
1328	0.000967	0.00672
1329	-0.000183	0.007049
1330	0.000639	-0.001991
1331	-1.9e-05	0.005898
1332	-1.9e-05	0.00787
1333	-0.000183	0.007706
1334	0.002447	0.005569
1335	0.00031	0.006062
1336	0.000639	0.006391
1337	-0.000183	0.011979
1338	0.000967	0.010171
1339	-1.9e-05	0.000803
1340	0.001132	-0.000841
1341	-0.000183	-0.001169
1342	-1.9e-05	-1.9e-05
1343	-1.9e-05	-1.9e-05
1344	0.000474	0.001132
1345	-0.000347	0.003104
1346	0.003597	0.002118
1347	-0.001005	0.000639
1348	-1.9e-05	0.003268
1349	-0.002977	0.000639
1350	-0.000676	0.003268
1351	0.004583	0.002118
1352	0.003761	0.005405
1353	0.001789	0.00294
1354	0.002282	0.005405
1355	0.000803	0.005898
1356	0.000146	0.004419
1357	-0.000183	0.004419
1358	-0.000347	-1.9e-05
1359	-0.000347	-0.000183
1360	-0.000183	-0.000512
1361	-1.9e-05	-1.9e-05
1362	-1.9e-05	0.000474
1363	-0.000183	-0.001169
1364	-0.000183	-0.000183
1365	0.000146	-1.9e-05
1366	0.000803	-1.9e-05
1367	-0.000183	-0.000183
1368	0.000474	-0.000183
1369	-0.001005	-1.9e-05
1370	-0.001991	-0.000183
1371	-1.9e-05	-0.000347
1372	-1.9e-05	-0.000183
1373	0.00031	-0.000512
1374	0.001132	-0.000347
1375	-0.000183	-0.000183
1376	0.000474	-0.000183
1377	-0.000183	-1.9e-05
1378	-0.000183	-1.9e-05
1379	-0.000347	-1.9e-05
1380	-0.000347	-1.9e-05
1381	-0.000512	-0.000183
1382	-0.000183	-0.000183
1383	-0.000183	-0.000183
1384	-0.000183	-0.000347
1385	0.000146	-0.000183
1386	-1.9e-05	-0.000347
1387	0.000146	-0.000183
1388	-0.000183	-0.000347
1389	-0.000183	-1.9e-05
1390	-0.000183	-1.9e-05
1391	-0.000183	-0.000183
1392	-0.000183	-0.000183
1393	-0.000347	-0.000347
1394	-0.000183	-0.000347
1395	-1.9e-05	0.000146
1396	-1.9e-05	-0.000347
1397	-1.9e-05	0.000803
1398	-0.000183	0.000146
1399	-1.9e-05	0.001296
1400	-0.000183	0.000803
1401	-1.9e-05	0.001132
1402	-0.000347	0.003268
1403	-0.000347	0.003597
1404	-1.9e-05	0.000474
1405	0.000146	0.001625
1406	-1.9e-05	0.001954
1407	-0.000183	0.001132
1408	-0.000183	0.003761
1409	0.000146	0.001789
1410	-1.9e-05	0.003761
1411	-0.000183	-0.001334
1412	-0.000183	0.002118
1413	-0.000183	-0.000347
1414	-0.000183	0.000967
1415	-0.000347	0.000639
1416	-1.9e-05	0.000639
1417	-0.000183	-0.000512
1418	-0.000183	-0.000347
1419	-1.9e-05	0.000474
1420	0.000146	-0.000183
1421	-0.000183	0.000474
1422	-0.000183	0.000146
1423	-1.9e-05	-0.000841
1424	-0.000347	0.000474
1425	-0.000183	0.000474
1426	-0.000183	-0.000512
1427	0.000146	-0.000512
1428	-1.9e-05	-0.000512
1429	-1.9e-05	-0.000347
1430	-0.000183	-1.9e-05
1431	-1.9e-05	-0.000183
1432	-1.9e-05	-0.000183
1433	-0.000183	-0.000183
1434	-0.000512	-0.000183
1435	-1.9e-05	0.000146
1436	-0.000183	-1.9e-05
1437	-0.000347	-0.000183
1438	-0.000183	-0.000347
1439	-0.000183	-0.000347
1440	-0.000183	-0.000183
1441	-1.9e-05	-0.001005
1442	-0.000183	0.00031
1443	-0.000183	0.000474
1444	-0.000183	-1.9e-05
1445	-0.000183	-0.000183
1446	-0.000183	-0.000183
1447	-0.000183	-0.000183
1448	-0.000676	-0.000347
1449	-1.9e-05	-0.000183
1450	-0.000512	0.00031
1451	-1.9e-05	-0.000183
1452	-1.9e-05	-0.000347
1453	-0.000512	0.00146
1454	-0.000347	0.001625
1455	-0.001005	0.002611
1456	-0.000183	0.001132
1457	-0.000512	-1.9e-05
1458	-0.000512	0.000146
1459	-0.000347	0.000146
1460	0.000146	-0.000676
1461	-0.000183	-0.000183
1462	0.001132	-0.000347
1463	0.000474	0.000146
1464	-1.9e-05	-0.000183
1465	-0.000512	-0.000183
1466	-0.000183	-0.000183
1467	-0.000183	0.000146
1468	-0.000183	-0.000183
1469	-0.000512	-1.9e-05
1470	0.000146	-0.000347
1471	-0.000347	-0.000347
1472	-0.000512	-0.000512
1473	-0.000183	-0.000347
1474	-0.000183	-0.000183
1475	0.000146	-0.000183
1476	-0.000183	-0.000183
1477	-0.000183	-0.000183
1478	-0.000512	-0.000183
1479	-1.9e-05	-0.000183
1480	-0.000183	-0.000183
1481	-0.000183	-0.000512
1482	-0.000183	-0.000347
1483	-0.000183	-0.000347
1484	-0.000183	-0.000347
1485	-1.9e-05	-0.000347
1486	-0.000183	-1.9e-05
1487	-0.000183	-1.9e-05
1488	-0.000183	-1.9e-05
1489	-0.000347	-1.9e-05
1490	-0.000676	-1.9e-05
1491	-0.000347	-0.000347
1492	-0.000347	-0.000347
1493	-0.000183	0.00031
1494	-0.000183	0.00146
1495	-1.9e-05	0.00031
1496	-0.000183	0.000474
1497	-0.000183	0.000146
1498	-0.000183	0.000146
1499	-0.000183	-1.9e-05
1500	-1.9e-05	0.000146
1501	-0.000347	-0.000183
1502	-0.000183	-0.000183
1503	-0.000347	-0.000347
1504	-0.000183	-0.000183
1505	-0.000183	-0.000347
1506	-1.9e-05	-0.000183
1507	-1.9e-05	-0.000347
1508	-1.9e-05	-0.000183
1509	-1.9e-05	-1.9e-05
1510	0.000474	-1.9e-05
1511	-0.000183	-0.000183
1512	-0.000183	-0.000183
1513	0.001625	-1.9e-05
1514	-0.002484	-1.9e-05
1515	0.002611	-0.000676
1516	-0.000347	-0.001662
1517	0.00031	-0.000347
1518	0.000639	0.001296
1519	0.000474	0.000639
1520	-0.000347	-1.9e-05
1521	-0.000183	0.007213
1522	-0.000347	0.008199
1523	-0.000183	0.007542
1524	-1.9e-05	0.008199
1525	-1.9e-05	0.011979
1526	-0.000183	0.010664
1527	-0.000183	0.005076
1528	0.000146	-0.000183
1529	-0.000347	0.006391
1530	0.000474	0.005898
1531	-0.000183	0.007706
1532	-1.9e-05	0.010993
1533	-0.000183	0.011158
1534	-0.000347	-0.000841
1535	-0.000183	0.003597
1536	-0.000183	0.002282
1537	-0.000183	0.005076
1538	-0.000183	0.010336
1539	0.000146	0.008035
1540	-1.9e-05	0.010007
1541	-0.000183	0.007213
1542	-0.000183	0.008363
1543	-0.000183	0.007706
1544	-0.000183	0.006227
1545	-0.000347	0.010993
1546	-0.000347	0.011158
1547	-0.000347	0.013787
1548	-1.9e-05	0.012801
1549	-1.9e-05	0.0105
1550	-0.000183	0.009678
1551	-0.000183	0.008363
1552	-1.9e-05	0.008035
1553	-0.000183	0.00672
1554	-0.000183	0.003433
1555	-0.000183	0.007049
1556	-0.000183	0.003268
1557	-0.000183	0.003761
1558	-0.000512	0.002447
1559	-0.000183	0.003761
1560	-0.000183	-0.001005
1561	-1.9e-05	0.004583
1562	-1.9e-05	0.001625
1563	-0.000183	0.002282
1564	-1.9e-05	0.004255
1565	-0.000183	0.003761
1566	-0.000183	0.000967
1567	-0.000183	0.004912
1568	-0.000512	0.006062
1569	-0.000512	0.000639
1570	-0.000183	0.001132
1571	-0.000183	0.001132
1572	-0.000183	0.00294
1573	-1.9e-05	0.002118
1574	-0.000183	0.00294
1575	-0.000347	0.002775
1576	-0.000512	0.000639
1577	-1.9e-05	0.001296
1578	-0.000512	0.00294
1579	-0.000347	0.000639
1580	-0.000347	0.002611
1581	-0.000183	0.001625
1582	-0.000347	0.000474
1583	-0.000183	0.00146
1584	-0.000183	0.002775
1585	-0.000183	-0.000841
1586	-0.000183	-0.000512
1587	-0.000183	0.002118
1588	-0.000183	0.00031
1589	-0.000347	-0.000512
1590	-0.000347	0.000803
1591	-0.000512	-1.9e-05
1592	-0.000347	-0.000347
1593	-0.000183	-0.000183
1594	-0.000347	-0.000183
1595	-1.9e-05	0.001625
1596	-1.9e-05	0.001132
1597	0.000146	0.001625
1598	-0.000183	0.001954
1599	-0.000183	0.000474
1600	-0.000347	0.000639
1601	-0.000512	0.000967
1602	-0.000347	-0.000183
1603	-0.000183	-1.9e-05
1604	-1.9e-05	0.001132
1605	-1.9e-05	-0.000347
1606	-0.000183	0.000146
1607	-1.9e-05	0.000639
1608	-0.000183	0.001132
1609	-0.000347	0.000474
1610	-0.000183	-0.001334
1611	-0.000183	0.000474
1612	-0.000347	0.00146
1613	-1.9e-05	-0.000183
1614	-0.000347	0.001625
1615	-0.000183	0.00146
1616	-1.9e-05	0.00031
1617	-1.9e-05	0.003761
1618	-0.000183	0.000474
1619	-0.000183	0.000803
1620	-0.000183	-0.000676
1621	-0.000183	-1.9e-05
1622	-0.000183	-1.9e-05
1623	-0.000347	-0.000183
1624	-0.000512	-1.9e-05
1625	-1.9e-05	-0.000347
1626	-0.000183	-0.000347
1627	-1.9e-05	-0.000183
1628	-1.9e-05	-0.000512
1629	-1.9e-05	-0.000183
1630	-0.000183	-1.9e-05
1631	-0.000183	-1.9e-05
1632	-0.000512	-1.9e-05
1633	-0.000512	0.000146
1634	-0.000183	-1.9e-05
1635	-0.000676	-0.000183
1636	-0.000183	-0.000512
1637	-0.000183	-0.000183
1638	-0.000183	-0.000347
1639	-0.000183	-1.9e-05
1640	0.000146	-0.000183
1641	-0.000183	-0.000183
1642	-0.000183	0.000146
1643	-0.000347	-1.9e-05
1644	-0.000183	-1.9e-05
1645	-0.000347	-0.000183
1646	-0.000347	-0.000183
1647	-0.000183	-0.000183
1648	-0.000183	-0.000183
1649	-1.9e-05	-0.000512
1650	-1.9e-05	-0.002155
1651	-0.000183	-0.000347
1652	-1.9e-05	0.001296
1653	-1.9e-05	0.000639
1654	-0.000183	0.00031
1655	-0.000347	0.000146
1656	-1.9e-05	-0.000347
1657	-0.000183	0.001789
1658	-0.000183	0.000967
1659	-1.9e-05	-0.000512
1660	-0.000183	-0.001498
1661	-1.9e-05	0.000146
1662	0.000146	0.001625
1663	-1.9e-05	0.003926
1664	-1.9e-05	0.004255
1665	-0.000347	0.006391
1666	-0.000183	0.006227
1667	-0.000347	0.002282
1668	-0.000183	0.005076
1669	-1.9e-05	0.002775
1670	-0.000183	0.000474
1671	-0.000183	-0.000512
1672	-1.9e-05	0.000639
1673	-0.000183	-0.000676
1674	-1.9e-05	0.003268
1675	-0.000347	0.003926
1676	-0.000347	0.006062
1677	-0.000183	0.004748
1678	-0.000347	0.003597
1679	-0.000183	-0.000676
1680	-0.000347	0.006227
1681	-0.000183	0.000803
1682	-0.000183	0.002447
1683	-1.9e-05	0.002611
1684	-0.000183	0.00031
1685	-1.9e-05	-1.9e-05
1686	-0.000183	-0.000347
1687	-0.000183	-0.001662
1688	-0.000347	0.001132
1689	-0.000347	-1.9e-05
1690	-0.000512	-0.000183
1691	-0.000347	0.000146
1692	-1.9e-05	-0.000512
1693	-0.000183	-1.9e-05
1694	-0.000183	-0.000347
1695	-1.9e-05	-0.000512
1696	-1.9e-05	-1.9e-05
1697	-1.9e-05	-0.000183
1698	-0.000347	0.000474
1699	-0.000183	0.00031
1700	-0.000183	0.002282
1701	-0.000183	0.002118
1702	-0.000512	0.001296
1703	-0.000183	0.000146
1704	-0.000183	0.000146
1705	-1.9e-05	-1.9e-05
1706	-1.9e-05	-0.000347
1707	0.000146	-0.000183
1708	-0.000183	-0.000347
1709	-0.000183	-1.9e-05
1710	-0.000347	-1.9e-05
1711	-0.000347	-0.000183
1712	-0.000347	-0.000347
1713	-0.000183	-0.000512
1714	-0.000347	-0.000183
1715	-0.000183	-0.000347
1716	-0.000183	-0.000183
1717	-1.9e-05	-0.000512
1718	-1.9e-05	-0.000183
1719	-0.000183	-0.000183
1720	-0.000183	0.000146
1721	-0.000347	0.000146
1722	-0.000512	-0.000183
1723	-0.000347	-1.9e-05
1724	-0.000512	-0.000183
1725	-1.9e-05	-0.000676
1726	-0.000183	-0.000676
1727	-1.9e-05	-0.000512
1728	-0.000183	-0.000183
1729	-0.000183	-0.000183
1730	-0.000183	-1.9e-05
1731	-0.000512	0.00031
1732	-0.000183	0.000146
1733	-0.000512	0.002282
1734	-0.000347	0.000639
1735	-0.000183	0.000803
1736	-0.000347	0.000474
1737	-0.000183	-0.001005
1738	-1.9e-05	-0.000183
1739	-0.000183	0.000146
1740	-1.9e-05	0.00409
1741	-0.000183	0.003433
1742	-0.000347	0.003597
1743	-0.000347	-0.000347
1744	-0.000183	-0.000183
1745	-0.000183	-1.9e-05
1746	-0.000347	-0.000347
1747	-0.000183	-0.000183
1748	-1.9e-05	-0.000347
1749	-0.000183	-0.000347
1750	-1.9e-05	-0.000347
1751	-1.9e-05	-0.000183
1752	-1.9e-05	-0.000183
1753	-0.000183	0.000146
1754	-0.000347	-1.9e-05
1755	-0.000347	-1.9e-05
1756	-0.000183	-1.9e-05
1757	-0.000676	0.000146
1758	-0.000183	-0.000347
1759	-1.9e-05	0.000967
1760	-0.000183	-1.9e-05
1761	-1.9e-05	-0.001169
1762	-1.9e-05	-0.000841
1763	-0.000183	0.000146
1764	-0.000183	0.00031
1765	-0.000347	0.001296
1766	-0.000183	0.001954
1767	-0.000347	-0.000183
1768	-0.000183	0.000474
1769	-0.000183	-0.000347
1770	-0.000183	0.002282
1771	-1.9e-05	0.001954
1772	-0.000183	0.001132
1773	-0.000183	-0.000512
1774	-0.000183	-1.9e-05
1775	-0.000183	-0.000183
1776	-0.000183	0.002118
1777	-0.000183	-0.000183
1778	-0.000347	0.000146
1779	-0.000347	-1.9e-05
1780	-0.000347	-0.000183
1781	-1.9e-05	-0.000183
1782	-1.9e-05	-0.000183
1783	-1.9e-05	-1.9e-05
1784	-0.000183	-1.9e-05
1785	-1.9e-05	-1.9e-05
1786	-0.000183	-1.9e-05
1787	-0.000183	-0.000183
1788	-0.000183	-1.9e-05
1789	-0.000347	-1.9e-05
1790	-0.000347	-0.000183
1791	-0.000183	-0.000183
1792	-0.000183	-0.000183
1793	-0.000183	-0.000347
1794	-0.000183	-0.000183
1795	-0.000183	-1.9e-05
1796	-0.000183	-1.9e-05
1797	-0.000183	-0.000183
1798	-0.000347	-0.000347
1799	-0.000347	0.000146
1800	-1.9e-05	-0.000183
1801	-0.000183	0.000639
1802	-1.9e-05	0.001296
1803	-1.9e-05	0.000639
1804	-0.000183	0.000474
1805	-1.9e-05	-0.000183
1806	0.000146	-0.000512
1807	-1.9e-05	-1.9e-05
1808	-0.000347	-1.9e-05
1809	-0.000183	-1.9e-05
1810	-0.000512	0.00031
1811	-0.000347	-1.9e-05
1812	-0.000183	-0.000183
1813	-0.000183	-0.000347
1814	-0.000183	0.000639
1815	-1.9e-05	0.000803
1816	-0.000183	0.000474
1817	0.000146	0.001954
1818	-0.000183	-0.001169
1819	-0.000183	0.00146
1820	-0.000183	0.00031
1821	-0.000183	0.00031
1822	-0.000347	-0.001005
1823	-0.000347	0.001132
1824	-0.000183	0.000146
1825	-0.000183	-0.000512
1826	-0.000183	0.000146
1827	-0.000183	-0.000676
1828	0.000146	-0.000512
1829	-0.000183	0.000146
1830	-0.000183	0.000474
1831	-0.000347	-1.9e-05
1832	-0.000347	-1.9e-05
1833	-0.000512	-1.9e-05
1834	-0.000183	-0.000347
1835	-0.000512	-0.000183
1836	-0.000183	-0.000183
1837	-0.000183	-0.000347
1838	-1.9e-05	-0.000183
1839	-0.000347	-0.000183
1840	-1.9e-05	-1.9e-05
1841	-0.000347	-0.000183
1842	-0.000512	-1.9e-05
1843	-0.000183	-0.000183
1844	-0.000183	-1.9e-05
1845	-0.000347	-0.000183
1846	-0.000347	-0.000183
1847	-0.000183	-0.000347
1848	-0.000183	-0.000347
1849	0.000146	-0.000183
1850	-1.9e-05	0.000146
1851	-1.9e-05	-1.9e-05
1852	-1.9e-05	-0.000183
1853	-0.000183	-1.9e-05
1854	-0.000347	0.00031
1855	-0.000183	0.001132
1856	-0.000183	0.00031
1857	-0.000183	-1.9e-05
1858	-0.000347	-0.000347
1859	-0.000183	0.00031
1860	-1.9e-05	-0.000347
1861	-0.000183	0.001954
1862	-0.000183	0.000146
1863	-0.000347	0.000146
1864	-0.000347	0.000474
1865	-0.000347	0.000146
1866	-0.000183	0.00031
1867	-0.000183	-0.000183
1868	-0.000183	-1.9e-05
1869	-1.9e-05	0.000474
1870	-1.9e-05	-1.9e-05
1871	-0.000183	-0.000512
1872	-1.9e-05	-1.9e-05
1873	-1.9e-05	-1.9e-05
1874	-0.000183	-0.000183
1875	-0.000347	-1.9e-05
1876	-0.000183	0.000474
1877	-0.000512	-0.000347
1878	-0.000183	-1.9e-05
1879	-0.000183	-0.000512
1880	-1.9e-05	-0.000183
1881	-0.000183	0.000146
1882	-1.9e-05	-0.000183
1883	-1.9e-05	-1.9e-05
1884	-0.000183	-1.9e-05
1885	-0.000183	-1.9e-05
1886	-0.000183	-1.9e-05
1887	-0.000347	0.00031
1888	-0.000347	-1.9e-05
1889	-0.000512	-1.9e-05
1890	-0.000183	-0.000183
1891	-1.9e-05	-0.000347
1892	-1.9e-05	-0.000347
1893	-1.9e-05	-1.9e-05
1894	-1.9e-05	-1.9e-05
1895	-0.000183	-1.9e-05
1896	-0.000347	-1.9e-05
1897	-0.000347	-1.9e-05
1898	-0.000347	-1.9e-05
1899	-0.000347	-1.9e-05
1900	-0.000183	-1.9e-05
1901	-0.000183	0.000146
1902	-0.000183	0.001132
1903	-0.000183	-0.000183
1904	-0.000183	-0.000512
1905	-0.000183	0.000146
1906	-0.000183	0.000639
1907	-0.000183	0.000146
1908	-0.000183	-0.000183
1909	-0.000347	-1.9e-05
1910	-0.000347	-0.000183
1911	-0.000183	-0.000512
1912	-0.000347	-0.000183
1913	-1.9e-05	-0.000512
1914	-0.000183	-0.000512
1915	-0.000183	-1.9e-05
1916	0.000146	-1.9e-05
1917	-1.9e-05	-0.000183
1918	-0.000183	-1.9e-05
1919	-0.000183	-1.9e-05
1920	-0.000183	-1.9e-05
1921	-0.000183	0.000146
1922	-0.000347	-0.000347
1923	-0.000183	-0.000347
1924	-0.000347	-0.000183
1925	-1.9e-05	-0.000512
1926	-1.9e-05	-0.000347
1927	-0.000183	-1.9e-05
1928	0.000146	-0.000183
1929	-0.000183	-1.9e-05
1930	-0.000347	-1.9e-05
1931	-0.000347	-1.9e-05
1932	-0.000183	-0.000183
1933	-0.000347	-0.000347
1934	-0.000347	-0.000183
1935	-0.000183	-0.000183
1936	-0.000183	-0.000347
1937	-0.000183	-0.001005
1938	-1.9e-05	0.00031
1939	-1.9e-05	-0.000183
1940	-1.9e-05	-1.9e-05
1941	-0.000183	-0.000183
1942	-0.000347	0.000146
1943	-0.000347	-0.000183
1944	-1.9e-05	-0.000183
1945	-1.9e-05	-0.000183
1946	-0.000183	-0.000347
1947	-0.000183	-0.000512
1948	-1.9e-05	-0.000512
1949	-1.9e-05	-0.000183
1950	0.000146	-0.000347
1951	-0.000347	0.000146
1952	-0.000183	-0.000183
1953	-0.000347	-1.9e-05
1954	-0.000512	-0.000183
1955	-0.000512	-1.9e-05
1956	-0.000347	-1.9e-05
1957	-0.000183	-0.000183
1958	-0.000347	-1.9e-05
1959	-1.9e-05	0.000639
1960	-0.000183	-0.000183
1961	-0.000183	-0.000183
1962	-0.000183	-0.000183
1963	-0.000347	-1.9e-05
1964	-0.000347	-1.9e-05
1965	-0.000347	-1.9e-05
1966	-0.000512	-0.000347
1967	-0.000183	-0.000183
1968	-0.000183	-0.000183
1969	-0.000183	-0.000183
1970	-1.9e-05	0.000146
1971	-1.9e-05	-0.000347
1972	-1.9e-05	-0.000183
1973	-0.000183	-0.000183
1974	-0.000347	-0.000183
1975	-0.000183	-0.000183
1976	-0.000183	-0.000183
1977	-0.000183	-0.000183
1978	-0.000183	-0.000183
1979	-1.9e-05	-0.000347
1980	-1.9e-05	-0.000183
1981	-1.9e-05	-0.001169
1982	-0.000183	-0.000347
1983	-0.000183	-0.000183
1984	-0.000347	-1.9e-05
1985	-0.000183	-0.000183
1986	-0.000347	-1.9e-05
1987	-0.000512	-0.000183
1988	-0.000183	-0.000183
1989	-0.000347	-0.000183
1990	-0.000183	-0.000347
1991	-0.000183	-0.000347
1992	-0.000183	-0.000347
1993	-1.9e-05	-0.000183
1994	-0.000183	-0.000347
1995	-1.9e-05	-1.9e-05
1996	-0.000183	-0.000183
1997	-0.000347	-1.9e-05
1998	-0.000347	-1.9e-05
1999	-0.000183	-0.000347
2000	-0.000347	-0.000183
2001	-0.000183	-0.000347
2002	-1.9e-05	-0.000347
2003	-1.9e-05	-0.000512
2004	-1.9e-05	-0.000183
2005	-1.9e-05	-0.000183
2006	-0.000183	-1.9e-05
2007	-0.000183	-0.000183
2008	-0.000183	-1.9e-05
2009	-0.000512	-1.9e-05
2010	-0.000183	-0.000183
2011	-0.000183	-0.000347
2012	-1.9e-05	-0.000347
2013	-1.9e-05	-0.000512
2014	-0.000183	-0.000512
2015	0.000146	-0.000347
2016	-0.000183	-0.000183
2017	-1.9e-05	-0.000183
2018	-0.000183	-0.000183
2019	-0.000347	-1.9e-05
2020	-0.000512	-0.000183
2021	-0.000347	-0.000347
2022	-0.000183	-0.000347
2023	-0.000183	-0.000347
2024	-0.000183	-0.000183
2025	-0.000347	-0.000183
2026	-0.000183	-0.000183
2027	-1.9e-05	-0.000183
2028	-0.000183	-0.000183
2029	-0.000183	-1.9e-05
2030	-0.000183	-1.9e-05
2031	-0.000347	-1.9e-05
2032	-0.000512	-0.000183
2033	-1.9e-05	-0.000347
2034	-0.000183	-0.000183
2035	-0.000183	-0.000347
2036	-1.9e-05	-0.000183
2037	-1.9e-05	-0.000347
2038	0.000146	-0.000183
2039	-0.000183	-1.9e-05
2040	-0.000183	-0.000183
2041	-0.000347	-0.000183
2042	-0.000183	-1.9e-05
2043	-0.000347	-0.000183
2044	-0.000347	-0.000183
2045	-1.9e-05	-0.000347
2046	-0.000183	-0.000183
2047	0.000146	-0.000512
2048	-0.000347	-0.000512
2049	-0.000183	-0.000183
2050	-1.9e-05	-1.9e-05
2051	-0.000183	-0.000183
2052	-0.000512	-1.9e-05
2053	-0.000347	0.000146
2054	-0.000183	-0.000183
2055	-0.000183	-0.000183
2056	-1.9e-05	-0.000183
2057	-1.9e-05	-0.000512
2058	-0.000183	-0.000183
2059	-1.9e-05	-0.000183
2060	-1.9e-05	-1.9e-05
2061	-1.9e-05	-1.9e-05
2062	-0.000347	-1.9e-05
2063	-0.000347	-1.9e-05
2064	-0.000347	-1.9e-05
2065	-0.000347	-0.000183
2066	-0.000183	-0.000512
2067	-0.000183	-0.000347
2068	-0.000183	-0.000347
2069	-0.000183	-0.000183
2070	-0.000183	-0.000183
2071	-0.000183	-1.9e-05
2072	-1.9e-05	-0.000183
2073	-0.000183	-0.000183
2074	-0.000347	-0.000183
2075	-0.000512	-1.9e-05
2076	-0.000347	-0.000347
2077	-0.000347	-0.000183
2078	-1.9e-05	-0.000347
2079	-1.9e-05	-0.000183
2080	-0.000183	-0.000676
2081	-0.000183	-0.000183
2082	-1.9e-05	-0.000183
2083	-1.9e-05	-0.000183
2084	-0.000183	-1.9e-05
2085	-0.000183	-0.000183
2086	-0.000347	-1.9e-05
2087	-0.000512	-1.9e-05
2088	-0.000347	-0.000347
2089	-0.000183	-0.000183
2090	-0.000183	-0.000347
2091	-0.000183	-0.000183
2092	-1.9e-05	-0.000183
2093	-1.9e-05	-0.000512
2094	-1.9e-05	-1.9e-05
2095	-0.000183	-0.000183
2096	-0.000347	-0.000183
2097	-0.000183	-0.000183
2098	-0.000347	0.000146
2099	-0.000347	-0.000347
2100	-1.9e-05	-0.000347
2101	-1.9e-05	-0.000512
2102	0.000146	-0.000183
2103	-1.9e-05	-0.000347
2104	-0.000183	0.000146
2105	-1.9e-05	-0.000512
2106	-0.000347	-0.000347
2107	-0.000347	-0.000183
2108	-0.000347	0.000146
2109	-0.000347	-0.000183
2110	-0.000347	-0.000183
2111	-0.000183	-0.000347
2112	-1.9e-05	-0.000183
2113	-0.000183	-0.000183
2114	-0.000183	-1.9e-05
2115	-0.000183	-0.000183
2116	-0.000183	-0.000347
2117	-0.000183	-1.9e-05
2118	-0.000347	-0.000183
2119	-0.000183	-1.9e-05
2120	-0.000183	0.000146
2121	-0.000347	-0.000347
2122	-0.000183	-0.000347
2123	-1.9e-05	-0.000183
2124	-0.000183	-0.000347
2125	-0.000183	-0.000347
2126	-0.000183	-0.000347
2127	-1.9e-05	-1.9e-05
2128	-0.000347	-0.000183
2129	-0.000347	0.000146
2130	-0.000183	-1.9e-05
2131	-0.000347	-1.9e-05
2132	-0.000183	-0.000347
2133	-1.9e-05	-0.000183
2134	-1.9e-05	-0.000347
2135	-1.9e-05	-0.000183
2136	-1.9e-05	-0.000512
2137	0.000146	-1.9e-05
2138	-1.9e-05	-0.000183
2139	-0.000183	-0.000183
2140	-0.000347	-0.000183
2141	-0.000183	-1.9e-05
2142	-0.000183	-0.000183
2143	-0.000512	-0.000183
2144	-1.9e-05	-0.000183
2145	-1.9e-05	-0.000347
2146	0.000146	-0.000347
2147	0.000146	-0.000183
2148	-1.9e-05	-0.000347
2149	-0.000183	-0.000183
2150	-0.000183	-0.000183
2151	-0.000183	-1.9e-05
2152	-0.000347	-0.000183
2153	-0.000183	-0.000183
2154	-0.000183	-0.000183
2155	-1.9e-05	-0.000183
2156	-0.000183	-0.000183
2157	0.000146	-0.000183
2158	-0.000183	-0.000512
2159	0.000146	-0.000183
2160	-0.000183	-1.9e-05
2161	-0.000183	-1.9e-05
2162	-0.000183	-1.9e-05
2163	-1.9e-05	0.000146
2164	-0.000183	-0.000183
2165	-0.000183	-1.9e-05
2166	-0.000347	-0.000347
2167	-0.000183	-0.000347
2168	-1.9e-05	-0.000347
2169	-1.9e-05	-0.000183
2170	-0.000183	-1.9e-05
2171	-1.9e-05	-0.000183
2172	-0.000183	-1.9e-05
2173	-0.000347	-0.000183
2174	-0.000183	-1.9e-05
2175	-0.000347	0.000146
2176	-0.000512	-0.000347
2177	-0.000183	-0.000183
2178	-0.000347	-0.000512
2179	-1.9e-05	-0.000347
2180	-1.9e-05	-0.000347
2181	-1.9e-05	-0.000183
2182	-0.000183	-0.000347
2183	-0.000183	0.000146
2184	-0.000347	-1.9e-05
2185	-0.000347	-0.000183
2186	-0.000183	-0.000183
2187	-0.000183	-0.000347
2188	-0.000347	-0.000347
2189	-0.000183	-0.000347
2190	-1.9e-05	-0.000512
2191	0.000146	-0.000347
2192	-0.000183	-0.000347
2193	-1.9e-05	-0.000347
2194	-0.000347	-1.9e-05
2195	-0.000183	0.000146
2196	-0.000512	-0.000183
2197	-0.000183	-0.000183
2198	-0.000183	-1.9e-05
2199	-0.000347	-0.000347
2200	-0.000183	-0.000347
2201	-1.9e-05	-0.000183
2202	-1.9e-05	-0.000512
2203	-0.000183	-0.000512
2204	-0.000183	-0.000183
2205	-0.000183	-0.000183
2206	-0.000347	-0.000183
2207	-0.000512	-0.000183
2208	-0.000347	-0.000183
2209	-0.000676	-0.000183
2210	-0.000347	-0.000512
2211	-0.000347	-0.000512
2212	-0.000183	-0.000347
2213	-1.9e-05	-0.000347
2214	0.000146	-0.000183
2215	-1.9e-05	-0.000183
2216	-0.000183	-1.9e-05
2217	-0.000347	-0.000183
2218	-0.000347	-0.000183
2219	-0.000347	-0.000183
2220	-0.000183	-0.000347
2221	-0.000347	-0.000183
2222	-0.000183	-0.000347
2223	-1.9e-05	-0.000512
2224	-1.9e-05	-0.000183
2225	-0.000183	-0.000183
2226	-1.9e-05	-0.000183
2227	-0.000183	-0.000183
2228	-0.000347	-1.9e-05
2229	-0.000347	-0.000347
2230	-0.000183	-0.000347
2231	-0.000347	-0.000183
2232	-0.000183	-0.000183
2233	-0.000183	-0.000512
2234	-0.000183	-0.000347
2235	0.000639	-0.000512
2236	0.001789	-0.000183
2237	0.001132	-0.000183
2238	0.002447	0.000146
2239	0.000803	0.000146
2240	0.000474	-1.9e-05
2241	-1.9e-05	0.000146
2242	0.002611	-0.000183
2243	-1.9e-05	-0.000347
2244	0.000639	-0.000183
2245	0.00031	-0.000183
2246	0.000639	-0.000183
2247	-0.000676	-1.9e-05
2248	-0.000183	-0.000347
2249	-0.000512	-1.9e-05
2250	0.001296	-1.9e-05
2251	-0.000183	0.000146
2252	-0.000347	0.000146
2253	0.002611	-0.000183
2254	0.000146	-0.000347
2255	-1.9e-05	-0.000347
2256	0.000474	-0.000512
2257	-0.000512	-0.000183
2258	0.001296	-0.000347
2259	0.003104	-0.000183
2260	0.00031	-1.9e-05
2261	0.002282	-0.000347
2262	0.000803	-1.9e-05
2263	-0.00232	-0.000183
2264	0.004583	-0.000183
2265	-1.9e-05	-1.9e-05
2266	0.000803	-1.9e-05
2267	0.002775	-0.000183
2268	-0.000676	-0.000841
2269	-1.9e-05	0.000474
2270	-0.000183	-1.9e-05
2271	-0.000183	-1.9e-05
2272	0.000146	-1.9e-05
2273	-0.000183	-1.9e-05
2274	-0.000183	0.000146
2275	-0.000512	-1.9e-05
2276	-0.000183	-0.000512
2277	-0.000183	-0.000512
2278	-0.000183	-0.000183
2279	0.000146	0.000474
2280	-1.9e-05	-0.000347
2281	-0.000183	-0.000183
2282	-0.000183	-0.000183
2283	-0.000512	0.000146
2284	0.000474	-1.9e-05
2285	-0.000183	0.000146
2286	-0.001827	-0.000183
2287	-0.000347	-0.000183
2288	-0.000183	-1.9e-05
2289	-0.000347	-0.000183
2290	-1.9e-05	0.003268
2291	-1.9e-05	-0.000512
2292	-0.000347	0.000474
2293	-0.000183	-0.000347
2294	-0.000183	0.000474
2295	-0.000183	-0.000183
2296	-0.000347	0.000803
2297	-0.000347	-0.000512
2298	-0.000347	0.00031
2299	-1.9e-05	-1.9e-05
2300	0.000146	-0.000183
2301	-1.9e-05	-0.003635
2302	-1.9e-05	0.000146
2303	-0.000183	0.001132
2304	-0.000183	0.000146
2305	-0.000183	0.000967
2306	-0.000183	0.000803
2307	-0.000183	-1.9e-05
2308	-0.000512	0.001132
2309	-0.000347	0.000967
2310	-0.000183	0.000474
2311	-0.000183	-1.9e-05
2312	-1.9e-05	-0.003799
2313	-1.9e-05	-0.000347
2314	-0.000183	-0.000841
2315	-0.000347	0.000474
2316	-0.000512	0.000146
2317	-0.000347	0.00031
2318	-0.000183	-0.001005
2319	-0.000512	0.000474
2320	-0.000183	0.001132
2321	-0.000183	0.000803
2322	-1.9e-05	0.000474
2323	-0.000183	-0.001169
2324	-0.000183	0.000803
2325	-0.000183	0.00031
2326	-1.9e-05	0.000639
2327	-0.000183	-1.9e-05
2328	-0.000347	0.000474
2329	-0.000347	-0.000512
2330	-0.000347	0.000474
2331	-0.000347	-0.000512
2332	-0.000183	-0.000841
2333	-0.000183	-0.000183
2334	-0.000183	-0.000512
2335	-0.000183	-0.000183
2336	-0.000183	0.002118
2337	-0.000183	0.000474
2338	-0.000183	-0.001334
2339	-0.000183	0.003433
2340	-0.000183	-0.001498
2341	-0.000512	0.001132
2342	-0.000183	0.00146
2343	-0.000183	-0.000183
2344	-0.000183	-0.000183
2345	-1.9e-05	-0.000512
2346	-1.9e-05	-0.000676
2347	-1.9e-05	-0.000512
2348	-0.000183	0.000146
2349	-1.9e-05	-0.000512
2350	-0.000512	0.00031
2351	-0.000347	-0.000676
2352	-0.000183	-1.9e-05
2353	-0.000347	-0.000347
2354	-1.9e-05	-0.000347
2355	-0.000183	-1.9e-05
2356	-1.9e-05	0.000803
2357	-0.000183	-0.001498
2358	-0.000183	0.000967
2359	-1.9e-05	-1.9e-05
2360	-0.000512	0.000146
2361	-0.000347	0.001789
2362	-0.000512	0.000146
2363	-0.000347	0.00031
2364	-0.000347	-0.000841
2365	-0.000183	-0.000676
2366	-0.000183	-0.000841
2367	-0.000183	-0.000512
2368	-1.9e-05	-0.000676
2369	-1.9e-05	-0.000841
2370	-0.000183	0.00031
2371	-0.000347	0.000146
2372	-0.000347	0.00031
2373	-0.000347	0.001789
2374	-0.000183	0.000803
2375	-0.000183	0.000474
2376	-0.000183	0.000146
2377	-0.000183	-1.9e-05
2378	-0.000347	-0.000183
2379	0.000146	-0.000183
2380	0.000146	-1.9e-05
2381	-0.000183	-0.000183
2382	-0.000183	-0.000512
2383	-0.000183	-1.9e-05
2384	-0.000347	-1.9e-05
2385	-0.000183	0.000639
2386	-0.000512	-0.000676
2387	-1.9e-05	-0.000512
2388	-0.000183	0.000146
2389	-1.9e-05	-0.000676
2390	-0.000183	-0.000183
2391	-0.000183	-0.000512
2392	-1.9e-05	0.000474
2393	-0.000183	-1.9e-05
2394	-0.000512	-0.000183
2395	-0.000512	0.000803
2396	-0.000347	-1.9e-05
2397	-0.000347	-0.000512
2398	-1.9e-05	-1.9e-05
2399	-0.000183	-0.000183
2400	-0.000183	-0.000347
2401	-0.000183	0.000474
2402	-0.000183	-0.000512
2403	-0.000183	0.000146
2404	-0.000183	-0.000183
2405	-0.000347	-1.9e-05
2406	-0.000347	0.000474
2407	-0.000676	-1.9e-05
2408	-0.000183	-0.000347
2409	-0.000183	0.000146
2410	-1.9e-05	-0.000183
2411	-0.000183	-0.000183
2412	-0.000183	-0.000183
2413	-1.9e-05	0.000146
2414	-1.9e-05	-0.000183
2415	-0.000183	0.00031
2416	-0.000512	-0.000183
2417	-0.000183	0.000146
2418	-0.000183	-1.9e-05
2419	-0.000347	-0.000512
2420	-0.000347	-1.9e-05
2421	-0.000183	-0.000676
2422	-1.9e-05	-0.000347
2423	-1.9e-05	-0.000347
2424	-0.000183	0.00031
2425	-1.9e-05	0.000146
2426	-0.000347	0.00031
2427	-0.000347	-0.000183
2428	-0.000347	0.00031
2429	-0.000512	-1.9e-05
2430	-0.000347	-1.9e-05
2431	-0.000183	-0.000347
2432	-1.9e-05	-0.000512
2433	-0.000183	-0.000347
2434	-0.000183	-0.000183
2435	-0.000183	-1.9e-05
2436	-0.000183	-0.000183
2437	-0.000183	-1.9e-05
2438	-0.000512	0.000146
2439	-0.000347	-0.000183
2440	-0.000347	-1.9e-05
2441	-0.000512	-1.9e-05
2442	-0.000183	-0.000512
2443	-0.000183	0.000146
2444	-0.000183	-1.9e-05
2445	-0.000183	-0.000512
2446	-0.000183	-1.9e-05
2447	-0.000183	-0.000183
2448	-0.000347	-1.9e-05
2449	-0.000347	0.000146
2450	-0.000183	-0.000183
2451	-0.000347	-0.000183
2452	-0.000183	-0.000347
2453	-0.000347	-0.000347
2454	-1.9e-05	-0.000347
2455	-0.000183	-0.000512
2456	-0.000183	-0.000347
2457	-1.9e-05	-1.9e-05
2458	-0.000183	-0.000347
2459	-0.000183	-0.000183
2460	-0.000347	-1.9e-05
2461	-0.000347	-0.000183
2462	-0.000183	-1.9e-05
2463	-0.000347	-0.000347
2464	-1.9e-05	-1.9e-05
2465	-0.000183	-0.000347
2466	0.000146	-0.000347
2467	-1.9e-05	-1.9e-05
2468	-1.9e-05	-1.9e-05
2469	-0.000183	0.000146
2470	-0.000183	-0.000512
2471	-0.000347	-1.9e-05
2472	-0.000183	-1.9e-05
2473	-0.000512	-0.000183
2474	-0.000512	-0.000347
2475	-1.9e-05	0.000146
2476	-0.000183	-0.000347
2477	-1.9e-05	-0.000183
2478	-1.9e-05	-1.9e-05
2479	-1.9e-05	-0.000183
2480	-1.9e-05	-1.9e-05
2481	-0.000183	-0.000183
2482	-0.000347	-0.000347
2483	-0.000512	0.000146
2484	-0.000512	-0.000183
2485	-0.000183	-0.000183
2486	-0.000183	-0.000347
2487	-1.9e-05	-0.000347
2488	-1.9e-05	-0.000183
2489	-1.9e-05	-0.000347
2490	-0.000183	-0.000183
2491	-0.000183	-0.000512
2492	-0.000183	-1.9e-05
2493	-0.000347	0.000474
2494	-0.000183	0.000146
2495	-0.000347	-0.000183
2496	-0.000183	-0.000183
2497	-0.000183	-0.000183
2498	-0.000183	-0.000183
2499	-0.000183	-0.000183
