Ladekurvenmessung

Zeit: 2018_05_04 10.02.00

Info: FVA3, v = 1.05, T = 23, F = 20, h = 587.3

Ladewiderstand[Ohm]: 1012700

Störkapazität[pF]: 0.000000

Entladezeit[ms]: 200

Abtastrate[Hz]: 250000

Anzahl der Messwerte: 2500.000000

Verzögerung[ms]: 3

Ladespannung[V]: 0.200000


	Kurve_1	Kurve_2	Kurve_3
0	0.000639	0.00031	0.000146
1	0.000803	-0.000347	-1.9e-05
2	0.002611	-0.001827	0.001625
3	0.00294	-0.000183	-0.001991
4	-0.000347	0.001789	-0.001991
5	-0.002155	0.000967	0.002118
6	0.000639	0.000146	0.001132
7	-0.001827	0.00146	0.001296
8	-0.00232	-0.001334	-0.000512
9	-0.004292	-0.000841	-0.000841
10	-0.000676	-0.001334	-0.000512
11	-0.001991	-0.001991	0.00146
12	0.000474	-0.000512	0.002282
13	0.001132	-0.00232	-0.002813
14	-0.000676	-0.001827	-1.9e-05
15	-0.003306	-0.001334	0.00409
16	-0.002155	0.00031	0.000803
17	-0.000183	-0.001827	-0.000676
18	-0.001498	0.000639	-0.001498
19	-0.000347	-0.004292	-0.002155
20	-0.000841	0.000146	-0.002155
21	0.000474	-0.003142	-0.001662
22	-0.001991	-0.001498	-0.002155
23	0.000967	-0.003799	-0.002813
24	-0.003142	-1.9e-05	0.001625
25	0.000967	0.000146	-0.001169
26	-0.000512	-0.000676	0.007213
27	-0.001827	0.00294	-0.001827
28	0.00031	-0.002813	0.000967
29	-0.005771	0.000803	0.002118
30	-0.000183	-0.001662	0.001132
31	0.004748	-0.001662	0.000967
32	0.00146	-0.00347	-0.001005
33	-0.000676	-0.000512	-0.002813
34	0.00294	-0.004128	-0.002813
35	0.000474	-0.00232	-0.006757
36	0.002775	-0.004949	-0.005443
37	0.000146	-0.00232	-0.002813
38	0.003433	-0.001005	-0.003635
39	-0.00347	-0.001498	-0.001005
40	-0.002977	-0.000841	0.000967
41	-0.0061	-0.000841	0.00031
42	-0.002648	-0.000512	-0.000347
43	0.002775	-0.001169	0.002118
44	-0.002484	-0.000183	-0.000183
45	0.000474	-0.000676	0.001789
46	-0.000512	-0.001005	-0.000347
47	0.00409	-0.000512	-0.000676
48	-0.001662	-0.000676	0.002282
49	0.002282	0.000146	-0.00232
50	0.00031	0.00031	-0.001827
51	0.000146	-0.005607	0.000803
52	-0.003963	-0.000841	-1.9e-05
53	-1.9e-05	-0.00347	-1.9e-05
54	-0.002155	-0.002648	-0.000512
55	-0.003799	-0.00347	-0.000183
56	-0.003799	-0.007415	0.001954
57	0.002282	0.001625	-0.001498
58	-0.005114	0.003268	-0.001991
59	-0.002813	-0.002484	0.002282
60	-0.000512	-0.001169	0.002282
61	0.000803	-1.9e-05	-0.000512
62	0.001296	-0.002648	0.004419
63	-0.004785	-1.9e-05	-0.001169
64	-0.005114	-0.003142	0.003597
65	0.000474	-0.001005	0.00146
66	0.000639	-0.003799	0.002611
67	-0.001662	-0.002155	-0.001662
68	0.005405	-0.003142	0.003761
69	-0.001334	-0.001005	-0.005443
70	-1.9e-05	-0.003306	-0.003142
71	0.002282	-0.004785	-0.000347
72	-0.000841	-0.001662	-0.006757
73	-1.9e-05	-0.003306	0.004912
74	-0.002648	-0.002155	-0.002155
75	-0.000676	-0.000183	-0.002484
76	-0.002813	-0.006429	-0.001005
77	-0.001334	0.002118	0.001296
78	-0.002155	0.001296	-0.001991
79	0.000474	-0.002484	0.000474
80	-0.004621	0.000146	-0.002813
81	-0.001662	-0.002977	-0.000512
82	-0.001498	-0.001169	0.001132
83	0.001296	-0.004949	-0.001827
84	0.000639	-0.00232	0.005076
85	0.000639	-0.003635	-0.009223
86	-0.001334	-0.004292	-0.001334
87	0.000803	-0.006264	-0.004785
88	-0.001169	-0.004456	-0.004949
89	-0.00347	-0.002648	-0.006593
90	-0.001827	-0.002813	-0.002813
91	-0.006429	-0.001498	-0.005278
92	-0.003142	-0.001827	-0.000512
93	0.001625	-0.001169	-0.000676
94	-0.001005	-0.001498	-0.000183
95	-0.004785	0.002611	0.00146
96	-0.000841	-0.004292	-0.002155
97	-0.002155	-0.000183	-0.00232
98	-0.001991	-0.002484	-0.001662
99	-0.004456	-0.001334	-0.000183
100	0.000474	-0.000512	-0.002977
101	-0.004128	0.00031	-0.001827
102	-0.006429	-0.001827	-0.006593
103	-0.000676	-0.002977	-0.001498
104	-0.004292	-0.002648	0.001625
105	-0.000841	0.000967	-0.002813
106	-0.004456	0.00146	-0.010045
107	-0.004456	-0.004128	-0.003635
108	-0.004456	-0.002484	-0.00347
109	-0.004292	-0.00232	-0.001827
110	-0.005936	0.000146	-0.002977
111	-0.001334	-0.001334	-0.001827
112	-0.003963	0.002611	-0.001169
113	-0.001169	-0.002648	-0.003306
114	-0.001005	-0.000183	-0.001005
115	-0.003306	0.001625	0.001296
116	-0.000512	0.000146	0.000967
117	0.001132	0.000474	-0.016783
118	0.00031	-0.001991	-0.003142
119	0.002447	-0.003799	-0.004949
120	-0.004456	-0.00232	-0.00232
121	0.00031	-0.001991	-0.001005
122	0.000639	-0.002977	-0.008237
123	-0.001498	0.000146	-0.007908
124	-0.000512	-0.002813	-0.002155
125	-0.001169	0.00031	-0.004621
126	0.000474	-0.004456	-0.004785
127	-0.001498	-0.005114	-0.002155
128	0.000146	-0.002484	-0.006593
129	-0.00347	-0.006429	-0.003306
130	0.000146	-0.003799	-0.00232
131	-0.006593	0.000967	-0.001827
132	-0.00232	0.000639	-0.00232
133	-0.001498	-0.002155	-0.000676
134	-0.002155	-0.001169	-0.001498
135	-0.000512	-0.006922	-0.00232
136	0.000474	-0.000676	-0.002155
137	0.001789	-0.003306	0.000803
138	0.000967	-0.005114	-0.002155
139	0.001132	-0.004128	-0.002155
140	-0.00347	-0.001005	-0.00725
141	0.001296	-0.003799	0.000146
142	-0.002155	0.000474	-0.002813
143	0.00146	-0.003306	-0.004785
144	0.00031	-0.001498	-0.001169
145	-0.002977	-0.001498	-0.005114
146	-0.003142	-0.001827	-0.000183
147	-0.003306	-0.000512	-0.002977
148	-0.00232	0.001132	-0.001334
149	-0.000841	-0.000512	-0.001991
150	0.000146	0.00146	-0.001005
151	-0.002813	-0.001005	-0.003799
152	-0.002977	-0.002977	-0.001005
153	-0.002977	-0.000183	-0.007579
154	-0.001827	-0.002648	-0.001991
155	-0.000183	-0.001662	-0.002648
156	-1.9e-05	-0.005936	-0.002977
157	-0.003306	-0.001827	-0.004456
158	0.000639	-0.006264	0.001625
159	-0.000347	-0.005771	-0.004785
160	-0.001827	-0.002155	-0.002813
161	-0.001334	-0.001334	-0.000676
162	-0.001169	-0.00347	-0.004621
163	-0.000183	-0.001169	-0.001827
164	0.000967	-0.001662	-0.003635
165	-0.000841	-0.001169	-0.002155
166	0.000146	-0.001991	-0.004621
167	0.00031	-0.001334	-0.0061
168	-0.00347	-0.003306	-0.003635
169	0.002447	0.00146	0.000146
170	0.000803	-0.004949	-0.001827
171	-0.002484	-0.006429	0.004912
172	0.002118	0.003268	-0.001005
173	-0.000183	-0.004949	-0.003799
174	0.000146	-0.002155	-0.001334
175	0.000474	-0.005771	-0.001662
176	0.005241	-0.001498	-0.002648
177	-0.001005	-0.000183	0.000639
178	0.000474	0.000639	-0.003799
179	-0.000347	-1.9e-05	-0.003635
180	0.003433	0.000474	0.001132
181	0.003104	-0.001498	-0.004128
182	-0.002813	-0.001005	-0.003306
183	0.001789	0.001132	-0.001991
184	0.000639	-0.001662	0.002282
185	-0.002155	-0.001662	-0.001662
186	0.001625	-0.002977	-0.000512
187	-0.001662	-0.002484	-0.00347
188	-0.000676	-0.006429	-0.002813
189	-0.002648	-0.004949	-0.00232
190	0.00146	-0.00232	-0.004785
191	-0.002155	-0.004128	-0.001005
192	0.001789	-0.002484	-0.002648
193	-0.000512	-0.00232	-0.002484
194	0.003597	0.001954	-0.00232
195	-0.003635	-0.005278	-0.000347
196	-0.00347	-0.004128	-0.003799
197	-0.001827	-0.004128	-0.001169
198	-0.001498	-0.002813	-0.001169
199	0.000967	-0.004456	-0.000676
200	0.00146	-0.002484	-0.003635
201	-0.000512	-0.004785	-0.000183
202	-0.001991	-0.002977	0.002118
203	-0.001827	-0.002813	0.003104
204	-0.004621	-0.000841	0.00031
205	0.003104	0.004912	-0.000183
206	-0.005443	0.000803	0.003761
207	-0.002813	-0.001169	-0.002813
208	-0.006264	0.000967	-0.001498
209	0.000803	-1.9e-05	-0.003142
210	0.001789	-0.00347	-0.001991
211	0.002118	-0.00347	-0.003963
212	-0.001005	-0.001827	-0.000183
213	-0.003799	-0.001827	-0.007908
214	-0.001169	-0.002813	0.001789
215	-0.002484	-0.001334	-0.003799
216	0.002611	0.000474	-0.001169
217	-0.004128	-0.006429	-0.000841
218	-0.000841	-0.003142	-0.002648
219	-0.003963	-0.002155	-0.001991
220	0.000639	-0.001827	-0.000841
221	-0.001662	-0.001169	0.002611
222	-0.001662	-0.002648	-0.000676
223	-0.001498	-0.000676	0.000146
224	0.00031	-0.001827	-0.001662
225	0.000803	0.001296	-0.003799
226	-0.000512	0.00294	-0.003799
227	-0.000676	-0.001991	-0.001169
228	-1.9e-05	-0.00725	-0.001334
229	-0.000841	-0.002648	-0.002813
230	0.000967	-0.006593	-0.00347
231	-0.002648	-0.006264	-0.001169
232	-0.002484	-0.003963	-0.001827
233	0.001789	-0.008237	-0.005278
234	-0.004949	-0.002813	-0.008237
235	0.001296	-0.001991	-0.005278
236	0.000639	-0.005771	-0.000841
237	-0.00232	-0.003799	-0.006429
238	-0.008072	-0.003963	-0.002648
239	-0.004949	-0.002648	-1.9e-05
240	-0.002977	0.000803	-0.002813
241	-0.001827	0.001132	-0.002155
242	-0.001662	-0.003963	0.000474
243	-0.000512	-0.000512	-0.003963
244	-0.001498	-0.004128	-0.005114
245	-0.003142	0.00031	-0.003306
246	-0.00347	-0.00232	-0.001005
247	-0.001662	-0.001498	-0.004128
248	0.000639	-0.003142	0.000146
249	-0.009551	-0.010538	-0.002813
250	-1.9e-05	-0.004785	-0.001169
251	-0.000841	-0.00232	-0.001827
252	0.000146	-0.001005	-0.001991
253	-0.001662	-0.001662	0.00031
254	-0.002484	-0.002813	-0.000183
255	-0.004456	-0.002155	-0.001827
256	-0.003306	-0.001991	0.002118
257	-0.001498	-0.001005	-0.000512
258	-0.002155	0.000803	-0.006264
259	-0.001334	0.00031	-0.003635
260	-0.008401	-0.008401	-0.004949
261	-0.003142	-0.002155	0.000639
262	-0.003799	0.00146	-0.001498
263	0.002282	-0.00232	-0.001827
264	-0.004949	0.000146	-0.001991
265	0.001954	-0.002813	-0.003306
266	0.000803	-1.9e-05	-0.002484
267	0.000639	-0.00347	-0.003142
268	-0.000676	-0.000841	-0.003142
269	0.000146	-0.001169	-0.002813
270	-0.001827	0.000803	-0.000512
271	-0.002813	-0.011031	-0.002155
272	-0.00347	-0.001827	0.001789
273	-0.000841	0.003104	-0.003799
274	-0.001169	-0.000676	-0.000841
275	-0.002977	0.000803	-0.001005
276	0.000146	-0.000841	-0.000676
277	-0.001498	-0.000183	0.001296
278	0.000967	-1.9e-05	0.000639
279	-0.000841	-0.004456	0.002118
280	-0.001005	0.003104	-0.003635
281	-0.001169	0.004583	-1.9e-05
282	-0.000512	-0.011195	-0.00232
283	-0.004621	-0.000347	0.000146
284	-0.001662	-0.000347	-0.001169
285	-0.001991	0.000967	-0.003799
286	-0.001498	-0.003799	-0.002977
287	-0.000676	0.00146	-0.003963
288	-0.001498	0.001132	-0.002813
289	-0.003799	-0.001827	-0.005443
290	-0.004456	0.000803	-0.003799
291	-0.001169	0.003926	0.000146
292	-0.000676	0.00294	-0.002155
293	-0.000676	-0.005607	0.001954
294	-0.003963	0.001625	-0.002813
295	-0.000841	-1.9e-05	-0.001169
296	-0.00232	0.001625	0.00031
297	0.000474	0.001789	-0.002484
298	-0.001498	0.002447	-0.001334
299	0.000967	0.00031	-0.001169
300	-0.001827	0.000146	-0.001991
301	0.000639	-0.000841	-0.002484
302	-0.001662	0.001296	-0.000841
303	0.000803	0.002775	-0.002648
304	-0.001334	-0.001498	0.000639
305	-0.003142	0.001789	-0.003635
306	-0.003963	0.000639	-0.001662
307	-0.003142	0.001789	-0.001662
308	-0.001334	-0.001662	0.000639
309	-0.004621	0.000146	0.003433
310	-0.000183	0.001954	0.00146
311	-0.002977	0.002282	-0.001498
312	-1.9e-05	0.001954	0.001132
313	-0.001991	0.003104	0.003926
314	-0.001498	0.003761	-0.003306
315	0.000803	-0.001005	0.000474
316	0.000146	-0.001498	-0.001005
317	-0.001827	0.000803	-0.001662
318	-0.000676	-0.000841	-0.003306
319	0.000967	-0.000512	-0.000676
320	-0.002977	0.001625	-0.003963
321	-0.003306	-0.000841	-0.001334
322	0.003433	0.001625	-0.003306
323	0.002775	0.00146	-0.002484
324	-0.000512	0.001954	-0.000676
325	0.002282	-1.9e-05	-0.002155
326	-0.003142	-0.004292	-0.001005
327	0.001625	-0.002813	0.000803
328	-0.003306	0.002118	-0.00232
329	0.000803	-0.001005	-1.9e-05
330	-0.001498	0.00409	0.000803
331	-0.000512	0.00409	-0.001169
332	-0.000676	-0.000841	0.003433
333	-0.000347	-0.002813	-0.001827
334	0.000146	-0.002648	0.000146
335	-0.000183	0.003104	-0.001005
336	0.004912	-0.001827	-0.000676
337	0.003926	-0.000512	-0.003635
338	0.002118	-0.003306	-0.001334
339	0.000146	0.001296	-0.007086
340	-0.001005	0.00031	-0.006264
341	-0.004292	-1.9e-05	-0.003306
342	-1.9e-05	0.003268	-0.001827
343	-0.005936	0.00146	-0.000676
344	-0.00232	-0.002977	0.000146
345	-0.00232	0.003597	-0.000183
346	-0.000841	0.005241	0.001132
347	-0.001169	0.001954	0.00146
348	-0.001827	-0.001662	-0.001169
349	0.003597	0.000639	0.001789
350	-0.001169	0.00031	0.000146
351	0.000803	-1.9e-05	-0.00232
352	-0.00232	0.001625	0.000639
353	0.000803	0.001132	-0.003142
354	-0.001662	-0.001169	-0.00232
355	-1.9e-05	0.000803	-0.002648
356	-0.000841	0.001954	-0.001334
357	-0.0061	0.000474	-0.000347
358	-0.008401	-0.001005	-0.003799
359	-0.005114	-0.005607	-0.001827
360	-0.003306	-0.001662	0.00294
361	-0.003306	-0.002977	0.001132
362	-0.002484	-0.000676	0.000967
363	-0.001991	-0.001498	0.000146
364	-0.003142	-0.000347	0.000803
365	-0.000676	0.001132	-0.00347
366	-0.000347	-0.00347	0.003104
367	-1.9e-05	0.000803	-0.000347
368	-1.9e-05	-0.001662	-1.9e-05
369	-0.000676	-0.001005	-0.001169
370	0.00294	-0.001498	-1.9e-05
371	0.002118	-0.001991	-0.00232
372	0.00031	-0.00347	-0.002484
373	0.00031	-1.9e-05	-0.001334
374	-0.000676	-0.004292	-0.002155
375	-0.001005	-0.005443	-0.000183
376	0.000146	-0.001991	-0.002648
377	-0.007744	-0.000512	0.000967
378	0.002118	-0.000347	-0.000841
379	0.00031	-0.000347	0.00031
380	-0.001498	-0.000183	-0.003306
381	-0.002648	-0.004456	0.000474
382	-0.000841	-0.004456	0.00031
383	-0.000841	-0.005278	-0.000183
384	-0.001991	-0.003963	-0.000676
385	-0.001334	-0.003142	-0.001991
386	-0.000676	-0.00347	0.000803
387	-0.001498	-0.005607	-0.002977
388	-0.006757	-0.002648	0.001296
389	-0.000183	-0.005114	-1.9e-05
390	-0.001662	-0.002484	-0.003306
391	0.001789	-0.004128	-0.000183
392	-0.001005	-0.004456	0.001296
393	-0.000347	-0.002648	-0.001991
394	-0.004785	-0.005278	0.000146
395	-0.001334	-0.00232	-0.000512
396	-0.002484	-0.003799	0.000639
397	-0.001662	-0.002648	-0.000512
398	-0.000183	-0.006922	-0.000183
399	-0.003635	-0.000347	0.002611
400	0.000474	-0.003799	0.003597
401	-0.000347	-0.000676	-0.000183
402	-0.000676	-0.00347	0.000967
403	0.00031	-0.005114	0.000639
404	-0.001991	-0.002155	-1.9e-05
405	-0.005278	-0.005443	-0.000841
406	0.003761	-0.004949	0.000639
407	0.000639	-0.004621	-0.004949
408	0.004255	-0.005114	0.001132
409	0.00146	-0.004949	-0.001827
410	-0.001827	-0.00988	-0.004128
411	0.001954	-0.005607	0.005241
412	-0.001169	-0.001662	-0.002484
413	0.000967	-0.003142	-0.000512
414	-0.002484	-0.001334	0.000146
415	0.000639	-0.002484	-0.001498
416	-0.003963	-0.002813	-0.001169
417	0.001296	-0.003799	0.000803
418	-0.00232	-0.002155	-0.001334
419	-0.001005	-0.004456	-0.001827
420	-0.001005	-0.002977	-0.001662
421	-0.001005	-0.007086	0.001132
422	0.000639	-0.001991	0.000639
423	0.003433	-0.004128	-0.001662
424	-0.00232	-0.007579	0.000474
425	0.00031	-0.004128	-0.001991
426	0.00294	-0.000676	0.000639
427	-0.00347	-0.00232	-0.000183
428	0.001954	-0.004949	0.004583
429	-0.001827	-0.001169	-0.002813
430	0.001296	-0.004621	0.002611
431	-0.002648	-0.004621	0.003104
432	-0.004292	-0.003635	0.001789
433	0.003268	0.000146	-0.000512
434	0.002118	-0.003142	0.002118
435	-0.001662	-0.001498	-0.000841
436	0.002775	-0.004949	-0.000676
437	-0.00232	-0.000512	-0.002155
438	0.001296	-0.002977	-0.005771
439	0.001789	-0.004621	-0.001498
440	-0.001169	-0.006264	-0.005936
441	-0.000676	-0.004785	0.000803
442	-0.000676	-0.004785	-0.004949
443	-0.001827	-0.007086	-0.000841
444	0.000639	-0.000841	-0.001827
445	0.002447	-0.006429	-0.002484
446	-0.001498	-0.002155	-0.000841
447	0.000474	-0.003635	0.001132
448	-0.000676	-0.001827	-0.002648
449	-0.000676	-0.005607	-0.002155
450	-0.004128	-0.001498	-0.001827
451	-0.000183	-0.006264	-0.001662
452	-0.004456	-0.000347	-0.000347
453	-0.002648	-0.000841	-0.001169
454	-0.000512	-0.000347	0.001132
455	-0.002155	-0.001005	-0.004128
456	-0.003142	-0.004456	0.000474
457	-0.004128	-0.003306	-0.001498
458	-0.002813	-0.006757	-0.000841
459	-0.003799	-0.000347	-0.001991
460	0.000639	-0.005443	0.000639
461	-0.00232	-0.002977	-0.006264
462	-0.001334	-0.007908	-0.001005
463	-0.000676	-0.002977	-0.003635
464	0.000967	-0.003799	-0.002813
465	-0.000347	-0.005936	-0.003963
466	0.003104	-0.003635	-0.003635
467	-0.003142	-0.003142	0.000967
468	0.00031	-0.004949	-0.002484
469	-0.00232	-0.00347	0.001789
470	0.001296	-0.003799	-0.001498
471	-0.001005	-0.005607	-0.000183
472	-0.003142	-0.004785	-0.001169
473	0.000803	-0.004949	0.000639
474	-0.001005	-0.005607	-0.001991
475	-0.001498	-0.001991	-0.000347
476	0.002118	0.001296	0.001132
477	0.003926	-0.002813	-0.002648
478	-1.9e-05	-0.001662	-0.003142
479	0.000146	-0.005607	-1.9e-05
480	-0.002648	-0.003635	-0.002977
481	0.000474	-0.00725	-0.002813
482	-0.005607	-0.007744	-0.003306
483	-0.000512	-0.006429	-0.003799
484	-0.003306	-0.007415	-0.003306
485	-0.002484	-0.0061	-0.000841
486	-0.007415	-0.006757	-0.001334
487	0.003597	-0.004621	-0.004456
488	0.002775	-0.003306	-0.004128
489	-0.001991	-0.001827	-0.002977
490	-0.001334	-0.004292	0.000639
491	0.001789	-0.001827	-1.9e-05
492	-0.001169	-0.003963	0.001789
493	-0.001334	-0.004292	-0.001991
494	-0.000512	-0.004949	-0.003142
495	-0.00232	-0.003142	-0.000676
496	0.002118	-0.002648	-0.001827
497	0.000967	0.000146	-0.002155
498	0.003597	-0.002977	-0.001662
499	0.001789	-0.003306	-0.002155
500	-0.000512	0.000474	-0.002648
501	-0.001498	-0.003963	-0.000676
502	-0.000183	-0.001498	-0.001169
503	-0.001005	-0.001334	-0.002813
504	-0.004785	-0.00347	-0.000347
505	-0.003142	-0.003142	-0.000347
506	-0.009058	-0.002155	-0.001827
507	-0.001991	-0.00232	0.003761
508	-0.003963	-0.002648	0.000146
509	0.008857	0.002775	0.002118
510	0.00146	0.003597	0.004255
511	0.000967	-0.002484	0.003104
512	-0.002648	-0.001334	0.000803
513	0.001132	-0.003142	-0.001991
514	-0.000347	-0.002484	0.000146
515	0.000803	-0.003142	-0.000347
516	0.001296	-0.004292	0.00031
517	-0.000183	-0.006264	-0.004456
518	0.000803	-0.002813	-0.000183
519	-0.000512	-0.000512	-0.002977
520	-0.003142	0.00031	-0.001334
521	0.003268	0.001625	-0.002648
522	0.000803	-0.001662	-1.9e-05
523	-0.001169	0.001296	0.000474
524	-1.9e-05	-0.000347	-0.002648
525	-0.000347	0.004419	0.00031
526	0.000803	0.000474	-0.000512
527	-0.000841	-0.000183	-0.001827
528	0.002447	0.00409	-0.000512
529	-0.000841	-0.001991	0.000474
530	0.00146	-0.00347	-0.001169
531	0.002447	0.002447	0.000639
532	0.004255	0.00294	0.003597
533	0.001789	-0.006264	-0.000512
534	0.001296	-0.004128	-0.000183
535	0.003433	-0.004456	-0.000183
536	0.000639	-0.001498	-0.002977
537	-0.00347	-0.003306	-0.002648
538	-0.00347	-0.001991	-0.002648
539	0.001954	-0.004456	-0.002813
540	-0.002648	-0.002484	-0.001991
541	0.000967	-0.00232	0.000146
542	0.000146	0.00409	-0.00347
543	-0.000841	0.001132	0.002282
544	-0.001005	0.000967	0.003761
545	0.00294	0.000967	-0.003799
546	-0.000183	-0.000512	0.002447
547	0.00146	0.000474	0.000474
548	0.002282	-0.001334	-1.9e-05
549	0.000474	-0.001991	-0.001827
550	0.002118	-0.002977	-0.000512
551	-0.000676	-0.006593	-0.001662
552	0.000639	-0.004785	-0.000676
553	-1.9e-05	-0.000347	-0.001991
554	-0.001991	-0.002155	-0.001662
555	-0.000347	-0.001498	-0.001005
556	-0.002155	-0.001662	-0.003799
557	-0.000512	-0.000512	-0.001498
558	0.001132	-0.000183	-0.001662
559	-0.0061	0.002447	-0.000183
560	-0.004128	0.003104	-0.002813
561	-0.003142	-0.000347	0.00294
562	-0.003635	0.000639	0.00146
563	0.004255	-0.000841	0.002118
564	0.001625	-0.000676	-0.000183
565	0.001132	-0.003963	-1.9e-05
566	0.001132	-0.003635	0.000803
567	0.002611	-0.005607	-1.9e-05
568	-0.000183	-0.003306	-0.002484
569	0.003268	-0.005443	-0.001169
570	-0.001334	-0.002977	-0.00347
571	0.001625	-0.002977	-0.002977
572	0.000146	-0.002977	0.002775
573	0.000967	-0.001005	-0.002155
574	-0.003142	0.005076	0.000803
575	0.003104	0.001954	-0.000512
576	-0.003306	-0.001498	0.002118
577	0.001132	0.00146	0.001625
578	-0.000347	0.003597	0.003268
579	0.001296	-0.00232	0.000803
580	0.002447	0.00146	0.002447
581	-1.9e-05	0.000803	0.003433
582	-0.000183	-0.000841	-0.001169
583	0.003268	-0.002484	0.000474
584	-0.000183	-0.001005	-0.000183
585	-0.004949	0.003268	-0.003635
586	0.004419	-0.00232	-0.001498
587	-0.00347	-0.00232	-0.002484
588	-0.001005	-0.00347	-0.003799
589	-0.002155	-0.001005	0.00031
590	-0.000512	0.001296	-0.000347
591	-0.003306	0.000474	0.004255
592	-0.002484	0.000474	-0.002484
593	-1.9e-05	0.00031	-0.000347
594	0.000967	0.000803	0.000803
595	-0.003799	0.002447	-0.000183
596	0.001625	0.002118	0.002118
597	0.001132	-1.9e-05	0.006062
598	-0.001498	0.00031	0.003597
599	0.003268	-0.001169	0.001954
600	0.000967	0.003926	0.003268
601	0.004748	0.00146	0.00409
602	-0.001498	-0.002155	0.00146
603	0.00294	-0.001334	0.001954
604	-0.001498	-1.9e-05	0.005569
605	0.005405	-0.001827	0.002118
606	0.003433	0.000146	0.004419
607	-0.000676	0.000967	0.000639
608	-0.000183	-0.000512	0.004583
609	-0.001005	-0.00232	0.000803
610	0.006391	0.008035	-0.001005
611	0.002775	0.002447	0.001132
612	0.00409	0.004583	0.005898
613	0.003104	0.00409	-0.000676
614	0.002611	-0.001005	0.004419
615	0.003104	0.002282	0.003104
616	0.002611	-0.001334	0.003104
617	0.001789	0.000474	0.00409
618	0.001296	0.000474	0.000639
619	0.002447	0.000474	0.002611
620	0.002775	-0.003963	-1.9e-05
621	0.003926	0.001625	0.001296
622	0.005076	-0.000676	0.002447
623	0.00409	0.000146	0.002447
624	0.004583	0.005569	0.002282
625	0.001789	0.002775	0.000474
626	0.003433	0.00294	0.000474
627	0.003761	0.002282	0.005569
628	0.003433	0.002447	0.001132
629	0.002775	0.001296	0.007377
630	0.003597	0.002282	0.001625
631	0.005898	-0.001169	0.00031
632	0.003104	0.002611	0.000474
633	0.007706	-0.002155	-1.9e-05
634	0.005734	0.004912	0.002447
635	0.009678	0.003926	0.001132
636	0.003104	-0.002977	-0.000841
637	0.007542	-0.000512	-0.000676
638	0.006227	0.001954	-0.001005
639	0.000967	-0.000183	-0.000512
640	0.006391	0.001296	0.002118
641	0.005734	0.001789	-0.001662
642	0.004255	-0.002813	0.002611
643	0.006884	0.003433	-0.001334
644	0.005734	0.000474	0.001954
645	0.006391	0.00294	0.001132
646	0.008857	0.002775	0.002447
647	0.004419	0.000967	0.00294
648	0.006556	0.000639	0.001625
649	0.005734	0.003104	0.001296
650	0.005569	0.00409	0.002611
651	0.008528	0.005241	0.001789
652	0.008857	0.003268	0.000474
653	0.007213	0.000146	0.001625
654	0.010336	0.002282	0.000639
655	0.005241	0.001296	0.004419
656	0.005734	0.000967	-0.000347
657	0.008199	0.001789	-0.003142
658	0.005898	0.000803	-0.001498
659	0.008363	-1.9e-05	0.000474
660	0.006884	0.00787	-0.006429
661	0.006884	0.00031	-0.006264
662	0.008857	0.00146	-0.002155
663	0.010993	-0.000676	-0.001827
664	0.006884	0.002118	-0.001169
665	0.012472	0.000967	0.000146
666	0.0105	0.003926	0.001132
667	0.011322	0.000146	-0.001005
668	0.017567	0.001296	0.004255
669	0.010664	0.001296	-0.002484
670	0.010829	-0.001169	-0.000347
671	0.015595	0.001296	-0.000347
672	0.012637	-0.000676	0.000474
673	0.015595	0.000967	-0.00347
674	0.012965	0.000474	-0.00232
675	0.011486	0.005076	-0.004456
676	0.015431	0.002282	0.002775
677	0.013294	0.003268	-0.001498
678	0.012801	0.001625	-0.002484
679	0.018061	0.002282	0.006556
680	0.012801	-0.002155	-0.004621
681	0.0105	-0.000347	-0.001334
682	0.016417	-0.001827	-0.001662
683	0.012144	-0.000676	-1.9e-05
684	0.015431	-0.000676	0.000967
685	0.015431	-0.001334	0.000639
686	0.014609	-0.008072	-0.003799
687	0.018061	-0.000841	0.001625
688	0.014609	-1.9e-05	-0.002648
689	0.018882	0.000967	-0.001169
690	0.017074	0.002118	-0.009058
691	0.016253	-0.00232	-0.004621
692	0.013787	0.001296	-0.005443
693	0.014773	-0.00232	-0.003799
694	0.009843	0.001296	-0.002648
695	-0.00232	-0.003142	-0.005936
696	0.000803	-0.001827	0.001296
697	-0.00347	-0.001662	-0.005936
698	0.001296	0.000146	-0.001662
699	0.00031	-0.0061	-0.000841
700	0.001789	0.001296	-0.003142
701	-0.00988	0.000639	-0.013989
702	0.001625	-0.002813	-0.000512
703	0.004583	-0.001991	-0.003142
704	0.00146	-0.003635	-0.004785
705	0.004912	-0.001991	-0.004456
706	0.005076	-0.003306	-0.001005
707	0.005898	-0.002155	-0.002977
708	0.009185	-0.001662	-0.002977
709	0.007542	-0.000183	-0.001005
710	0.010993	-0.000183	-0.002977
711	0.008035	-0.001169	-0.003799
712	0.010664	0.002611	-0.007744
713	0.010829	-0.000676	-0.000841
714	0.012965	-0.004128	-0.007086
715	0.013294	-0.002484	-0.000841
716	0.012965	-0.000841	-0.002155
717	0.012472	-0.000512	0.000639
718	0.015102	-0.000676	-0.004785
719	0.016253	-0.005936	-0.000512
720	0.017074	0.000474	-0.001991
721	0.018061	-0.002484	-0.001334
722	0.017732	0.000146	-0.001827
723	0.019868	-0.001991	-0.002155
724	0.017074	-0.001991	-0.006264
725	0.019868	0.001625	0.000474
726	0.021183	0.003104	-0.001169
727	0.021676	-0.001991	-0.004785
728	0.018061	0.000474	-0.003963
729	0.023977	-0.001827	-0.002977
730	0.021183	-0.001827	-0.003799
731	0.021676	-0.000676	-0.003142
732	0.022498	-0.001169	-0.000347
733	0.020855	-0.00232	-0.000347
734	0.020033	-0.012017	-0.001334
735	0.018554	-0.002648	-0.005114
736	0.022663	-0.006593	-0.00347
737	0.02069	0.001625	-0.003799
738	0.02332	-0.000676	-0.002648
739	0.018554	0.001625	-0.002977
740	0.024142	0.001296	-0.003799
741	0.025128	0.000474	-0.003799
742	0.024635	0.000146	0.000146
743	0.025128	-0.000841	0.00031
744	0.025292	-0.001005	-0.000512
745	0.024142	-0.007744	-0.004621
746	0.025457	0.00031	-0.000512
747	0.026278	-0.00347	-0.001991
748	0.024142	-0.000512	-0.001169
749	0.021183	-0.007415	-0.000512
750	0.023977	-0.002484	-0.005443
751	0.031538	0.002118	0.002775
752	0.031867	0.00935	0.011322
753	0.045015	0.018554	0.020362
754	0.052247	0.026114	0.027429
755	0.057506	0.033017	0.032031
756	0.066053	0.037619	0.04255
757	0.07197	0.046494	0.04748
758	0.077722	0.054712	0.054548
759	0.085776	0.059314	0.058657
760	0.086762	0.065888	0.065231
761	0.096788	0.067532	0.073449
762	0.097281	0.074435	0.07312
763	0.103033	0.078708	0.078544
764	0.107635	0.083639	0.085118
765	0.112401	0.091035	0.087255
766	0.115031	0.092514	0.095308
767	0.118483	0.099089	0.096459
768	0.123906	0.100403	0.103033
769	0.122756	0.104019	0.103691
770	0.127358	0.108293	0.10895
771	0.127358	0.114867	0.114209
772	0.132289	0.116017	0.117003
773	0.13196	0.124399	0.120126
774	0.133603	0.122756	0.124564
775	0.136069	0.129495	0.131467
776	0.138534	0.132124	0.127029
777	0.140013	0.136398	0.132289
778	0.14215	0.136233	0.132946
779	0.143465	0.138699	0.142314
780	0.142807	0.14215	0.136562
781	0.142972	0.143958	0.143136
782	0.149217	0.147081	0.14478
783	0.148396	0.147081	0.143465
784	0.145273	0.152998	0.142643
785	0.148231	0.153326	0.146588
786	0.149382	0.155956	0.152998
787	0.149053	0.159572	0.151354
788	0.150368	0.164667	0.155792
789	0.144944	0.16138	0.159736
790	0.146259	0.166639	0.16401
791	0.148724	0.163845	0.162037
792	0.150368	0.165324	0.165324
793	0.15234	0.168612	0.164174
794	0.152998	0.168612	0.169105
795	0.154641	0.17272	0.167954
796	0.155627	0.171406	0.171077
797	0.157271	0.176665	0.171077
798	0.160394	0.176665	0.173871
799	0.157764	0.178309	0.174364
800	0.160065	0.176008	0.171899
801	0.160394	0.180281	0.177158
802	0.159243	0.177487	0.173871
803	0.162202	0.183239	0.17913
804	0.159572	0.181924	0.177487
805	0.162859	0.180281	0.180116
806	0.164338	0.183568	0.181596
807	0.160558	0.184554	0.179788
808	0.164831	0.185869	0.18061
809	0.163845	0.187184	0.184225
810	0.163845	0.188992	0.183897
811	0.166475	0.182746	0.187841
812	0.166475	0.189978	0.18439
813	0.167132	0.18817	0.185869
814	0.169269	0.190471	0.185869
815	0.169433	0.189814	0.184883
816	0.171406	0.190142	0.187677
817	0.169433	0.189649	0.182911
818	0.169598	0.192115	0.185869
819	0.175515	0.191128	0.186526
820	0.171899	0.19458	0.188006
821	0.172227	0.193429	0.186855
822	0.170255	0.193594	0.190471
823	0.17272	0.198196	0.18817
824	0.169926	0.193922	0.189649
825	0.171899	0.196059	0.190307
826	0.173049	0.194087	0.190307
827	0.172227	0.199182	0.187677
828	0.174528	0.200168	0.192279
829	0.173214	0.197538	0.190307
830	0.176008	0.199675	0.192936
831	0.174857	0.20362	0.191128
832	0.176994	0.19721	0.195237
833	0.175186	0.199182	0.192443
834	0.177158	0.201154	0.1908
835	0.175515	0.199511	0.192115
836	0.176172	0.198689	0.195566
837	0.175021	0.203126	0.192279
838	0.17798	0.205921	0.190635
839	0.176829	0.199839	0.194909
840	0.167461	0.203291	0.191293
841	0.173542	0.20362	0.194909
842	0.171241	0.204113	0.194744
843	0.174364	0.20477	0.196059
844	0.174364	0.207071	0.195895
845	0.177487	0.207728	0.196388
846	0.175021	0.207235	0.196223
847	0.174693	0.20855	0.19721
848	0.1742	0.210194	0.197703
849	0.176008	0.206742	0.193922
850	0.1742	0.208386	0.196059
851	0.177651	0.207728	0.194744
852	0.17157	0.206249	0.193758
853	0.176008	0.208222	0.194909
854	0.1742	0.205263	0.201319
855	0.175186	0.207071	0.192443
856	0.175186	0.207235	0.195073
857	0.171077	0.208386	0.194416
858	0.172063	0.209043	0.195566
859	0.172063	0.205263	0.196717
860	0.174035	0.206414	0.197538
861	0.174364	0.211837	0.198196
862	0.17535	0.206907	0.195566
863	0.174857	0.210358	0.198524
864	0.177815	0.209208	0.198689
865	0.174364	0.210523	0.197703
866	0.179295	0.21233	0.195566
867	0.176336	0.209043	0.200004
868	0.174857	0.207071	0.196059
869	0.174857	0.20855	0.196388
870	0.175843	0.208222	0.19836
871	0.174364	0.206907	0.194087
872	0.174693	0.210194	0.195402
873	0.176172	0.207235	0.19836
874	0.172392	0.210029	0.194744
875	0.175679	0.208386	0.195895
876	0.175515	0.208222	0.193758
877	0.176665	0.207071	0.193758
878	0.174035	0.209043	0.197374
879	0.176336	0.206578	0.196059
880	0.174693	0.20855	0.197703
881	0.172227	0.210194	0.196881
882	0.176994	0.207893	0.199182
883	0.180116	0.209372	0.19721
884	0.176829	0.208222	0.197045
885	0.180116	0.205921	0.198524
886	0.179952	0.205263	0.200332
887	0.180445	0.209208	0.197703
888	0.179295	0.204277	0.193922
889	0.177815	0.202962	0.195237
890	0.176336	0.204441	0.197703
891	0.17913	0.205921	0.196223
892	0.179459	0.203455	0.200168
893	0.180116	0.205099	0.196223
894	0.18176	0.205099	0.198524
895	0.179295	0.204606	0.199182
896	0.183075	0.20362	0.199511
897	0.183732	0.206742	0.197703
898	0.182417	0.20477	0.197538
899	0.182253	0.205099	0.200004
900	0.186362	0.205427	0.199346
901	0.184225	0.204113	0.201483
902	0.18554	0.204113	0.194087
903	0.18554	0.201154	0.198196
904	0.183568	0.200661	0.199182
905	0.190142	0.199346	0.19721
906	0.185047	0.199018	0.196717
907	0.186855	0.199675	0.199018
908	0.189156	0.199018	0.199182
909	0.185212	0.197374	0.196881
910	0.185212	0.200825	0.201483
911	0.191457	0.195566	0.197374
912	0.186198	0.198524	0.197538
913	0.191786	0.19836	0.197374
914	0.190635	0.197703	0.198853
915	0.189156	0.197045	0.197538
916	0.188827	0.195566	0.200497
917	0.188499	0.196223	0.198031
918	0.191293	0.196552	0.200004
919	0.1908	0.190635	0.199182
920	0.193429	0.194909	0.200332
921	0.189978	0.191128	0.200004
922	0.19195	0.193429	0.197867
923	0.18932	0.190307	0.195566
924	0.195402	0.190307	0.198853
925	0.191293	0.195237	0.200661
926	0.19195	0.194087	0.194909
927	0.193594	0.19458	0.195402
928	0.192443	0.191786	0.194744
929	0.195073	0.192936	0.199675
930	0.194416	0.192443	0.195566
931	0.192279	0.190307	0.198853
932	0.192772	0.192443	0.19836
933	0.195402	0.189814	0.20099
934	0.191457	0.189814	0.199182
935	0.194909	0.187513	0.20099
936	0.193101	0.188827	0.196552
937	0.193594	0.184718	0.195895
938	0.194251	0.1908	0.19721
939	0.18817	0.181103	0.191786
940	0.191457	0.188663	0.198689
941	0.195895	0.187841	0.197703
942	0.193265	0.189156	0.197374
943	0.196881	0.191621	0.195895
944	0.196881	0.188827	0.200497
945	0.195073	0.186691	0.19573
946	0.194251	0.185376	0.194416
947	0.195402	0.189485	0.198524
948	0.194251	0.188334	0.19573
949	0.193922	0.189156	0.198524
950	0.195895	0.189485	0.197538
951	0.19721	0.190964	0.203291
952	0.196059	0.189156	0.201483
953	0.193758	0.1908	0.200168
954	0.196881	0.187841	0.201319
955	0.201976	0.190307	0.199675
956	0.199839	0.188334	0.19836
957	0.194251	0.189814	0.201319
958	0.200332	0.187841	0.197867
959	0.194416	0.191293	0.198524
960	0.195402	0.189978	0.198031
961	0.198196	0.188827	0.198196
962	0.199018	0.191457	0.19458
963	0.203784	0.1908	0.200661
964	0.19458	0.192115	0.195073
965	0.191457	0.189814	0.196717
966	0.195895	0.189978	0.201812
967	0.196717	0.188992	0.199511
968	0.193101	0.190471	0.197538
969	0.198524	0.188827	0.200168
970	0.195895	0.192608	0.198196
971	0.197374	0.190307	0.19836
972	0.198689	0.190471	0.201483
973	0.20214	0.192772	0.199018
974	0.197703	0.190964	0.20099
975	0.200004	0.194416	0.199346
976	0.201976	0.185212	0.197045
977	0.199839	0.195566	0.194744
978	0.19836	0.192772	0.19573
979	0.201483	0.19458	0.195895
980	0.198853	0.194087	0.196717
981	0.197538	0.196223	0.197374
982	0.201483	0.19458	0.197867
983	0.198031	0.194251	0.198196
984	0.201319	0.194744	0.198524
985	0.199346	0.199018	0.197045
986	0.196881	0.197045	0.196717
987	0.19836	0.197045	0.195073
988	0.197538	0.197703	0.198031
989	0.193922	0.197867	0.200661
990	0.199675	0.200332	0.198196
991	0.201319	0.201154	0.200497
992	0.199346	0.200661	0.200004
993	0.199675	0.20214	0.19836
994	0.201812	0.204441	0.20099
995	0.202962	0.200825	0.200168
996	0.197703	0.199346	0.199018
997	0.19836	0.201154	0.200168
998	0.199018	0.201647	0.19721
999	0.19836	0.200825	0.195073
1000	0.196881	0.199511	0.201647
1001	0.196223	0.202305	0.198031
1002	0.19721	0.202962	0.200332
1003	0.197374	0.201976	0.198853
1004	0.195073	0.20362	0.201647
1005	0.199675	0.201812	0.198689
1006	0.199839	0.205921	0.204277
1007	0.19721	0.204606	0.201154
1008	0.200004	0.201812	0.202305
1009	0.201976	0.201976	0.199675
1010	0.199839	0.202305	0.202633
1011	0.19836	0.201647	0.195895
1012	0.199675	0.202305	0.199182
1013	0.200497	0.20362	0.200332
1014	0.199839	0.202469	0.198524
1015	0.195402	0.202962	0.200332
1016	0.198853	0.199511	0.200661
1017	0.196717	0.202962	0.201812
1018	0.197703	0.201319	0.199182
1019	0.19721	0.203948	0.200168
1020	0.203126	0.203455	0.200825
1021	0.198853	0.20362	0.200168
1022	0.19721	0.202305	0.199346
1023	0.198853	0.203784	0.198689
1024	0.199675	0.204277	0.201319
1025	0.200825	0.204606	0.202633
1026	0.200825	0.203126	0.20214
1027	0.201319	0.202305	0.199839
1028	0.197538	0.204113	0.200825
1029	0.202962	0.201154	0.20099
1030	0.200332	0.201483	0.198031
1031	0.203948	0.201319	0.199839
1032	0.200168	0.205921	0.202305
1033	0.197045	0.203784	0.197045
1034	0.197703	0.199182	0.196223
1035	0.200004	0.203126	0.198031
1036	0.199675	0.202305	0.200332
1037	0.200497	0.205263	0.197045
1038	0.195237	0.205099	0.205756
1039	0.202469	0.206742	0.201812
1040	0.204606	0.2074	0.204606
1041	0.202633	0.212002	0.200332
1042	0.198689	0.21118	0.203784
1043	0.202305	0.213645	0.199839
1044	0.19836	0.209865	0.202469
1045	0.199018	0.210851	0.201483
1046	0.201483	0.207893	0.200661
1047	0.199018	0.20477	0.20099
1048	0.200168	0.206578	0.198524
1049	0.198853	0.208222	0.199839
1050	0.19836	0.204113	0.198853
1051	0.201154	0.20855	0.20099
1052	0.200332	0.206414	0.198524
1053	0.196223	0.206907	0.200661
1054	0.193922	0.209701	0.199675
1055	0.193101	0.205263	0.199018
1056	0.199018	0.209865	0.201154
1057	0.197867	0.207071	0.199839
1058	0.197703	0.210194	0.200332
1059	0.198853	0.205592	0.201976
1060	0.199346	0.209372	0.19836
1061	0.201319	0.212002	0.200168
1062	0.20214	0.209536	0.20362
1063	0.20214	0.206414	0.198689
1064	0.198524	0.206414	0.201319
1065	0.202305	0.207071	0.201647
1066	0.199182	0.204277	0.200004
1067	0.203291	0.203126	0.199511
1068	0.201976	0.2074	0.198689
1069	0.200661	0.2074	0.199182
1070	0.198196	0.203948	0.200332
1071	0.201154	0.210358	0.199675
1072	0.196552	0.205756	0.198689
1073	0.196223	0.207235	0.197703
1074	0.201647	0.206578	0.204113
1075	0.199839	0.20855	0.200661
1076	0.199839	0.207728	0.206414
1077	0.196223	0.208879	0.200661
1078	0.196717	0.206085	0.199346
1079	0.197703	0.204441	0.201976
1080	0.197374	0.205427	0.198031
1081	0.19836	0.204934	0.202633
1082	0.20214	0.205427	0.200661
1083	0.198524	0.205921	0.200168
1084	0.200825	0.205263	0.198853
1085	0.201154	0.203948	0.200004
1086	0.199675	0.203455	0.197703
1087	0.200004	0.20362	0.204441
1088	0.199839	0.206578	0.199675
1089	0.202798	0.201976	0.198031
1090	0.198031	0.206414	0.19721
1091	0.196059	0.204606	0.198689
1092	0.198196	0.204934	0.200825
1093	0.200332	0.206907	0.200825
1094	0.198196	0.205592	0.197538
1095	0.199182	0.204277	0.199018
1096	0.203455	0.203948	0.201319
1097	0.198689	0.204606	0.199839
1098	0.200497	0.202633	0.209208
1099	0.201647	0.204441	0.191786
1100	0.199839	0.204934	0.200332
1101	0.202305	0.204441	0.199182
1102	0.200004	0.202305	0.199675
1103	0.200004	0.203291	0.19836
1104	0.199511	0.203784	0.201976
1105	0.193594	0.20362	0.196059
1106	0.197538	0.203126	0.199511
1107	0.196059	0.204606	0.199182
1108	0.197867	0.202633	0.199675
1109	0.19721	0.203455	0.210358
1110	0.199346	0.202305	0.195895
1111	0.198689	0.203126	0.20214
1112	0.197703	0.204113	0.203948
1113	0.199839	0.202633	0.201976
1114	0.200004	0.204113	0.199839
1115	0.201154	0.201483	0.202305
1116	0.202798	0.200332	0.199511
1117	0.205592	0.199675	0.201812
1118	0.203126	0.200168	0.204441
1119	0.201976	0.200332	0.202633
1120	0.202798	0.20099	0.201154
1121	0.200497	0.196552	0.198689
1122	0.199018	0.199675	0.199182
1123	0.199675	0.199018	0.200168
1124	0.199675	0.199839	0.201319
1125	0.199675	0.199018	0.200332
1126	0.197374	0.199346	0.203784
1127	0.202798	0.195402	0.205592
1128	0.192936	0.19836	0.200168
1129	0.199346	0.198196	0.204934
1130	0.197867	0.198689	0.204277
1131	0.200004	0.201976	0.196223
1132	0.200661	0.19721	0.202305
1133	0.20099	0.197045	0.201976
1134	0.200825	0.195237	0.203455
1135	0.200004	0.197045	0.199018
1136	0.201976	0.194416	0.199511
1137	0.200004	0.19458	0.201319
1138	0.201647	0.192936	0.200825
1139	0.197374	0.196388	0.19836
1140	0.199675	0.195237	0.197045
1141	0.198853	0.197045	0.200661
1142	0.19836	0.196388	0.187841
1143	0.196717	0.194251	0.201483
1144	0.198853	0.19573	0.202962
1145	0.198524	0.197538	0.20099
1146	0.199018	0.194909	0.205099
1147	0.200168	0.196388	0.203784
1148	0.202633	0.193429	0.200825
1149	0.198853	0.193594	0.205263
1150	0.201647	0.199346	0.204277
1151	0.201647	0.197703	0.201976
1152	0.20099	0.201647	0.202305
1153	0.196059	0.204113	0.18932
1154	0.199346	0.199346	0.199511
1155	0.20362	0.195566	0.202798
1156	0.195566	0.19836	0.200497
1157	0.198196	0.196388	0.201812
1158	0.199182	0.194744	0.202798
1159	0.197538	0.195237	0.197538
1160	0.196881	0.194087	0.205263
1161	0.199839	0.194744	0.202469
1162	0.197703	0.200497	0.102869
1163	0.201976	0.195402	0.076572
1164	0.200168	0.198853	0.080023
1165	0.19836	0.197045	0.08594
1166	0.20099	0.194251	0.094651
1167	0.201812	0.199839	0.095473
1168	0.19836	0.194416	0.10139
1169	0.198853	0.197703	0.105498
1170	0.201647	0.196717	0.070326
1171	0.195237	0.194909	0.079201
1172	0.202305	0.197703	0.08331
1173	0.201319	0.19836	0.08709
1174	0.201154	0.19573	0.090542
1175	0.204277	0.197703	0.093172
1176	0.201483	0.195895	0.066875
1177	0.19721	0.195895	0.053562
1178	0.198031	0.198853	0.066217
1179	0.20099	0.196388	0.068354
1180	0.199018	0.196388	0.073942
1181	0.200825	0.196388	0.080023
1182	0.197045	0.20214	0.085118
1183	0.205756	0.199018	0.02069
1184	0.198031	0.197374	0.015595
1185	0.202962	0.200332	0.012965
1186	0.202305	0.201319	-0.001169
1187	0.199182	0.195402	0.004583
1188	0.19721	0.19573	0.011322
1189	0.199675	0.199018	0.014938
1190	0.199511	0.19836	-1.9e-05
1191	0.201812	0.194416	-1.9e-05
1192	0.198689	0.198031	-0.000183
1193	0.199675	0.19721	0.000146
1194	0.20099	0.198853	0.002118
1195	0.200332	0.196552	-0.000512
1196	0.199839	0.198853	0.002447
1197	0.200497	0.197538	0.004255
1198	0.199839	0.196881	0.003433
1199	0.199018	0.199511	0.015266
1200	0.202962	0.197867	0.004255
1201	0.199182	0.199675	0.012308
1202	0.199511	0.200661	0.020526
1203	0.196717	0.202962	0.028415
1204	0.199511	0.200168	0.028415
1205	0.202469	0.196388	0.035647
1206	0.204934	0.19836	0.039263
1207	0.200332	0.192772	0.046987
1208	0.202633	0.194087	0.048631
1209	0.197703	0.196881	0.040906
1210	0.198196	0.193101	0.016088
1211	0.200497	0.197374	0.012801
1212	0.202469	0.199182	0.022498
1213	0.200168	0.197374	0.022005
1214	0.199182	0.196717	0.031209
1215	0.201154	0.198853	0.035975
1216	0.199018	0.199346	0.046987
1217	0.201976	0.19721	0.050768
1218	0.197045	0.203784	0.054712
1219	0.198524	0.201976	0.062437
1220	0.199182	0.197374	-0.007086
1221	0.199346	0.200661	-0.000841
1222	0.199346	0.197374	0.007049
1223	0.201976	0.199182	0.012144
1224	0.198853	0.197703	0.02069
1225	0.202469	0.198689	0.027922
1226	0.205592	0.197538	0.033839
1227	0.200332	0.199182	0.038441
1228	0.202962	0.19721	0.043207
1229	0.200825	0.199675	0.053233
1230	0.201976	0.204934	0.038769
1231	0.199018	0.195566	0.010664
1232	0.202798	0.198689	0.017567
1233	0.197867	0.201319	0.026114
1234	0.200825	0.19836	0.029401
1235	0.198524	0.197703	0.038112
1236	0.199346	0.200497	0.045015
1237	0.199346	0.202305	0.008528
1238	0.201812	0.197538	0.003104
1239	0.204113	0.196881	0.008692
1240	0.200497	0.200497	0.002611
1241	0.20099	0.201647	0.008363
1242	0.199018	0.196388	0.01313
1243	0.201647	0.198853	0.01576
1244	0.199675	0.197045	0.01313
1245	0.201483	0.197867	0.010336
1246	0.200004	0.200825	0.003761
1247	0.200825	0.196717	0.011322
1248	0.199839	0.198524	0.01576
1249	0.202305	0.200497	0.021841
1250	0.199839	0.201976	0.030059
1251	0.201154	0.200168	0.03351
1252	0.203291	0.21233	0.00031
1253	0.195237	0.201154	-0.000347
1254	0.19573	0.203455	0.000803
1255	0.193429	0.202633	0.000639
1256	0.196388	0.198524	0.014445
1257	0.196223	0.200332	0.002611
1258	0.202962	0.19836	0.004748
1259	0.198524	0.198689	0.00146
1260	0.205099	0.196552	0.012637
1261	0.199675	0.197374	0.022334
1262	0.202962	0.198031	0.024964
1263	0.207728	0.202469	0.030059
1264	0.199018	0.194416	0.038441
1265	0.202798	0.198031	0.042057
1266	0.201647	0.197867	0.046659
1267	0.19836	0.199839	0.056027
1268	0.194744	0.199182	0.060465
1269	0.195566	0.196717	0.065231
1270	0.200661	0.197867	0.008199
1271	0.201319	0.198524	0.020362
1272	0.198853	0.201483	0.027429
1273	0.201647	0.199018	0.033346
1274	0.193429	0.199182	0.04255
1275	0.199182	0.198031	0.049946
1276	0.202469	0.199675	0.05389
1277	0.201319	0.19721	0.062601
1278	0.200497	0.201812	0.069669
1279	0.203455	0.195895	0.069176
1280	0.200661	0.198524	0.078051
1281	0.204277	0.20099	0.078708
1282	0.200332	0.198524	0.087748
1283	0.202305	0.200168	0.088734
1284	0.199018	0.200661	0.093007
1285	0.188499	0.190635	0.095801
1286	0.199675	0.194087	0.104019
1287	0.20099	0.198031	0.106813
1288	0.200332	0.195566	0.108293
1289	0.194744	0.199018	0.112566
1290	0.199675	0.199018	0.118318
1291	0.199511	0.20099	0.12177
1292	0.198853	0.199346	0.127029
1293	0.204277	0.202305	0.130316
1294	0.203126	0.200825	0.131467
1295	0.201319	0.199018	0.131138
1296	0.195402	0.189485	0.135576
1297	0.200168	0.198689	0.139849
1298	0.202633	0.199018	0.13952
1299	0.201319	0.199675	0.144451
1300	0.200332	0.198689	0.141657
1301	0.200825	0.202305	0.145766
1302	0.199839	0.197045	0.149217
1303	0.200004	0.199675	0.15119
1304	0.197045	0.200825	0.152669
1305	0.201976	0.193594	0.155627
1306	0.19721	0.199018	0.1576
1307	0.196552	0.195895	0.159901
1308	0.19573	0.199346	0.164667
1309	0.199018	0.198524	0.16779
1310	0.200168	0.203291	0.168612
1311	0.203291	0.200825	0.166639
1312	0.200332	0.200332	0.169926
1313	0.20477	0.201483	0.167625
1314	0.203948	0.200825	0.168447
1315	0.200497	0.201154	0.17272
1316	0.202962	0.199182	0.173378
1317	0.201812	0.200004	0.172392
1318	0.202469	0.200332	0.175186
1319	0.200825	0.19721	0.175679
1320	0.203291	0.199346	0.175021
1321	0.205099	0.199839	0.176501
1322	0.201154	0.201154	0.178637
1323	0.20214	0.204934	0.179788
1324	0.199346	0.198524	0.181596
1325	0.200825	0.201647	0.183897
1326	0.200004	0.203784	0.183568
1327	0.201319	0.204113	0.182417
1328	0.202798	0.201483	0.182417
1329	0.202305	0.200332	0.188663
1330	0.203948	0.200661	0.188334
1331	0.201154	0.198031	0.186855
1332	0.201976	0.198196	0.188499
1333	0.203784	0.19573	0.187677
1334	0.200825	0.19458	0.188334
1335	0.201976	0.196388	0.186033
1336	0.199018	0.199839	0.190471
1337	0.19836	0.198031	0.189156
1338	0.199346	0.198853	0.188827
1339	0.200661	0.200661	0.188992
1340	0.198689	0.202962	0.191457
1341	0.201976	0.200004	0.194087
1342	0.198853	0.205263	0.198031
1343	0.201319	0.201154	0.198853
1344	0.200661	0.201812	0.196059
1345	0.202469	0.202962	0.193594
1346	0.20214	0.200168	0.195895
1347	0.202633	0.20099	0.190142
1348	0.203291	0.201319	0.196717
1349	0.202469	0.203455	0.199346
1350	0.205427	0.19721	0.198031
1351	0.201319	0.196552	0.197374
1352	0.202469	0.195073	0.192772
1353	0.199018	0.200332	0.192936
1354	0.20099	0.196388	0.19458
1355	0.200004	0.198196	0.196552
1356	0.204934	0.200332	0.193758
1357	0.202469	0.201319	0.200332
1358	0.200332	0.201647	0.19573
1359	0.199839	0.201976	0.201319
1360	0.201812	0.202633	0.198689
1361	0.203126	0.200004	0.20099
1362	0.202305	0.202633	0.200004
1363	0.204606	0.199839	0.201483
1364	0.19836	0.201319	0.197867
1365	0.201319	0.20099	0.20099
1366	0.202469	0.198196	0.19836
1367	0.205099	0.199346	0.200825
1368	0.198853	0.199182	0.197374
1369	0.201319	0.196388	0.200168
1370	0.205921	0.201319	0.199018
1371	0.208386	0.196552	0.199511
1372	0.20214	0.199511	0.200661
1373	0.205592	0.199182	0.196552
1374	0.207071	0.201812	0.202798
1375	0.20214	0.201154	0.19836
1376	0.201319	0.198689	0.197867
1377	0.204277	0.201483	0.19836
1378	0.200497	0.200004	0.201319
1379	0.201483	0.20214	0.199839
1380	0.200168	0.201976	0.203455
1381	0.203126	0.204934	0.201647
1382	0.203291	0.198689	0.201319
1383	0.204606	0.199511	0.20214
1384	0.200168	0.194909	0.201647
1385	0.202633	0.199346	0.201483
1386	0.204113	0.195895	0.194251
1387	0.19836	0.196717	0.201319
1388	0.199018	0.195237	0.195566
1389	0.200332	0.199839	0.201319
1390	0.198853	0.206085	0.198196
1391	0.197374	0.198196	0.20214
1392	0.203455	0.202962	0.189978
1393	0.202962	0.201319	0.189156
1394	0.199675	0.201483	0.189649
1395	0.200825	0.20099	0.190142
1396	0.202962	0.205263	0.190471
1397	0.20214	0.20099	0.191457
1398	0.20099	0.199839	0.190471
1399	0.202305	0.199182	0.191293
1400	0.201483	0.199839	0.196223
1401	0.202798	0.197374	0.189978
1402	0.198689	0.201319	0.193922
1403	0.202469	0.201154	0.19573
1404	0.20214	0.20099	0.200825
1405	0.202305	0.203126	0.191786
1406	0.202962	0.199839	0.190307
1407	0.202962	0.20099	0.194087
1408	0.201812	0.198524	0.193101
1409	0.201483	0.199839	0.192279
1410	0.201319	0.199346	0.191621
1411	0.200661	0.200661	0.194416
1412	0.199839	0.197538	0.195402
1413	0.201319	0.201976	0.199346
1414	0.202305	0.19836	0.198689
1415	0.201976	0.200661	0.197703
1416	0.201319	0.200168	0.196717
1417	0.20099	0.199346	0.198196
1418	0.203291	0.201483	0.197703
1419	0.198524	0.19836	0.197703
1420	0.201976	0.197867	0.19573
1421	0.199839	0.195895	0.200497
1422	0.198689	0.201812	0.196223
1423	0.202962	0.19836	0.197538
1424	0.199511	0.197374	0.20099
1425	0.202633	0.200332	0.197703
1426	0.202798	0.203126	0.198031
1427	0.203455	0.196717	0.199675
1428	0.198689	0.200004	0.197374
1429	0.201319	0.200168	0.199018
1430	0.199346	0.196881	0.199018
1431	0.201812	0.194909	0.198196
1432	0.200497	0.199346	0.198196
1433	0.19721	0.199675	0.191128
1434	0.200332	0.198853	0.197374
1435	0.201319	0.199018	0.201319
1436	0.203126	0.201812	0.201647
1437	0.201976	0.198524	0.200497
1438	0.201976	0.201976	0.201319
1439	0.201154	0.19836	0.197703
1440	0.199018	0.200661	0.196717
1441	0.202962	0.200168	0.19573
1442	0.201154	0.199675	0.19836
1443	0.200332	0.20099	0.19721
1444	0.20099	0.199346	0.199839
1445	0.199675	0.200332	0.199182
1446	0.19836	0.199511	0.200661
1447	0.201154	0.199839	0.199675
1448	0.20362	0.200004	0.19836
1449	0.199675	0.200661	0.201483
1450	0.20099	0.20099	0.198031
1451	0.20214	0.206249	0.198689
1452	0.200168	0.201812	0.199839
1453	0.199018	0.199182	0.201483
1454	0.198524	0.20362	0.194909
1455	0.201483	0.197374	0.199839
1456	0.200661	0.195402	0.20362
1457	0.196388	0.199018	0.196717
1458	0.201812	0.204113	0.196881
1459	0.204277	0.198689	0.198031
1460	0.201483	0.204113	0.197538
1461	0.202305	0.199839	0.191457
1462	0.198524	0.197703	0.201647
1463	0.20099	0.196059	0.19458
1464	0.200497	0.200661	0.19721
1465	0.198196	0.200332	0.19573
1466	0.201154	0.199018	0.197045
1467	0.201812	0.200004	0.199346
1468	0.202633	0.19836	0.198689
1469	0.20214	0.202305	0.196059
1470	0.204441	0.199839	0.198524
1471	0.200825	0.201154	0.197867
1472	0.203455	0.198196	0.200004
1473	0.203455	0.202798	0.198689
1474	0.202798	0.200004	0.197374
1475	0.200825	0.199346	0.19836
1476	0.203455	0.198031	0.194416
1477	0.19836	0.202633	0.201812
1478	0.204113	0.200497	0.197374
1479	0.202633	0.197703	0.197538
1480	0.20099	0.201154	0.195402
1481	0.198031	0.199346	0.199018
1482	0.198689	0.197867	0.199839
1483	0.191128	0.198196	0.200004
1484	0.19721	0.20099	0.193429
1485	0.200497	0.201812	0.195895
1486	0.197374	0.203784	0.197703
1487	0.20099	0.200004	0.197538
1488	0.200497	0.202798	0.196223
1489	0.201483	0.200168	0.197703
1490	0.202633	0.197703	0.199182
1491	0.204606	0.20362	0.196717
1492	0.200661	0.202305	0.200825
1493	0.203784	0.202798	0.198853
1494	0.20099	0.200332	0.200332
1495	0.203126	0.199511	0.196388
1496	0.201812	0.200497	0.200661
1497	0.200004	0.196717	0.194744
1498	0.198853	0.200168	0.199018
1499	0.200497	0.202305	0.197374
1500	0.200825	0.20214	0.198196
1501	0.20362	0.195895	0.198689
1502	0.201976	0.201154	0.189485
1503	0.199839	0.203291	0.192279
1504	0.199511	0.199675	0.196388
1505	0.199839	0.203948	0.197045
1506	0.202633	0.204606	0.191457
1507	0.198689	0.202962	0.197867
1508	0.199839	0.202798	0.195073
1509	0.20099	0.200497	0.196881
1510	0.201647	0.200004	0.192936
1511	0.204113	0.19836	0.196223
1512	0.202798	0.19836	0.196552
1513	0.200332	0.201483	0.193429
1514	0.198689	0.200168	0.19573
1515	0.201319	0.199182	0.197374
1516	0.200004	0.200825	0.195566
1517	0.198853	0.198031	0.202305
1518	0.200004	0.200332	0.19458
1519	0.199511	0.193758	0.195402
1520	0.199511	0.202305	0.200168
1521	0.202305	0.199182	0.198689
1522	0.199839	0.201647	0.19573
1523	0.204277	0.200661	0.198196
1524	0.205592	0.202962	0.198689
1525	0.201647	0.202962	0.199018
1526	0.201154	0.199839	0.200168
1527	0.203291	0.195237	0.199018
1528	0.200661	0.200168	0.200825
1529	0.200661	0.197867	0.199346
1530	0.200825	0.19721	0.199182
1531	0.19836	0.200332	0.198196
1532	0.204934	0.197538	0.198853
1533	0.201976	0.201154	0.196223
1534	0.208057	0.197045	0.201976
1535	0.203948	0.199018	0.193429
1536	0.204113	0.198853	0.198031
1537	0.200497	0.19836	0.20099
1538	0.201319	0.198524	0.194251
1539	0.201976	0.201154	0.194744
1540	0.198196	0.199182	0.198524
1541	0.200004	0.200332	0.152669
1542	0.202469	0.201154	0.152998
1543	0.200661	0.199346	0.155463
1544	0.201319	0.200168	0.156778
1545	0.202469	0.200168	0.159243
1546	0.206578	0.200332	0.162695
1547	0.202633	0.200661	0.16138
1548	0.20099	0.199182	0.164174
1549	0.201154	0.195237	0.165982
1550	0.198853	0.197045	0.167132
1551	0.201154	0.19573	0.164831
1552	0.199511	0.197867	0.166968
1553	0.203455	0.195895	0.170419
1554	0.198524	0.201647	0.17272
1555	0.198853	0.199675	0.169269
1556	0.202633	0.202633	0.174035
1557	0.198524	0.200168	0.173214
1558	0.201319	0.197867	0.178473
1559	0.19836	0.199182	0.176172
1560	0.197538	0.197703	0.179788
1561	0.202962	0.196223	0.180281
1562	0.200825	0.200004	0.179952
1563	0.201483	0.198689	0.17913
1564	0.203455	0.199182	0.179295
1565	0.20362	0.198853	0.179952
1566	0.205099	0.197703	0.178637
1567	0.202962	0.202633	0.182417
1568	0.201812	0.198524	0.181267
1569	0.201976	0.198524	0.181596
1570	0.202633	0.199182	0.178637
1571	0.200332	0.199839	0.183897
1572	0.203948	0.201812	0.184225
1573	0.198196	0.200497	0.182253
1574	0.201976	0.197867	0.185705
1575	0.202962	0.198689	0.185212
1576	0.199839	0.200497	0.18554
1577	0.201483	0.196552	0.187841
1578	0.203455	0.200332	0.189156
1579	0.20214	0.199346	0.186855
1580	0.202305	0.200004	0.190307
1581	0.206085	0.197867	0.18817
1582	0.203126	0.200332	0.190471
1583	0.202633	0.196388	0.186526
1584	0.197045	0.196881	0.186198
1585	0.200332	0.193429	0.190964
1586	0.200168	0.197045	0.189156
1587	0.20362	0.195566	0.186033
1588	0.19836	0.199675	0.189485
1589	0.20099	0.204934	0.190471
1590	0.198689	0.202469	0.189814
1591	0.200332	0.200004	0.191128
1592	0.198689	0.199839	0.193265
1593	0.200332	0.201647	0.192279
1594	0.201647	0.200168	0.19458
1595	0.201483	0.201154	0.191786
1596	0.20099	0.198689	0.192443
1597	0.198689	0.201483	0.193922
1598	0.205427	0.199839	0.191786
1599	0.200332	0.196717	0.194744
1600	0.202633	0.199182	0.191293
1601	0.198689	0.200332	0.193429
1602	0.201154	0.199182	0.196059
1603	0.199839	0.202469	0.196881
1604	0.200168	0.200168	0.194416
1605	0.201154	0.202633	0.199346
1606	0.200168	0.199675	0.19573
1607	0.197538	0.197045	0.193429
1608	0.19836	0.200825	0.194416
1609	0.198853	0.200661	0.199018
1610	0.203948	0.204934	0.194087
1611	0.205592	0.202469	0.195073
1612	0.193922	0.201647	0.196552
1613	0.201154	0.201319	0.196881
1614	0.196717	0.20099	0.197538
1615	0.204441	0.201483	0.197703
1616	0.202469	0.204277	0.198031
1617	0.202305	0.196552	0.19195
1618	0.201154	0.197703	0.196388
1619	0.202305	0.199018	0.194087
1620	0.202305	0.199018	0.195402
1621	0.20099	0.199511	0.194909
1622	0.199182	0.20099	0.197538
1623	0.198853	0.199346	0.192115
1624	0.199675	0.198689	0.196059
1625	0.200497	0.200825	0.198524
1626	0.202633	0.201976	0.194416
1627	0.199018	0.204277	0.19836
1628	0.202469	0.198524	0.195237
1629	0.201154	0.202305	0.196388
1630	0.200825	0.201154	0.194087
1631	0.201483	0.198031	0.197045
1632	0.201812	0.197703	0.19573
1633	0.20099	0.200661	0.195402
1634	0.203784	0.193429	0.189649
1635	0.204277	0.196388	0.193594
1636	0.203291	0.195237	0.199182
1637	0.201812	0.198524	0.195402
1638	0.203455	0.198524	0.197867
1639	0.199182	0.196059	0.194251
1640	0.199346	0.200004	0.195073
1641	0.199675	0.198853	0.196059
1642	0.198524	0.199346	0.198524
1643	0.201154	0.199675	0.198031
1644	0.195237	0.198196	0.197703
1645	0.199018	0.199182	0.19573
1646	0.200168	0.203455	0.198031
1647	0.201812	0.200661	0.200004
1648	0.202469	0.200497	0.20099
1649	0.20477	0.200825	0.199839
1650	0.200661	0.196717	0.198524
1651	0.202633	0.201154	0.199511
1652	0.200004	0.199511	0.201154
1653	0.200825	0.201154	0.197045
1654	0.200004	0.200332	0.19836
1655	0.199511	0.199839	0.195073
1656	0.194909	0.195402	0.194087
1657	0.199018	0.200168	0.192115
1658	0.197045	0.200825	0.19573
1659	0.200825	0.205099	0.197867
1660	0.204934	0.202305	0.202962
1661	0.199511	0.200168	0.195237
1662	0.203948	0.199182	0.200332
1663	0.201319	0.203291	0.198689
1664	0.197538	0.197538	0.200332
1665	0.200497	0.202633	0.199018
1666	0.203126	0.200825	0.198031
1667	0.198196	0.197538	0.200332
1668	0.202962	0.199839	0.199346
1669	0.20099	0.200004	0.201154
1670	0.20477	0.200004	0.199675
1671	0.197867	0.198524	0.192279
1672	0.198524	0.200497	0.196223
1673	0.200825	0.195073	0.198031
1674	0.199675	0.201319	0.199511
1675	0.201154	0.194416	0.196552
1676	0.201483	0.199346	0.19721
1677	0.200497	0.200332	0.198689
1678	0.19836	0.198524	0.199346
1679	0.203126	0.202469	0.203455
1680	0.198689	0.202962	0.201154
1681	0.197045	0.19836	0.197867
1682	0.18932	0.198524	0.187841
1683	0.201647	0.200168	0.198031
1684	0.199839	0.19721	0.199839
1685	0.19836	0.194416	0.197703
1686	0.199675	0.195402	0.197703
1687	0.199839	0.200168	0.19721
1688	0.200497	0.196223	0.196059
1689	0.196881	0.198031	0.200004
1690	0.202305	0.199346	0.198524
1691	0.200661	0.198524	0.199018
1692	0.201647	0.19836	0.196223
1693	0.194744	0.20214	0.198524
1694	0.198853	0.19836	0.199346
1695	0.198689	0.199018	0.201483
1696	0.202305	0.200332	0.201154
1697	0.199018	0.20099	0.201154
1698	0.201319	0.201154	0.196717
1699	0.199839	0.196552	0.199675
1700	0.200168	0.197703	0.20099
1701	0.203784	0.200332	0.20214
1702	0.201154	0.201154	0.197374
1703	0.202633	0.19836	0.199018
1704	0.197374	0.206907	0.20214
1705	0.202962	0.197538	0.197045
1706	0.197538	0.197867	0.199346
1707	0.199511	0.196388	0.202962
1708	0.198689	0.19836	0.203784
1709	0.202305	0.193594	0.203291
1710	0.198689	0.194251	0.204441
1711	0.200168	0.19458	0.199675
1712	0.199346	0.197703	0.204934
1713	0.207893	0.198853	0.197867
1714	0.205427	0.195895	0.201647
1715	0.200168	0.198196	0.19836
1716	0.20099	0.197374	0.199182
1717	0.201154	0.198689	0.201976
1718	0.201812	0.19836	0.201647
1719	0.202469	0.197374	0.199675
1720	0.199675	0.196388	0.200168
1721	0.200497	0.195237	0.203291
1722	0.20214	0.196881	0.20099
1723	0.20099	0.200825	0.202305
1724	0.203784	0.196223	0.201976
1725	0.200332	0.193922	0.201154
1726	0.201812	0.18439	0.200497
1727	0.199018	0.196059	0.205427
1728	0.202798	0.198524	0.199839
1729	0.199018	0.194251	0.20099
1730	0.198689	0.200661	0.201483
1731	0.202469	0.19721	0.200497
1732	0.203784	0.197374	0.20214
1733	0.20099	0.196717	0.202305
1734	0.199675	0.200004	0.200661
1735	0.204113	0.191621	0.196717
1736	0.201154	0.197045	0.201483
1737	0.202305	0.191128	0.198689
1738	0.199839	0.197045	0.202305
1739	0.202305	0.197867	0.198031
1740	0.201154	0.197703	0.202633
1741	0.203455	0.197703	0.20099
1742	0.200497	0.199182	0.202469
1743	0.202962	0.197045	0.203291
1744	0.201812	0.195566	0.202962
1745	0.201976	0.198689	0.200825
1746	0.201483	0.195895	0.202305
1747	0.200661	0.199511	0.201812
1748	0.201319	0.19573	0.202469
1749	0.201647	0.193758	0.206085
1750	0.20099	0.194909	0.196223
1751	0.200332	0.197703	0.200332
1752	0.201483	0.198689	0.199675
1753	0.199675	0.198689	0.203291
1754	0.200168	0.199018	0.202305
1755	0.196881	0.199182	0.202469
1756	0.200825	0.200332	0.203784
1757	0.200825	0.199018	0.20362
1758	0.20099	0.199182	0.202633
1759	0.202633	0.195402	0.20362
1760	0.206414	0.195237	0.20477
1761	0.201812	0.19836	0.198031
1762	0.202633	0.19836	0.202305
1763	0.201319	0.19836	0.201812
1764	0.202962	0.201976	0.201647
1765	0.203948	0.19721	0.202633
1766	0.202305	0.198524	0.202633
1767	0.202469	0.198031	0.20099
1768	0.199839	0.199018	0.202962
1769	0.203948	0.196552	0.202469
1770	0.197045	0.198524	0.202962
1771	0.205263	0.19836	0.204606
1772	0.199182	0.200825	0.203784
1773	0.201154	0.201319	0.202962
1774	0.200332	0.200332	0.204277
1775	0.202798	0.198689	0.203948
1776	0.201647	0.198689	0.204441
1777	0.202305	0.197045	0.204113
1778	0.204606	0.199018	0.203784
1779	0.200168	0.200004	0.202798
1780	0.203948	0.197867	0.188499
1781	0.203948	0.200004	0.002611
1782	0.207235	0.198524	0.013294
1783	0.200332	0.19836	0.019704
1784	0.197538	0.192936	0.026771
1785	0.199511	0.199511	0.038276
1786	0.205756	0.196552	0.045179
1787	0.19836	0.199675	0.049946
1788	0.19836	0.198853	0.05652
1789	0.200004	0.19836	0.06556
1790	0.200661	0.199182	0.07197
1791	0.202798	0.198031	0.076243
1792	0.202469	0.20099	0.079037
1793	0.203291	0.197703	0.084625
1794	0.201483	0.200004	0.001132
1795	0.202633	0.19836	0.010336
1796	0.201483	0.199182	0.019375
1797	0.202633	0.198196	0.025128
1798	0.201154	0.198689	0.034332
1799	0.201647	0.197867	0.040084
1800	0.199346	0.194416	0.047152
1801	0.201812	0.195073	0.053726
1802	0.198031	0.197374	0.06556
1803	0.199346	0.19836	0.067368
1804	0.197867	0.200332	0.071477
1805	0.197867	0.200168	0.077558
1806	0.197867	0.199675	0.084296
1807	0.19836	0.200825	0.087748
1808	0.199675	0.199018	0.088241
1809	0.200825	0.200825	0.096294
1810	0.200332	0.201647	0.102211
1811	0.201976	0.206085	0.10632
1812	0.20099	0.201976	0.1101
1813	0.199839	0.201154	0.114538
1814	0.200332	0.199675	0.117825
1815	0.204113	0.199511	0.120455
1816	0.202633	0.196717	0.121441
1817	0.200004	0.199182	0.1267
1818	0.20099	0.197538	0.1267
1819	0.200497	0.198196	0.132782
1820	0.199675	0.200497	0.13311
1821	0.200332	0.199018	0.136726
1822	0.200661	0.201976	0.142643
1823	0.20099	0.203291	0.144122
1824	0.202469	0.204277	0.146259
1825	0.201647	0.199346	0.148067
1826	0.202305	0.205921	0.152833
1827	0.202633	0.200168	0.151847
1828	0.202469	0.201154	0.157928
1829	0.205427	0.20099	0.1576
1830	0.203948	0.199346	0.158914
1831	0.207564	0.195895	0.158257
1832	0.20099	0.197374	0.159736
1833	0.203948	0.198031	0.162202
1834	0.201976	0.195895	0.16516
1835	0.199182	0.198689	0.162859
1836	0.199511	0.196388	0.16779
1837	0.196552	0.200497	0.166968
1838	0.197867	0.20099	0.170584
1839	0.200332	0.200004	0.175021
1840	0.198524	0.200497	0.174035
1841	0.199839	0.201319	0.175843
1842	0.197867	0.199511	0.17535
1843	0.199511	0.202962	0.175843
1844	0.202798	0.200497	0.180116
1845	0.199182	0.201647	0.179295
1846	0.20477	0.20099	0.180281
1847	0.200332	0.200661	0.183568
1848	0.201812	0.198524	0.178637
1849	0.200004	0.199182	0.183897
1850	0.201154	0.198689	0.183239
1851	0.20214	0.195402	0.187184
1852	0.199182	0.197703	0.187019
1853	0.198196	0.198853	0.18554
1854	0.197045	0.198196	0.185376
1855	0.198524	0.201154	0.187184
1856	0.199346	0.202305	0.187841
1857	0.201976	0.197703	0.186526
1858	0.201483	0.204934	0.190964
1859	0.202633	0.200332	0.192772
1860	0.199675	0.204113	0.190142
1861	0.202305	0.202305	0.189156
1862	0.200004	0.202633	0.193265
1863	0.201647	0.199182	0.190142
1864	0.197867	0.198689	0.193594
1865	0.200497	0.198689	0.190142
1866	0.201812	0.199018	0.193758
1867	0.201319	0.199511	0.190964
1868	0.202469	0.199018	0.190142
1869	0.199839	0.199675	0.190635
1870	0.202633	0.199182	0.192608
1871	0.200825	0.200825	0.18932
1872	0.199839	0.196881	0.190964
1873	0.200004	0.202962	0.190471
1874	0.20214	0.200497	0.1908
1875	0.196388	0.202633	0.194251
1876	0.20362	0.201319	0.192772
1877	0.201647	0.205099	0.193429
1878	0.20214	0.202469	0.193265
1879	0.209208	0.200332	0.197374
1880	0.203455	0.200168	0.194416
1881	0.200825	0.198853	0.192608
1882	0.203291	0.197374	0.196223
1883	0.203126	0.20099	0.194251
1884	0.203784	0.199675	0.196717
1885	0.20362	0.201483	0.190964
1886	0.199346	0.20099	0.191457
1887	0.200004	0.199675	0.19573
1888	0.201154	0.203455	0.19573
1889	0.204277	0.199675	0.197538
1890	0.201154	0.201483	0.197538
1891	0.203455	0.201647	0.196223
1892	0.200497	0.201812	0.197045
1893	0.200661	0.198524	0.195237
1894	0.202962	0.203455	0.200168
1895	0.200332	0.200497	0.195073
1896	0.200332	0.200825	0.19836
1897	0.201647	0.201647	0.197374
1898	0.200004	0.197867	0.198196
1899	0.201647	0.201976	0.200825
1900	0.200497	0.200004	0.199182
1901	0.205427	0.202798	0.201812
1902	0.202305	0.201647	0.200497
1903	0.201647	0.204606	0.199346
1904	0.199182	0.198853	0.197867
1905	0.198524	0.202305	0.198196
1906	0.201647	0.198689	0.195566
1907	0.198853	0.199346	0.198524
1908	0.202798	0.202633	0.19721
1909	0.198853	0.199346	0.198689
1910	0.20477	0.204441	0.195895
1911	0.201319	0.205427	0.197538
1912	0.199675	0.198853	0.197867
1913	0.200661	0.196059	0.198689
1914	0.199346	0.205099	0.200004
1915	0.199511	0.199675	0.200004
1916	0.201154	0.200825	0.199182
1917	0.200497	0.199839	0.197538
1918	0.201976	0.200825	0.201154
1919	0.203784	0.199839	0.199839
1920	0.199182	0.200332	0.198196
1921	0.204934	0.199346	0.19836
1922	0.200497	0.19836	0.197703
1923	0.203126	0.199511	0.198031
1924	0.204113	0.200825	0.199182
1925	0.200168	0.201647	0.198524
1926	0.200661	0.199839	0.200332
1927	0.20099	0.201976	0.19721
1928	0.198524	0.200332	0.196223
1929	0.202305	0.20214	0.199018
1930	0.202469	0.200825	0.19836
1931	0.197867	0.201647	0.199182
1932	0.20362	0.200168	0.202305
1933	0.199346	0.204113	0.201319
1934	0.2074	0.20099	0.204113
1935	0.199675	0.198689	0.199182
1936	0.201483	0.199018	0.19721
1937	0.201976	0.199182	0.200497
1938	0.205427	0.200825	0.200004
1939	0.201483	0.201154	0.201483
1940	0.201647	0.202633	0.197045
1941	0.20477	0.20099	0.200497
1942	0.19721	0.201319	0.197538
1943	0.200497	0.201647	0.200332
1944	0.20099	0.203126	0.201319
1945	0.200168	0.201976	0.201812
1946	0.201154	0.203784	0.201319
1947	0.199675	0.200497	0.201647
1948	0.199839	0.206085	0.202305
1949	0.200661	0.201483	0.202469
1950	0.199346	0.205756	0.202962
1951	0.201812	0.207071	0.205427
1952	0.202633	0.20214	0.205756
1953	0.20099	0.203455	0.19836
1954	0.200825	0.204277	0.206742
1955	0.200168	0.203291	0.199018
1956	0.198524	0.202962	0.203948
1957	0.196552	0.200825	0.202469
1958	0.201319	0.204277	0.204441
1959	0.199182	0.201647	0.201319
1960	0.198524	0.200497	0.200825
1961	0.202305	0.201647	0.199018
1962	0.198689	0.200004	0.20099
1963	0.200825	0.199675	0.201812
1964	0.198689	0.199182	0.201319
1965	0.198853	0.206742	0.205592
1966	0.201154	0.200004	0.202633
1967	0.201154	0.20477	0.20214
1968	0.201483	0.19836	0.202962
1969	0.20099	0.205921	0.20362
1970	0.204277	0.202305	0.201154
1971	0.201319	0.202305	0.202633
1972	0.203126	0.199182	0.201976
1973	0.20099	0.200661	0.200661
1974	0.202305	0.200825	0.205099
1975	0.203784	0.200332	0.202798
1976	0.202305	0.203784	0.203455
1977	0.200825	0.200332	0.207564
1978	0.200497	0.203291	0.201976
1979	0.201976	0.200661	0.201154
1980	0.201976	0.204113	0.201483
1981	0.200332	0.200825	0.200332
1982	0.198031	0.201483	0.201976
1983	0.202798	0.198524	0.196717
1984	0.200332	0.199182	0.201976
1985	0.200168	0.200332	0.197538
1986	0.199675	0.20099	0.200661
1987	0.201154	0.204606	0.204606
1988	0.203291	0.203784	0.207235
1989	0.196388	0.20362	0.204113
1990	0.20214	0.201812	0.202962
1991	0.201154	0.201154	0.206085
1992	0.197867	0.201483	0.200825
1993	0.201647	0.203126	0.20099
1994	0.200825	0.201154	0.201647
1995	0.20099	0.202633	0.201647
1996	0.200497	0.201647	0.202633
1997	0.201319	0.203126	0.205427
1998	0.203455	0.203126	0.201483
1999	0.200004	0.202798	0.204934
2000	0.202305	0.200497	0.201319
2001	0.199511	0.201319	0.205263
2002	0.200004	0.201812	0.203291
2003	0.20099	0.201976	0.202305
2004	0.200661	0.202305	0.202962
2005	0.200004	0.200332	0.200332
2006	0.200168	0.201647	0.201976
2007	0.198524	0.201976	0.203784
2008	0.20362	0.205592	0.202962
2009	0.202962	0.204277	0.202469
2010	0.200332	0.203455	0.201154
2011	0.199675	0.199675	0.20214
2012	0.200825	0.201319	0.205592
2013	0.202469	0.202962	0.202798
2014	0.200004	0.201812	0.201647
2015	0.199182	0.201812	0.19836
2016	0.195237	0.202305	0.200497
2017	0.201976	0.201812	0.198853
2018	0.200004	0.202962	0.197703
2019	0.203455	0.207071	0.199182
2020	0.202469	0.206249	0.198689
2021	0.202633	0.20214	0.198689
2022	0.201647	0.202633	0.201319
2023	0.202962	0.20362	0.198196
2024	0.201647	0.195895	0.203291
2025	0.200825	0.200332	0.201976
2026	0.202469	0.203455	0.199182
2027	0.200004	0.199346	0.201812
2028	0.204606	0.200497	0.197703
2029	0.20362	0.200825	0.197703
2030	0.207564	0.204277	0.198853
2031	0.200661	0.203784	0.19721
2032	0.201812	0.201154	0.196059
2033	0.20099	0.201812	0.195566
2034	0.20214	0.203455	0.195895
2035	0.204934	0.203455	0.193758
2036	0.199675	0.200497	0.189978
2037	0.199018	0.200497	0.197703
2038	0.200825	0.203126	0.198689
2039	0.200332	0.199511	0.199675
2040	0.202962	0.203784	0.197867
2041	0.20362	0.202962	0.19836
2042	0.201154	0.203455	0.198031
2043	0.205921	0.201812	0.196388
2044	0.197374	0.201647	0.200004
2045	0.204934	0.201976	0.194744
2046	0.202798	0.203291	0.198031
2047	0.200825	0.197538	0.197374
2048	0.200497	0.199675	0.196717
2049	0.201319	0.202962	0.193265
2050	0.199346	0.203126	0.196223
2051	0.201483	0.204113	0.196552
2052	0.199182	0.200825	0.200332
2053	0.197374	0.20099	0.196059
2054	0.201483	0.202469	0.196552
2055	0.203126	0.202469	0.198031
2056	0.201319	0.202962	0.196388
2057	0.201154	0.205756	0.198031
2058	0.201976	0.200661	0.196717
2059	0.201976	0.204441	0.199018
2060	0.201976	0.204113	0.19573
2061	0.201154	0.197703	0.203455
2062	0.204934	0.200004	0.198196
2063	0.202305	0.202798	0.199018
2064	0.19721	0.202305	0.197703
2065	0.200497	0.206085	0.198196
2066	0.201812	0.203291	0.194416
2067	0.200332	0.201319	0.194909
2068	0.199511	0.204113	0.197703
2069	0.201319	0.202962	0.193922
2070	0.200497	0.202469	0.196388
2071	0.201812	0.20362	0.19573
2072	0.199839	0.20214	0.197538
2073	0.199675	0.201976	0.197374
2074	0.201319	0.203455	0.194251
2075	0.200004	0.201976	0.192608
2076	0.20214	0.203291	0.202633
2077	0.204606	0.202633	0.197703
2078	0.202469	0.203291	0.200661
2079	0.204277	0.198524	0.199839
2080	0.202962	0.200497	0.199018
2081	0.204934	0.195237	0.197045
2082	0.201483	0.201812	0.197374
2083	0.202305	0.20362	0.196881
2084	0.200825	0.195895	0.196388
2085	0.200332	0.20214	0.197538
2086	0.199346	0.197045	0.192936
2087	0.200661	0.201483	0.200825
2088	0.198689	0.201647	0.197374
2089	0.200004	0.203455	0.201647
2090	0.206578	0.200825	0.201812
2091	0.202469	0.203126	0.197374
2092	0.202469	0.202469	0.198524
2093	0.199675	0.203455	0.200332
2094	0.202305	0.203948	0.197045
2095	0.200332	0.202305	0.202469
2096	0.203784	0.202962	0.199675
2097	0.198689	0.199182	0.198196
2098	0.201154	0.203948	0.200004
2099	0.206578	0.205099	0.196881
2100	0.19836	0.203455	0.200661
2101	0.20477	0.20099	0.201483
2102	0.200661	0.210358	0.201154
2103	0.196388	0.201483	0.199182
2104	0.19573	0.20099	0.199346
2105	0.200497	0.20214	0.199675
2106	0.196552	0.201812	0.200661
2107	0.200004	0.203948	0.198524
2108	0.197374	0.202798	0.198031
2109	0.201319	0.203948	0.199346
2110	0.200825	0.205921	0.201647
2111	0.203455	0.202962	0.202798
2112	0.20477	0.205427	0.204606
2113	0.200004	0.204606	0.196388
2114	0.200332	0.202305	0.19836
2115	0.201812	0.205263	0.199511
2116	0.203784	0.200497	0.197703
2117	0.200168	0.200825	0.19836
2118	0.20362	0.200004	0.198689
2119	0.200332	0.201812	0.198196
2120	0.200332	0.201812	0.200004
2121	0.202798	0.20362	0.197867
2122	0.200004	0.204277	0.199018
2123	0.200004	0.204606	0.207564
2124	0.200661	0.202305	0.194909
2125	0.197867	0.203291	0.196717
2126	0.198031	0.203455	0.19836
2127	0.197374	0.206085	0.200168
2128	0.18061	0.204934	0.199346
2129	0.184718	0.202469	0.20099
2130	0.184061	0.205592	0.199018
2131	0.186526	0.204277	0.20362
2132	0.18439	0.199839	0.202469
2133	0.186526	0.198689	0.198524
2134	0.184061	0.201483	0.205756
2135	0.184554	0.196881	0.198196
2136	0.181267	0.199675	0.202305
2137	0.183239	0.198196	0.199675
2138	0.183404	0.199675	0.201319
2139	0.185212	0.204934	0.200004
2140	0.182911	0.201647	0.201154
2141	0.186691	0.204934	0.200661
2142	0.181924	0.203948	0.200168
2143	0.185705	0.203948	0.199839
2144	0.18439	0.204441	0.200332
2145	0.186691	0.206249	0.203126
2146	0.188006	0.204277	0.199511
2147	0.185212	0.204934	0.201319
2148	0.186691	0.202798	0.200332
2149	0.190307	0.203455	0.202633
2150	0.189156	0.204441	0.202469
2151	0.189814	0.201647	0.200497
2152	0.187677	0.196223	0.194416
2153	0.192115	0.207564	0.202798
2154	0.184718	0.200825	0.197703
2155	0.186855	0.203291	0.202962
2156	0.19573	0.203291	0.19573
2157	0.185705	0.201647	0.201647
2158	0.189814	0.204113	0.199018
2159	0.191457	0.202798	0.199675
2160	0.191457	0.202305	0.201154
2161	0.194087	0.202469	0.199182
2162	0.192936	0.206578	0.202305
2163	0.194909	0.204441	0.197538
2164	0.194087	0.205427	0.197703
2165	0.197045	0.205263	0.201483
2166	0.197374	0.202469	0.203784
2167	0.199839	0.196223	0.19195
2168	0.194909	0.198031	0.201319
2169	0.19836	0.197867	0.199675
2170	0.196223	0.200332	0.204113
2171	0.198853	0.200004	0.201154
2172	0.19836	0.200332	0.200332
2173	0.198031	0.201976	0.202469
2174	0.197703	0.200168	0.200004
2175	0.197703	0.205427	0.203291
2176	0.197374	0.202305	0.199839
2177	0.198853	0.198524	0.200168
2178	0.198853	0.200497	0.188992
2179	0.194416	0.200004	0.200004
2180	0.202962	0.201812	0.199018
2181	0.201483	0.203455	0.200332
2182	0.201812	0.201647	0.19458
2183	0.201812	0.196881	0.20099
2184	0.202469	0.199511	0.201483
2185	0.19836	0.200825	0.204934
2186	0.202798	0.20099	0.200004
2187	0.203455	0.197867	0.200661
2188	0.201812	0.200497	0.200661
2189	0.203948	0.201154	0.192443
2190	0.201319	0.201483	0.200497
2191	0.200168	0.199018	0.203126
2192	0.19573	0.200332	0.200497
2193	0.201812	0.198689	0.200497
2194	0.198853	0.199675	0.201976
2195	0.201812	0.202305	0.199511
2196	0.203948	0.201154	0.202798
2197	0.206249	0.201319	0.201812
2198	0.203455	0.202633	0.20477
2199	0.204934	0.199839	0.201976
2200	0.205921	0.202962	0.198196
2201	0.202469	0.199675	0.200332
2202	0.203948	0.200004	0.205756
2203	0.207564	0.199346	0.200332
2204	0.201812	0.19836	0.204441
2205	0.203455	0.200168	0.002118
2206	0.20362	0.19458	0.013459
2207	0.204113	0.195073	0.021512
2208	0.206249	0.201154	0.032688
2209	0.204277	0.201154	0.037126
2210	0.207071	0.199675	0.003761
2211	0.212166	0.202798	0.00935
2212	0.204277	0.200332	0.017074
2213	0.204606	0.201647	0.027922
2214	0.207071	0.19836	0.03236
2215	0.206249	0.200004	0.008035
2216	0.205921	0.198853	0.007049
2217	0.206249	0.199182	0.017732
2218	0.209701	0.199675	0.026114
2219	0.209865	0.201812	0.039098
2220	0.209536	0.19836	0.016746
2221	0.208386	0.198689	0.02595
2222	0.209372	0.201812	0.017732
2223	0.208057	0.198196	0.028251
2224	0.207893	0.199346	0.004912
2225	0.209043	0.19721	0.009185
2226	0.2074	0.199675	0.013294
2227	0.208879	0.198853	0.019211
2228	0.206414	0.198031	0.028086
2229	0.208879	0.197045	0.033839
2230	0.205263	0.197867	0.042057
2231	0.215289	0.196552	0.045837
2232	0.20477	0.197867	0.051096
2233	0.20099	0.197538	0.059478
2234	0.208222	0.19573	0.06408
2235	0.208715	0.199018	0.068682
2236	0.208222	0.19721	0.07575
2237	0.208715	0.200332	0.083968
2238	0.209043	0.198689	0.087912
2239	0.2074	0.199346	0.093007
2240	0.207564	0.200497	0.096459
2241	0.207728	0.201319	0.101061
2242	0.206249	0.194251	0.104019
2243	0.207071	0.20099	0.109114
2244	0.199346	0.196552	0.115031
2245	0.209701	0.199346	0.115853
2246	0.209208	0.198524	0.117003
2247	0.205263	0.19573	0.121934
2248	0.205592	0.199346	0.126043
2249	0.20477	0.195566	0.127522
2250	0.205427	0.198524	0.132289
2251	0.205263	0.200825	0.13459
2252	0.207235	0.202305	0.142807
2253	0.205592	0.196717	0.141821
2254	0.206578	0.202633	0.143301
2255	0.200825	0.199018	0.148067
2256	0.202798	0.198689	0.147409
2257	0.203455	0.201647	0.147409
2258	0.204934	0.199018	0.151683
2259	0.206578	0.19721	0.153655
2260	0.20214	0.199018	0.153162
2261	0.203784	0.196059	0.156285
2262	0.201647	0.198031	0.157764
2263	0.201483	0.198524	0.158093
2264	0.203948	0.196717	0.161709
2265	0.201483	0.197703	0.160722
2266	0.199839	0.197538	0.166968
2267	0.197703	0.196552	0.164667
2268	0.200332	0.196223	0.166968
2269	0.197538	0.200004	0.170748
2270	0.200661	0.197538	0.170091
2271	0.199346	0.200004	0.16894
2272	0.198853	0.197538	0.172885
2273	0.197045	0.199182	0.175186
2274	0.20099	0.197374	0.173707
2275	0.198196	0.20099	0.178144
2276	0.199839	0.196059	0.176336
2277	0.195895	0.199346	0.177158
2278	0.196223	0.196881	0.176008
2279	0.196223	0.196388	0.176994
2280	0.191786	0.197374	0.177487
2281	0.188499	0.197374	0.178802
2282	0.193758	0.199018	0.174857
2283	0.19195	0.193758	0.176665
2284	0.192443	0.19721	0.182417
2285	0.19573	0.198689	0.181924
2286	0.193594	0.196388	0.184554
2287	0.195073	0.195073	0.107635
2288	0.191457	0.201154	0.114045
2289	0.195073	0.19721	0.006391
2290	0.192608	0.198853	0.000146
2291	0.01313	0.196223	0.007213
2292	0.005898	0.199018	0.018061
2293	0.020526	0.196552	0.023484
2294	0.025785	0.198031	0.033017
2295	0.031867	0.196223	0.038769
2296	0.039427	0.196059	0.046001
2297	0.044522	0.195237	0.05389
2298	0.049453	0.197374	0.057999
2299	0.055205	0.201647	0.063423
2300	0.061944	0.194909	0.070655
2301	0.062766	0.195073	0.074599
2302	0.071148	0.198524	0.074271
2303	0.075092	0.197374	0.085447
2304	0.081995	0.198031	0.08972
2305	0.086762	0.197703	0.09235
2306	0.091364	0.199839	0.098431
2307	0.094651	0.199346	0.105005
2308	0.100896	0.199511	0.108621
2309	0.104184	0.200332	0.114209
2310	0.112237	0.208386	0.115031
2311	0.114209	0.19721	0.120126
2312	0.117003	0.196881	0.120126
2313	0.121277	0.196059	0.123906
2314	0.123578	0.19836	0.128837
2315	0.12177	0.19573	0.132453
2316	0.128344	0.198689	0.134425
2317	0.130316	0.19458	0.133275
2318	0.131302	0.196881	0.140178
2319	0.138534	0.19721	0.139356
2320	0.136562	0.198853	0.141657
2321	0.143794	0.201483	0.140013
2322	0.143794	0.199346	0.149217
2323	0.147245	0.198524	0.150368
2324	0.149546	0.198853	0.151518
2325	0.150697	0.198853	0.156613
2326	0.153326	0.195237	0.162037
2327	0.156449	0.19573	0.154477
2328	0.155627	0.195895	0.161051
2329	0.159243	0.19195	0.165489
2330	0.159572	0.196388	0.162366
2331	0.16253	0.196388	0.167132
2332	0.161051	0.185705	0.165817
2333	0.164667	0.198031	0.166968
2334	0.163845	0.193594	0.169433
2335	0.163352	0.196717	0.173707
2336	0.169433	0.194416	0.168283
2337	0.167461	0.199182	0.171406
2338	0.172227	0.200168	0.172227
2339	0.173378	0.199018	0.176008
2340	0.172556	0.200497	0.177651
2341	0.174364	0.199346	0.180281
2342	0.176829	0.200825	0.181267
2343	0.180445	0.186526	0.181924
2344	0.18439	0.197867	0.187184
2345	0.173871	0.19721	0.18176
2346	0.177322	0.198853	0.185212
2347	0.182582	0.19721	0.184554
2348	0.182089	0.19836	0.188334
2349	0.182746	0.196059	0.186855
2350	0.178966	0.197538	0.187184
2351	0.18439	0.198196	0.189485
2352	0.183075	0.19836	0.190635
2353	0.184061	0.199182	0.185376
2354	0.182582	0.196223	0.188006
2355	0.188006	0.194416	0.188992
2356	0.184883	0.201319	0.187184
2357	0.182911	0.199182	0.193758
2358	0.18554	0.19836	0.192443
2359	0.1908	0.194416	0.193594
2360	0.187841	0.196881	0.195237
2361	0.189649	0.196388	0.193922
2362	0.191621	0.199675	0.19836
2363	0.188499	0.200004	0.196388
2364	0.195073	0.198031	0.196388
2365	0.189814	0.198689	0.195402
2366	0.197703	0.194251	0.195073
2367	0.190471	0.201319	0.195402
2368	0.194909	0.198031	0.193758
2369	0.195073	0.195895	0.196388
2370	0.194251	0.199346	0.192443
2371	0.194251	0.199182	0.194416
2372	0.200168	0.199511	0.195402
2373	0.195566	0.200168	0.19573
2374	0.197045	0.199182	0.200168
2375	0.197374	0.200168	0.198853
2376	0.196223	0.203291	0.200332
2377	0.198689	0.200497	0.198853
2378	0.197867	0.200332	0.199511
2379	0.198524	0.202798	0.198196
2380	0.201319	0.203455	0.200497
2381	0.202962	0.196881	0.194416
2382	0.200661	0.198853	0.202962
2383	0.201812	0.19573	0.193922
2384	0.20214	0.197374	0.199346
2385	0.201483	0.195237	0.19836
2386	0.200332	0.196223	0.199675
2387	0.20099	0.199182	0.199839
2388	0.199018	0.198031	0.201647
2389	0.200825	0.203126	0.199182
2390	0.197867	0.198031	0.199511
2391	0.200661	0.19836	0.200661
2392	0.198853	0.196881	0.199511
2393	0.200661	0.202305	0.201812
2394	0.201319	0.198524	0.200332
2395	0.200004	0.203126	0.203291
2396	0.202469	0.198853	0.001132
2397	0.203291	0.200661	0.011486
2398	0.2074	0.201483	0.012637
2399	0.206414	0.20099	0.022991
2400	0.206085	0.199182	0.028251
2401	0.203291	0.198524	0.029566
2402	0.201319	0.198031	0.03351
2403	0.206249	0.199675	0.043207
2404	0.204441	0.200497	0.050932
2405	0.203291	0.199839	0.012144
2406	0.205592	0.200825	0.0105
2407	0.204441	0.19458	0.017567
2408	0.205099	0.201483	0.023156
2409	0.207235	0.195237	0.031373
2410	0.206578	0.203784	0.041892
2411	0.208222	0.198031	0.0437
2412	0.203455	0.199839	0.054876
2413	0.206578	0.200497	0.05537
2414	0.210851	0.201976	0.034332
2415	0.20855	0.201483	0.036962
2416	0.205921	0.201319	0.046494
2417	0.213317	0.199346	0.052904
2418	0.205756	0.202962	0.059643
2419	0.211837	0.200497	0.063916
2420	0.211344	0.199018	0.068189
2421	0.209208	0.203455	0.075585
2422	0.211509	0.197374	0.077393
2423	0.209536	0.199346	0.083639
2424	0.208222	0.198524	0.086597
2425	0.209043	0.198524	0.092843
2426	0.212002	0.200168	0.095144
2427	0.203784	0.197867	0.104184
2428	0.155463	0.200825	0.102869
2429	0.015595	0.199675	0.108128
2430	0.023977	0.194251	0.110593
2431	0.030552	0.197867	0.061779
2432	0.042714	0.202305	0.035154
2433	0.050274	0.195402	0.005241
2434	0.057177	0.200004	0.011651
2435	0.047316	0.198853	0.013294
2436	0.014116	0.199018	0.020033
2437	0.007213	0.199675	0.022991
2438	0.001625	0.20099	0.033346
2439	-0.003963	0.196223	0.03992
2440	-0.000512	0.200825	0.042878
2441	-0.000512	0.19836	0.053562
2442	-0.000512	0.198524	0.057177
2443	0.003761	0.201976	0.05915
2444	0.000639	0.198196	0.067532
2445	0.002282	0.201319	0.071312
2446	0.008857	0.200332	0.077393
2447	0.016581	0.199182	0.082324
2448	0.025621	0.201154	0.086926
2449	0.037783	0.200825	0.091692
2450	0.04633	0.20099	0.095966
2451	0.049946	0.199839	0.100075
2452	0.051754	0.198196	0.104184
2453	0.042385	0.200661	0.111087
2454	0.038769	0.199182	0.110593
2455	0.026114	0.199018	0.114209
2456	0.021348	0.198031	0.116839
2457	0.026114	0.199839	0.120619
2458	0.001954	0.19836	0.12555
2459	0.014116	0.20477	0.132289
2460	0.000803	0.199839	0.130316
2461	-0.005278	0.200332	0.136726
2462	0.011322	0.202962	0.137384
2463	0.01428	0.201483	0.137219
2464	0.000146	0.19836	0.140506
2465	-0.000347	0.199511	0.142479
2466	0.000639	0.200332	0.143136
2467	0.003268	0.199675	0.14593
2468	0.002447	0.19836	0.147574
2469	0.00787	0.201319	0.153819
2470	0.016746	0.198031	0.153819
2471	0.023813	0.197867	0.1576
2472	0.017732	0.203126	0.162037
2473	0.009843	0.197538	0.158257
2474	0.008363	0.200825	0.162202
2475	0.013294	0.195073	0.16401
2476	-0.004949	0.193594	0.163023
2477	0.003761	0.198031	0.006391
2478	0.012472	0.196388	0.017074
2479	0.022498	0.200497	0.003926
2480	0.027429	0.199839	0.008692
2481	0.036633	0.202798	0.011651
2482	0.039263	0.198524	0.022663
2483	0.049781	0.201154	0.031045
2484	0.057671	0.198689	0.032195
2485	0.062108	0.201483	0.02973
2486	0.069833	0.199511	0.035318
2487	0.072627	0.202305	0.046659
2488	0.07953	0.199511	0.046987
2489	0.081338	0.199018	0.057671
2490	0.08709	0.197703	0.060793
2491	0.090706	0.198853	0.068354
2492	0.096294	0.19836	0.072956
2493	0.09991	0.199182	0.080187
2494	0.105992	0.199675	0.084625
2495	0.106978	0.199182	0.087419
2496	0.112073	0.200825	0.091199
2497	0.112237	0.199346	0.0935
2498	0.115853	0.20099	0.098102
2499	0.120455	0.199675	0.104841
