Ladekurvenmessung

Zeit: 2018_05_02 15.05.44

Info: FVA3, v = 0.0404, T = 40, F = 20, h = 58.8

Ladewiderstand[Ohm]: 1012700

Störkapazität[nF]: 0.000000

Entladezeit[ms]: 100

Abtastrate[Hz]: 250000

Anzahl der Messwerte: 2500

Verzögerung [ms]: 1


	Kurve_1
0	-9e-05
1	8e-06
2	-0.000123
3	-9e-05
4	8e-06
5	8e-06
6	0.00014
7	7.4e-05
8	0.000107
9	0.000107
10	4.1e-05
11	8e-06
12	-2.5e-05
13	-9e-05
14	-5.8e-05
15	-0.000123
16	4.1e-05
17	4.1e-05
18	7.4e-05
19	0.000107
20	4.1e-05
21	0.000107
22	-5.8e-05
23	-9e-05
24	-5.8e-05
25	-5.8e-05
26	-2.5e-05
27	8e-06
28	4.1e-05
29	0.000107
30	0.000107
31	0.00014
32	0.000107
33	-2.5e-05
34	8e-06
35	-0.000123
36	-9e-05
37	-2.5e-05
38	-2.5e-05
39	0.00014
40	0.000107
41	0.00014
42	0.000107
43	4.1e-05
44	0.00014
45	0.000107
46	-5.8e-05
47	0.000535
48	-0.00065
49	0.000666
50	0.000173
51	-2.5e-05
52	4.1e-05
53	-0.000518
54	0.000206
55	-0.000321
56	-0.000419
57	0.000897
58	-0.001077
59	-2.5e-05
60	-2.5e-05
61	8e-06
62	0.000107
63	0.00014
64	0.000107
65	7.4e-05
66	4.1e-05
67	-9e-05
68	-5.8e-05
69	-9e-05
70	-0.000156
71	8e-06
72	7.4e-05
73	7.4e-05
74	0.00014
75	0.000107
76	0.000107
77	-2.5e-05
78	8e-06
79	-9e-05
80	-9e-05
81	0.000107
82	-2.5e-05
83	7.4e-05
84	0.00014
85	0.000107
86	0.000107
87	0.000107
88	8e-06
89	-2.5e-05
90	-5.8e-05
91	-9e-05
92	-0.000189
93	-9e-05
94	7.4e-05
95	7.4e-05
96	0.000107
97	0.000107
98	7.4e-05
99	4.1e-05
100	-5.8e-05
101	-5.8e-05
102	-9e-05
103	-0.000123
104	8e-06
105	4.1e-05
106	0.000107
107	7.4e-05
108	0.00014
109	0.00014
110	-9e-05
111	-2.5e-05
112	-5.8e-05
113	-5.8e-05
114	-5.8e-05
115	-5.8e-05
116	4.1e-05
117	4.1e-05
118	7.4e-05
119	0.00014
120	7.4e-05
121	4.1e-05
122	8e-06
123	-5.8e-05
124	-9e-05
125	-5.8e-05
126	-2.5e-05
127	4.1e-05
128	4.1e-05
129	0.00014
130	7.4e-05
131	0.000173
132	-2.5e-05
133	-2.5e-05
134	-9e-05
135	-5.8e-05
136	-5.8e-05
137	-0.000123
138	7.4e-05
139	7.4e-05
140	7.4e-05
141	0.00014
142	0.000107
143	4.1e-05
144	8e-06
145	-0.000123
146	-2.5e-05
147	-0.000123
148	-2.5e-05
149	4.1e-05
150	0.000107
151	0.00014
152	0.000107
153	0.00014
154	0.000107
155	8e-06
156	-5.8e-05
157	-9e-05
158	-0.000123
159	-2.5e-05
160	-2.5e-05
161	0.000107
162	0.000107
163	7.4e-05
164	0.000107
165	0.000107
166	-2.5e-05
167	-9e-05
168	-9e-05
169	-0.000123
170	-5.8e-05
171	0.000107
172	7.4e-05
173	0.00014
174	0.000173
175	7.4e-05
176	-9e-05
177	8e-06
178	-0.000123
179	-0.000288
180	-5.8e-05
181	-0.000288
182	0.000107
183	-0.000814
184	-0.000222
185	0.000239
186	-2.5e-05
187	0.00037
188	0.000206
189	-0.000123
190	0.000798
191	-9e-05
192	8e-06
193	4.1e-05
194	-5.8e-05
195	-0.000518
196	8e-06
197	-0.001374
198	0.000633
199	-0.000255
200	-9e-05
201	-0.000222
202	-5.8e-05
203	-0.000814
204	0.001423
205	-9e-05
206	8e-06
207	0.001258
208	-0.000255
209	0.000271
210	0.000173
211	-0.000189
212	7.4e-05
213	-0.000189
214	-5.8e-05
215	0.000732
216	8e-06
217	0.000107
218	4.1e-05
219	0.000239
220	4.1e-05
221	8e-06
222	8e-06
223	-0.000222
224	-9e-05
225	-0.000222
226	8e-06
227	7.4e-05
228	4.1e-05
229	0.000107
230	4.1e-05
231	0.000107
232	8e-06
233	-2.5e-05
234	8e-06
235	-0.000123
236	4.1e-05
237	-2.5e-05
238	0.000107
239	7.4e-05
240	4.1e-05
241	0.000107
242	8e-06
243	8e-06
244	-2.5e-05
245	-5.8e-05
246	-2.5e-05
247	-0.000156
248	-5.8e-05
249	0.000206
250	-0.000123
251	-0.000123
252	-0.000123
253	0.000206
254	-9e-05
255	0.000633
256	-0.000222
257	-0.000847
258	-0.000847
259	0.000403
260	-0.000255
261	-9e-05
262	0.000337
263	-0.000189
264	0.000666
265	-0.000222
266	7.4e-05
267	-0.000156
268	-9e-05
269	-0.001077
270	0.000107
271	7.4e-05
272	0.00014
273	0.00014
274	0.000173
275	0.000107
276	7.4e-05
277	-2.5e-05
278	-2.5e-05
279	0.00014
280	-2.5e-05
281	7.4e-05
282	4.1e-05
283	7.4e-05
284	0.000107
285	4.1e-05
286	0.000206
287	4.1e-05
288	-5.8e-05
289	-2.5e-05
290	-0.000123
291	-5.8e-05
292	-5.8e-05
293	8e-06
294	7.4e-05
295	7.4e-05
296	0.00014
297	4.1e-05
298	8e-06
299	-5.8e-05
300	-5.8e-05
301	-5.8e-05
302	-5.8e-05
303	-2.5e-05
304	8e-06
305	7.4e-05
306	0.00014
307	7.4e-05
308	0.000173
309	4.1e-05
310	4.1e-05
311	4.1e-05
312	-0.000123
313	-9e-05
314	-5.8e-05
315	0.000107
316	8e-06
317	0.000206
318	0.000107
319	0.000206
320	0.000107
321	8e-06
322	4.1e-05
323	-9e-05
324	0.00014
325	-2.5e-05
326	0.000206
327	0.000107
328	0.00037
329	0.00014
330	0.000699
331	0.000765
332	8e-06
333	-2.5e-05
334	8e-06
335	-0.000321
336	7.4e-05
337	0.0006
338	7.4e-05
339	0.000403
340	0.002903
341	0.001061
342	0.002739
343	0.000206
344	-0.002262
345	0.003265
346	0.005502
347	0.002377
348	-0.000156
349	0.001357
350	0.003463
351	0.002706
352	0.002278
353	0.001587
354	0.002903
355	-0.000123
356	0.002739
357	0.001423
358	0.001225
359	0.001324
360	0.000732
361	0.002147
362	0.001028
363	0.003167
364	0.001719
365	-0.000222
366	0.00037
367	-0.000255
368	-0.000189
369	-9e-05
370	4.1e-05
371	0.000666
372	-0.000419
373	0.000568
374	0.00037
375	0.000403
376	0.00014
377	0.000436
378	-2.5e-05
379	-0.000123
380	-0.000617
381	0.000107
382	4.1e-05
383	0.000107
384	8e-06
385	0.000107
386	7.4e-05
387	7.4e-05
388	-2.5e-05
389	-2.5e-05
390	-5.8e-05
391	0.0006
392	4.1e-05
393	4.1e-05
394	0.000239
395	0.000107
396	0.000304
397	0.000304
398	0.000206
399	-2.5e-05
400	-2.5e-05
401	0.000107
402	-0.000716
403	-5.8e-05
404	0.000107
405	0.00014
406	0.000107
407	0.000107
408	0.000107
409	0.00014
410	-0.000123
411	7.4e-05
412	-0.000123
413	0.000897
414	7.4e-05
415	0.000107
416	0.00014
417	0.00014
418	0.000107
419	7.4e-05
420	8e-06
421	-5.8e-05
422	-2.5e-05
423	-9e-05
424	-0.000123
425	-2.5e-05
426	0.000107
427	0.000107
428	0.00014
429	0.000107
430	0.000173
431	7.4e-05
432	8e-06
433	-5.8e-05
434	-5.8e-05
435	0.000206
436	8e-06
437	-2.5e-05
438	4.1e-05
439	7.4e-05
440	0.000107
441	0.00014
442	-2.5e-05
443	-2.5e-05
444	8e-06
445	-5.8e-05
446	-0.000189
447	8e-06
448	0.000107
449	0.000107
450	4.1e-05
451	0.00014
452	4.1e-05
453	-2.5e-05
454	8e-06
455	-5.8e-05
456	-5.8e-05
457	-9e-05
458	8e-06
459	7.4e-05
460	0.000107
461	0.000107
462	0.00014
463	0.000107
464	7.4e-05
465	-9e-05
466	-2.5e-05
467	-0.000123
468	-5.8e-05
469	8e-06
470	8e-06
471	0.00014
472	7.4e-05
473	0.000107
474	0.000107
475	8e-06
476	-5.8e-05
477	-5.8e-05
478	-9e-05
479	-5.8e-05
480	-5.8e-05
481	7.4e-05
482	0.000107
483	4.1e-05
484	0.00014
485	7.4e-05
486	4.1e-05
487	-2.5e-05
488	-5.8e-05
489	-5.8e-05
490	-9e-05
491	-9e-05
492	4.1e-05
493	7.4e-05
494	8e-06
495	0.000107
496	0.000107
497	4.1e-05
498	8e-06
499	-5.8e-05
500	-5.8e-05
501	-0.000123
502	-2.5e-05
503	4.1e-05
504	4.1e-05
505	7.4e-05
506	0.000107
507	0.000107
508	0.000107
509	-2.5e-05
510	-2.5e-05
511	-5.8e-05
512	-0.000123
513	8e-06
514	8e-06
515	0.000107
516	4.1e-05
517	7.4e-05
518	0.00014
519	0.000107
520	-5.8e-05
521	-5.8e-05
522	-5.8e-05
523	-9e-05
524	8e-06
525	8e-06
526	0.000107
527	7.4e-05
528	0.00014
529	0.000107
530	0.000107
531	-2.5e-05
532	-9e-05
533	-9e-05
534	-5.8e-05
535	-2.5e-05
536	8e-06
537	7.4e-05
538	4.1e-05
539	0.000107
540	7.4e-05
541	7.4e-05
542	-2.5e-05
543	-2.5e-05
544	-2.5e-05
545	-5.8e-05
546	-9e-05
547	8e-06
548	4.1e-05
549	0.000107
550	7.4e-05
551	0.000107
552	7.4e-05
553	-5.8e-05
554	-5.8e-05
555	-0.000123
556	-2.5e-05
557	-5.8e-05
558	8e-06
559	7.4e-05
560	4.1e-05
561	0.000107
562	0.000107
563	7.4e-05
564	8e-06
565	-9e-05
566	-2.5e-05
567	-9e-05
568	-2.5e-05
569	8e-06
570	8e-06
571	7.4e-05
572	7.4e-05
573	0.000107
574	0.000107
575	4.1e-05
576	-5.8e-05
577	-5.8e-05
578	-9e-05
579	-5.8e-05
580	8e-06
581	7.4e-05
582	7.4e-05
583	0.00014
584	0.000107
585	0.000107
586	-2.5e-05
587	-9e-05
588	-9e-05
589	-5.8e-05
590	-5.8e-05
591	-2.5e-05
592	4.1e-05
593	7.4e-05
594	0.00014
595	0.000107
596	0.00014
597	-2.5e-05
598	-2.5e-05
599	8e-06
600	-9e-05
601	-5.8e-05
602	-2.5e-05
603	0.000107
604	0.00014
605	0.000107
606	0.000107
607	7.4e-05
608	-2.5e-05
609	8e-06
610	-0.000123
611	-5.8e-05
612	-2.5e-05
613	4.1e-05
614	0.000107
615	7.4e-05
616	0.000107
617	0.00014
618	7.4e-05
619	4.1e-05
620	-2.5e-05
621	-9e-05
622	-9e-05
623	-0.000189
624	8e-06
625	4.1e-05
626	0.000107
627	4.1e-05
628	0.000107
629	0.000107
630	-2.5e-05
631	8e-06
632	-2.5e-05
633	8e-06
634	-5.8e-05
635	-2.5e-05
636	7.4e-05
637	0.000107
638	7.4e-05
639	0.00014
640	0.000107
641	4.1e-05
642	-2.5e-05
643	-9e-05
644	-5.8e-05
645	-0.000123
646	8e-06
647	4.1e-05
648	4.1e-05
649	0.000107
650	0.000107
651	0.00014
652	8e-06
653	-2.5e-05
654	4.1e-05
655	0.000173
656	8e-06
657	-0.000156
658	4.1e-05
659	7.4e-05
660	0.000535
661	-0.000123
662	8e-06
663	0.000469
664	7.4e-05
665	0.000699
666	0.00014
667	-2.5e-05
668	-0.000156
669	0.000173
670	0.00014
671	0.001719
672	0.000469
673	7.4e-05
674	7.4e-05
675	0.000206
676	-9e-05
677	-5.8e-05
678	-9e-05
679	4.1e-05
680	4.1e-05
681	-5.8e-05
682	0.000107
683	0.000173
684	0.000239
685	7.4e-05
686	8e-06
687	-9e-05
688	8e-06
689	-9e-05
690	4.1e-05
691	4.1e-05
692	0.000206
693	0.00014
694	0.000173
695	0.00014
696	7.4e-05
697	7.4e-05
698	-5.8e-05
699	8e-06
700	-9e-05
701	-2.5e-05
702	8e-06
703	4.1e-05
704	0.00014
705	0.000107
706	0.000107
707	0.000107
708	-2.5e-05
709	-2.5e-05
710	-9e-05
711	-9e-05
712	8e-06
713	8e-06
714	7.4e-05
715	0.000107
716	0.000107
717	0.000107
718	4.1e-05
719	8e-06
720	-5.8e-05
721	-2.5e-05
722	-9e-05
723	-9e-05
724	7.4e-05
725	0.000107
726	4.1e-05
727	0.000173
728	7.4e-05
729	4.1e-05
730	-2.5e-05
731	-2.5e-05
732	-5.8e-05
733	-9e-05
734	-2.5e-05
735	-2.5e-05
736	4.1e-05
737	7.4e-05
738	0.00014
739	0.000173
740	7.4e-05
741	-5.8e-05
742	8e-06
743	-2.5e-05
744	-9e-05
745	-9e-05
746	4.1e-05
747	0.000107
748	0.000107
749	0.000107
750	0.000107
751	7.4e-05
752	8e-06
753	-5.8e-05
754	-5.8e-05
755	-0.000156
756	-9e-05
757	8e-06
758	7.4e-05
759	0.000107
760	0.000107
761	0.000107
762	7.4e-05
763	8e-06
764	-2.5e-05
765	-5.8e-05
766	-9e-05
767	-9e-05
768	8e-06
769	0.000107
770	4.1e-05
771	0.00014
772	7.4e-05
773	7.4e-05
774	8e-06
775	-9e-05
776	-5.8e-05
777	-9e-05
778	-2.5e-05
779	-2.5e-05
780	7.4e-05
781	4.1e-05
782	0.000107
783	7.4e-05
784	7.4e-05
785	8e-06
786	4.1e-05
787	-9e-05
788	-5.8e-05
789	0.000173
790	-2.5e-05
791	0.000107
792	0.00014
793	0.000173
794	0.000107
795	7.4e-05
796	-2.5e-05
797	-2.5e-05
798	-9e-05
799	-5.8e-05
800	-0.000189
801	8e-06
802	7.4e-05
803	7.4e-05
804	0.00014
805	0.000107
806	0.000107
807	8e-06
808	-5.8e-05
809	-2.5e-05
810	-0.000123
811	-9e-05
812	4.1e-05
813	8e-06
814	0.000107
815	7.4e-05
816	0.000239
817	0.000107
818	4.1e-05
819	-5.8e-05
820	-9e-05
821	-9e-05
822	-2.5e-05
823	-5.8e-05
824	0.000107
825	4.1e-05
826	0.000173
827	0.00014
828	0.000107
829	4.1e-05
830	-5.8e-05
831	-2.5e-05
832	-9e-05
833	-9e-05
834	-2.5e-05
835	4.1e-05
836	0.000173
837	4.1e-05
838	8e-06
839	7.4e-05
840	4.1e-05
841	8e-06
842	-2.5e-05
843	-2.5e-05
844	8e-06
845	-9e-05
846	7.4e-05
847	0.000107
848	0.00014
849	0.000107
850	0.000107
851	0.000107
852	7.4e-05
853	-9e-05
854	-5.8e-05
855	-9e-05
856	8e-06
857	8e-06
858	0.000107
859	0.00014
860	0.000107
861	0.000206
862	0.000173
863	7.4e-05
864	-2.5e-05
865	8e-06
866	-9e-05
867	8e-06
868	4.1e-05
869	8e-06
870	0.000173
871	0.000173
872	0.000239
873	4.1e-05
874	8e-06
875	-5.8e-05
876	-2.5e-05
877	-5.8e-05
878	-0.000222
879	0.000107
880	7.4e-05
881	0.000107
882	0.00014
883	0.000206
884	0.000403
885	-5.8e-05
886	4.1e-05
887	-2.5e-05
888	-2.5e-05
889	8e-06
890	0.000107
891	0.000206
892	-0.000189
893	0.000798
894	8e-06
895	0.001225
896	7.4e-05
897	-2.5e-05
898	4.1e-05
899	0.00014
900	-0.000485
901	0.000502
902	7.4e-05
903	0.000173
904	0.000107
905	4.1e-05
906	7.4e-05
907	8e-06
908	-5.8e-05
909	-9e-05
910	-5.8e-05
911	8e-06
912	4.1e-05
913	8e-06
914	0.000173
915	4.1e-05
916	0.000732
917	4.1e-05
918	7.4e-05
919	-9e-05
920	-0.000222
921	-0.000123
922	-2.5e-05
923	4.1e-05
924	7.4e-05
925	0.00014
926	8e-06
927	7.4e-05
928	0.000107
929	8e-06
930	8e-06
931	8e-06
932	-9e-05
933	-2.5e-05
934	4.1e-05
935	4.1e-05
936	0.000107
937	0.000107
938	0.00014
939	0.000107
940	8e-06
941	-2.5e-05
942	-0.000123
943	-0.000123
944	-5.8e-05
945	8e-06
946	4.1e-05
947	0.00014
948	0.000107
949	0.000107
950	0.000107
951	4.1e-05
952	-2.5e-05
953	-0.000123
954	-2.5e-05
955	-0.000123
956	4.1e-05
957	7.4e-05
958	4.1e-05
959	0.000173
960	0.000107
961	0.000107
962	8e-06
963	-0.000156
964	-2.5e-05
965	-0.000123
966	-2.5e-05
967	-2.5e-05
968	4.1e-05
969	0.000107
970	4.1e-05
971	0.000206
972	4.1e-05
973	4.1e-05
974	-5.8e-05
975	-9e-05
976	-5.8e-05
977	-9e-05
978	4.1e-05
979	8e-06
980	0.000107
981	0.000107
982	0.00014
983	0.000107
984	7.4e-05
985	-2.5e-05
986	-2.5e-05
987	-5.8e-05
988	-9e-05
989	-2.5e-05
990	4.1e-05
991	0.00014
992	0.000107
993	7.4e-05
994	0.00014
995	4.1e-05
996	-5.8e-05
997	-2.5e-05
998	-0.000123
999	-5.8e-05
1000	-5.8e-05
1001	7.4e-05
1002	7.4e-05
1003	0.000107
1004	0.000107
1005	7.4e-05
1006	4.1e-05
1007	-5.8e-05
1008	-9e-05
1009	-5.8e-05
1010	-2.5e-05
1011	-9e-05
1012	7.4e-05
1013	-2.5e-05
1014	0.000107
1015	0.00014
1016	7.4e-05
1017	4.1e-05
1018	-5.8e-05
1019	-2.5e-05
1020	-9e-05
1021	-2.5e-05
1022	-5.8e-05
1023	7.4e-05
1024	0.000107
1025	0.000107
1026	0.000107
1027	7.4e-05
1028	8e-06
1029	8e-06
1030	-9e-05
1031	-9e-05
1032	-5.8e-05
1033	4.1e-05
1034	4.1e-05
1035	7.4e-05
1036	0.00014
1037	0.00014
1038	0.000107
1039	0.000107
1040	-2.5e-05
1041	-2.5e-05
1042	-9e-05
1043	-9e-05
1044	4.1e-05
1045	8e-06
1046	0.000107
1047	0.000107
1048	0.000107
1049	0.00014
1050	7.4e-05
1051	-2.5e-05
1052	-5.8e-05
1053	-9e-05
1054	-5.8e-05
1055	-2.5e-05
1056	7.4e-05
1057	7.4e-05
1058	7.4e-05
1059	0.000107
1060	7.4e-05
1061	0.000107
1062	-2.5e-05
1063	-5.8e-05
1064	-2.5e-05
1065	-9e-05
1066	-0.000123
1067	4.1e-05
1068	4.1e-05
1069	0.000107
1070	0.000173
1071	0.00014
1072	0.000107
1073	-5.8e-05
1074	4.1e-05
1075	-5.8e-05
1076	-5.8e-05
1077	-5.8e-05
1078	7.4e-05
1079	0.000107
1080	4.1e-05
1081	0.000107
1082	4.1e-05
1083	4.1e-05
1084	8e-06
1085	-2.5e-05
1086	-5.8e-05
1087	-5.8e-05
1088	-0.000123
1089	8e-06
1090	8e-06
1091	0.00014
1092	0.000107
1093	7.4e-05
1094	7.4e-05
1095	-2.5e-05
1096	-5.8e-05
1097	-5.8e-05
1098	-0.000123
1099	-0.000123
1100	8e-06
1101	0.00014
1102	0.000107
1103	0.000107
1104	0.000107
1105	7.4e-05
1106	4.1e-05
1107	-2.5e-05
1108	-5.8e-05
1109	4.1e-05
1110	-2.5e-05
1111	4.1e-05
1112	7.4e-05
1113	7.4e-05
1114	0.000173
1115	0.000107
1116	0.000107
1117	8e-06
1118	-2.5e-05
1119	-2.5e-05
1120	-0.000123
1121	-0.000123
1122	8e-06
1123	0.00014
1124	4.1e-05
1125	0.000107
1126	0.000107
1127	0.000173
1128	-5.8e-05
1129	8e-06
1130	-2.5e-05
1131	-9e-05
1132	-9e-05
1133	4.1e-05
1134	0.000469
1135	0.00014
1136	0.000173
1137	0.000107
1138	0.000107
1139	8e-06
1140	-2.5e-05
1141	-0.000123
1142	0.000271
1143	0.000633
1144	0.00014
1145	0.000206
1146	-5.8e-05
1147	7.4e-05
1148	0.000568
1149	0.000271
1150	4.1e-05
1151	0.000173
1152	0.000107
1153	-9e-05
1154	-0.001801
1155	0.000271
1156	7.4e-05
1157	0.000568
1158	0.000173
1159	0.0006
1160	0.000107
1161	0.000864
1162	0.000798
1163	0.003627
1164	0.000436
1165	-0.000518
1166	4.1e-05
1167	-0.000156
1168	0.000403
1169	0.000173
1170	0.000502
1171	-0.000716
1172	-9e-05
1173	0.001061
1174	0.000436
1175	0.000929
1176	0.002245
1177	0.000271
1178	0.000929
1179	0.003792
1180	0.002706
1181	0.002278
1182	-0.000123
1183	0.008924
1184	0.00264
1185	-0.000551
1186	0.002838
1187	0.000699
1188	-0.000485
1189	0.000831
1190	0.000633
1191	0.000436
1192	0.00116
1193	8e-06
1194	0.003331
1195	0.00139
1196	0.000206
1197	0.00037
1198	0.002509
1199	0.001258
1200	0.002673
1201	0.00241
1202	0.004811
1203	0.003759
1204	0.005535
1205	0.006555
1206	0.002278
1207	0.001587
1208	-2.5e-05
1209	0.000962
1210	0.001127
1211	0.000403
1212	0.000304
1213	0.001653
1214	0.000206
1215	0.007246
1216	0.003561
1217	0.003199
1218	0.003726
1219	0.002936
1220	0.002509
1221	0.003397
1222	0.001752
1223	0.002048
1224	0.005108
1225	0.003167
1226	0.006555
1227	0.004417
1228	0.003265
1229	0.001094
1230	0.004713
1231	0.005272
1232	-9e-05
1233	0.003759
1234	0.001851
1235	0.00593
1236	0.001587
1237	0.000206
1238	0.001061
1239	-0.000781
1240	0.00014
1241	0.000304
1242	0.000206
1243	0.000239
1244	0.000271
1245	0.000633
1246	0.000239
1247	0.001489
1248	0.00037
1249	4.1e-05
1250	0.000173
1251	0.000962
1252	0.001719
1253	0.000633
1254	0.001752
1255	0.003956
1256	0.006062
1257	0.003397
1258	0.004614
1259	-0.001209
1260	0.002081
1261	0.001193
1262	0.001456
1263	-0.000419
1264	-2.5e-05
1265	0.000239
1266	0.001982
1267	0.001061
1268	0.00241
1269	0.000403
1270	0.00139
1271	-0.000781
1272	4.1e-05
1273	0.000732
1274	-0.000321
1275	-5.8e-05
1276	-0.000321
1277	0.001719
1278	0.000765
1279	0.000469
1280	0.001193
1281	0.002344
1282	-0.000222
1283	0.000897
1284	0.002147
1285	0.001522
1286	-0.000452
1287	0.000173
1288	-5.8e-05
1289	7.4e-05
1290	0.00037
1291	4.1e-05
1292	0.000469
1293	7.4e-05
1294	0.0006
1295	-9e-05
1296	0.000239
1297	-2.5e-05
1298	0.001324
1299	0.001554
1300	0.00037
1301	0.000337
1302	0.001225
1303	0.002245
1304	0.003101
1305	0.001785
1306	0.001883
1307	0.002311
1308	0.001193
1309	-0.000189
1310	0.00014
1311	0.000107
1312	0.000995
1313	0.001028
1314	0.000403
1315	-2.5e-05
1316	0.000239
1317	0.00162
1318	0.001357
1319	0.001489
1320	0.006456
1321	-0.000156
1322	4.1e-05
1323	0.000732
1324	0.001785
1325	0.000765
1326	0.002015
1327	0.000732
1328	0.001291
1329	0.000337
1330	0.000206
1331	-0.005321
1332	0.001061
1333	0.002673
1334	0.002607
1335	0.000239
1336	0.001916
1337	0.00116
1338	0.000535
1339	0.001225
1340	0.000271
1341	-0.000419
1342	0.000107
1343	-2.5e-05
1344	-9e-05
1345	0.000995
1346	-0.000255
1347	0.000633
1348	0.000271
1349	0.000995
1350	0.000568
1351	0.001094
1352	0.00037
1353	0.000765
1354	-0.000288
1355	0.000469
1356	0.00139
1357	-0.00065
1358	0.000962
1359	-0.001143
1360	0.000436
1361	-0.000354
1362	-0.000814
1363	-0.000419
1364	0.000995
1365	-0.000551
1366	0.001258
1367	0.000173
1368	0.000436
1369	0.001127
1370	-0.000716
1371	0.000304
1372	-0.000551
1373	0.000403
1374	-9e-05
1375	4.1e-05
1376	-0.000255
1377	0.00037
1378	-0.000189
1379	0.000502
1380	0.000239
1381	0.000502
1382	0.001127
1383	0.000666
1384	-0.000222
1385	0.001818
1386	0.000568
1387	0.001686
1388	0.001719
1389	0.000304
1390	0.001127
1391	0.000732
1392	0.003693
1393	0.001489
1394	0.001554
1395	-0.000156
1396	7.4e-05
1397	0.00014
1398	8e-06
1399	0.000929
1400	0.000864
1401	0.001291
1402	0.001291
1403	0.001851
1404	0.000929
1405	0.001554
1406	0.000699
1407	0.000666
1408	0.000271
1409	0.000107
1410	0.000469
1411	0.0006
1412	7.4e-05
1413	0.000337
1414	-0.000913
1415	0.0006
1416	0.000107
1417	0.001587
1418	0.001982
1419	0.000633
1420	0.000962
1421	0.00162
1422	0.001949
1423	0.00241
1424	0.000699
1425	-0.000452
1426	0.001653
1427	8e-06
1428	0.001522
1429	-9e-05
1430	0.000304
1431	-0.000781
1432	-0.000387
1433	-2.5e-05
1434	0.000271
1435	0.000633
1436	0.000403
1437	-5.8e-05
1438	0.000436
1439	0.000239
1440	4.1e-05
1441	0.000568
1442	0.001423
1443	0.001357
1444	0.000206
1445	0.000568
1446	-9e-05
1447	0.000568
1448	0.000271
1449	0.000107
1450	0.000666
1451	0.000502
1452	0.000403
1453	0.00014
1454	0.000732
1455	0.000469
1456	0.000337
1457	0.00014
1458	0.000798
1459	0.00037
1460	-0.000123
1461	-0.000222
1462	0.001291
1463	-0.000617
1464	-0.000781
1465	8e-06
1466	0.00037
1467	0.000568
1468	0.000173
1469	0.001028
1470	0.000765
1471	-0.000419
1472	0.002212
1473	0.001094
1474	-0.000255
1475	0.00139
1476	0.000864
1477	0.001752
1478	0.00139
1479	-0.000716
1480	0.000403
1481	0.000271
1482	-5.8e-05
1483	0.000403
1484	-0.000255
1485	0.000337
1486	-9e-05
1487	0.000633
1488	0.000535
1489	0.000107
1490	0.000633
1491	-2.5e-05
1492	0.000502
1493	8e-06
1494	0.00014
1495	-0.000222
1496	0.000173
1497	0.000173
1498	4.1e-05
1499	8e-06
1500	0.000107
1501	0.00014
1502	0.000206
1503	0.000271
1504	4.1e-05
1505	0.000173
1506	-5.8e-05
1507	0.00014
1508	0.000304
1509	0.000304
1510	4.1e-05
1511	0.000206
1512	4.1e-05
1513	0.00014
1514	7.4e-05
1515	-2.5e-05
1516	-0.000123
1517	-5.8e-05
1518	-2.5e-05
1519	-0.000387
1520	-2.5e-05
1521	4.1e-05
1522	0.000271
1523	7.4e-05
1524	0.000337
1525	8e-06
1526	0.000436
1527	-0.000156
1528	0.000173
1529	-0.000617
1530	7.4e-05
1531	-0.000781
1532	0.003002
1533	0.00116
1534	-5.8e-05
1535	0.001719
1536	-5.8e-05
1537	0.001225
1538	-0.000123
1539	-9e-05
1540	0.000436
1541	0.00287
1542	-0.000189
1543	0.000633
1544	0.000173
1545	0.001489
1546	0.002476
1547	-2.5e-05
1548	0.001061
1549	0.000239
1550	0.001686
1551	-2.5e-05
1552	0.000304
1553	-0.000123
1554	0.000535
1555	-0.000189
1556	0.00139
1557	0.000107
1558	0.001423
1559	0.001028
1560	0.000929
1561	0.000535
1562	0.000436
1563	0.000173
1564	0.000929
1565	0.001522
1566	0.000765
1567	0.000469
1568	0.000107
1569	0.001489
1570	0.000765
1571	0.000239
1572	4.1e-05
1573	0.000173
1574	-2.5e-05
1575	0.000173
1576	7.4e-05
1577	0.000633
1578	0.000304
1579	0.00037
1580	0.000469
1581	0.000436
1582	-5.8e-05
1583	-0.000123
1584	8e-06
1585	-2.5e-05
1586	-9e-05
1587	-2.5e-05
1588	0.000666
1589	-0.00167
1590	0.001818
1591	-0.000419
1592	0.000535
1593	0.000107
1594	7.4e-05
1595	0.000798
1596	-5.8e-05
1597	7.4e-05
1598	7.4e-05
1599	0.000304
1600	0.000173
1601	0.000173
1602	-2.5e-05
1603	4.1e-05
1604	-0.000222
1605	0.000239
1606	-0.000156
1607	0.000206
1608	-0.000452
1609	0.000107
1610	0.00014
1611	0.000239
1612	0.000173
1613	0.000271
1614	4.1e-05
1615	8e-06
1616	4.1e-05
1617	-9e-05
1618	-9e-05
1619	-2.5e-05
1620	7.4e-05
1621	-2.5e-05
1622	0.00014
1623	7.4e-05
1624	0.000173
1625	0.000107
1626	0.000239
1627	4.1e-05
1628	7.4e-05
1629	4.1e-05
1630	-2.5e-05
1631	0.00014
1632	8e-06
1633	0.00014
1634	0.000107
1635	0.000206
1636	4.1e-05
1637	0.000337
1638	-0.000551
1639	4.1e-05
1640	-5.8e-05
1641	0.000206
1642	4.1e-05
1643	0.000403
1644	0.000173
1645	0.00014
1646	0.000206
1647	0.000239
1648	4.1e-05
1649	-2.5e-05
1650	-5.8e-05
1651	8e-06
1652	-0.000321
1653	-9e-05
1654	0.000173
1655	-2.5e-05
1656	0.000239
1657	0.00014
1658	0.00014
1659	-9e-05
1660	8e-06
1661	-9e-05
1662	0.000107
1663	4.1e-05
1664	0.000173
1665	0.000271
1666	4.1e-05
1667	0.000173
1668	0.000173
1669	0.00014
1670	-2.5e-05
1671	0.00014
1672	-0.000255
1673	0.000337
1674	0.001686
1675	4.1e-05
1676	0.001127
1677	0.000337
1678	0.002311
1679	0.001258
1680	0.000962
1681	0.002344
1682	4.1e-05
1683	-0.001012
1684	0.003496
1685	-0.003249
1686	0.001258
1687	0.001686
1688	0.001883
1689	-0.000452
1690	0.001094
1691	-0.000288
1692	-0.000123
1693	0.000206
1694	-0.000354
1695	0.001587
1696	-0.000123
1697	0.003232
1698	0.006456
1699	0.00264
1700	0.002114
1701	0.003134
1702	0.002048
1703	0.00366
1704	0.00241
1705	0.000436
1706	-0.000222
1707	4.1e-05
1708	-2.5e-05
1709	0.00037
1710	0.000173
1711	0.000897
1712	0.000666
1713	-0.000419
1714	0.001489
1715	0.001193
1716	7.4e-05
1717	0.002048
1718	0.004614
1719	0.001061
1720	0.001752
1721	0.000995
1722	0.001818
1723	0.000535
1724	0.000995
1725	0.001554
1726	0.000732
1727	0.001522
1728	-0.000748
1729	0.001193
1730	0.001489
1731	0.00014
1732	0.000239
1733	0.001357
1734	-2.5e-05
1735	0.001851
1736	0.000831
1737	0.001587
1738	0.000633
1739	0.000107
1740	0.000633
1741	-5.8e-05
1742	0.000666
1743	0.000403
1744	0.001982
1745	0.000337
1746	0.001818
1747	0.001949
1748	0.00139
1749	-0.000814
1750	0.002574
1751	-9e-05
1752	0.001456
1753	0.002476
1754	0.000568
1755	0.002772
1756	-0.000156
1757	0.000403
1758	-0.001045
1759	0.002278
1760	0.000732
1761	0.000666
1762	-0.000847
1763	0.002245
1764	7.4e-05
1765	-0.000387
1766	0.001225
1767	0.001785
1768	0.00037
1769	0.002311
1770	0.000535
1771	0.002048
1772	4.1e-05
1773	0.000568
1774	0.000535
1775	0.001456
1776	-5.8e-05
1777	0.000699
1778	0.001061
1779	-0.000617
1780	0.00116
1781	-0.000551
1782	-2.5e-05
1783	-0.000946
1784	0.001193
1785	0.00037
1786	-9e-05
1787	0.000765
1788	0.001028
1789	0.000765
1790	0.000206
1791	4.1e-05
1792	0.000699
1793	7.4e-05
1794	-0.000189
1795	0.000239
1796	-9e-05
1797	7.4e-05
1798	0.000107
1799	0.00014
1800	0.000107
1801	0.000173
1802	7.4e-05
1803	4.1e-05
1804	-5.8e-05
1805	-0.000123
1806	-9e-05
1807	-0.000189
1808	0.000107
1809	0.000107
1810	7.4e-05
1811	0.000107
1812	0.00014
1813	0.000107
1814	-2.5e-05
1815	-2.5e-05
1816	-2.5e-05
1817	-9e-05
1818	-9e-05
1819	4.1e-05
1820	4.1e-05
1821	0.000107
1822	0.000107
1823	0.000107
1824	0.000107
1825	-2.5e-05
1826	-2.5e-05
1827	-5.8e-05
1828	-9e-05
1829	-9e-05
1830	8e-06
1831	0.00014
1832	0.000107
1833	0.000107
1834	0.00014
1835	7.4e-05
1836	-2.5e-05
1837	-2.5e-05
1838	-5.8e-05
1839	8e-06
1840	8e-06
1841	7.4e-05
1842	0.000107
1843	4.1e-05
1844	0.000107
1845	7.4e-05
1846	0.00014
1847	-2.5e-05
1848	-5.8e-05
1849	-2.5e-05
1850	-2.5e-05
1851	-9e-05
1852	8e-06
1853	8e-06
1854	0.00014
1855	0.000107
1856	7.4e-05
1857	0.000107
1858	-2.5e-05
1859	4.1e-05
1860	-9e-05
1861	-5.8e-05
1862	0.000107
1863	-2.5e-05
1864	0.000107
1865	0.000107
1866	0.000107
1867	0.00014
1868	4.1e-05
1869	4.1e-05
1870	-5.8e-05
1871	-2.5e-05
1872	-5.8e-05
1873	-0.000255
1874	7.4e-05
1875	4.1e-05
1876	0.00014
1877	0.000107
1878	0.000107
1879	0.00014
1880	8e-06
1881	-2.5e-05
1882	-5.8e-05
1883	-9e-05
1884	-9e-05
1885	-2.5e-05
1886	8e-06
1887	0.000107
1888	0.000107
1889	0.000206
1890	0.000107
1891	-2.5e-05
1892	8e-06
1893	-0.000123
1894	-5.8e-05
1895	-9e-05
1896	-2.5e-05
1897	4.1e-05
1898	7.4e-05
1899	0.000107
1900	0.000107
1901	0.000107
1902	8e-06
1903	-2.5e-05
1904	-9e-05
1905	-9e-05
1906	-9e-05
1907	-5.8e-05
1908	4.1e-05
1909	0.00014
1910	0.00014
1911	0.00014
1912	0.00014
1913	8e-06
1914	-2.5e-05
1915	-9e-05
1916	-5.8e-05
1917	-5.8e-05
1918	-0.000123
1919	7.4e-05
1920	7.4e-05
1921	7.4e-05
1922	0.00014
1923	0.00014
1924	8e-06
1925	8e-06
1926	-2.5e-05
1927	-5.8e-05
1928	-5.8e-05
1929	-2.5e-05
1930	8e-06
1931	0.000107
1932	4.1e-05
1933	0.000107
1934	0.000173
1935	4.1e-05
1936	-2.5e-05
1937	-5.8e-05
1938	-2.5e-05
1939	-9e-05
1940	-5.8e-05
1941	4.1e-05
1942	0.000107
1943	0.000107
1944	0.00014
1945	0.00014
1946	0.00014
1947	-5.8e-05
1948	-9e-05
1949	8e-06
1950	-9e-05
1951	-5.8e-05
1952	8e-06
1953	4.1e-05
1954	0.000107
1955	7.4e-05
1956	0.00014
1957	7.4e-05
1958	-2.5e-05
1959	-2.5e-05
1960	-0.000123
1961	-5.8e-05
1962	-2.5e-05
1963	4.1e-05
1964	7.4e-05
1965	0.000107
1966	0.00014
1967	0.000107
1968	8e-06
1969	8e-06
1970	-9e-05
1971	-9e-05
1972	-0.000123
1973	-9e-05
1974	4.1e-05
1975	4.1e-05
1976	7.4e-05
1977	0.000107
1978	0.000107
1979	0.00014
1980	-2.5e-05
1981	-2.5e-05
1982	8e-06
1983	-0.000123
1984	-2.5e-05
1985	7.4e-05
1986	0.000107
1987	0.000107
1988	7.4e-05
1989	0.00014
1990	0.00014
1991	-2.5e-05
1992	-9e-05
1993	-9e-05
1994	-9e-05
1995	-9e-05
1996	-2.5e-05
1997	0.000107
1998	7.4e-05
1999	0.00014
2000	0.000107
2001	4.1e-05
2002	-2.5e-05
2003	-2.5e-05
2004	-5.8e-05
2005	-9e-05
2006	-2.5e-05
2007	4.1e-05
2008	7.4e-05
2009	0.000107
2010	7.4e-05
2011	0.00014
2012	4.1e-05
2013	8e-06
2014	-2.5e-05
2015	-9e-05
2016	-9e-05
2017	-5.8e-05
2018	8e-06
2019	0.000107
2020	7.4e-05
2021	0.000107
2022	0.00014
2023	4.1e-05
2024	4.1e-05
2025	-9e-05
2026	-9e-05
2027	-9e-05
2028	-0.000156
2029	8e-06
2030	7.4e-05
2031	7.4e-05
2032	0.000107
2033	0.000107
2034	7.4e-05
2035	-2.5e-05
2036	-5.8e-05
2037	-5.8e-05
2038	-9e-05
2039	7.4e-05
2040	-5.8e-05
2041	0.000107
2042	7.4e-05
2043	0.000107
2044	0.00014
2045	7.4e-05
2046	4.1e-05
2047	-5.8e-05
2048	-5.8e-05
2049	-9e-05
2050	-0.000156
2051	-2.5e-05
2052	0.000107
2053	7.4e-05
2054	0.00014
2055	7.4e-05
2056	7.4e-05
2057	4.1e-05
2058	-5.8e-05
2059	-2.5e-05
2060	-5.8e-05
2061	-5.8e-05
2062	8e-06
2063	7.4e-05
2064	0.00014
2065	0.000107
2066	0.00014
2067	0.000107
2068	8e-06
2069	-2.5e-05
2070	-9e-05
2071	-0.000123
2072	-9e-05
2073	-5.8e-05
2074	0.000107
2075	7.4e-05
2076	0.000107
2077	0.00014
2078	7.4e-05
2079	4.1e-05
2080	-5.8e-05
2081	-2.5e-05
2082	-5.8e-05
2083	-0.000123
2084	8e-06
2085	4.1e-05
2086	4.1e-05
2087	0.00014
2088	0.00014
2089	0.000107
2090	4.1e-05
2091	-2.5e-05
2092	-2.5e-05
2093	-9e-05
2094	-9e-05
2095	-9e-05
2096	4.1e-05
2097	7.4e-05
2098	0.000107
2099	0.00014
2100	0.000107
2101	4.1e-05
2102	-2.5e-05
2103	-2.5e-05
2104	-2.5e-05
2105	-0.000123
2106	-0.000123
2107	4.1e-05
2108	4.1e-05
2109	0.000107
2110	0.000107
2111	0.000107
2112	7.4e-05
2113	-5.8e-05
2114	-5.8e-05
2115	-0.000123
2116	-5.8e-05
2117	-2.5e-05
2118	4.1e-05
2119	0.000107
2120	0.000107
2121	7.4e-05
2122	0.00014
2123	7.4e-05
2124	8e-06
2125	-5.8e-05
2126	-5.8e-05
2127	-9e-05
2128	-2.5e-05
2129	4.1e-05
2130	4.1e-05
2131	0.00014
2132	0.00014
2133	7.4e-05
2134	0.000107
2135	-2.5e-05
2136	8e-06
2137	-0.000156
2138	-9e-05
2139	-5.8e-05
2140	4.1e-05
2141	0.000107
2142	0.000107
2143	7.4e-05
2144	0.00014
2145	7.4e-05
2146	-2.5e-05
2147	8e-06
2148	-9e-05
2149	-5.8e-05
2150	-9e-05
2151	4.1e-05
2152	4.1e-05
2153	4.1e-05
2154	0.000107
2155	0.000107
2156	4.1e-05
2157	8e-06
2158	-5.8e-05
2159	-9e-05
2160	-0.000123
2161	-5.8e-05
2162	8e-06
2163	4.1e-05
2164	7.4e-05
2165	4.1e-05
2166	0.00014
2167	7.4e-05
2168	-2.5e-05
2169	-2.5e-05
2170	-2.5e-05
2171	-5.8e-05
2172	-0.000123
2173	4.1e-05
2174	0.000107
2175	0.000107
2176	0.000107
2177	0.00014
2178	7.4e-05
2179	8e-06
2180	-2.5e-05
2181	-5.8e-05
2182	-2.5e-05
2183	-5.8e-05
2184	4.1e-05
2185	7.4e-05
2186	0.00014
2187	0.00014
2188	7.4e-05
2189	0.000107
2190	-2.5e-05
2191	-9e-05
2192	-5.8e-05
2193	-9e-05
2194	-9e-05
2195	-2.5e-05
2196	7.4e-05
2197	0.000107
2198	4.1e-05
2199	0.000173
2200	4.1e-05
2201	4.1e-05
2202	-2.5e-05
2203	-5.8e-05
2204	-9e-05
2205	-0.000123
2206	4.1e-05
2207	7.4e-05
2208	0.000107
2209	0.000107
2210	0.000107
2211	4.1e-05
2212	4.1e-05
2213	-9e-05
2214	-5.8e-05
2215	-9e-05
2216	-9e-05
2217	8e-06
2218	8e-06
2219	0.00014
2220	7.4e-05
2221	0.00014
2222	4.1e-05
2223	8e-06
2224	8e-06
2225	-2.5e-05
2226	-9e-05
2227	-9e-05
2228	-2.5e-05
2229	4.1e-05
2230	7.4e-05
2231	0.000107
2232	0.00014
2233	0.000107
2234	0.000107
2235	-5.8e-05
2236	-2.5e-05
2237	-2.5e-05
2238	-9e-05
2239	-2.5e-05
2240	4.1e-05
2241	0.000107
2242	0.000107
2243	0.000107
2244	0.000107
2245	4.1e-05
2246	-5.8e-05
2247	-5.8e-05
2248	-9e-05
2249	-9e-05
2250	-2.5e-05
2251	4.1e-05
2252	7.4e-05
2253	0.00014
2254	0.00014
2255	0.00014
2256	4.1e-05
2257	-2.5e-05
2258	-5.8e-05
2259	-5.8e-05
2260	-5.8e-05
2261	-5.8e-05
2262	0.000107
2263	0.000107
2264	0.000107
2265	0.00014
2266	0.000107
2267	7.4e-05
2268	-2.5e-05
2269	-2.5e-05
2270	-9e-05
2271	-9e-05
2272	-2.5e-05
2273	4.1e-05
2274	0.000107
2275	7.4e-05
2276	0.00014
2277	0.000107
2278	8e-06
2279	-2.5e-05
2280	-5.8e-05
2281	-9e-05
2282	-9e-05
2283	8e-06
2284	7.4e-05
2285	7.4e-05
2286	7.4e-05
2287	0.000107
2288	7.4e-05
2289	7.4e-05
2290	-2.5e-05
2291	8e-06
2292	-5.8e-05
2293	-0.000123
2294	-2.5e-05
2295	8e-06
2296	0.000107
2297	7.4e-05
2298	4.1e-05
2299	0.00014
2300	7.4e-05
2301	8e-06
2302	-5.8e-05
2303	-5.8e-05
2304	-5.8e-05
2305	-2.5e-05
2306	4.1e-05
2307	0.000107
2308	4.1e-05
2309	7.4e-05
2310	0.000107
2311	0.000107
2312	-2.5e-05
2313	-5.8e-05
2314	-5.8e-05
2315	-9e-05
2316	-5.8e-05
2317	4.1e-05
2318	4.1e-05
2319	4.1e-05
2320	0.000107
2321	0.000107
2322	0.000107
2323	-2.5e-05
2324	-2.5e-05
2325	-5.8e-05
2326	-9e-05
2327	-5.8e-05
2328	7.4e-05
2329	0.000107
2330	0.000107
2331	7.4e-05
2332	0.000107
2333	-2.5e-05
2334	8e-06
2335	-5.8e-05
2336	-2.5e-05
2337	-2.5e-05
2338	-2.5e-05
2339	7.4e-05
2340	7.4e-05
2341	0.000107
2342	0.00014
2343	7.4e-05
2344	7.4e-05
2345	8e-06
2346	-2.5e-05
2347	-5.8e-05
2348	-9e-05
2349	-9e-05
2350	8e-06
2351	4.1e-05
2352	0.00014
2353	0.000107
2354	0.000107
2355	0.00014
2356	8e-06
2357	-2.5e-05
2358	-5.8e-05
2359	8e-06
2360	-5.8e-05
2361	8e-06
2362	4.1e-05
2363	0.000107
2364	0.000107
2365	0.000107
2366	7.4e-05
2367	-2.5e-05
2368	-5.8e-05
2369	-9e-05
2370	-2.5e-05
2371	-2.5e-05
2372	4.1e-05
2373	7.4e-05
2374	7.4e-05
2375	7.4e-05
2376	0.00014
2377	0.000107
2378	-5.8e-05
2379	8e-06
2380	-5.8e-05
2381	-5.8e-05
2382	-0.000123
2383	4.1e-05
2384	0.000107
2385	0.000107
2386	0.000107
2387	0.000107
2388	0.000107
2389	-2.5e-05
2390	-2.5e-05
2391	-5.8e-05
2392	-5.8e-05
2393	-2.5e-05
2394	8e-06
2395	4.1e-05
2396	7.4e-05
2397	0.000107
2398	7.4e-05
2399	7.4e-05
2400	8e-06
2401	8e-06
2402	-2.5e-05
2403	-9e-05
2404	-0.000123
2405	4.1e-05
2406	4.1e-05
2407	0.000107
2408	0.000107
2409	0.00014
2410	7.4e-05
2411	8e-06
2412	4.1e-05
2413	-5.8e-05
2414	-2.5e-05
2415	-9e-05
2416	8e-06
2417	7.4e-05
2418	4.1e-05
2419	0.000107
2420	0.000107
2421	0.00014
2422	8e-06
2423	-9e-05
2424	-5.8e-05
2425	-9e-05
2426	-9e-05
2427	-2.5e-05
2428	4.1e-05
2429	0.00014
2430	0.00014
2431	0.00014
2432	0.000107
2433	-2.5e-05
2434	-2.5e-05
2435	-9e-05
2436	-2.5e-05
2437	-9e-05
2438	-5.8e-05
2439	4.1e-05
2440	4.1e-05
2441	4.1e-05
2442	0.00014
2443	0.000107
2444	4.1e-05
2445	-2.5e-05
2446	-5.8e-05
2447	-5.8e-05
2448	-9e-05
2449	8e-06
2450	4.1e-05
2451	0.000107
2452	0.000107
2453	4.1e-05
2454	0.00014
2455	8e-06
2456	-5.8e-05
2457	-2.5e-05
2458	-9e-05
2459	-9e-05
2460	8e-06
2461	8e-06
2462	0.000107
2463	7.4e-05
2464	0.00014
2465	0.000107
2466	7.4e-05
2467	-2.5e-05
2468	-0.000123
2469	-5.8e-05
2470	-2.5e-05
2471	-9e-05
2472	4.1e-05
2473	4.1e-05
2474	7.4e-05
2475	0.000173
2476	0.000107
2477	7.4e-05
2478	-2.5e-05
2479	-2.5e-05
2480	-0.000123
2481	-2.5e-05
2482	-5.8e-05
2483	4.1e-05
2484	7.4e-05
2485	4.1e-05
2486	0.000107
2487	0.000173
2488	7.4e-05
2489	-2.5e-05
2490	-2.5e-05
2491	-5.8e-05
2492	-9e-05
2493	8e-06
2494	7.4e-05
2495	7.4e-05
2496	0.000173
2497	0.00014
2498	0.000206
2499	7.4e-05
