Ladekurvenmessung

Zeit: 2018_05_02 15.03.35

Info: FVA3, v = 0.0215, T = 40, F = 20, h = 45.9

Ladewiderstand[Ohm]: 1012700

Störkapazität[nF]: 0.000000

Entladezeit[ms]: 100

Abtastrate[Hz]: 250000

Anzahl der Messwerte: 2500

Verzögerung [ms]: 1


	Kurve_1
0	-0.000748
1	-0.00213
2	-0.001768
3	-0.001571
4	0.002081
5	-0.002196
6	-0.001439
7	0.001127
8	0.004614
9	-0.003479
10	-0.000518
11	0.000831
12	0.001719
13	0.001851
14	4.1e-05
15	0.000337
16	0.001785
17	0.00139
18	-0.001571
19	0.001522
20	-0.002591
21	-0.000551
22	-0.001472
23	0.00037
24	0.00014
25	0.000699
26	0.001489
27	0.004088
28	0.000699
29	-0.000288
30	0.003331
31	-0.001867
32	0.000469
33	-0.00065
34	0.001423
35	-0.000814
36	-0.000123
37	-0.001374
38	0.003463
39	-0.003479
40	-0.000518
41	-0.001933
42	-0.001077
43	0.00287
44	0.001061
45	0.000403
46	0.000469
47	0.00218
48	-0.002097
49	0.002607
50	-0.001538
51	8e-06
52	-0.003117
53	-0.002492
54	-0.000683
55	0.001949
56	0.001423
57	0.001587
58	-0.000617
59	0.002147
60	4.1e-05
61	0.002048
62	0.000699
63	-0.002986
64	-0.001966
65	-0.001538
66	0.001752
67	-0.000979
68	0.000568
69	-0.000485
70	0.004186
71	0.003002
72	0.000929
73	0.001653
74	0.000995
75	-0.000551
76	0.001324
77	0.001587
78	0.0006
79	0.001752
80	-0.000518
81	0.004154
82	0.00116
83	0.002772
84	0.001752
85	0.002048
86	0.002245
87	-0.000452
88	-0.000814
89	0.003101
90	0.003298
91	-0.000387
92	0.001752
93	0.001225
94	0.00241
95	0.002278
96	0.003068
97	4.1e-05
98	0.002805
99	-0.00088
100	0.001554
101	-0.000551
102	0.002574
103	0.002509
104	0.006095
105	-0.000255
106	-0.000123
107	7.4e-05
108	0.003101
109	0.001456
110	0.001258
111	0.003035
112	-0.000255
113	0.00389
114	0.003759
115	0.003265
116	-0.000551
117	0.000765
118	4.1e-05
119	0.002739
120	0.000864
121	-0.000716
122	-0.001341
123	-0.000222
124	0.00037
125	0.001719
126	-2.5e-05
127	0.000173
128	0.00014
129	0.000798
130	0.001719
131	0.00037
132	0.001028
133	-0.000913
134	0.002344
135	0.000502
136	0.000436
137	0.00116
138	-9e-05
139	0.000436
140	0.000239
141	0.001653
142	0.000304
143	0.002311
144	0.000173
145	0.0006
146	0.000765
147	-0.000123
148	0.000699
149	0.00287
150	0.001982
151	0.000732
152	-0.002657
153	0.000502
154	0.00014
155	-0.004598
156	-0.004762
157	0.000206
158	-0.003512
159	0.001291
160	0.003759
161	0.001686
162	0.002706
163	0.000831
164	0.00241
165	-0.001571
166	-0.001703
167	0.000929
168	0.003331
169	0.000666
170	0.003232
171	0.004581
172	0.001554
173	0.000732
174	0.001883
175	0.001291
176	-9e-05
177	0.001423
178	0.003134
179	0.003331
180	0.001258
181	0.000337
182	0.002443
183	0.003594
184	-0.001768
185	0.006226
186	0.000337
187	0.002311
188	0.000436
189	0.000897
190	-0.000518
191	0.000633
192	0.000929
193	0.000897
194	0.001949
195	-0.003973
196	-0.001406
197	-0.00213
198	-0.00111
199	7.4e-05
200	0.000962
201	0.003759
202	0.000732
203	-0.001933
204	0.005864
205	0.0006
206	0.001127
207	0.000568
208	0.000535
209	0.001587
210	-2.5e-05
211	0.001719
212	0.000239
213	0.002377
214	0.001719
215	0.004055
216	0.002212
217	0.00241
218	0.002838
219	0.001818
220	0.000436
221	0.003989
222	0.003496
223	0.001653
224	0.002048
225	0.001916
226	0.002245
227	0.000535
228	0.002936
229	0.003167
230	0.001719
231	0.00139
232	0.002212
233	0.001324
234	0.003167
235	-0.000255
236	0.001785
237	0.001225
238	0.00287
239	0.003397
240	-0.009269
241	0.002541
242	0.000798
243	0.001587
244	0.000436
245	0.001916
246	0.004877
247	0.004976
248	0.000732
249	0.002772
250	0.001094
251	0.004483
252	0.008562
253	0.017214
254	0.022676
255	0.02488
256	0.024584
257	0.019583
258	0.028005
259	0.028137
260	0.030835
261	0.035473
262	0.035473
263	0.025604
264	0.031493
265	0.019254
266	0.023367
267	0.025373
268	0.021129
269	0.026163
270	0.026163
271	0.025538
272	0.030802
273	0.031953
274	0.032348
275	0.037546
276	0.039323
277	0.042152
278	0.041264
279	0.043007
280	0.042744
281	0.045113
282	0.045047
283	0.042612
284	0.043534
285	0.044192
286	0.043567
287	0.044093
288	0.042415
289	0.043501
290	0.044257
291	0.038467
292	0.044257
293	0.038599
294	0.036658
295	0.028762
296	0.025768
297	0.028992
298	0.030933
299	0.030999
300	0.033039
301	0.034552
302	0.034125
303	0.03873
304	0.0385
305	0.038665
306	0.036921
307	0.041
308	0.038401
309	0.043139
310	0.037447
311	0.03952
312	0.040441
313	0.040244
314	0.033105
315	0.035539
316	0.031986
317	0.030802
318	0.030045
319	0.027512
320	0.031262
321	0.029519
322	0.034684
323	0.032809
324	0.032776
325	0.032776
326	0.036329
327	0.035177
328	0.038533
329	0.042053
330	0.044553
331	0.046955
332	0.050508
333	0.052943
334	0.05745
335	0.056956
336	0.058832
337	0.061431
338	0.062648
339	0.064622
340	0.064984
341	0.068405
342	0.06959
343	0.069294
344	0.069853
345	0.073537
346	0.067747
347	0.067155
348	0.063273
349	0.067517
350	0.064063
351	0.065773
352	0.062385
353	0.063536
354	0.068307
355	0.06324
356	0.063207
357	0.062615
358	0.064194
359	0.059917
360	0.058667
361	0.053074
362	0.053107
363	0.052844
364	0.049883
365	0.04656
366	0.04179
367	0.043896
368	0.041264
369	0.04202
370	0.038204
371	0.038665
372	0.037414
373	0.037217
374	0.039257
375	0.042152
376	0.047613
377	0.047909
378	0.045047
379	0.049291
380	0.049817
381	0.05041
382	0.048403
383	0.045573
384	0.043238
385	0.03702
386	0.035046
387	0.035177
388	0.040013
389	0.041395
390	0.043961
391	0.047416
392	0.050508
393	0.051857
394	0.053009
395	0.05291
396	0.048863
397	0.048896
398	0.04735
399	0.047087
400	0.053732
401	0.052285
402	0.0562
403	0.054127
404	0.058141
405	0.061431
406	0.059457
407	0.05643
408	0.060049
409	0.065082
410	0.063799
411	0.068372
412	0.067879
413	0.069886
414	0.06505
415	0.063668
416	0.063273
417	0.060641
418	0.059852
419	0.058108
420	0.061464
421	0.063109
422	0.064161
423	0.063141
424	0.066958
425	0.064622
426	0.064753
427	0.062681
428	0.059128
429	0.057845
430	0.05847
431	0.059194
432	0.055575
433	0.055443
434	0.053041
435	0.054884
436	0.051364
437	0.054226
438	0.051561
439	0.056364
440	0.055114
441	0.056693
442	0.057976
443	0.06199
444	0.065247
445	0.066135
446	0.066662
447	0.06505
448	0.063503
449	0.058503
450	0.057252
451	0.053206
452	0.05314
453	0.048534
454	0.047646
455	0.044455
456	0.046692
457	0.041494
458	0.03748
459	0.034388
460	0.0309
461	0.030111
462	0.029223
463	0.022215
464	0.027314
465	0.031164
466	0.02692
467	0.031427
468	0.030736
469	0.034388
470	0.030999
471	0.0309
472	0.029979
473	0.033039
474	0.027676
475	0.027841
476	0.03021
477	0.02965
478	0.033335
479	0.034585
480	0.035276
481	0.039257
482	0.038697
483	0.034026
484	0.036526
485	0.030736
486	0.034684
487	0.0309
488	0.031032
489	0.034881
490	0.038829
491	0.037579
492	0.03498
493	0.036724
494	0.036296
495	0.040606
496	0.040639
497	0.039915
498	0.038632
499	0.043599
500	0.037842
501	0.035868
502	0.035309
503	0.037842
504	0.039191
505	0.040737
506	0.042053
507	0.044257
508	0.043928
509	0.04939
510	0.05268
511	0.050212
512	0.040046
513	0.038533
514	0.033072
515	0.034618
516	0.036329
517	0.039323
518	0.044718
519	0.046133
520	0.053338
521	0.051166
522	0.057581
523	0.054785
524	0.059786
525	0.057746
526	0.057943
527	0.060542
528	0.05972
529	0.060312
530	0.052318
531	0.045113
532	0.047021
533	0.047087
534	0.035671
535	0.032183
536	0.026196
537	0.024485
538	0.021162
539	0.020833
540	0.01932
541	0.022807
542	0.022314
543	0.025044
544	0.03248
545	0.034486
546	0.04054
547	0.041954
548	0.046297
549	0.04781
550	0.048699
551	0.050673
552	0.055279
553	0.054818
554	0.061003
555	0.056101
556	0.050771
557	0.044685
558	0.040935
559	0.04327
560	0.043073
561	0.050311
562	0.051232
563	0.054292
564	0.055904
565	0.057614
566	0.060049
567	0.061398
568	0.061233
569	0.068274
570	0.063701
571	0.068932
572	0.071531
573	0.07107
574	0.070017
575	0.070642
576	0.072287
577	0.070708
578	0.073373
579	0.074031
580	0.075906
581	0.073537
582	0.065642
583	0.057713
584	0.051298
585	0.042941
586	0.043468
587	0.044257
588	0.047646
589	0.043928
590	0.047514
591	0.046659
592	0.051495
593	0.049126
594	0.053798
595	0.050278
596	0.052811
597	0.056825
598	0.061595
599	0.059259
600	0.060838
601	0.066727
602	0.063503
603	0.065938
604	0.065543
605	0.065379
606	0.06903
607	0.068833
608	0.070675
609	0.073834
610	0.074195
611	0.072748
612	0.07686
613	0.077716
614	0.075544
615	0.073537
616	0.071531
617	0.073735
618	0.075479
619	0.075742
620	0.079624
621	0.079459
622	0.07686
623	0.078604
624	0.065313
625	0.064753
626	0.065313
627	0.053403
628	0.045409
629	0.039224
630	0.043172
631	0.046725
632	0.046856
633	0.046988
634	0.048765
635	0.048337
636	0.045277
637	0.046889
638	0.044915
639	0.043369
640	0.043205
641	0.04304
642	0.046363
643	0.046527
644	0.043797
645	0.050903
646	0.05337
647	0.056035
648	0.059687
649	0.062615
650	0.064161
651	0.064819
652	0.066826
653	0.067978
654	0.068372
655	0.06801
656	0.069623
657	0.065115
658	0.060773
659	0.053831
660	0.051857
661	0.05518
662	0.049883
663	0.056331
664	0.055904
665	0.05995
666	0.062385
667	0.064424
668	0.063766
669	0.066069
670	0.069261
671	0.072222
672	0.068932
673	0.060411
674	0.05416
675	0.049291
676	0.048666
677	0.052943
678	0.05666
679	0.055443
680	0.059621
681	0.059884
682	0.057088
683	0.049587
684	0.047218
685	0.05189
686	0.054653
687	0.057713
688	0.059819
689	0.065576
690	0.067879
691	0.066695
692	0.064918
693	0.068208
694	0.068866
695	0.069984
696	0.068471
697	0.069261
698	0.066727
699	0.072353
700	0.062154
701	0.065938
702	0.06755
703	0.065543
704	0.066892
705	0.066662
706	0.067418
707	0.06755
708	0.068866
709	0.070313
710	0.070708
711	0.069359
712	0.071169
713	0.070675
714	0.070675
715	0.067451
716	0.067649
717	0.065247
718	0.06528
719	0.064885
720	0.064095
721	0.061891
722	0.059687
723	0.061891
724	0.063339
725	0.063701
726	0.061332
727	0.063503
728	0.060246
729	0.06222
730	0.058897
731	0.061431
732	0.058996
733	0.060477
734	0.059095
735	0.060937
736	0.0587
737	0.057878
738	0.057614
739	0.057779
740	0.05666
741	0.056529
742	0.056792
743	0.05791
744	0.058996
745	0.057187
746	0.056068
747	0.054324
748	0.053634
749	0.053831
750	0.050607
751	0.047909
752	0.044422
753	0.044389
754	0.04383
755	0.043369
756	0.043172
757	0.048962
758	0.046692
759	0.049949
760	0.052186
761	0.052976
762	0.053239
763	0.056035
764	0.055081
765	0.056101
766	0.055246
767	0.058503
768	0.058108
769	0.0612
770	0.05949
771	0.062648
772	0.060213
773	0.061365
774	0.064786
775	0.06551
776	0.068043
777	0.070412
778	0.070445
779	0.070313
780	0.071333
781	0.072024
782	0.075084
783	0.069886
784	0.072649
785	0.067418
786	0.067616
787	0.067616
788	0.0612
789	0.066234
790	0.064786
791	0.066464
792	0.066168
793	0.061727
794	0.06278
795	0.064786
796	0.059161
797	0.059786
798	0.056627
799	0.056759
800	0.060148
801	0.062714
802	0.061825
803	0.06074
804	0.060542
805	0.057943
806	0.061365
807	0.054719
808	0.057713
809	0.061858
810	0.063438
811	0.062385
812	0.067023
813	0.063503
814	0.063668
815	0.06301
816	0.060246
817	0.067352
818	0.069162
819	0.072945
820	0.073669
821	0.075215
822	0.070248
823	0.072748
824	0.074656
825	0.077485
826	0.07686
827	0.079097
828	0.078078
829	0.081993
830	0.082486
831	0.085414
832	0.081466
833	0.080677
834	0.080117
835	0.077781
836	0.077387
837	0.076235
838	0.075018
839	0.072912
840	0.072057
841	0.072847
842	0.075347
843	0.077979
844	0.079229
845	0.068767
846	0.056529
847	0.047021
848	0.052449
849	0.051989
850	0.041856
851	0.04554
852	0.048238
853	0.048699
854	0.053798
855	0.058799
856	0.05949
857	0.063405
858	0.064194
859	0.068175
860	0.068965
861	0.071103
862	0.072518
863	0.076564
864	0.075643
865	0.078867
866	0.077946
867	0.075347
868	0.072287
869	0.07209
870	0.067221
871	0.069524
872	0.070511
873	0.070346
874	0.073866
875	0.066793
876	0.068767
877	0.068767
878	0.066859
879	0.071103
880	0.072287
881	0.076498
882	0.076926
883	0.076433
884	0.077255
885	0.080611
886	0.080677
887	0.084493
888	0.078637
889	0.077716
890	0.07436
891	0.076762
892	0.06982
893	0.07209
894	0.069326
895	0.071432
896	0.074623
897	0.079394
898	0.078078
899	0.076992
900	0.079492
901	0.081927
902	0.083703
903	0.083736
904	0.090086
905	0.086697
906	0.089954
907	0.091895
908	0.094461
909	0.093112
910	0.092454
911	0.092257
912	0.083144
913	0.079821
914	0.08298
915	0.081367
916	0.078703
917	0.078966
918	0.074656
919	0.077354
920	0.077551
921	0.076597
922	0.081203
923	0.081137
924	0.080348
925	0.081269
926	0.079821
927	0.077058
928	0.075248
929	0.073866
930	0.076433
931	0.07867
932	0.076104
933	0.0663
934	0.066695
935	0.065905
936	0.068932
937	0.072518
938	0.070873
939	0.070609
940	0.073669
941	0.073406
942	0.074985
943	0.07515
944	0.076597
945	0.075446
946	0.076597
947	0.072222
948	0.069491
949	0.065543
950	0.069557
951	0.074064
952	0.073077
953	0.075248
954	0.073998
955	0.07765
956	0.076367
957	0.078703
958	0.071432
959	0.074426
960	0.066135
961	0.063734
962	0.064326
963	0.061924
964	0.061825
965	0.065872
966	0.068241
967	0.068109
968	0.069721
969	0.063701
970	0.062122
971	0.058634
972	0.05768
973	0.04939
974	0.045837
975	0.03873
976	0.030111
977	0.029683
978	0.03192
979	0.035144
980	0.038105
981	0.03294
982	0.043336
983	0.045837
984	0.044882
985	0.046527
986	0.046527
987	0.047054
988	0.046791
989	0.048797
990	0.046462
991	0.046856
992	0.043007
993	0.043863
994	0.043665
995	0.043238
996	0.048304
997	0.050179
998	0.052482
999	0.053798
1000	0.053502
1001	0.057483
1002	0.062023
1003	0.062385
1004	0.065148
1005	0.064721
1006	0.06732
1007	0.067813
1008	0.069392
1009	0.069919
1010	0.072222
1011	0.073044
1012	0.076926
1013	0.078834
1014	0.081598
1015	0.081137
1016	0.081762
1017	0.084394
1018	0.085315
1019	0.089329
1020	0.089888
1021	0.095843
1022	0.093376
1023	0.095711
1024	0.097356
1025	0.097784
1026	0.098541
1027	0.10262
1028	0.100515
1029	0.097685
1030	0.100844
1031	0.101896
1032	0.102554
1033	0.105482
1034	0.104495
1035	0.100679
1036	0.10216
1037	0.103179
1038	0.102489
1039	0.103574
1040	0.107292
1041	0.104857
1042	0.108772
1043	0.112589
1044	0.110088
1045	0.111273
1046	0.109134
1047	0.10999
1048	0.11124
1049	0.113214
1050	0.111766
1051	0.114694
1052	0.113674
1053	0.115977
1054	0.115221
1055	0.11726
1056	0.117984
1057	0.119234
1058	0.119892
1059	0.121537
1060	0.122623
1061	0.124136
1062	0.122524
1063	0.108279
1064	0.116043
1065	0.113411
1066	0.117491
1067	0.114727
1068	0.118741
1069	0.116405
1070	0.118346
1071	0.117063
1072	0.116898
1073	0.117951
1074	0.118247
1075	0.120813
1076	0.115056
1077	0.126801
1078	0.124564
1079	0.123412
1080	0.125617
1081	0.128018
1082	0.126275
1083	0.130815
1084	0.127722
1085	0.128281
1086	0.128643
1087	0.130288
1088	0.128643
1089	0.132624
1090	0.132163
1091	0.133052
1092	0.133776
1093	0.128808
1094	0.130255
1095	0.129828
1096	0.132986
1097	0.131473
1098	0.134302
1099	0.13269
1100	0.136375
1101	0.135322
1102	0.13496
1103	0.136671
1104	0.138349
1105	0.136802
1106	0.138184
1107	0.140651
1108	0.138941
1109	0.134598
1110	0.124037
1111	0.122129
1112	0.12055
1113	0.11805
1114	0.116339
1115	0.115155
1116	0.109101
1117	0.108016
1118	0.108937
1119	0.111207
1120	0.111306
1121	0.11805
1122	0.119037
1123	0.119267
1124	0.120287
1125	0.122228
1126	0.117787
1127	0.121965
1128	0.124761
1129	0.124597
1130	0.125781
1131	0.125946
1132	0.127558
1133	0.128018
1134	0.128249
1135	0.127262
1136	0.126636
1137	0.129301
1138	0.119596
1139	0.102061
1140	0.103114
1141	0.103936
1142	0.093112
1143	0.093968
1144	0.095021
1145	0.098968
1146	0.097488
1147	0.101864
1148	0.099824
1149	0.100844
1150	0.094494
1151	0.092652
1152	0.08798
1153	0.08548
1154	0.090546
1155	0.0915
1156	0.090711
1157	0.091698
1158	0.095777
1159	0.093211
1160	0.096304
1161	0.098442
1162	0.103114
1163	0.10239
1164	0.103048
1165	0.102785
1166	0.106897
1167	0.106864
1168	0.109233
1169	0.104035
1170	0.110121
1171	0.112589
1172	0.115747
1173	0.1168
1174	0.119004
1175	0.118774
1176	0.123281
1177	0.124959
1178	0.126768
1179	0.130354
1180	0.122787
1181	0.127722
1182	0.129367
1183	0.128643
1184	0.128249
1185	0.130913
1186	0.12634
1187	0.128874
1188	0.128709
1189	0.127952
1190	0.127887
1191	0.126275
1192	0.12463
1193	0.125419
1194	0.126867
1195	0.123116
1196	0.124498
1197	0.120353
1198	0.1218
1199	0.11851
1200	0.109924
1201	0.109858
1202	0.110516
1203	0.109463
1204	0.104134
1205	0.105877
1206	0.10716
1207	0.107588
1208	0.099429
1209	0.090941
1210	0.079459
1211	0.073307
1212	0.071629
1213	0.073603
1214	0.080282
1215	0.084986
1216	0.083901
1217	0.08821
1218	0.089724
1219	0.093672
1220	0.095053
1221	0.097258
1222	0.10035
1223	0.100284
1224	0.103476
1225	0.105153
1226	0.106864
1227	0.102061
1228	0.097159
1229	0.097488
1230	0.103443
1231	0.104265
1232	0.10387
1233	0.097652
1234	0.093211
1235	0.095514
1236	0.096435
1237	0.093079
1238	0.092257
1239	0.095021
1240	0.09604
1241	0.101304
1242	0.099495
1243	0.099988
1244	0.102324
1245	0.105811
1246	0.10591
1247	0.109891
1248	0.108279
1249	0.111503
1250	0.112457
1251	0.106831
1252	0.099857
1253	0.09433
1254	0.093639
1255	0.089921
1256	0.096633
1257	0.094231
1258	0.097389
1259	0.095086
1260	0.092849
1261	0.097258
1262	0.097981
1263	0.094955
1264	0.085908
1265	0.082651
1266	0.086697
1267	0.086171
1268	0.089658
1269	0.095481
1270	0.092454
1271	0.09808
1272	0.097126
1273	0.095284
1274	0.092454
1275	0.093047
1276	0.087322
1277	0.082223
1278	0.075873
1279	0.078439
1280	0.07811
1281	0.080249
1282	0.081104
1283	0.074755
1284	0.077716
1285	0.075511
1286	0.077025
1287	0.082322
1288	0.082618
1289	0.084888
1290	0.084953
1291	0.079591
1292	0.086927
1293	0.08196
1294	0.083572
1295	0.078407
1296	0.082881
1297	0.085019
1298	0.089526
1299	0.09127
1300	0.091928
1301	0.095152
1302	0.095021
1303	0.095185
1304	0.098014
1305	0.09933
1306	0.097027
1307	0.091862
1308	0.082387
1309	0.086993
1310	0.083407
1311	0.08525
1312	0.088375
1313	0.094034
1314	0.093803
1315	0.08752
1316	0.079755
1317	0.077814
1318	0.078242
1319	0.079986
1320	0.082552
1321	0.081038
1322	0.087322
1323	0.084559
1324	0.084657
1325	0.073636
1326	0.072682
1327	0.069623
1328	0.066826
1329	0.069359
1330	0.066201
1331	0.068701
1332	0.070807
1333	0.065773
1334	0.065477
1335	0.067484
1336	0.060575
1337	0.068307
1338	0.068734
1339	0.074492
1340	0.073439
1341	0.079065
1342	0.084822
1343	0.087289
1344	0.086894
1345	0.089296
1346	0.088408
1347	0.091138
1348	0.096929
1349	0.099758
1350	0.102818
1351	0.105186
1352	0.108476
1353	0.10466
1354	0.11045
1355	0.11068
1356	0.114201
1357	0.11397
1358	0.115517
1359	0.119399
1360	0.122919
1361	0.121932
1362	0.124498
1363	0.125419
1364	0.128249
1365	0.129828
1366	0.131045
1367	0.13269
1368	0.133183
1369	0.136572
1370	0.137888
1371	0.139171
1372	0.135749
1373	0.136506
1374	0.136901
1375	0.138217
1376	0.136506
1377	0.139105
1378	0.133611
1379	0.137592
1380	0.134269
1381	0.132163
1382	0.130025
1383	0.121077
1384	0.118839
1385	0.113872
1386	0.120879
1387	0.115747
1388	0.117491
1389	0.11601
1390	0.117326
1391	0.113674
1392	0.107785
1393	0.11124
1394	0.11249
1395	0.112885
1396	0.116997
1397	0.118543
1398	0.116569
1399	0.121109
1400	0.119958
1401	0.121833
1402	0.124136
1403	0.123347
1404	0.119234
1405	0.123314
1406	0.123774
1407	0.125123
1408	0.123511
1409	0.121702
1410	0.124695
1411	0.123544
1412	0.123511
1413	0.125255
1414	0.124268
1415	0.123939
1416	0.126998
1417	0.127393
1418	0.12963
1419	0.129203
1420	0.129466
1421	0.12611
1422	0.13167
1423	0.128018
1424	0.131835
1425	0.130486
1426	0.129038
1427	0.125386
1428	0.126077
1429	0.127229
1430	0.127163
1431	0.128808
1432	0.130091
1433	0.133414
1434	0.128183
1435	0.132032
1436	0.132065
1437	0.132821
1438	0.135355
1439	0.135289
1440	0.13042
1441	0.130617
1442	0.133282
1443	0.13473
1444	0.13473
1445	0.131341
1446	0.130782
1447	0.128117
1448	0.128874
1449	0.129433
1450	0.128347
1451	0.127327
1452	0.127196
1453	0.126505
1454	0.126801
1455	0.127755
1456	0.127558
1457	0.129893
1458	0.128216
1459	0.127952
1460	0.12917
1461	0.129992
1462	0.131209
1463	0.130519
1464	0.131571
1465	0.133611
1466	0.130255
1467	0.134105
1468	0.137131
1469	0.135223
1470	0.134335
1471	0.135618
1472	0.130848
1473	0.136473
1474	0.13496
1475	0.128775
1476	0.130058
1477	0.13065
1478	0.132723
1479	0.133512
1480	0.132262
1481	0.134401
1482	0.136901
1483	0.135684
1484	0.13927
1485	0.136769
1486	0.139171
1487	0.138085
1488	0.138217
1489	0.137921
1490	0.137296
1491	0.136835
1492	0.134269
1493	0.128051
1494	0.12259
1495	0.117063
1496	0.113937
1497	0.116833
1498	0.110483
1499	0.107094
1500	0.101304
1501	0.107062
1502	0.103936
1503	0.100219
1504	0.10012
1505	0.100317
1506	0.101831
1507	0.10262
1508	0.097389
1509	0.093935
1510	0.089625
1511	0.091237
1512	0.08979
1513	0.081367
1514	0.082815
1515	0.085973
1516	0.08696
1517	0.084723
1518	0.084559
1519	0.087816
1520	0.08673
1521	0.091435
1522	0.093935
1523	0.093935
1524	0.090415
1525	0.09683
1526	0.097389
1527	0.098936
1528	0.097587
1529	0.099232
1530	0.099791
1531	0.10285
1532	0.102324
1533	0.103476
1534	0.094428
1535	0.10012
1536	0.099232
1537	0.10239
1538	0.104199
1539	0.107588
1540	0.105482
1541	0.106568
1542	0.10591
1543	0.099922
1544	0.094856
1545	0.085842
1546	0.084559
1547	0.091994
1548	0.094955
1549	0.094297
1550	0.096764
1551	0.096271
1552	0.103015
1553	0.10137
1554	0.104068
1555	0.10466
1556	0.105713
1557	0.108443
1558	0.111338
1559	0.112293
1560	0.106996
1561	0.103541
1562	0.100548
1563	0.107884
1564	0.100844
1565	0.097587
1566	0.094198
1567	0.093737
1568	0.093408
1569	0.098343
1570	0.100087
1571	0.103081
1572	0.107654
1573	0.109628
1574	0.11249
1575	0.117194
1576	0.118181
1577	0.118708
1578	0.122261
1579	0.123643
1580	0.12838
1581	0.123774
1582	0.1269
1583	0.130025
1584	0.129992
1585	0.132986
1586	0.132821
1587	0.131999
1588	0.135585
1589	0.138941
1590	0.135717
1591	0.134335
1592	0.135223
1593	0.137625
1594	0.144139
1595	0.142428
1596	0.141112
1597	0.142527
1598	0.138743
1599	0.144994
1600	0.140092
1601	0.146047
1602	0.14052
1603	0.142
1604	0.13371
1605	0.136835
1606	0.140783
1607	0.141079
1608	0.14029
1609	0.140355
1610	0.142691
1611	0.143711
1612	0.146771
1613	0.142066
1614	0.147593
1615	0.14381
1616	0.147494
1617	0.147955
1618	0.147429
1619	0.14812
1620	0.146705
1621	0.14302
1622	0.14427
1623	0.145784
1624	0.142362
1625	0.144172
1626	0.142889
1627	0.146442
1628	0.145224
1629	0.145126
1630	0.146606
1631	0.149041
1632	0.148152
1633	0.148942
1634	0.149633
1635	0.147692
1636	0.145882
1637	0.146705
1638	0.149666
1639	0.142724
1640	0.14483
1641	0.147198
1642	0.149106
1643	0.149995
1644	0.151311
1645	0.149172
1646	0.148054
1647	0.149403
1648	0.14937
1649	0.148876
1650	0.148777
1651	0.144468
1652	0.147626
1653	0.148185
1654	0.146343
1655	0.144172
1656	0.147396
1657	0.147823
1658	0.146968
1659	0.150455
1660	0.146409
1661	0.150982
1662	0.15039
1663	0.153449
1664	0.15187
1665	0.152824
1666	0.148185
1667	0.153877
1668	0.152429
1669	0.150521
1670	0.150751
1671	0.149732
1672	0.150028
1673	0.151113
1674	0.152199
1675	0.148152
1676	0.151969
1677	0.149074
1678	0.148284
1679	0.148383
1680	0.150653
1681	0.148712
1682	0.152002
1683	0.150817
1684	0.149633
1685	0.151245
1686	0.150159
1687	0.15266
1688	0.148843
1689	0.148481
1690	0.145553
1691	0.1471
1692	0.14835
1693	0.150258
1694	0.147856
1695	0.144863
1696	0.153877
1697	0.154732
1698	0.152002
1699	0.153416
1700	0.154502
1701	0.153844
1702	0.155127
1703	0.15085
1704	0.153416
1705	0.1521
1706	0.153153
1707	0.153054
1708	0.158548
1709	0.153482
1710	0.15562
1711	0.161871
1712	0.154666
1713	0.157496
1714	0.161147
1715	0.156739
1716	0.157035
1717	0.155884
1718	0.1572
1719	0.159305
1720	0.158055
1721	0.158746
1722	0.148876
1723	0.159601
1724	0.159963
1725	0.160358
1726	0.160095
1727	0.162694
1728	0.158581
1729	0.1622
1730	0.161049
1731	0.162496
1732	0.162431
1733	0.160753
1734	0.158187
1735	0.159075
1736	0.159864
1737	0.160753
1738	0.158976
1739	0.156015
1740	0.161246
1741	0.159667
1742	0.162562
1743	0.158417
1744	0.162167
1745	0.159371
1746	0.164635
1747	0.161838
1748	0.159206
1749	0.161805
1750	0.161904
1751	0.163418
1752	0.161575
1753	0.163812
1754	0.16401
1755	0.163845
1756	0.16322
1757	0.160522
1758	0.160786
1759	0.162957
1760	0.160851
1761	0.162365
1762	0.163352
1763	0.161641
1764	0.167563
1765	0.164404
1766	0.166214
1767	0.166477
1768	0.164306
1769	0.163977
1770	0.166773
1771	0.162167
1772	0.165918
1773	0.16549
1774	0.165556
1775	0.16674
1776	0.164404
1777	0.164733
1778	0.165161
1779	0.161674
1780	0.163023
1781	0.164602
1782	0.163911
1783	0.167826
1784	0.16799
1785	0.164832
1786	0.166181
1787	0.16651
1788	0.162299
1789	0.165293
1790	0.161147
1791	0.163747
1792	0.163121
1793	0.16345
1794	0.162529
1795	0.162825
1796	0.161312
1797	0.160226
1798	0.160358
1799	0.160654
1800	0.161279
1801	0.161016
1802	0.162562
1803	0.161147
1804	0.163023
1805	0.158877
1806	0.160292
1807	0.161345
1808	0.16118
1809	0.158548
1810	0.159338
1811	0.161707
1812	0.159371
1813	0.155324
1814	0.157298
1815	0.157858
1816	0.157233
1817	0.156575
1818	0.16049
1819	0.156575
1820	0.153614
1821	0.154897
1822	0.150422
1823	0.15335
1824	0.147988
1825	0.144928
1826	0.141803
1827	0.143218
1828	0.142428
1829	0.144632
1830	0.144895
1831	0.144402
1832	0.14654
1833	0.147297
1834	0.14756
1835	0.147363
1836	0.149271
1837	0.14835
1838	0.145586
1839	0.148054
1840	0.150455
1841	0.149435
1842	0.151278
1843	0.150949
1844	0.151475
1845	0.151048
1846	0.149041
1847	0.148021
1848	0.147593
1849	0.151015
1850	0.149468
1851	0.154074
1852	0.151113
1853	0.150061
1854	0.15187
1855	0.15391
1856	0.150751
1857	0.152627
1858	0.150883
1859	0.149403
1860	0.148745
1861	0.14756
1862	0.149995
1863	0.148021
1864	0.148317
1865	0.149797
1866	0.151903
1867	0.147067
1868	0.154535
1869	0.152495
1870	0.151212
1871	0.152429
1872	0.154239
1873	0.154173
1874	0.156048
1875	0.152692
1876	0.154765
1877	0.155588
1878	0.151607
1879	0.151936
1880	0.150883
1881	0.152594
1882	0.153647
1883	0.152989
1884	0.153021
1885	0.15516
1886	0.15289
1887	0.155028
1888	0.151607
1889	0.150422
1890	0.152265
1891	0.153416
1892	0.153153
1893	0.154568
1894	0.154403
1895	0.154337
1896	0.155259
1897	0.154633
1898	0.155423
1899	0.154864
1900	0.154107
1901	0.153515
1902	0.152528
1903	0.153482
1904	0.15108
1905	0.154535
1906	0.154239
1907	0.152528
1908	0.153515
1909	0.156476
1910	0.151837
1911	0.156048
1912	0.156772
1913	0.156213
1914	0.154666
1915	0.15516
1916	0.154074
1917	0.157562
1918	0.154666
1919	0.157759
1920	0.15539
1921	0.155752
1922	0.155653
1923	0.157956
1924	0.159206
1925	0.152627
1926	0.158845
1927	0.155193
1928	0.158252
1929	0.156443
1930	0.15845
1931	0.1572
1932	0.158483
1933	0.155324
1934	0.157825
1935	0.156081
1936	0.160391
1937	0.15743
1938	0.1521
1939	0.153679
1940	0.152791
1941	0.156706
1942	0.158154
1943	0.156969
1944	0.158845
1945	0.157923
1946	0.156015
1947	0.158285
1948	0.15891
1949	0.163121
1950	0.157989
1951	0.15766
1952	0.157693
1953	0.155917
1954	0.153153
1955	0.155291
1956	0.154469
1957	0.154469
1958	0.154107
1959	0.159338
1960	0.156443
1961	0.162332
1962	0.162003
1963	0.158976
1964	0.160917
1965	0.155456
1966	0.159042
1967	0.158022
1968	0.155752
1969	0.156904
1970	0.160391
1971	0.154798
1972	0.158976
1973	0.159108
1974	0.158417
1975	0.156673
1976	0.152627
1977	0.152857
1978	0.148383
1979	0.146376
1980	0.143119
1981	0.143876
1982	0.149238
1983	0.144139
1984	0.148284
1985	0.147889
1986	0.148416
1987	0.150422
1988	0.145784
1989	0.146573
1990	0.149501
1991	0.147791
1992	0.151113
1993	0.151212
1994	0.150949
1995	0.154239
1996	0.155423
1997	0.154206
1998	0.157496
1999	0.155127
2000	0.151607
2001	0.154798
2002	0.154601
2003	0.150719
2004	0.152034
2005	0.147034
2006	0.153647
2007	0.153745
2008	0.152232
2009	0.152956
2010	0.154074
2011	0.149271
2012	0.154633
2013	0.15562
2014	0.156278
2015	0.158976
2016	0.154173
2017	0.159503
2018	0.157298
2019	0.156311
2020	0.156443
2021	0.157298
2022	0.159206
2023	0.156673
2024	0.156509
2025	0.156377
2026	0.15766
2027	0.157562
2028	0.158746
2029	0.159141
2030	0.159371
2031	0.159963
2032	0.160457
2033	0.157825
2034	0.161345
2035	0.15789
2036	0.160161
2037	0.159206
2038	0.161444
2039	0.158746
2040	0.156443
2041	0.162792
2042	0.159009
2043	0.156673
2044	0.161641
2045	0.160555
2046	0.158285
2047	0.161345
2048	0.158187
2049	0.159733
2050	0.157693
2051	0.159404
2052	0.158779
2053	0.157134
2054	0.158779
2055	0.159601
2056	0.154305
2057	0.152528
2058	0.155324
2059	0.15266
2060	0.153318
2061	0.154305
2062	0.157397
2063	0.15766
2064	0.161049
2065	0.159239
2066	0.160259
2067	0.157529
2068	0.160424
2069	0.159108
2070	0.160555
2071	0.159075
2072	0.15947
2073	0.15618
2074	0.156311
2075	0.155291
2076	0.15947
2077	0.15664
2078	0.155456
2079	0.158976
2080	0.157364
2081	0.159733
2082	0.158121
2083	0.159766
2084	0.160193
2085	0.160555
2086	0.162134
2087	0.154535
2088	0.156739
2089	0.164503
2090	0.159634
2091	0.157923
2092	0.161082
2093	0.160819
2094	0.160851
2095	0.159141
2096	0.159996
2097	0.159799
2098	0.159996
2099	0.156706
2100	0.161378
2101	0.161345
2102	0.162036
2103	0.160786
2104	0.158154
2105	0.159075
2106	0.159239
2107	0.160819
2108	0.162036
2109	0.163286
2110	0.159075
2111	0.162266
2112	0.16197
2113	0.161213
2114	0.161542
2115	0.161345
2116	0.16299
2117	0.165161
2118	0.163549
2119	0.165095
2120	0.16526
2121	0.161115
2122	0.16118
2123	0.160325
2124	0.164832
2125	0.16174
2126	0.16572
2127	0.163516
2128	0.16503
2129	0.163977
2130	0.168385
2131	0.163681
2132	0.166543
2133	0.164668
2134	0.168517
2135	0.167102
2136	0.167563
2137	0.169635
2138	0.168188
2139	0.168023
2140	0.168879
2141	0.168287
2142	0.169866
2143	0.169175
2144	0.164865
2145	0.169339
2146	0.164733
2147	0.167168
2148	0.168616
2149	0.172103
2150	0.16753
2151	0.168648
2152	0.171544
2153	0.170984
2154	0.1723
2155	0.167365
2156	0.170524
2157	0.170655
2158	0.168122
2159	0.175656
2160	0.172596
2161	0.17003
2162	0.172761
2163	0.168945
2164	0.170754
2165	0.170754
2166	0.169668
2167	0.172004
2168	0.172662
2169	0.172991
2170	0.173353
2171	0.171609
2172	0.172531
2173	0.17582
2174	0.174801
2175	0.174603
2176	0.174208
2177	0.172465
2178	0.171774
2179	0.173024
2180	0.173879
2181	0.172366
2182	0.17355
2183	0.172333
2184	0.176084
2185	0.177169
2186	0.172465
2187	0.176478
2188	0.173485
2189	0.171346
2190	0.175524
2191	0.172925
2192	0.174504
2193	0.174241
2194	0.176577
2195	0.174636
2196	0.175919
2197	0.174373
2198	0.17513
2199	0.177334
2200	0.174011
2201	0.176676
2202	0.178748
2203	0.173978
2204	0.17513
2205	0.179077
2206	0.172761
2207	0.176018
2208	0.178288
2209	0.175064
2210	0.172662
2211	0.176117
2212	0.174274
2213	0.173781
2214	0.17082
2215	0.174603
2216	0.174175
2217	0.175722
2218	0.176676
2219	0.174899
2220	0.178321
2221	0.176709
2222	0.177992
2223	0.175788
2224	0.17786
2225	0.175853
2226	0.174735
2227	0.175788
2228	0.174702
2229	0.174274
2230	0.175459
2231	0.174274
2232	0.17332
2233	0.173912
2234	0.175261
2235	0.177071
2236	0.178748
2237	0.178354
2238	0.177202
2239	0.179275
2240	0.174143
2241	0.1799
2242	0.177465
2243	0.174406
2244	0.17559
2245	0.176478
2246	0.174866
2247	0.176972
2248	0.175064
2249	0.17809
2250	0.179801
2251	0.177202
2252	0.179341
2253	0.17684
2254	0.175327
2255	0.179505
2256	0.176182
2257	0.175459
2258	0.180163
2259	0.174044
2260	0.179604
2261	0.179735
2262	0.176972
2263	0.176084
2264	0.178913
2265	0.177136
2266	0.177827
2267	0.178683
2268	0.177729
2269	0.180426
2270	0.178518
2271	0.178748
2272	0.177367
2273	0.181018
2274	0.177761
2275	0.172136
2276	0.17684
2277	0.180097
2278	0.178387
2279	0.178452
2280	0.178683
2281	0.177893
2282	0.179538
2283	0.178551
2284	0.180755
2285	0.178814
2286	0.181874
2287	0.177926
2288	0.1774
2289	0.178321
2290	0.184144
2291	0.178584
2292	0.180657
2293	0.181611
2294	0.17865
2295	0.181084
2296	0.176742
2297	0.182631
2298	0.178814
2299	0.181907
2300	0.180032
2301	0.179143
2302	0.178716
2303	0.177202
2304	0.175952
2305	0.180295
2306	0.181808
2307	0.180064
2308	0.177827
2309	0.181709
2310	0.180064
2311	0.178025
2312	0.182269
2313	0.18036
2314	0.179045
2315	0.181413
2316	0.180295
2317	0.183289
2318	0.181084
2319	0.179604
2320	0.182071
2321	0.180459
2322	0.180163
2323	0.179735
2324	0.181249
2325	0.181907
2326	0.182499
2327	0.181808
2328	0.177794
2329	0.18319
2330	0.182038
2331	0.182005
2332	0.179801
2333	0.180295
2334	0.181973
2335	0.181742
2336	0.182005
2337	0.18421
2338	0.17967
2339	0.177531
2340	0.177729
2341	0.178946
2342	0.181808
2343	0.181874
2344	0.181644
2345	0.182466
2346	0.181775
2347	0.182334
2348	0.182598
2349	0.183453
2350	0.182663
2351	0.178123
2352	0.182236
2353	0.180525
2354	0.182663
2355	0.174504
2356	0.172234
2357	0.17638
2358	0.177235
2359	0.176446
2360	0.181479
2361	0.181775
2362	0.18421
2363	0.18444
2364	0.179604
2365	0.180887
2366	0.178683
2367	0.182894
2368	0.179703
2369	0.182894
2370	0.179966
2371	0.181676
2372	0.180887
2373	0.183091
2374	0.181446
2375	0.181117
2376	0.182696
2377	0.182269
2378	0.182137
2379	0.183749
2380	0.184736
2381	0.180459
2382	0.184868
2383	0.182104
2384	0.185986
2385	0.181578
2386	0.18115
2387	0.181479
2388	0.180821
2389	0.180064
2390	0.180459
2391	0.181611
2392	0.181545
2393	0.184736
2394	0.181051
2395	0.17911
2396	0.182137
2397	0.185131
2398	0.182499
2399	0.184012
2400	0.183486
2401	0.183585
2402	0.183025
2403	0.181084
2404	0.182729
2405	0.182367
2406	0.176709
2407	0.182137
2408	0.182236
2409	0.179999
2410	0.181315
2411	0.181479
2412	0.186973
2413	0.184144
2414	0.181676
2415	0.182203
2416	0.184473
2417	0.186019
2418	0.182795
2419	0.181446
2420	0.181446
2421	0.179242
2422	0.18138
2423	0.18013
2424	0.177761
2425	0.180788
2426	0.182631
2427	0.183289
2428	0.181315
2429	0.181907
2430	0.184572
2431	0.181874
2432	0.180722
2433	0.183486
2434	0.181578
2435	0.182104
2436	0.180591
2437	0.182762
2438	0.180558
2439	0.180854
2440	0.179341
2441	0.1824
2442	0.180591
2443	0.178946
2444	0.182828
2445	0.180459
2446	0.185032
2447	0.182762
2448	0.185789
2449	0.18296
2450	0.183716
2451	0.18296
2452	0.184111
2453	0.180624
2454	0.182203
2455	0.181018
2456	0.180722
2457	0.17865
2458	0.177761
2459	0.182762
2460	0.17911
2461	0.186578
2462	0.18036
2463	0.175985
2464	0.179505
2465	0.182861
2466	0.180393
2467	0.181644
2468	0.181775
2469	0.182203
2470	0.183519
2471	0.182565
2472	0.182236
2473	0.181709
2474	0.182367
2475	0.181611
2476	0.181874
2477	0.18138
2478	0.183979
2479	0.181907
2480	0.179308
2481	0.187072
2482	0.183289
2483	0.182038
2484	0.184999
2485	0.182762
2486	0.181446
2487	0.185032
2488	0.1799
2489	0.182071
2490	0.181742
2491	0.179867
2492	0.18319
2493	0.180393
2494	0.179604
2495	0.182565
2496	0.178979
2497	0.183519
2498	0.181841
2499	0.182269
