Ladekurvenmessung

Zeit: 2018_05_04 09.02.57

Info: FVA3, v = 0.749, T = 23, F = 20, h = 374.2

Ladewiderstand[Ohm]: 1012700

Störkapazität[pF]: 0.000000

Entladezeit[ms]: 200

Abtastrate[Hz]: 250000

Anzahl der Messwerte: 2500.000000

Verzögerung[ms]: 3

Ladespannung[V]: 0.200000


	Kurve_1	Kurve_2	Kurve_3
0	-0.001498	0.001132	-0.002977
1	0.000639	-0.001334	0.001789
2	0.00031	-0.000676	0.002611
3	-0.001498	0.000146	-0.000841
4	0.004748	-0.001334	-0.000676
5	-0.001005	-0.000512	0.000474
6	0.000967	0.000474	-1.9e-05
7	-0.000841	0.001296	0.000967
8	0.000146	0.002447	-1.9e-05
9	-0.000676	0.001296	0.002447
10	-0.001498	-0.001334	0.003761
11	-0.001498	0.003104	-0.001498
12	-1.9e-05	-0.000347	0.001296
13	-0.002648	0.000967	0.003268
14	-0.001334	-0.003635	0.00294
15	-0.000841	-0.002813	0.001789
16	-0.001169	-0.002648	-1.9e-05
17	0.001296	-0.004785	-0.000183
18	-0.000676	-0.003963	-0.000183
19	-0.000841	-0.003142	-0.00347
20	-0.002484	-0.001005	-0.000347
21	-0.003306	-0.001498	-0.001991
22	-0.001827	-0.001005	-0.001827
23	-0.000347	-0.001498	-0.001169
24	-0.003799	-0.001169	0.000146
25	-0.002648	-0.001005	-0.001662
26	-0.002648	0.001296	-0.004456
27	0.00146	-0.000841	0.002282
28	-0.001991	0.00294	0.002447
29	0.000474	0.000146	0.004583
30	-0.000183	0.004255	0.002118
31	-0.004621	-0.001827	0.001296
32	-0.000512	0.000639	0.00146
33	-0.000676	0.000146	-0.000347
34	-0.000676	-0.003635	-0.001334
35	-0.001169	-0.002484	0.000803
36	0.000639	-0.001005	-0.00347
37	-0.002155	-0.002813	-0.003799
38	-0.001334	-0.004292	-0.005771
39	-0.000841	-0.000676	-0.003963
40	-0.000183	0.001789	-0.002484
41	-0.001827	-0.002648	-0.004621
42	0.000474	-0.002155	-0.000676
43	-0.001991	0.002447	-0.001498
44	-0.001498	0.000639	0.002118
45	-0.004128	0.000639	-0.000841
46	-0.003963	-0.000841	0.00294
47	-0.003306	0.00031	-0.000347
48	-0.002648	0.000146	-1.9e-05
49	-0.001498	-0.002484	-0.000512
50	-0.00232	0.00294	0.000639
51	0.000146	-0.000841	-0.00232
52	-0.002155	-0.001827	-0.001498
53	-0.002155	-0.00347	-0.004128
54	-0.004292	-0.004292	-0.001169
55	-0.003142	-0.001827	0.00031
56	-0.005771	-0.000676	-0.002648
57	-0.001662	-0.003799	0.001625
58	-0.002813	-0.002648	-0.001662
59	-0.002813	-0.002648	-0.000841
60	0.001132	0.00031	-0.000841
61	-1.9e-05	0.001296	-1.9e-05
62	-0.000676	0.003433	-0.001334
63	-0.001498	-0.001991	-0.000183
64	-0.001662	-0.001662	-0.000183
65	-0.002484	-0.001827	0.00031
66	-0.000676	-0.002813	-0.000183
67	-0.003635	-0.001662	0.000474
68	0.000967	-0.00725	-0.004949
69	-0.00232	-0.005771	-0.0061
70	-0.00347	-0.004128	-0.004128
71	-0.007579	-0.001991	-0.004785
72	-0.003306	-0.00232	-0.002813
73	-0.003306	0.00146	-0.004292
74	-0.001827	-0.002484	-0.001991
75	-0.00347	-0.001005	-0.002648
76	-0.003306	-0.001662	-0.000512
77	-0.000347	-0.001005	-0.000512
78	-0.001498	-0.002648	-0.000347
79	-1.9e-05	-0.001827	0.000474
80	-0.001498	-0.002648	0.00146
81	-0.005936	-0.004621	0.00031
82	-0.000183	-0.001498	0.000146
83	-0.001169	-0.001169	-0.000347
84	-0.002813	-0.000183	-0.001005
85	0.001625	-0.001498	-0.003635
86	-0.002813	0.002118	-0.001827
87	-0.002648	-0.001662	-0.006264
88	-0.004128	-0.000512	-0.009551
89	-0.000841	-0.004292	-0.004128
90	-0.000183	-0.000347	-0.002813
91	-0.000841	-0.004456	-0.003635
92	-0.001005	-0.00347	-0.004456
93	-0.001334	-0.003142	-0.000183
94	0.001132	-0.000512	-0.001169
95	-0.005607	0.001296	0.000474
96	-0.004128	-0.001334	-0.00347
97	-0.004456	-0.003142	0.000803
98	-0.002648	0.000146	0.000474
99	-0.002648	0.003104	-0.00232
100	-0.002155	-0.008237	-1.9e-05
101	-0.002977	-0.003306	-0.000347
102	-0.001662	-0.004456	0.000639
103	-0.002813	-0.004128	-0.003142
104	-0.002813	-0.003635	-0.001334
105	-0.001991	0.000474	-0.001498
106	-0.003306	-0.001498	-0.001005
107	0.000967	-0.001662	-0.004456
108	-0.006593	-0.003306	0.002118
109	-0.001498	-0.003142	-0.002648
110	-0.000347	0.002447	-0.001827
111	-0.000676	-0.002484	-0.001334
112	-0.001005	-0.002484	0.001789
113	-0.000347	-0.001827	-0.001005
114	-0.001498	-0.001498	0.000146
115	-0.000841	-0.002484	-0.002155
116	-0.001334	-0.002977	-0.000841
117	-0.000676	-0.001498	-1.9e-05
118	-0.004292	0.001954	-0.004292
119	-0.008894	-0.005278	0.002118
120	-0.004128	-0.004128	-0.000676
121	-0.004128	-0.001005	0.000639
122	-0.005278	-0.003142	-0.001827
123	-0.004621	-0.003142	0.000146
124	-0.002484	-0.001827	-0.003142
125	-0.002155	-0.002648	0.000639
126	-0.001169	-0.00347	-0.004621
127	-1.9e-05	-0.001169	-0.000347
128	0.000803	-0.001827	-0.003142
129	-0.001334	-0.001005	-0.002977
130	-0.010702	-0.000512	0.000803
131	-0.001991	-0.004128	-0.001334
132	-0.001169	-0.000183	0.00031
133	-0.001005	-0.000676	-0.001334
134	-0.000512	-0.005607	0.002118
135	-0.00232	-0.001005	-0.004785
136	-0.001827	0.001296	-0.000512
137	-0.004949	-0.002484	-0.003142
138	-0.000676	-0.000676	-0.000676
139	-0.001498	0.000146	0.000146
140	-0.00232	-0.002977	-0.004621
141	-0.010209	-0.001498	-0.000183
142	-0.002484	-0.003142	-0.002648
143	-1.9e-05	-0.002155	-0.002813
144	-0.00347	-0.002977	-0.002813
145	-0.002648	-0.004621	0.00146
146	-0.003142	0.00031	-0.001991
147	-0.001169	-0.001827	-0.001498
148	-0.002484	-0.002977	-0.002484
149	-0.000841	-0.005114	-0.002813
150	-0.002155	-0.003635	-0.000512
151	-1.9e-05	-0.005443	-0.001169
152	-0.013332	-0.003306	-0.000841
153	-0.001498	-0.001498	0.00031
154	-0.003963	-0.001827	-0.000676
155	-0.003306	-0.002155	-0.000183
156	-0.000183	-0.002155	-1.9e-05
157	0.00031	-0.003142	0.001132
158	-0.000841	-0.002155	-0.002813
159	-0.002155	-0.002648	-0.001498
160	-0.000676	-0.000841	-0.002155
161	-0.001662	-0.000676	-0.000841
162	0.001625	-0.001005	-0.002648
163	-0.007086	0.000146	-0.002484
164	-0.000183	-0.004949	0.000967
165	-0.002648	-0.002155	-0.001334
166	0.000474	-0.008565	-0.002813
167	-0.001662	-0.006429	0.000967
168	-0.003963	-0.001991	-0.000512
169	0.00031	-0.001827	-0.002484
170	-0.00232	-0.001991	0.000639
171	-0.000183	-0.001334	-0.000841
172	-0.002977	0.000639	-0.001498
173	-0.002484	-0.000512	-0.001169
174	-0.0061	-0.001662	-1.9e-05
175	-0.004785	-0.002155	-0.002155
176	-0.003799	-0.002648	-0.002977
177	-0.001334	-0.003963	-0.002484
178	-0.001005	-0.001827	-0.00232
179	0.000146	-0.003799	-0.003963
180	-0.002813	-0.00232	-0.002648
181	-0.000183	-0.00347	-0.000841
182	-0.000676	-0.001005	-1.9e-05
183	-0.000512	0.000474	-0.002648
184	0.000967	-0.002813	-0.002813
185	-0.000676	-0.003635	0.000146
186	-0.003306	-0.001498	-0.001662
187	-0.002484	-0.002813	0.000474
188	0.00146	-0.00232	-0.003963
189	-0.002484	-0.001991	0.000639
190	-0.001005	-0.002648	-0.005443
191	-0.000676	-0.001991	-0.004456
192	-0.000676	-0.00232	-0.003306
193	-0.003306	0.000803	-0.004456
194	-0.000841	-0.002155	-0.004785
195	-0.002484	-0.002155	-0.005771
196	0.000474	-0.001662	-0.00232
197	-0.005936	-0.002813	-0.004785
198	-0.001662	-0.00347	-0.000183
199	-0.002155	-0.004456	-0.001991
200	-0.001334	-0.002977	-0.002977
201	0.001789	-0.003635	-0.002484
202	-0.002484	-0.005771	-0.000841
203	-0.00232	0.000474	-0.000676
204	-0.001991	-0.00232	-1.9e-05
205	-0.001498	-1.9e-05	-0.001334
206	-0.001005	0.001625	-0.001005
207	0.001132	-0.002977	0.000639
208	-0.004949	-0.001827	-0.001991
209	-0.001498	-0.001991	-0.001005
210	-0.002977	-0.001662	-0.000676
211	-0.002813	-0.002648	-0.002484
212	-0.001827	-0.003142	-0.001991
213	-0.001334	-0.005114	-0.002155
214	-0.002648	-0.004949	-0.004292
215	-0.000512	-0.005278	-0.001005
216	-0.001662	-0.002977	-0.003799
217	-1.9e-05	-0.004785	-0.002484
218	0.002447	-0.004949	-0.003635
219	-0.002977	-0.005114	0.000146
220	-0.002977	-0.002977	-0.003635
221	-0.00232	-0.00232	0.000639
222	-0.001827	-0.000183	-0.00347
223	-0.001662	-0.001005	-0.002484
224	-0.003306	-0.001827	-0.001169
225	-0.007415	-1.9e-05	-0.001991
226	0.001625	-0.003963	-0.001991
227	-0.001005	-0.001334	-0.003142
228	-0.000676	-0.00232	-0.003306
229	0.005241	-0.001498	-0.001662
230	-0.00232	-0.003142	-0.001498
231	0.000803	-0.001169	-0.003142
232	0.001132	-0.004128	-0.001662
233	-0.001169	-0.002977	-0.003963
234	0.000146	-0.002648	-0.00347
235	0.00031	-0.000347	-0.002155
236	-0.002977	-0.000676	-0.000841
237	0.00031	-0.001991	-0.002648
238	-0.001169	0.000474	-0.00232
239	0.000803	-0.001334	-0.001334
240	0.004255	0.002118	-0.001662
241	-0.001498	-0.001334	-0.002648
242	-0.002155	0.002447	-0.002977
243	-0.000841	-0.001991	-0.001334
244	-0.001498	-0.00232	-0.00725
245	-0.00232	-0.00232	-0.00347
246	-0.000512	-0.001662	-0.002155
247	-0.005443	-0.003306	-0.002155
248	-0.003963	-0.001991	-0.003799
249	-0.001662	-0.003306	-0.001498
250	-0.005443	-0.002977	-0.004785
251	0.005241	-0.001498	-0.001169
252	-0.001991	-0.003799	-0.002484
253	-0.003142	-0.002155	-0.002813
254	-0.000676	-0.003142	-0.000183
255	-0.00347	-0.001169	-1.9e-05
256	0.000639	-0.001991	-0.001169
257	-0.002813	-0.000512	-0.000841
258	-0.006593	-0.00232	-0.001334
259	-0.004128	-0.006593	-0.002648
260	-0.000841	-0.001334	0.000146
261	-0.004621	-0.002484	-0.002813
262	0.002282	-0.00232	-0.001005
263	-0.005771	-0.001169	-0.001334
264	-0.002977	-0.005114	-0.000841
265	-0.002484	-0.004621	-0.002813
266	-0.001498	-0.003306	-0.002155
267	-0.00232	-0.005771	-0.001498
268	-0.003635	-0.004621	-0.000676
269	-0.00232	-0.002155	0.000474
270	-0.002648	-0.000183	0.00146
271	-0.000841	-0.001334	0.000146
272	-0.003799	0.000146	-0.001005
273	-0.001498	-0.002484	0.00031
274	-0.004292	-0.001991	-0.001005
275	-0.003635	0.00031	-0.001498
276	-0.002484	-0.001498	-0.002977
277	-0.001334	-0.001662	-0.002155
278	-0.003142	-1.9e-05	-0.004128
279	-0.000183	-0.002977	-0.001827
280	-0.001498	-0.001169	-0.002155
281	-0.001169	-0.004128	-0.002155
282	-0.000347	-0.001662	-0.002977
283	-0.001991	-0.000676	-0.003142
284	-0.000512	-0.002484	-0.00347
285	-0.001827	-0.000841	-0.002813
286	0.000474	0.000803	-0.001498
287	-0.001498	-0.001991	-0.000183
288	-0.000183	-0.002484	0.00031
289	-0.002484	-0.002484	-0.005607
290	0.000146	-0.001169	0.000146
291	-1.9e-05	0.001132	-0.005936
292	-0.000676	-0.004128	-0.003142
293	-0.002155	-0.001662	-0.004128
294	-0.001991	-0.001334	-0.001498
295	-0.001498	-0.000841	-0.002813
296	-0.001662	-0.001005	-0.003635
297	-0.000841	-0.000183	0.000803
298	-0.005114	-0.00232	-0.006593
299	-0.000347	-0.00347	-0.00232
300	-0.002977	-0.002977	-0.002648
301	-1.9e-05	-0.001991	-0.003142
302	-0.002155	-0.001827	-0.001991
303	-1.9e-05	-0.00347	-0.002155
304	-0.001498	-0.002648	-0.002977
305	0.00031	-0.001827	0.001132
306	0.000474	-0.001498	-0.002155
307	-0.001005	-0.002155	-0.001662
308	-0.001662	0.001954	-0.002648
309	-0.00347	-0.003799	-0.006922
310	-1.9e-05	-0.000183	-0.002484
311	-0.00232	-0.002155	-0.001169
312	-0.000841	-0.001169	-1.9e-05
313	-0.000841	-0.000347	-0.000676
314	0.001132	-0.003306	0.000146
315	-0.003963	-0.000347	-0.002977
316	-0.001827	-0.003306	-0.003963
317	-0.000183	-0.001169	-0.001005
318	-0.004785	-0.00347	-0.001827
319	-0.005771	-0.001005	-0.004785
320	0.001296	-0.00347	-0.00988
321	-0.003963	-0.000183	-0.003306
322	-0.001662	-0.003306	-0.000676
323	-0.000183	-0.004949	-0.00347
324	0.000474	-0.002813	-0.001662
325	0.00031	-0.004785	-0.001827
326	-0.001169	-0.002484	-0.001827
327	-0.000512	-0.000347	-0.003142
328	-0.002155	-0.001498	0.002282
329	-0.002648	-0.000347	-0.001827
330	-0.002155	-0.000347	0.000474
331	-0.00347	-0.001334	-0.004785
332	-0.003635	-0.001169	-0.002484
333	-0.001169	-1.9e-05	-0.001662
334	-0.000676	-0.000183	-0.001498
335	0.000146	-0.002813	-0.001827
336	-0.000512	-0.000512	-0.000841
337	-0.002155	-0.001334	-0.002484
338	-0.000183	0.000803	-0.006429
339	0.003926	-0.002155	-0.002977
340	-0.002484	-0.001827	-0.006429
341	-0.002155	0.00031	-0.006593
342	-0.000183	-0.001169	-0.002155
343	-0.002977	-0.000676	-0.003142
344	0.000146	-0.000512	-0.003635
345	-0.000676	-0.001169	0.000803
346	0.000474	-0.001498	-0.001334
347	0.003268	-0.002155	-1.9e-05
348	0.000967	-0.001005	-0.000183
349	-0.000841	-0.000512	-0.001662
350	0.001132	-0.002484	-0.000676
351	-0.001498	-0.000512	-0.000676
352	-0.002484	-0.000347	-0.004621
353	-0.001662	-0.000347	0.003268
354	-0.002155	-0.004128	0.000146
355	-0.002155	-0.000676	-0.003963
356	0.003104	-0.002977	-1.9e-05
357	-0.000183	-0.002813	-0.002813
358	-0.001334	-0.002813	-0.00232
359	0.000146	-0.001991	-0.001662
360	0.002611	-0.000347	-0.002484
361	0.00146	-0.000676	-0.000841
362	-0.001169	-0.000512	-0.000512
363	-0.000841	0.001132	-0.002155
364	-0.001334	0.000146	0.00409
365	0.000146	-0.00232	-1.9e-05
366	-0.001334	-0.000841	-0.001334
367	0.003926	-0.002484	0.000639
368	-0.001662	-0.000183	-1.9e-05
369	-0.003142	-0.004949	-0.001991
370	-0.003306	-0.00232	-0.001498
371	-0.002484	-0.001662	-0.004456
372	0.002775	0.003104	-0.00347
373	-0.007086	-0.00347	-0.002648
374	-0.002977	0.000474	-0.004456
375	-0.00347	-0.004785	0.000639
376	0.002118	-0.001827	-0.003963
377	-0.002977	-0.000841	-0.002977
378	0.000803	-0.002155	-0.001005
379	0.001625	-0.001498	0.000146
380	-0.003963	-0.002155	-0.001005
381	-0.000347	0.00146	-0.001005
382	-0.000183	-0.000841	0.000639
383	-0.000347	0.001132	-0.001827
384	-0.001498	-0.001169	-0.000183
385	-0.002648	0.00031	-0.002813
386	-0.002648	0.00146	-0.000347
387	-0.00232	-0.000512	-0.005443
388	-0.000512	-0.00347	-0.005114
389	0.00146	-0.001662	-0.006757
390	0.000146	-0.003142	-0.005278
391	-0.000347	-0.002648	-0.001169
392	0.00031	-0.000183	-0.003799
393	0.000146	-0.001498	-0.004785
394	0.000474	-0.003799	-0.004785
395	0.000146	-0.005278	-0.000841
396	-0.004292	-1.9e-05	-0.001169
397	-0.002155	-0.002977	0.000967
398	-0.000512	-0.001169	0.000803
399	0.000474	-0.002648	-0.000841
400	-0.000676	0.000639	-0.001498
401	0.00294	-0.001498	0.000146
402	-0.000841	-0.001334	-0.001991
403	-0.002813	-0.000183	-0.001005
404	-0.000676	-0.003306	-0.003799
405	-0.001498	-0.001334	-0.001498
406	-0.002648	-0.002155	-0.002977
407	-0.002484	-0.003142	-0.002813
408	-0.002155	-0.004292	-0.00232
409	-0.002484	-0.002155	-0.002813
410	0.002775	-0.003635	-0.002813
411	-0.000347	-0.001662	-0.003142
412	0.000639	-0.003142	0.00031
413	0.000639	-0.004621	-0.001662
414	-0.001498	-0.003963	-0.001498
415	0.002611	-0.001991	-0.003306
416	0.002611	-0.004949	-0.000512
417	-0.000512	-0.002648	-0.000512
418	-1.9e-05	-0.001991	0.00031
419	-0.001991	-0.000512	-1.9e-05
420	-0.001169	-0.001662	0.000474
421	-0.001498	-0.003142	-0.002155
422	-0.001991	-0.003963	-0.004128
423	-0.000512	-0.003963	-0.002484
424	-0.003306	-0.003635	-0.002813
425	-0.001991	-0.000841	-0.003306
426	-0.001662	0.001132	-0.003142
427	-0.000347	-0.004621	-0.001169
428	-0.005114	0.000639	-0.001827
429	0.005405	-0.003306	0.00031
430	-1.9e-05	-0.00232	0.000474
431	0.000639	-0.001827	-0.002155
432	0.00146	-0.000183	-0.001662
433	-0.001169	-0.001005	0.000146
434	0.00146	-0.001991	-0.001662
435	-0.000512	-1.9e-05	-0.001005
436	0.00031	0.000967	-0.001334
437	-0.001991	-0.00232	-0.001498
438	-1.9e-05	-0.001991	-0.001827
439	-0.001827	-0.001498	-0.001662
440	-0.001169	-0.002155	-0.002813
441	-0.002648	-0.003306	-0.005936
442	-0.002484	-0.000347	-0.005114
443	0.000146	-0.001169	-0.00347
444	0.000639	-0.001498	-0.000676
445	0.000146	0.002118	-0.00232
446	0.003104	-0.005607	-0.001169
447	-0.001005	-0.000512	0.000803
448	-0.002648	-0.002977	-0.001991
449	0.002775	-0.00232	-0.000676
450	-0.00232	-0.001334	0.002118
451	-0.000841	-0.000183	-0.002813
452	-0.00347	-0.003799	0.002447
453	-0.001827	-0.002648	-0.00232
454	-0.002155	-0.000676	-0.001005
455	-0.001827	-0.002484	-0.000512
456	-0.001827	-0.00347	-0.003963
457	-0.000512	-0.001827	-0.002648
458	-0.002648	-0.000183	0.000474
459	-0.001991	-0.001991	-0.002155
460	0.001789	-0.001334	-0.001498
461	-0.002648	-0.001334	-0.000512
462	-0.002648	0.00031	-0.002977
463	-0.000841	-0.005443	0.004912
464	-0.001991	-0.005114	-0.000183
465	0.001132	-0.003142	-0.000676
466	-0.000183	-0.002648	-0.001662
467	0.00031	-0.003142	0.00031
468	0.001625	-0.004456	-0.003799
469	-0.000183	-0.001334	0.001132
470	-0.002155	-0.000841	0.001625
471	-0.001662	0.000803	0.000967
472	-0.003142	-0.001005	-1.9e-05
473	-0.004621	0.002447	-0.000841
474	-0.001005	-0.004456	-0.001005
475	-0.005936	-0.003799	-0.003306
476	-0.002484	-0.001827	-0.003142
477	-0.001005	-0.001827	-0.004128
478	0.00031	-0.003306	-0.003142
479	0.00146	-0.000841	-0.002813
480	-0.001498	-0.000347	0.000967
481	0.000474	-0.002155	-0.001498
482	0.00031	-0.001169	-1.9e-05
483	-1.9e-05	0.000967	-0.00347
484	-0.001827	0.000146	0.000146
485	-1.9e-05	-0.001662	-0.001498
486	-0.000183	-0.002977	-1.9e-05
487	-0.002813	-0.001005	0.003104
488	-0.004128	-0.001005	-0.001169
489	0.003597	-0.00232	-0.001005
490	-0.006429	-0.000841	-0.00232
491	0.00031	-0.000512	-0.001498
492	-0.001991	-0.000183	-0.000347
493	-0.000676	0.00146	0.00409
494	-0.001991	-0.000676	-0.00232
495	-0.002155	-0.000347	-0.000676
496	0.000146	-0.003799	-0.001991
497	-0.000676	-0.000841	0.001132
498	0.003433	-0.000512	-0.00347
499	0.003433	-0.001991	-0.001005
500	0.003104	-0.003963	-0.003306
501	0.000639	-0.001991	-0.001498
502	0.001296	-0.002484	0.000967
503	-0.001827	0.000474	0.001789
504	-1.9e-05	-0.001991	-0.00347
505	-0.002155	-0.000183	0.000474
506	-0.001662	0.000803	0.00031
507	-0.005443	-1.9e-05	-0.003799
508	-0.000841	-0.002977	-0.001991
509	-0.001991	0.000146	-0.002155
510	-0.00232	-0.000512	-0.001498
511	-0.001169	-0.000183	-0.001827
512	-0.000841	-0.001662	-0.001334
513	-0.004292	-0.000512	-0.001827
514	-0.002977	-0.00347	0.002775
515	-0.002648	-0.003142	-0.002155
516	-0.000183	-0.000183	-0.001662
517	-0.001005	-0.003963	-0.000183
518	-0.002813	-0.001498	-0.004128
519	-0.000347	-0.004785	-0.001498
520	-0.000841	-0.002813	0.001625
521	-0.003142	-0.00347	-0.000183
522	-0.000183	-0.000841	0.001132
523	-0.00232	-0.001991	0.001296
524	0.00031	0.000146	-0.000183
525	-0.000676	-0.001498	0.003433
526	-0.000512	-0.001005	-0.00347
527	-0.001827	-0.001498	-0.00232
528	-0.001169	-0.001334	0.000967
529	-0.001991	-0.002977	-0.000676
530	0.002118	-0.000512	-0.004128
531	-0.001662	-0.000841	-0.001005
532	-0.001662	-0.002977	-0.001662
533	0.000146	-0.002155	-0.005114
534	-0.000183	-0.003963	-0.004128
535	-0.002648	0.000639	-0.000512
536	0.001132	-0.003963	0.003597
537	0.00031	0.000803	-0.000183
538	-0.001169	-0.002484	-0.001498
539	0.000474	-0.001005	-0.003635
540	-0.002813	-0.001005	0.00146
541	-0.000512	-0.000183	-0.003306
542	-0.001005	0.001296	0.000146
543	-0.003963	0.00031	-0.003799
544	-0.001169	-0.000841	-0.002977
545	-0.000512	-1.9e-05	-0.001662
546	-0.000512	0.001954	0.001132
547	-0.00232	0.002118	-0.00232
548	-1.9e-05	-0.000676	-0.001498
549	-0.000347	-0.002813	-0.001827
550	-0.004128	-0.000676	-0.001334
551	-0.000347	-0.003963	-0.000183
552	-0.003799	-0.001498	-0.004128
553	-0.001991	-0.00232	-0.000512
554	-0.005278	-0.002813	-0.001991
555	0.000474	-0.000512	-0.002484
556	-0.001005	0.000146	-1.9e-05
557	-0.001991	-0.001662	0.001954
558	-0.000841	0.000803	-0.000347
559	-0.000512	-0.001827	0.003926
560	-0.002484	-0.000676	-0.001662
561	-0.001827	0.003926	0.000474
562	-1.9e-05	-0.000347	0.00031
563	0.000146	0.000474	-0.005936
564	0.000803	-0.002155	-0.005278
565	-0.00725	-0.004785	-0.001334
566	0.000146	-0.001991	-0.002977
567	-0.000676	-0.002813	-0.002484
568	-1.9e-05	-0.004785	-0.000512
569	-0.003306	-0.002155	0.000146
570	-0.000347	-0.001169	-0.001991
571	-0.002648	-0.002155	0.001132
572	-0.002977	-0.000183	-1.9e-05
573	-0.001991	0.000474	-0.000841
574	-0.006429	0.000803	0.001954
575	-0.00232	0.004748	0.000967
576	-0.001169	-0.000183	-0.001827
577	0.002118	0.000474	0.000146
578	-1.9e-05	0.000146	-0.000512
579	0.00031	-0.002155	-0.000183
580	-0.001005	-0.001498	-0.000347
581	0.002118	-0.003306	-0.000676
582	-0.002155	-0.002155	-0.003142
583	-0.001662	-0.001498	-0.003142
584	-0.000512	-0.001005	0.000474
585	-0.000676	-0.003799	-0.001827
586	0.001625	-0.000841	-0.002155
587	-0.002977	-0.002484	0.000146
588	0.001296	-0.001498	-0.005443
589	-0.001662	-0.001827	-0.002484
590	0.000474	0.001132	-0.005771
591	-0.000512	-0.002155	0.00031
592	0.002282	-0.001827	-0.002813
593	-0.003142	-0.002155	-0.004292
594	0.00031	-0.003306	-0.002813
595	-0.001991	-0.001005	-0.001334
596	0.000967	-0.001005	-0.000183
597	-0.003306	-0.00873	-0.001662
598	-0.002813	-0.0061	-0.001498
599	-0.001005	0.000146	-0.001827
600	-0.001991	-0.004128	-0.001991
601	-0.000512	-0.001334	-0.001991
602	-0.003799	-0.002813	0.001789
603	-0.001827	-0.001498	-0.000676
604	-0.00232	-0.001991	0.001296
605	-0.002648	0.000146	-0.001662
606	-0.000512	-0.000676	-0.001005
607	-0.000512	-0.000841	-0.001005
608	-0.002977	0.000146	-1.9e-05
609	0.00031	0.000146	-0.001005
610	-0.000512	0.000639	0.000639
611	-1.9e-05	0.002118	0.000639
612	-0.000183	0.000474	0.002447
613	-0.001169	0.000474	0.001789
614	-0.001005	-1.9e-05	-0.001169
615	-0.002155	-0.002813	-0.001498
616	-0.002484	-0.005607	-0.001005
617	-0.001991	-0.001334	-0.002484
618	-0.000841	-0.001005	-0.002813
619	-0.000512	-0.002155	-0.000841
620	-0.002813	0.000803	-0.004949
621	-0.000841	0.000967	-1.9e-05
622	-1.9e-05	-0.000676	-0.002648
623	-0.000512	0.002447	-0.001991
624	0.002775	0.001625	-0.001498
625	0.000474	0.003433	0.000146
626	-1.9e-05	0.003268	-0.001498
627	0.000146	0.001789	-0.001827
628	0.000803	0.000639	-0.000676
629	0.00031	0.001789	-0.002155
630	-1.9e-05	-0.000512	0.000146
631	-0.003306	0.003433	-0.004128
632	-1.9e-05	-0.001169	-1.9e-05
633	-0.001334	0.000639	-0.00232
634	-0.001005	0.000967	-0.001005
635	-0.000676	0.001132	0.000967
636	0.00146	0.001132	-0.002648
637	-0.000347	0.000146	-0.0061
638	-0.000841	0.001296	-0.004949
639	0.00294	-1.9e-05	-0.005278
640	-0.000512	0.000639	-0.000512
641	0.001132	-0.000841	-0.004785
642	0.000967	0.00031	-0.002813
643	0.002118	0.000639	-0.001498
644	-0.000512	0.000967	-0.00232
645	0.000146	0.000639	0.006556
646	0.00031	0.003761	0.001296
647	-0.000347	0.000146	0.00146
648	-0.001334	0.003761	-0.000841
649	-0.000676	0.003926	-0.000676
650	-0.00347	0.003433	-0.000512
651	0.000967	0.002118	-0.000347
652	-0.000347	-0.001005	-0.000676
653	-0.002813	0.000474	-0.003142
654	-0.000841	0.002447	-0.002484
655	-0.001334	-0.002813	-0.000347
656	-0.001827	0.003104	-0.001991
657	-0.001498	0.002118	0.000967
658	0.002118	0.000146	0.000146
659	-0.003963	0.004255	-0.002648
660	0.001954	0.000474	-0.000512
661	0.000967	-0.000512	-0.000183
662	-0.000841	0.000474	0.001132
663	-0.000841	0.00146	-0.000841
664	-0.002648	-0.001005	0.00146
665	-0.000347	0.00294	-0.001169
666	-0.000676	0.001296	0.000146
667	-0.000347	0.00031	-1.9e-05
668	-0.001005	0.000967	-0.000512
669	0.000146	-0.001169	0.00031
670	-0.002484	0.001132	-0.003306
671	0.000474	0.002447	0.000146
672	-0.00347	0.001132	0.000639
673	-0.001991	-0.000841	-0.002813
674	-0.004621	0.00031	-0.001662
675	-0.006593	0.002118	-0.001991
676	-0.000841	0.003761	-0.002155
677	-0.000347	0.000146	-0.000347
678	-0.003963	0.001789	-0.001827
679	-0.001498	0.000967	-0.001169
680	-0.000347	0.001789	0.00031
681	-0.001827	0.001954	0.000803
682	-1.9e-05	0.00294	-0.001169
683	-0.000347	0.000803	0.001625
684	-0.000347	0.001296	0.00031
685	-0.002155	0.00294	0.00031
686	0.00031	0.001954	-0.001827
687	-0.000512	0.001954	-0.006922
688	0.001132	-0.001169	-0.004785
689	-0.000183	0.002118	-0.002977
690	-0.000183	0.000639	-0.003799
691	0.00031	0.001954	-0.005114
692	0.00031	-0.003142	-0.001334
693	-0.000183	0.00409	-0.00347
694	0.000967	-0.002155	-0.000512
695	-0.001662	-1.9e-05	0.000967
696	-0.000183	-0.001169	-0.002813
697	-0.000676	-0.000183	-0.002155
698	0.00031	0.000803	0.000639
699	0.00146	-0.001827	-0.002484
700	-0.005114	-1.9e-05	0.000803
701	-0.000841	-0.001169	0.001789
702	-0.000676	0.000146	0.00409
703	-0.004292	-0.001169	-0.000347
704	-0.002977	0.002447	0.000146
705	-0.00232	-0.001005	-0.000347
706	-0.002484	0.000803	-0.000676
707	-0.002484	0.000146	-0.002484
708	-0.002484	-0.002977	-0.002484
709	0.000474	-0.001991	-0.001498
710	-0.000841	-0.000512	-0.002977
711	0.000803	-0.001334	-0.008237
712	-0.000347	-0.000512	0.001296
713	0.001625	-0.003635	-0.000676
714	-0.000347	-0.002484	-0.001334
715	-0.000676	0.000474	0.001296
716	0.000803	-0.000183	-0.000676
717	-0.003142	-1.9e-05	-0.001005
718	0.00146	-0.000512	-0.001334
719	-0.003306	0.000146	0.000146
720	-0.003306	-0.00347	0.000474
721	-0.003799	0.001296	-0.000183
722	0.003597	-0.001005	-0.001498
723	-0.001662	0.002282	-0.001498
724	0.002282	-0.002155	-0.000183
725	0.000146	-0.000183	-0.001827
726	0.001625	0.001954	-0.001498
727	-0.001498	-0.000183	-0.002977
728	0.001789	-0.000841	-0.001334
729	0.001296	-0.002484	-0.002484
730	0.00031	0.00146	-0.000676
731	0.002118	0.000146	-0.001662
732	-0.001334	-0.000676	0.000146
733	0.001296	0.001296	-0.00347
734	-0.002155	0.000803	0.002611
735	0.002118	0.001132	-0.000676
736	-0.001334	0.002282	0.002447
737	0.000474	0.001132	0.000474
738	-0.001662	0.001625	-0.001827
739	-0.000512	-1.9e-05	-0.002813
740	-0.002484	-1.9e-05	-0.002813
741	-0.003142	0.000146	-0.005443
742	-0.000183	0.001954	-0.007086
743	-0.002155	-0.000841	-0.001662
744	-0.001498	0.000803	-0.002813
745	-0.000183	-0.000841	-0.003635
746	0.002447	-0.000676	-0.004949
747	-0.001498	0.000639	-0.003635
748	-0.001005	-0.001169	-0.000512
749	-0.001169	-0.001991	-0.001334
750	0.000803	-0.001169	-0.001498
751	0.005734	0.005405	0.005241
752	0.010993	0.011322	0.012308
753	0.021019	0.021676	0.018882
754	0.022827	0.027922	0.029237
755	0.029401	0.037455	0.032688
756	0.039756	0.041399	0.041235
757	0.045837	0.047973	0.045179
758	0.05011	0.052904	0.054876
759	0.058492	0.062601	0.059314
760	0.063752	0.064738	0.065395
761	0.071641	0.071148	0.065724
762	0.07575	0.076243	0.074764
763	0.081009	0.081338	0.07838
764	0.088241	0.086433	0.084954
765	0.093336	0.089885	0.090049
766	0.095637	0.095801	0.094322
767	0.104019	0.099089	0.101061
768	0.103855	0.106485	0.105498
769	0.108293	0.107635	0.108128
770	0.109772	0.115195	0.114538
771	0.114209	0.115524	0.118154
772	0.120291	0.122098	0.117332
773	0.118154	0.122756	0.122756
774	0.123085	0.126372	0.123578
775	0.124071	0.127358	0.128344
776	0.12933	0.133275	0.130316
777	0.132289	0.134918	0.132453
778	0.136726	0.138205	0.135083
779	0.11273	0.139356	0.141821
780	0.001132	0.14215	0.138534
781	-0.001169	0.146423	0.145108
782	0.005076	0.145108	0.147903
783	0.00294	0.150204	0.147738
784	0.016253	0.150532	0.151354
785	0.020526	0.152998	0.152669
786	0.028251	0.1576	0.157107
787	0.036633	0.156449	0.159408
788	0.04255	0.158093	0.157107
789	0.04748	0.160887	0.156613
790	0.057342	0.16138	0.160887
791	0.0603	0.16516	0.161051
792	0.064902	0.169105	0.162366
793	0.071312	0.167461	0.147409
794	0.076407	0.166804	0.131302
795	0.081995	0.169433	0.131138
796	0.085611	0.169762	0.127194
797	0.094815	0.167625	0.122756
798	0.096788	0.171899	0.129988
799	0.105005	0.170091	0.132453
800	0.105827	0.176829	0.120455
801	0.110922	0.174035	0.119962
802	0.11536	0.175843	0.110758
803	0.117825	0.177651	0.109936
804	0.123413	0.176665	0.106978
805	0.123906	0.177322	0.110429
806	0.126865	0.180116	0.109607
807	0.126372	0.178802	0.112237
808	0.131631	0.178802	0.10895
809	0.132453	0.180774	0.114867
810	0.137877	0.18061	0.115195
811	0.136398	0.182582	0.118976
812	0.144615	0.181267	0.118811
813	0.142314	0.18061	0.123742
814	0.148396	0.180281	0.122756
815	0.149382	0.183732	0.124564
816	0.151847	0.180938	0.130152
817	0.153984	0.178309	0.129659
818	0.15612	0.183075	0.134261
819	0.158257	0.185376	0.136726
820	0.159572	0.183075	0.138041
821	0.159736	0.18932	0.136726
822	0.156942	0.187677	0.142479
823	0.162037	0.187348	0.143136
824	0.161215	0.187841	0.147245
825	0.163352	0.188334	0.149053
826	0.166804	0.189978	0.150697
827	0.171899	0.190471	0.152176
828	0.170091	0.189156	0.153819
829	0.172885	0.188499	0.156285
830	0.175021	0.191128	0.158093
831	0.176829	0.187841	0.159243
832	0.170748	0.190142	0.158914
833	0.177322	0.189485	0.163845
834	0.176994	0.191293	0.164503
835	0.180281	0.189485	0.164667
836	0.179295	0.191128	0.166311
837	0.179952	0.190964	0.170255
838	0.181267	0.189485	0.167297
839	0.180445	0.191457	0.17157
840	0.181596	0.192443	0.170419
841	0.183568	0.192772	0.172392
842	0.186198	0.195237	0.173871
843	0.183075	0.19721	0.176829
844	0.186198	0.193594	0.176008
845	0.185047	0.196388	0.176994
846	0.187348	0.194087	0.17535
847	0.185047	0.194416	0.176665
848	0.187677	0.19195	0.174693
849	0.187513	0.194744	0.172392
850	0.186198	0.194744	0.173214
851	0.186033	0.194416	0.17157
852	0.189649	0.190964	0.172227
853	0.190142	0.192772	0.174857
854	0.189649	0.191128	0.169105
855	0.189814	0.193429	0.159736
856	0.192115	0.195402	0.113059
857	0.19195	0.194416	0.11651
858	0.189649	0.193429	0.083475
859	0.193758	0.195073	0.072134
860	0.189978	0.193101	0.069669
861	0.191457	0.194087	0.00031
862	0.191293	0.196717	0.001789
863	0.193429	0.193922	0.003104
864	0.192443	0.193594	0.005076
865	0.193265	0.196059	0.004419
866	0.195073	0.196717	0.002447
867	0.193429	0.191621	0.009843
868	0.192772	0.193429	0.010171
869	0.194251	0.193922	0.010336
870	0.195073	0.194744	0.010993
871	0.190471	0.194909	0.000967
872	0.194744	0.19458	0.001625
873	0.193265	0.196881	0.011486
874	0.19573	0.19573	0.008692
875	0.191786	0.194909	0.014773
876	0.19573	0.198853	0.013623
877	0.192936	0.201483	0.009678
878	0.193922	0.197703	0.016746
879	0.193758	0.199511	0.018554
880	0.192608	0.19573	0.021183
881	0.194744	0.196552	0.024306
882	0.197538	0.197374	0.030059
883	0.195895	0.198031	0.028744
884	0.195895	0.198196	0.036469
885	0.197867	0.196223	0.039756
886	0.19721	0.193922	0.04748
887	0.198853	0.19721	0.046823
888	0.19573	0.19721	0.05915
889	0.198031	0.19721	0.062601
890	0.198524	0.19721	0.065395
891	0.196059	0.19573	0.07049
892	0.197374	0.200825	0.077229
893	0.199182	0.204606	0.080187
894	0.198031	0.199182	0.085118
895	0.197703	0.198853	0.089391
896	0.197867	0.200661	0.092186
897	0.199346	0.197703	0.098267
898	0.194251	0.200497	0.098431
899	0.197867	0.198689	0.100896
900	0.201154	0.194744	0.105334
901	0.19573	0.196717	0.111744
902	0.199018	0.192115	0.109607
903	0.198196	0.197703	0.118811
904	0.195073	0.195566	0.117825
905	0.196059	0.197374	0.122756
906	0.194909	0.196717	0.125057
907	0.199182	0.198524	0.12933
908	0.199018	0.198524	0.127522
909	0.200661	0.19836	0.132782
910	0.198853	0.196717	0.138699
911	0.200497	0.200168	0.141493
912	0.198689	0.196059	0.142972
913	0.198031	0.199511	0.140671
914	0.199839	0.197045	0.150204
915	0.19836	0.198853	0.146752
916	0.198689	0.199675	0.150039
917	0.19721	0.197374	0.152669
918	0.197045	0.194909	0.153655
919	0.199839	0.196059	0.152998
920	0.196717	0.198196	0.153326
921	0.200825	0.198196	0.157435
922	0.201483	0.199018	0.159736
923	0.197045	0.195402	0.163023
924	0.196552	0.19721	0.163845
925	0.200332	0.19836	0.166804
926	0.196881	0.200825	0.165324
927	0.196059	0.200332	0.169433
928	0.199511	0.200004	0.168447
929	0.200497	0.200168	0.17157
930	0.199018	0.200004	0.171734
931	0.200004	0.201154	0.175021
932	0.199018	0.198853	0.172885
933	0.198524	0.201812	0.175843
934	0.199018	0.1908	0.176501
935	0.196059	0.196059	0.177815
936	0.199346	0.198196	0.175515
937	0.194909	0.197703	0.177322
938	0.200004	0.197867	0.173049
939	0.19836	0.199018	0.177815
940	0.198689	0.197045	0.18061
941	0.199346	0.198853	0.178802
942	0.19836	0.202305	0.180281
943	0.196223	0.201647	0.182417
944	0.203948	0.199675	0.186033
945	0.19836	0.192936	0.18439
946	0.200004	0.199018	0.186855
947	0.200332	0.199346	0.185212
948	0.19721	0.198031	0.185869
949	0.200332	0.199346	0.183568
950	0.19458	0.196388	0.185869
951	0.200004	0.199182	0.18817
952	0.197045	0.198031	0.187184
953	0.201154	0.202633	0.186855
954	0.20099	0.199675	0.190471
955	0.197374	0.198689	0.191293
956	0.195895	0.192443	0.18817
957	0.197867	0.192443	0.188992
958	0.201319	0.200661	0.18817
959	0.199018	0.199346	0.191128
960	0.199018	0.199511	0.191457
961	0.200332	0.199182	0.190471
962	0.202962	0.199018	0.189649
963	0.198196	0.200004	0.193758
964	0.201319	0.197374	0.189485
965	0.199182	0.195566	0.193429
966	0.20099	0.19836	0.192772
967	0.198524	0.196059	0.194087
968	0.198031	0.197045	0.194087
969	0.198031	0.197867	0.19195
970	0.199346	0.195073	0.193265
971	0.197374	0.200332	0.194251
972	0.198196	0.198524	0.193594
973	0.19836	0.198689	0.194087
974	0.199182	0.19573	0.195237
975	0.199839	0.202962	0.19195
976	0.201976	0.200661	0.196059
977	0.203455	0.200332	0.194744
978	0.199839	0.199511	0.194744
979	0.200825	0.198853	0.19458
980	0.200332	0.199839	0.195073
981	0.200661	0.198524	0.195237
982	0.199346	0.200168	0.196881
983	0.200004	0.199182	0.195566
984	0.200332	0.200497	0.196717
985	0.200168	0.196552	0.197374
986	0.198853	0.201483	0.196388
987	0.200661	0.199018	0.197374
988	0.200825	0.20099	0.195895
989	0.199675	0.205099	0.194416
990	0.199675	0.198524	0.196223
991	0.199511	0.200168	0.194909
992	0.200661	0.197374	0.193265
993	0.200497	0.202305	0.19721
994	0.199182	0.200332	0.195895
995	0.201976	0.201154	0.193429
996	0.200825	0.197703	0.193758
997	0.203948	0.200661	0.199018
998	0.201647	0.19836	0.197045
999	0.202305	0.201319	0.199839
1000	0.199182	0.202305	0.195402
1001	0.201154	0.199018	0.201812
1002	0.200497	0.002118	0.200004
1003	0.197374	0.013294	0.197374
1004	0.199511	0.017567	0.200661
1005	0.202305	0.026607	0.201319
1006	0.198524	0.034496	0.200825
1007	0.20099	0.041399	0.200168
1008	0.199675	0.048467	0.19721
1009	0.202305	0.054548	0.197538
1010	0.203455	0.058164	0.201647
1011	0.202469	0.070655	0.196223
1012	0.201319	0.067861	0.19721
1013	0.200004	0.076572	0.196223
1014	0.199511	0.080352	0.196881
1015	0.201154	0.081338	0.198196
1016	0.199675	0.091364	0.200661
1017	0.202633	0.091857	0.199346
1018	0.200497	0.097116	0.200661
1019	0.201812	0.104841	0.20099
1020	0.198031	0.111087	0.200661
1021	0.201319	0.115031	0.200168
1022	0.195402	0.121277	0.199675
1023	0.198524	0.120455	0.198853
1024	0.197867	0.122756	0.197867
1025	0.195895	0.126372	0.198689
1026	0.201319	0.132289	0.195073
1027	0.199675	0.130645	0.200004
1028	0.201812	0.136233	0.196552
1029	0.195402	0.13574	0.197538
1030	0.201154	0.138205	0.198031
1031	0.199839	0.144451	0.198524
1032	0.204277	0.145273	0.199675
1033	0.199511	0.14971	0.199675
1034	0.201483	0.147574	0.199182
1035	0.201154	0.152669	0.201647
1036	0.200497	0.153819	0.200332
1037	0.201483	0.1576	0.198524
1038	0.199675	0.1576	0.202305
1039	0.20099	0.160065	0.197867
1040	0.199511	0.159408	0.197374
1041	0.201812	0.161709	0.197538
1042	0.200497	0.163023	0.200661
1043	0.202633	0.167297	0.19836
1044	0.200332	0.167954	0.196388
1045	0.201154	0.168612	0.199839
1046	0.200332	0.170913	0.200004
1047	0.201812	0.167461	0.197867
1048	0.201319	0.171241	0.198853
1049	0.203784	0.171241	0.201154
1050	0.202633	0.173871	0.200332
1051	0.203126	0.173049	0.205263
1052	0.203126	0.177651	0.198031
1053	0.197538	0.175021	0.201812
1054	0.202469	0.176665	0.199839
1055	0.199346	0.17798	0.203291
1056	0.204277	0.181596	0.201976
1057	0.199839	0.179623	0.203784
1058	0.200497	0.178144	0.199511
1059	0.198689	0.184225	0.198689
1060	0.201154	0.182417	0.200332
1061	0.198031	0.180774	0.197538
1062	0.203455	0.181596	0.196717
1063	0.202305	0.182582	0.196717
1064	0.198196	0.184225	0.199182
1065	0.201812	0.184061	0.197703
1066	0.200004	0.184225	0.202305
1067	0.201647	0.181431	0.199511
1068	0.200004	0.18439	0.202962
1069	0.202305	0.187677	0.198524
1070	0.201319	0.187348	0.19836
1071	0.196717	0.190471	0.198196
1072	0.19573	0.188334	0.200168
1073	0.199182	0.187348	0.19573
1074	0.199511	0.192608	0.199182
1075	0.199346	0.190471	0.201154
1076	0.200332	0.18932	0.197703
1077	0.200661	0.188334	0.198689
1078	0.198196	0.18817	0.199018
1079	0.197538	0.189814	0.200661
1080	0.20099	0.190964	0.198196
1081	0.202305	0.191128	0.198689
1082	0.199839	0.191786	0.198196
1083	0.201812	0.193265	0.198031
1084	0.202305	0.188334	0.200004
1085	0.201483	0.194251	0.199346
1086	0.201812	0.193758	0.19836
1087	0.200825	0.194909	0.198031
1088	0.20214	0.196059	0.195402
1089	0.199511	0.193429	0.204441
1090	0.200661	0.194251	0.199675
1091	0.201319	0.193758	0.198524
1092	0.201812	0.191457	0.19836
1093	0.19836	0.192608	0.198524
1094	0.201154	0.193758	0.19836
1095	0.198689	0.192115	0.19836
1096	0.19836	0.195073	0.19836
1097	0.198524	0.19458	0.199839
1098	0.199839	0.193265	0.199839
1099	0.201812	0.196552	0.19836
1100	0.200332	0.195073	0.201154
1101	0.20214	0.196717	0.204113
1102	0.200825	0.192936	0.200004
1103	0.201647	0.194251	0.200661
1104	0.199675	0.194909	0.197045
1105	0.199675	0.196388	0.198524
1106	0.203784	0.196388	0.201976
1107	0.199018	0.19721	0.199675
1108	0.203126	0.198524	0.199675
1109	0.200332	0.198196	0.199675
1110	0.198853	0.199511	0.199346
1111	0.199346	0.194909	0.201976
1112	0.199182	0.198853	0.200168
1113	0.197374	0.201154	0.197703
1114	0.200332	0.199346	0.199182
1115	0.199018	0.193101	0.200825
1116	0.200661	0.196223	0.200661
1117	0.201976	0.19573	0.200661
1118	0.201976	0.19721	0.19721
1119	0.196717	0.196717	0.197867
1120	0.202962	0.195566	0.199511
1121	0.198196	0.201154	0.202798
1122	0.196881	0.19721	0.200497
1123	0.19721	0.197045	0.201154
1124	0.201154	0.197045	0.197867
1125	0.201483	0.199839	0.20099
1126	0.199018	0.195073	0.199018
1127	0.199018	0.196388	0.200332
1128	0.200825	0.196717	0.200825
1129	0.20099	0.200004	0.198689
1130	0.201647	0.198196	0.201483
1131	0.202798	0.199182	0.199675
1132	0.201154	0.199839	0.201154
1133	0.202305	0.198524	0.200332
1134	0.201154	0.196881	0.203126
1135	0.199839	0.19836	0.198031
1136	0.201154	0.200004	0.200825
1137	0.200332	0.198853	0.197867
1138	0.200168	0.200661	0.195566
1139	0.202469	0.196223	0.194909
1140	0.201154	0.19836	0.199511
1141	0.200497	0.202305	0.198196
1142	0.200661	0.196552	0.198853
1143	0.199346	0.200004	0.201154
1144	0.199018	0.197374	0.199018
1145	0.199018	0.19836	0.201812
1146	0.200497	0.199839	0.200168
1147	0.198031	0.199018	0.200168
1148	0.197703	0.198853	0.201483
1149	0.199346	0.198031	0.200332
1150	0.200825	0.19836	0.199182
1151	0.200004	0.199675	0.201319
1152	0.20099	0.198689	0.19721
1153	0.199182	0.199839	0.198196
1154	0.200332	0.200004	0.198524
1155	0.198853	0.201319	0.196552
1156	0.203948	0.199182	0.200004
1157	0.20099	0.199839	0.201154
1158	0.200661	0.199675	0.200168
1159	0.199839	0.199346	0.200004
1160	0.199182	0.199346	0.203126
1161	0.200497	0.198524	0.198524
1162	0.198524	0.198853	0.20362
1163	0.197045	0.201812	0.196223
1164	0.201154	0.201154	0.20099
1165	0.19836	0.200332	0.200004
1166	0.199018	0.196717	0.201319
1167	0.201483	0.200661	0.20099
1168	0.199182	0.198689	0.201154
1169	0.201154	0.198196	0.199839
1170	0.199182	0.198689	0.199675
1171	0.201319	0.197045	0.198524
1172	0.196881	0.197538	0.199182
1173	0.197703	0.200661	0.199675
1174	0.198031	0.196881	0.199511
1175	0.195895	0.197867	0.200332
1176	0.198689	0.202633	0.201319
1177	0.202798	0.197867	0.201976
1178	0.199839	0.196881	0.201154
1179	0.198853	0.203126	0.202305
1180	0.200661	0.20099	0.200004
1181	0.196881	0.201154	0.200497
1182	0.200004	0.200332	0.199839
1183	0.198524	0.200332	0.202305
1184	0.200661	0.199511	0.199511
1185	0.199675	0.20099	0.200661
1186	0.200332	0.200497	0.199182
1187	0.199511	0.200661	0.200004
1188	0.20099	0.200004	0.198031
1189	0.199346	0.19836	0.197538
1190	0.200004	0.197867	0.198689
1191	0.199018	0.200004	0.199346
1192	0.200825	0.202305	0.198524
1193	0.201319	0.202798	0.192115
1194	0.200332	0.199839	0.202798
1195	0.200825	0.201319	0.199018
1196	0.203126	0.201812	0.202962
1197	0.200168	0.199839	0.201319
1198	0.201647	0.20099	0.203291
1199	0.202798	0.197538	0.202962
1200	0.199675	0.198524	0.204441
1201	0.201154	0.198031	0.197867
1202	0.198524	0.199182	0.201976
1203	0.199839	0.198524	0.198031
1204	0.200825	0.199346	0.19836
1205	0.199839	0.201483	0.200661
1206	0.202962	0.203455	0.197867
1207	0.20099	0.19836	0.201319
1208	0.199675	0.199018	0.200661
1209	0.199839	0.200661	0.20099
1210	0.201154	0.199018	0.201154
1211	0.200168	0.197703	0.201812
1212	0.200825	0.199018	0.19721
1213	0.198853	0.19573	0.202469
1214	0.201483	0.197374	0.205263
1215	0.20099	0.199346	0.200825
1216	0.202305	0.199839	0.200825
1217	0.197867	0.201319	0.201647
1218	0.202469	0.197867	0.201154
1219	0.198031	0.201647	0.198689
1220	0.196223	0.198524	0.200332
1221	0.200661	0.198689	0.199182
1222	0.196059	0.198031	0.200497
1223	0.197867	0.199839	0.198031
1224	0.197538	0.201319	0.199346
1225	0.196881	0.200497	0.19836
1226	0.200332	0.201976	0.200825
1227	0.202305	0.20214	0.199675
1228	0.198689	0.20362	0.200004
1229	0.201812	0.199182	0.200497
1230	0.197538	0.200004	0.201812
1231	0.19836	0.202305	0.200332
1232	0.195895	0.201647	0.198853
1233	0.202798	0.196552	0.204606
1234	0.199018	0.202962	0.200168
1235	0.20214	0.199182	0.199675
1236	0.197703	0.201154	0.200004
1237	0.199511	0.201812	0.199018
1238	0.200004	0.202633	0.198853
1239	0.200004	0.198524	0.197538
1240	0.199018	0.200661	0.197045
1241	0.199675	0.199511	0.200004
1242	0.20099	0.199839	0.199346
1243	0.199839	0.199839	0.198689
1244	0.199182	0.201483	0.200661
1245	0.19836	0.202305	0.200661
1246	0.203126	0.200497	0.20099
1247	0.199346	0.199839	0.202469
1248	0.202469	0.202798	0.201647
1249	0.200332	0.203455	0.202633
1250	0.199511	0.198689	0.199839
1251	0.197538	0.201812	0.200168
1252	0.200168	0.200497	0.202305
1253	0.197045	0.20214	0.200497
1254	0.198031	0.196881	0.201976
1255	0.199675	0.201647	0.199346
1256	0.200497	0.200497	0.200168
1257	0.199511	0.196717	0.199182
1258	0.19721	0.19836	0.200004
1259	0.200332	0.202305	0.199511
1260	0.200004	0.202633	0.200332
1261	0.201483	0.19721	0.19836
1262	0.195402	0.201483	0.203948
1263	0.199839	0.199675	0.199018
1264	0.198689	0.199346	0.203291
1265	0.199675	0.196717	0.202633
1266	0.199346	0.203126	0.205263
1267	0.200661	0.196717	0.200168
1268	0.199182	0.199511	0.200825
1269	0.197538	0.198689	0.201319
1270	0.200497	0.202962	0.199018
1271	0.198853	0.202798	0.201319
1272	0.196881	0.199675	0.198031
1273	0.191457	0.20099	0.199018
1274	0.197045	0.201319	0.198031
1275	0.195566	0.200004	0.202798
1276	0.198031	0.198689	0.196881
1277	0.20099	0.199675	0.202633
1278	0.200004	0.198853	0.200332
1279	0.201319	0.201976	0.199182
1280	0.199346	0.200168	0.200661
1281	0.199511	0.203291	0.200497
1282	0.20099	0.20099	0.201647
1283	0.202633	0.203455	0.198853
1284	0.193758	0.200661	0.201647
1285	0.200661	0.201319	0.200004
1286	0.200004	0.20362	0.199018
1287	0.19836	0.198853	0.199675
1288	0.19721	0.19836	0.201483
1289	0.201154	0.199346	0.19836
1290	0.197867	0.200004	0.199511
1291	0.199018	0.200332	0.197374
1292	0.202798	0.201812	0.201483
1293	0.197703	0.198524	0.197045
1294	0.196059	0.19836	0.201976
1295	0.189485	0.199675	0.20214
1296	0.198689	0.198853	0.199346
1297	0.20099	0.199182	0.201647
1298	0.200168	0.200661	0.20099
1299	0.200168	0.199182	0.201647
1300	0.200661	0.197703	0.200004
1301	0.200825	0.200004	0.200332
1302	0.198196	0.200332	0.198853
1303	0.199839	0.201483	0.199511
1304	0.200168	0.201319	0.200168
1305	0.20099	0.200497	0.197703
1306	0.18932	0.202305	0.200497
1307	0.195566	0.19721	0.201319
1308	0.199018	0.200168	0.198689
1309	0.197374	0.197703	0.20099
1310	0.200332	0.192936	0.198524
1311	0.200332	0.199182	0.198196
1312	0.201319	0.198031	0.202962
1313	0.197703	0.200332	0.196388
1314	0.202798	0.200168	0.200332
1315	0.200661	0.199182	0.196388
1316	0.20214	0.19721	0.195895
1317	0.196881	0.198853	0.199018
1318	0.197374	0.196552	0.20214
1319	0.198524	0.198853	0.198689
1320	0.196552	0.197538	0.201483
1321	0.201812	0.200661	0.200004
1322	0.199182	0.200497	0.199675
1323	0.199839	0.203455	0.200004
1324	0.196552	0.20362	0.199675
1325	0.202798	0.199018	0.199182
1326	0.201319	0.201812	0.199675
1327	0.198524	0.200661	0.199182
1328	0.203455	0.201483	0.199839
1329	0.200168	0.199511	0.200332
1330	0.200168	0.201976	0.200825
1331	0.201483	0.198031	0.198689
1332	0.201154	0.199675	0.200004
1333	0.202962	0.198853	0.201483
1334	0.203784	0.199511	0.198689
1335	0.197703	0.199675	0.201483
1336	0.201976	0.201319	0.198853
1337	0.200661	0.20214	0.200825
1338	0.200661	0.201483	0.198031
1339	0.205099	0.202305	0.201647
1340	0.199018	0.199346	0.201319
1341	0.196223	0.203126	0.197374
1342	0.201812	0.196388	0.199018
1343	0.197045	0.197045	0.201976
1344	0.197538	0.200004	0.196552
1345	0.199182	0.201154	0.202305
1346	0.197374	0.198196	0.20099
1347	0.201976	0.200661	0.199018
1348	0.200497	0.200661	0.201319
1349	0.204113	0.199675	0.198689
1350	0.205099	0.198031	0.200661
1351	0.197703	0.19836	0.201154
1352	0.197703	0.201154	0.203126
1353	0.201154	0.19836	0.200168
1354	0.199675	0.199675	0.201319
1355	0.197045	0.200661	0.200825
1356	0.195566	0.199018	0.201319
1357	0.198196	0.202633	0.201647
1358	0.198031	0.201319	0.20099
1359	0.200168	0.200825	0.200497
1360	0.198689	0.203291	0.199018
1361	0.204606	0.201483	0.202305
1362	0.197538	0.200825	0.197867
1363	0.200332	0.199346	0.20099
1364	0.200168	0.19836	0.19573
1365	0.200168	0.197538	0.205263
1366	0.199182	0.198031	0.200332
1367	0.200004	0.198853	0.201154
1368	0.199511	0.199511	0.199675
1369	0.196388	0.192443	0.201812
1370	0.198524	0.196223	0.201976
1371	0.19573	0.200168	0.201483
1372	0.200825	0.200168	0.199675
1373	0.196552	0.201976	0.201319
1374	0.19836	0.201647	0.201812
1375	0.199182	0.20099	0.200332
1376	0.201319	0.200661	0.199346
1377	0.199839	0.201976	0.200168
1378	0.199018	0.200332	0.200661
1379	0.198689	0.201154	0.197045
1380	0.198853	0.196388	0.202962
1381	0.203784	0.201812	0.200168
1382	0.199675	0.200168	0.201319
1383	0.203455	0.197703	0.200332
1384	0.200497	0.200825	0.199675
1385	0.200497	0.200168	0.20099
1386	0.19836	0.200168	0.20099
1387	0.201647	0.199346	0.200168
1388	0.199675	0.200661	0.197045
1389	0.200825	0.200332	0.199018
1390	0.198853	0.200825	0.199839
1391	0.200661	0.198853	0.201812
1392	0.202305	0.203455	0.199511
1393	0.200497	0.200661	0.200497
1394	0.200661	0.201976	0.197374
1395	0.198031	0.201647	0.19721
1396	0.202962	0.201647	0.199018
1397	0.197374	0.202469	0.199018
1398	0.200168	0.195566	0.19721
1399	0.198196	0.19721	0.202305
1400	0.200004	0.197703	0.198524
1401	0.195237	0.197538	0.200004
1402	0.200497	0.195895	0.200004
1403	0.20099	0.201483	0.201483
1404	0.199346	0.200168	0.200168
1405	0.200004	0.199018	0.203455
1406	0.202798	0.201319	0.201483
1407	0.202469	0.202305	0.201319
1408	0.196059	0.199182	0.203126
1409	0.201319	0.201647	0.199346
1410	0.20099	0.201812	0.201976
1411	0.199675	0.201319	0.19836
1412	0.199182	0.196881	0.20362
1413	0.201976	0.197374	0.202962
1414	0.19721	0.19836	0.202305
1415	0.200332	0.19721	0.199346
1416	0.199018	0.199346	0.203948
1417	0.199018	0.19573	0.195566
1418	0.199346	0.195895	0.200497
1419	0.200168	0.194416	0.201483
1420	0.199511	0.202469	0.201154
1421	0.201154	0.199182	0.197867
1422	0.200332	0.200332	0.20099
1423	0.194416	0.202469	0.200168
1424	0.198524	0.198853	0.200661
1425	0.196388	0.201812	0.203126
1426	0.196717	0.202305	0.200004
1427	0.197538	0.201319	0.20099
1428	0.197867	0.201976	0.199018
1429	0.199346	0.20099	0.201319
1430	0.199018	0.19836	0.200332
1431	0.197703	0.200004	0.199346
1432	0.199839	0.198524	0.19836
1433	0.198524	0.199839	0.200497
1434	0.199675	0.200004	0.199018
1435	0.199675	0.180938	0.20099
1436	0.197374	0.1576	0.19721
1437	0.199511	0.160229	0.198031
1438	0.201483	0.159572	0.201154
1439	0.199839	0.088241	0.198196
1440	0.201319	0.045837	0.199839
1441	0.201812	0.050439	0.201812
1442	0.201976	0.00294	0.202305
1443	0.202305	0.01313	0.199018
1444	0.201976	0.018554	0.204934
1445	0.199675	0.026443	0.19836
1446	0.199511	0.035975	0.201154
1447	0.200825	0.008363	0.19836
1448	0.198196	0.021183	0.201812
1449	0.201647	0.025785	0.200168
1450	0.196717	0.031373	0.201154
1451	0.200825	0.038605	0.199346
1452	0.197867	0.046166	0.199511
1453	0.200332	0.048467	0.199511
1454	0.200661	0.057342	0.200332
1455	0.204441	0.059478	0.20214
1456	0.199839	0.060465	0.199346
1457	0.199839	0.063587	0.201483
1458	0.202305	0.068189	0.200661
1459	0.201319	0.07312	0.20099
1460	0.201647	0.070983	0.199675
1461	0.198031	0.07838	0.201812
1462	0.199018	0.084132	0.202305
1463	0.19836	0.087912	0.200332
1464	0.202798	0.089556	0.19836
1465	0.197374	0.095473	0.200825
1466	0.070983	0.097938	0.195566
1467	0.014445	0.104184	0.199182
1468	0.02332	0.109772	0.200661
1469	0.031702	0.114209	0.200825
1470	0.03992	0.118976	0.20099
1471	0.046001	0.122756	0.199182
1472	0.051589	0.120784	0.20099
1473	0.060629	0.128837	0.198689
1474	0.064574	0.12818	0.196059
1475	0.071641	0.132617	0.201976
1476	0.075585	0.135411	0.199675
1477	0.082817	0.138534	0.197867
1478	0.086104	0.138205	0.20099
1479	0.092679	0.141328	0.199839
1480	0.09498	0.147574	0.202305
1481	0.099582	0.147409	0.199675
1482	0.104677	0.151354	0.199018
1483	0.107635	0.151354	0.20099
1484	0.110922	0.156778	0.199346
1485	0.112401	0.155134	0.194416
1486	0.116017	0.158914	0.197703
1487	0.122592	0.157928	0.201154
1488	0.12818	0.161544	0.199346
1489	0.131467	0.163352	0.198031
1490	0.130645	0.163352	0.193265
1491	0.133603	0.166146	0.196059
1492	0.141164	0.165489	0.19836
1493	0.141164	0.167625	0.199018
1494	0.142643	0.167625	0.196881
1495	0.143629	0.170255	0.206414
1496	0.147903	0.167625	0.193101
1497	0.14971	0.149875	0.200004
1498	0.150697	0.151847	0.201647
1499	0.153655	0.153162	0.200661
1500	0.158586	0.155956	0.200168
1501	0.158093	0.156778	0.199346
1502	0.158914	0.159736	0.201812
1503	0.161709	0.160558	0.199839
1504	0.161873	0.160394	0.197867
1505	0.161215	0.159736	0.201976
1506	0.162859	0.158914	0.201812
1507	0.169598	0.149382	0.188827
1508	0.166639	0.141821	0.198524
1509	0.168612	0.141	0.199018
1510	0.171899	0.146423	0.199346
1511	0.17535	0.145108	0.199839
1512	0.171406	0.143629	0.200825
1513	0.175186	0.147903	0.197703
1514	0.176501	0.137548	0.199675
1515	0.176665	0.134097	0.200825
1516	0.176501	0.133768	0.200825
1517	0.176665	0.134425	0.20362
1518	0.17913	0.134918	0.197045
1519	0.177487	0.131796	0.200004
1520	0.178309	0.129988	0.199675
1521	0.181596	0.132782	0.200168
1522	0.183239	0.136891	0.198031
1523	0.179623	0.137712	0.200332
1524	0.183897	0.137877	0.199675
1525	0.183732	0.140835	0.199511
1526	0.188006	0.13952	0.198524
1527	0.185212	0.138534	0.201319
1528	0.18554	0.141328	0.201319
1529	0.187348	0.140506	0.200168
1530	0.187677	0.138534	0.19573
1531	0.188827	0.137548	0.202962
1532	0.191128	0.134918	0.200825
1533	0.191457	0.133439	0.199511
1534	0.190307	0.125057	0.201483
1535	0.190471	0.120455	0.201483
1536	0.18932	0.120784	0.200661
1537	0.19458	0.115195	0.19721
1538	0.190964	0.110922	0.199839
1539	0.191786	0.10632	0.200004
1540	0.189978	0.103855	0.203784
1541	0.190471	0.096952	0.194251
1542	0.191786	0.089227	0.198524
1543	0.19458	0.079201	0.199346
1544	0.192279	0.076407	0.199839
1545	0.194251	0.070983	0.200168
1546	0.195237	0.0769	0.202798
1547	0.194909	0.068682	0.200332
1548	0.195566	0.065395	0.200825
1549	0.193922	0.05652	0.204277
1550	0.195073	0.052575	0.200332
1551	0.196223	0.046659	0.2074
1552	0.195237	0.041728	0.199018
1553	0.194251	0.038276	0.200497
1554	0.196059	0.030223	0.200332
1555	0.19573	0.026607	0.200168
1556	0.197703	0.02069	0.19836
1557	0.195566	0.020855	0.200661
1558	0.195566	0.01691	0.198689
1559	0.194744	0.018225	0.198689
1560	0.19573	0.014609	0.201812
1561	0.195895	0.018225	0.197045
1562	0.197374	0.007377	0.202798
1563	0.200168	0.005569	0.199182
1564	0.199839	0.008528	0.199346
1565	0.198853	0.007213	0.200168
1566	0.199839	0.004748	0.200661
1567	0.197374	0.005076	0.199675
1568	0.198524	0.003761	0.199182
1569	0.199018	0.002775	0.198689
1570	0.194416	0.007377	0.201319
1571	0.196881	0.00672	0.198689
1572	0.192772	0.005241	0.19836
1573	0.194744	0.008363	0.200497
1574	0.193101	0.004583	0.198689
1575	0.19721	0.00294	0.199675
1576	0.198196	0.005734	0.198031
1577	0.200825	0.002775	0.200825
1578	0.19836	0.002447	0.198689
1579	0.199511	0.001954	0.201154
1580	0.200661	-0.000676	0.20099
1581	0.19836	0.001132	0.201319
1582	0.200825	0.001132	0.200497
1583	0.198524	0.002611	0.201812
1584	0.200332	0.001954	0.200168
1585	0.198689	0.001296	0.203455
1586	0.201647	0.003104	0.202633
1587	0.202798	0.001789	0.196388
1588	0.205921	0.000474	0.197538
1589	0.199346	0.002118	0.19721
1590	0.199511	-1.9e-05	0.199675
1591	0.19836	0.000967	0.197703
1592	0.198031	0.000639	0.199839
1593	0.197374	-0.000512	0.198031
1594	0.199018	0.001132	0.200332
1595	0.201154	0.001132	0.198196
1596	0.200168	0.000803	0.201647
1597	0.198031	0.001954	0.200825
1598	0.201812	0.002447	0.200497
1599	0.203291	-0.000512	0.201483
1600	0.199018	0.00146	0.202633
1601	0.203291	0.001954	0.200497
1602	0.199675	0.001132	0.202633
1603	0.201483	0.003268	0.20099
1604	0.201483	0.004255	0.202798
1605	0.196388	0.004419	0.199839
1606	0.196223	0.00672	0.201154
1607	0.200661	0.005734	0.199018
1608	0.196388	0.00787	0.198853
1609	0.199346	0.007377	0.200004
1610	0.199018	0.009678	0.200004
1611	0.197867	0.013459	0.199511
1612	0.199182	0.024799	0.194744
1613	0.201647	0.02973	0.201319
1614	0.20362	0.035975	0.199675
1615	0.201483	0.045344	0.199511
1616	0.202305	0.052575	0.199839
1617	0.200497	0.051589	0.204113
1618	0.202469	0.061122	0.196881
1619	0.199839	0.069997	0.199675
1620	0.200168	0.07575	0.202305
1621	0.198853	0.080352	0.200004
1622	0.200332	0.078873	0.200661
1623	0.19721	0.091528	0.200168
1624	0.199182	0.094651	0.200332
1625	0.19836	0.098595	0.200168
1626	0.198524	0.104348	0.199346
1627	0.201154	0.109936	0.199675
1628	0.20214	0.110429	0.203784
1629	0.200661	0.11536	0.198853
1630	0.200004	0.117496	0.20099
1631	0.20099	0.123085	0.199018
1632	0.200004	0.123906	0.201319
1633	0.201647	0.12818	0.199675
1634	0.20099	0.133275	0.201319
1635	0.201319	0.135083	0.199182
1636	0.205263	0.136398	0.199018
1637	0.197703	0.141986	0.197867
1638	0.200661	0.143465	0.19721
1639	0.201154	0.14593	0.19836
1640	0.19836	0.149546	0.196552
1641	0.199675	0.149382	0.199182
1642	0.200168	0.152833	0.198524
1643	0.202305	0.155463	0.200661
1644	0.201976	0.155792	0.19836
1645	0.199346	0.160394	0.200332
1646	0.202305	0.160887	0.199839
1647	0.203126	0.162037	0.203784
1648	0.203784	0.161709	0.198196
1649	0.199182	0.168118	0.201647
1650	0.200168	0.168283	0.202798
1651	0.200168	0.168447	0.198196
1652	0.200497	0.166804	0.199839
1653	0.199018	0.170748	0.200661
1654	0.201154	0.170913	0.199511
1655	0.200497	0.173378	0.201154
1656	0.198689	0.174693	0.201976
1657	0.199839	0.177651	0.20099
1658	0.201976	0.176665	0.202633
1659	0.197538	0.179295	0.198853
1660	0.200825	0.179952	0.201647
1661	0.20099	0.179623	0.197374
1662	0.199675	0.18061	0.199675
1663	0.20099	0.181267	0.199511
1664	0.197703	0.180281	0.20099
1665	0.201976	0.18061	0.201154
1666	0.201154	0.180116	0.200661
1667	0.201154	0.183239	0.200332
1668	0.202633	0.186691	0.202305
1669	0.205099	0.185047	0.202633
1670	0.199675	0.18554	0.202962
1671	0.200332	0.186526	0.198689
1672	0.201154	0.190471	0.201976
1673	0.199675	0.189485	0.20099
1674	0.196717	0.190307	0.199675
1675	0.196223	0.189156	0.203126
1676	0.200168	0.1908	0.196223
1677	0.194416	0.188663	0.200497
1678	0.196388	0.18932	0.203784
1679	0.199511	0.190635	0.20214
1680	0.204277	0.18932	0.201319
1681	0.19836	0.191128	0.201647
1682	0.201319	0.189814	0.200168
1683	0.199346	0.191786	0.199346
1684	0.200497	0.188499	0.199675
1685	0.201647	0.1908	0.199346
1686	0.199182	0.190471	0.197538
1687	0.201647	0.184554	0.199675
1688	0.199675	0.192936	0.20214
1689	0.201154	0.194087	0.198853
1690	0.199182	0.191621	0.202305
1691	0.203126	0.195073	0.199839
1692	0.197374	0.191128	0.202305
1693	0.204277	0.19836	0.200497
1694	0.199018	0.195073	0.201647
1695	0.200332	0.194416	0.199839
1696	0.196388	0.196552	0.19836
1697	0.199346	0.194251	0.200661
1698	0.196881	0.19573	0.199018
1699	0.200825	0.194087	0.198689
1700	0.201812	0.194744	0.201319
1701	0.199511	0.196059	0.201319
1702	0.201319	0.195237	0.199511
1703	0.200004	0.193594	0.201812
1704	0.198196	0.195073	0.200497
1705	0.199675	0.194744	0.204441
1706	0.200825	0.195237	0.198031
1707	0.197703	0.196059	0.202305
1708	0.199018	0.194251	0.200168
1709	0.199182	0.197374	0.202798
1710	0.200661	0.194251	0.201319
1711	0.200497	0.198689	0.198689
1712	0.201976	0.196717	0.20362
1713	0.199675	0.197867	0.201319
1714	0.200004	0.196388	0.199839
1715	0.196388	0.196552	0.202798
1716	0.199511	0.19573	0.200825
1717	0.199675	0.19721	0.199675
1718	0.198031	0.196717	0.200004
1719	0.19721	0.195895	0.198196
1720	0.199182	0.194416	0.198689
1721	0.199346	0.194744	0.195566
1722	0.199839	0.195237	0.200497
1723	0.198524	0.19836	0.200332
1724	0.199018	0.196552	0.200168
1725	0.200332	0.197538	0.200497
1726	0.200004	0.19836	0.202633
1727	0.202633	0.196717	0.201319
1728	0.202305	0.198689	0.201647
1729	0.19721	0.198689	0.201976
1730	0.198196	0.200825	0.199346
1731	0.201976	0.197374	0.196717
1732	0.199675	0.195895	0.200332
1733	0.198524	0.199511	0.200168
1734	0.199511	0.197867	0.199346
1735	0.199182	0.196881	0.200825
1736	0.200661	0.19836	0.198853
1737	0.200497	0.19721	0.200168
1738	0.199839	0.197374	0.202469
1739	0.200661	0.197045	0.199346
1740	0.201647	0.196881	0.198196
1741	0.197538	0.198853	0.199675
1742	0.204441	0.197703	0.199346
1743	0.200497	0.199511	0.199346
1744	0.202305	0.196717	0.198196
1745	0.200825	0.196059	0.199839
1746	0.200004	0.198524	0.200661
1747	0.19836	0.198853	0.199839
1748	0.205263	0.198196	0.198524
1749	0.196059	0.198031	0.198853
1750	0.197045	0.193594	0.20099
1751	0.199839	0.198524	0.197703
1752	0.199675	0.196388	0.201976
1753	0.198524	0.198524	0.199511
1754	0.197703	0.196223	0.201976
1755	0.201154	0.201319	0.199839
1756	0.199018	0.198031	0.200661
1757	0.199675	0.196552	0.201319
1758	0.198031	0.199346	0.201976
1759	0.201812	0.19836	0.200332
1760	0.199346	0.19836	0.205756
1761	0.201483	0.197867	0.196059
1762	0.201483	0.200168	0.201647
1763	0.200497	0.195895	0.200661
1764	0.199018	0.200661	0.199346
1765	0.200497	0.196388	0.201812
1766	0.198689	0.199182	0.199675
1767	0.199675	0.197538	0.201319
1768	0.199018	0.197374	0.200332
1769	0.196223	0.196552	0.200825
1770	0.198196	0.196223	0.196223
1771	0.200497	0.19458	0.202633
1772	0.196717	0.196881	0.199182
1773	0.196552	0.196717	0.199675
1774	0.199182	0.198524	0.198524
1775	0.201319	0.200497	0.202305
1776	0.201812	0.198031	0.199182
1777	0.201483	0.199675	0.202633
1778	0.202798	0.200661	0.203291
1779	0.20362	0.200004	0.200004
1780	0.198196	0.199018	0.20099
1781	0.199346	0.202469	0.199839
1782	0.20099	0.197867	0.20214
1783	0.199182	0.199839	0.198524
1784	0.199675	0.200004	0.200004
1785	0.200004	0.196223	0.200168
1786	0.199839	0.20099	0.197045
1787	0.201483	0.198689	0.197538
1788	0.200004	0.199839	0.195566
1789	0.200168	0.198853	0.199018
1790	0.200661	0.199182	0.20214
1791	0.021512	0.199839	0.19573
1792	0.027593	0.202962	0.198196
1793	0.035647	0.200661	0.202633
1794	0.042714	0.201976	0.200004
1795	0.001789	0.199346	0.19836
1796	0.000474	0.200168	0.198524
1797	0.009514	0.198689	0.202469
1798	0.014445	0.197703	0.199511
1799	0.025457	0.19721	0.20099
1800	0.03236	0.198524	0.201976
1801	0.005076	0.197374	0.201647
1802	-0.000183	0.195237	0.200497
1803	0.00031	0.199346	0.20214
1804	0.006062	0.200825	0.198196
1805	-1.9e-05	0.199182	0.201154
1806	0.001789	0.198689	0.198524
1807	0.006062	0.199839	0.200332
1808	0.013952	0.197374	0.200661
1809	0.021512	0.200825	0.200332
1810	0.03351	0.200004	0.20099
1811	0.03614	0.200497	0.198853
1812	0.046494	0.197867	0.201812
1813	0.048302	0.199346	0.200332
1814	0.055041	0.200332	0.201154
1815	0.060793	0.196881	0.202305
1816	0.065888	0.197538	0.200825
1817	0.073942	0.198196	0.19836
1818	0.075914	0.197374	0.200825
1819	0.084625	0.199182	0.199839
1820	0.086269	0.199018	0.20214
1821	0.094815	0.200661	0.200168
1822	0.095637	0.20099	0.204277
1823	0.099253	0.201483	0.200332
1824	0.104677	0.202798	0.199182
1825	0.109114	0.200004	0.203126
1826	0.114867	0.201319	0.199675
1827	0.120291	0.200332	0.200168
1828	0.121934	0.199182	0.199346
1829	0.124235	0.200332	0.199182
1830	0.131467	0.200168	0.200825
1831	0.131467	0.200332	0.200004
1832	0.134425	0.201483	0.200661
1833	0.135576	0.204934	0.203455
1834	0.141328	0.199346	0.200004
1835	0.140342	0.20099	0.203784
1836	0.140671	0.201976	0.19836
1837	0.145766	0.200332	0.199346
1838	0.148724	0.199182	0.198853
1839	0.14971	0.20099	0.197374
1840	0.150368	0.200661	0.19836
1841	0.154477	0.199182	0.200332
1842	0.157435	0.198524	0.202798
1843	0.159079	0.199018	0.198689
1844	0.161215	0.199675	0.202305
1845	0.162366	0.199839	0.19836
1846	0.160722	0.199346	0.199346
1847	0.16401	0.201154	0.201319
1848	0.164338	0.200661	0.202305
1849	0.165982	0.200825	0.197867
1850	0.165324	0.195566	0.203784
1851	0.167954	0.197538	0.201647
1852	0.171899	0.198689	0.201319
1853	0.171077	0.197703	0.201812
1854	0.171899	0.202469	0.200332
1855	0.1742	0.199346	0.201647
1856	0.176172	0.201647	0.201319
1857	0.173707	0.199675	0.200168
1858	0.176501	0.202633	0.203948
1859	0.180116	0.198853	0.202305
1860	0.180774	0.198196	0.197867
1861	0.180116	0.19836	0.198524
1862	0.18061	0.19836	0.197703
1863	0.181924	0.199675	0.200661
1864	0.18439	0.19836	0.20099
1865	0.181431	0.199018	0.201812
1866	0.183897	0.197867	0.20214
1867	0.183732	0.195402	0.201976
1868	0.185705	0.198196	0.201319
1869	0.183239	0.198031	0.202469
1870	0.185869	0.197538	0.203455
1871	0.183897	0.201812	0.198689
1872	0.186362	0.200497	0.200004
1873	0.184061	0.201483	0.198689
1874	0.185212	0.203291	0.198524
1875	0.185869	0.195237	0.199018
1876	0.186526	0.197703	0.198853
1877	0.188334	0.198853	0.200004
1878	0.189814	0.198853	0.20099
1879	0.189485	0.199511	0.199675
1880	0.185047	0.200825	0.201812
1881	0.192279	0.198853	0.20362
1882	0.190964	0.200004	0.201154
1883	0.192279	0.199346	0.200497
1884	0.192115	0.20099	0.202633
1885	0.194087	0.199675	0.201647
1886	0.194251	0.201154	0.20099
1887	0.194251	0.198689	0.198689
1888	0.192772	0.202798	0.200661
1889	0.193758	0.198031	0.200661
1890	0.193594	0.201483	0.198853
1891	0.193101	0.202469	0.199346
1892	0.193594	0.198031	0.203291
1893	0.194087	0.197045	0.199675
1894	0.195566	0.196552	0.197867
1895	0.192115	0.196717	0.20099
1896	0.197703	0.197374	0.199018
1897	0.196717	0.200004	0.200004
1898	0.200661	0.198853	0.196552
1899	0.196059	0.200168	0.20214
1900	0.199182	0.198031	0.201976
1901	0.202305	0.198031	0.20214
1902	0.198031	0.199511	0.201812
1903	0.19721	0.19836	0.201812
1904	0.197538	0.19836	0.201483
1905	0.195895	0.20099	0.20362
1906	0.195237	0.200168	0.199839
1907	0.196881	0.200332	0.200497
1908	0.196388	0.200004	0.201319
1909	0.19836	0.200661	0.19836
1910	0.197538	0.199675	0.202469
1911	0.197374	0.200497	0.19836
1912	0.19573	0.199675	0.19721
1913	0.200497	0.201319	0.197538
1914	0.193101	0.200497	0.20099
1915	0.199346	0.198524	0.20099
1916	0.19836	0.198196	0.201483
1917	0.198853	0.193101	0.201812
1918	0.198689	0.199346	0.202469
1919	0.199182	0.197045	0.201483
1920	0.200332	0.199511	0.201154
1921	0.195566	0.20214	0.202798
1922	0.200661	0.202798	0.198031
1923	0.19836	0.200661	0.196881
1924	0.197374	0.202305	0.200168
1925	0.197045	0.197045	0.200825
1926	0.200168	0.202469	0.198196
1927	0.197538	0.202633	0.199346
1928	0.200004	0.199675	0.200168
1929	0.200497	0.202305	0.201812
1930	0.200497	0.200004	0.199018
1931	0.199511	0.200332	0.200332
1932	0.199839	0.199675	0.201319
1933	0.20099	0.201647	0.199346
1934	0.201154	0.200168	0.200332
1935	0.198853	0.202469	0.199839
1936	0.200168	0.200168	0.201483
1937	0.201976	0.199182	0.198196
1938	0.199018	0.201483	0.201154
1939	0.199511	0.201154	0.199182
1940	0.200661	0.200661	0.198031
1941	0.200825	0.202305	0.196717
1942	0.198689	0.204113	0.199511
1943	0.198853	0.200661	0.202305
1944	0.199675	0.202469	0.197703
1945	0.199346	0.201319	0.199346
1946	0.200004	0.201154	0.203291
1947	0.200497	0.199511	0.199675
1948	0.198031	0.201319	0.199839
1949	0.201976	0.198524	0.200825
1950	0.201483	0.201647	0.20099
1951	0.19836	0.196881	0.199346
1952	0.198689	0.197045	0.201483
1953	0.199182	0.200004	0.200825
1954	0.199839	0.200825	0.202962
1955	0.198196	0.200497	0.20099
1956	0.199511	0.199346	0.20099
1957	0.198196	0.201812	0.203455
1958	0.199018	0.199675	0.201976
1959	0.200004	0.20099	0.201483
1960	0.200332	0.200004	0.200661
1961	0.197867	0.201319	0.20099
1962	0.200497	0.200168	0.197867
1963	0.200661	0.200332	0.199839
1964	0.199511	0.201154	0.196717
1965	0.200661	0.201647	0.201976
1966	0.200004	0.195566	0.199018
1967	0.201483	0.195566	0.201483
1968	0.197045	0.198031	0.202962
1969	0.197867	0.198031	0.201812
1970	0.20099	0.196552	0.201483
1971	0.199839	0.198524	0.198524
1972	0.197703	0.199839	0.200168
1973	0.201319	0.20214	0.198196
1974	0.199182	0.19721	0.202798
1975	0.199018	0.203784	0.199511
1976	0.200332	0.204441	0.201154
1977	0.200825	0.202962	0.199839
1978	0.198524	0.202305	0.202633
1979	0.201483	0.200825	0.198689
1980	0.201483	0.200332	0.200825
1981	0.202305	0.200004	0.198689
1982	0.202962	0.202633	0.20099
1983	0.200004	0.198853	0.201647
1984	0.202798	0.201154	0.196059
1985	0.201647	0.197703	0.199675
1986	0.201812	0.201812	0.198853
1987	0.201319	0.201319	0.20099
1988	0.202962	0.199839	0.200661
1989	0.200825	0.201647	0.201812
1990	0.202633	0.200004	0.19836
1991	0.199839	0.200825	0.199346
1992	0.200825	0.203948	0.199675
1993	0.200825	0.201319	0.200497
1994	0.199675	0.200168	0.199346
1995	0.201647	0.202633	0.19721
1996	0.199511	0.200332	0.201976
1997	0.198524	0.201976	0.199018
1998	0.19836	0.201483	0.201647
1999	0.200332	0.200168	0.200825
2000	0.200004	0.202469	0.201976
2001	0.20099	0.199511	0.199182
2002	0.201154	0.197703	0.202469
2003	0.202962	0.199018	0.198031
2004	0.19836	0.19836	0.200332
2005	0.201647	0.197703	0.199675
2006	0.201319	0.200825	0.201483
2007	0.200661	0.200004	0.199511
2008	0.201812	0.20099	0.20099
2009	0.201647	0.201647	0.202962
2010	0.202798	0.202305	0.201976
2011	0.200825	0.200661	0.203291
2012	0.199839	0.201154	0.203948
2013	0.200497	0.200825	0.199675
2014	0.200661	0.199018	0.200168
2015	0.200168	0.19721	0.20099
2016	0.199511	0.186362	0.199182
2017	0.199839	0.169433	0.201483
2018	0.201647	0.158093	0.202798
2019	0.198689	0.14478	0.199346
2020	0.199018	0.135411	0.201812
2021	0.201319	0.135083	0.199346
2022	0.199346	0.130809	0.200661
2023	0.198689	0.128015	0.204113
2024	0.198689	0.127029	0.201154
2025	0.200825	0.129823	0.202798
2026	0.201483	0.132946	0.200168
2027	0.200825	0.132453	0.203291
2028	0.20099	0.136398	0.202305
2029	0.200332	0.142314	0.199346
2030	0.199839	0.143465	0.201812
2031	0.203126	0.147081	0.201647
2032	0.200497	0.146423	0.203784
2033	0.200497	0.151847	0.203784
2034	0.200332	0.15119	0.201483
2035	0.201483	0.153984	0.199018
2036	0.19836	0.155627	0.200168
2037	0.199675	0.156613	0.196059
2038	0.198031	0.157107	0.200497
2039	0.202798	0.162037	0.196223
2040	0.200661	0.162037	0.200332
2041	0.202469	0.164174	0.201154
2042	0.20214	0.165653	0.202305
2043	0.199018	0.166639	0.202798
2044	0.200661	0.169598	0.20362
2045	0.197867	0.169105	0.206578
2046	0.198689	0.1742	0.201319
2047	0.199182	0.171899	0.202469
2048	0.200661	0.17798	0.20099
2049	0.197867	0.175515	0.202798
2050	0.202305	0.176172	0.201647
2051	0.199839	0.175515	0.199346
2052	0.204277	0.175679	0.199839
2053	0.196223	0.178144	0.202633
2054	0.199018	0.178309	0.200497
2055	0.19836	0.177158	0.201154
2056	0.198689	0.179623	0.201647
2057	0.199675	0.180774	0.201976
2058	0.201319	0.179788	0.201319
2059	0.200332	0.185212	0.201483
2060	0.198524	0.184061	0.200825
2061	0.202633	0.186691	0.205099
2062	0.198689	0.184718	0.205592
2063	0.199839	0.188663	0.200332
2064	0.20099	0.18817	0.201647
2065	0.203455	0.18817	0.203948
2066	0.198853	0.183897	0.20099
2067	0.201647	0.182253	0.199839
2068	0.199511	0.186855	0.203291
2069	0.200661	0.186691	0.199346
2070	0.197374	0.187841	0.20099
2071	0.197374	0.193265	0.199182
2072	0.199018	0.192115	0.200004
2073	0.200661	0.188663	0.200332
2074	0.201812	0.194416	0.200004
2075	0.200332	0.191457	0.200497
2076	0.203455	0.194744	0.200497
2077	0.201483	0.183239	0.204277
2078	0.202305	0.193429	0.200661
2079	0.200332	0.194087	0.202962
2080	0.200661	0.194744	0.200825
2081	0.200168	0.19458	0.202633
2082	0.20099	0.194909	0.20362
2083	0.201483	0.197703	0.203126
2084	0.201976	0.193922	0.201647
2085	0.199346	0.194744	0.200168
2086	0.201483	0.195073	0.199182
2087	0.201154	0.195402	0.199511
2088	0.200004	0.188663	0.199346
2089	0.199346	0.195566	0.197703
2090	0.201319	0.194909	0.200661
2091	0.200168	0.197374	0.198853
2092	0.20099	0.193594	0.202469
2093	0.201483	0.196388	0.202962
2094	0.201647	0.196388	0.203291
2095	0.198524	0.193265	0.205427
2096	0.198524	0.20099	0.202798
2097	0.205756	0.197045	0.202305
2098	0.201154	0.198853	0.204277
2099	0.200332	0.1908	0.20099
2100	0.204277	0.194909	0.202798
2101	0.201154	0.19458	0.203291
2102	0.195073	0.198524	0.200661
2103	0.198031	0.19721	0.20214
2104	0.196881	0.197538	0.202798
2105	0.199346	0.19573	0.20099
2106	0.198196	0.196388	0.200825
2107	0.199839	0.196059	0.201647
2108	0.201319	0.19836	0.20099
2109	0.20214	0.196388	0.20214
2110	0.200168	0.1908	0.201812
2111	0.200825	0.196388	0.201483
2112	0.203126	0.197045	0.20214
2113	0.200168	0.200661	0.204441
2114	0.202469	0.196388	0.202798
2115	0.200004	0.197867	0.20362
2116	0.202633	0.193594	0.204113
2117	0.198853	0.195402	0.202305
2118	0.199018	0.19458	0.200825
2119	0.197703	0.196881	0.204606
2120	0.201647	0.193758	0.201319
2121	0.19573	0.193265	0.200332
2122	0.197045	0.197867	0.200332
2123	0.194909	0.196388	0.202305
2124	0.19836	0.195237	0.200825
2125	0.202305	0.196223	0.199511
2126	0.199346	0.195402	0.197538
2127	0.201319	0.197538	0.199018
2128	0.199675	0.195073	0.200661
2129	0.203126	0.195895	0.199839
2130	0.197703	0.196881	0.200168
2131	0.203291	0.195073	0.198031
2132	0.201647	0.195402	0.201647
2133	0.200004	0.193758	0.199182
2134	0.200497	0.19573	0.199839
2135	0.200661	0.194744	0.19573
2136	0.200332	0.19721	0.187677
2137	0.198196	0.193922	0.075585
2138	0.201647	0.197374	0.080681
2139	0.199675	0.194416	0.082817
2140	0.200332	0.19573	0.060136
2141	0.197703	0.193594	0.066217
2142	0.203784	0.193758	0.021348
2143	0.199346	0.197045	0.029894
2144	0.199675	0.191457	0.031209
2145	0.200168	0.193922	0.037948
2146	0.199839	0.196059	0.038276
2147	0.202962	0.195566	0.045672
2148	0.200332	0.193922	0.049288
2149	0.20099	0.193922	0.05537
2150	0.203948	0.192443	0.060629
2151	0.201647	0.193758	0.060793
2152	0.20099	0.195402	0.068354
2153	0.201154	0.197374	0.07197
2154	0.201154	0.200825	0.074435
2155	0.200661	0.196552	0.077229
2156	0.200332	0.198196	0.08216
2157	0.200661	0.197867	0.081995
2158	0.198853	0.197045	0.086597
2159	0.20099	0.198524	0.087419
2160	0.199675	0.196388	0.091857
2161	0.200825	0.194416	0.08857
2162	0.199346	0.198524	0.086762
2163	0.201647	0.19573	0.07838
2164	0.203126	0.199839	0.080352
2165	0.201647	0.202305	0.082982
2166	0.200004	0.199839	0.086926
2167	0.201319	0.195237	0.090049
2168	0.20099	0.199182	0.091364
2169	0.20099	0.198524	0.093829
2170	0.200004	0.199018	0.095473
2171	0.19573	0.197045	0.100568
2172	0.202633	0.196552	0.099582
2173	0.196717	0.20099	0.104019
2174	0.200497	0.199018	0.105827
2175	0.199511	0.199182	0.109279
2176	0.199511	0.204441	0.109607
2177	0.198031	0.198196	0.118318
2178	0.19836	0.200825	0.119797
2179	0.200168	0.202469	0.119633
2180	0.197538	0.196059	0.121277
2181	0.196717	0.199839	0.124399
2182	0.201483	0.198031	0.128673
2183	0.200168	0.199675	0.131796
2184	0.200497	0.199346	0.132453
2185	0.201647	0.201483	0.138699
2186	0.200168	0.199018	0.140342
2187	0.201319	0.203784	0.138041
2188	0.197703	0.198196	0.142972
2189	0.200332	0.201154	0.146423
2190	0.200332	0.201319	0.147081
2191	0.199018	0.199182	0.145602
2192	0.198689	0.200332	0.149053
2193	0.20099	0.198524	0.153655
2194	0.19836	0.19836	0.15497
2195	0.200168	0.200661	0.157764
2196	0.197045	0.199511	0.160722
2197	0.202633	0.200004	0.162859
2198	0.200332	0.203784	0.164667
2199	0.200825	0.197703	0.164996
2200	0.202469	0.19721	0.168612
2201	0.201319	0.200497	0.168612
2202	0.201812	0.20099	0.170091
2203	0.199018	0.200497	0.172227
2204	0.205263	0.204277	0.171406
2205	0.20099	0.197538	0.174693
2206	0.200661	0.200825	0.1742
2207	0.198689	0.203455	0.175843
2208	0.200497	0.202469	0.177158
2209	0.199346	0.203455	0.179295
2210	0.198031	0.198031	0.177815
2211	0.201319	0.200004	0.181267
2212	0.199839	0.200332	0.182253
2213	0.201483	0.200332	0.181431
2214	0.197867	0.198689	0.182582
2215	0.201976	0.197703	0.182417
2216	0.201483	0.193101	0.184883
2217	0.20099	0.198031	0.183075
2218	0.20099	0.198524	0.185212
2219	0.200004	0.198196	0.185869
2220	0.199018	0.199675	0.189156
2221	0.20214	0.199675	0.184718
2222	0.200825	0.200004	0.189485
2223	0.200332	0.201483	0.187841
2224	0.199182	0.200497	0.188663
2225	0.200661	0.199839	0.188499
2226	0.200332	0.200497	0.188499
2227	0.202798	0.19836	0.191621
2228	0.197045	0.200168	0.191621
2229	0.200168	0.200661	0.19458
2230	0.198524	0.200168	0.191128
2231	0.199018	0.197538	0.192115
2232	0.200825	0.198853	0.191128
2233	0.200661	0.19721	0.19573
2234	0.201812	0.198524	0.191457
2235	0.201154	0.198689	0.194416
2236	0.201319	0.198853	0.193101
2237	0.202305	0.198689	0.195237
2238	0.202962	0.196552	0.192608
2239	0.20099	0.203455	0.192608
2240	0.201976	0.199839	0.192608
2241	0.199839	0.201319	0.195895
2242	0.200825	0.20214	0.194251
2243	0.200661	0.201647	0.194744
2244	0.199511	0.198853	0.199182
2245	0.199675	0.201647	0.196059
2246	0.19721	0.200168	0.195073
2247	0.202305	0.201154	0.19573
2248	0.20099	0.199018	0.197867
2249	0.202962	0.199675	0.197703
2250	0.201154	0.202633	0.196717
2251	0.201976	0.200661	0.198031
2252	0.198524	0.201483	0.195895
2253	0.200168	0.200497	0.200004
2254	0.200825	0.200332	0.204113
2255	0.199839	0.198689	0.202469
2256	0.197538	0.201647	0.198031
2257	0.200168	0.20099	0.197867
2258	0.199675	0.200332	0.200168
2259	0.201154	0.199511	0.199346
2260	0.201976	0.200004	0.198853
2261	0.200332	0.202633	0.198031
2262	0.199675	0.201483	0.20099
2263	0.198524	0.20362	0.199182
2264	0.201319	0.202469	0.198031
2265	0.198689	0.201647	0.201483
2266	0.201483	0.19721	0.199182
2267	0.19721	0.197045	0.200497
2268	0.200661	0.193101	0.201154
2269	0.201647	0.198524	0.196552
2270	0.198689	0.198031	0.198031
2271	0.199675	0.199018	0.199182
2272	0.204441	0.200168	0.197867
2273	0.195895	0.202633	0.201976
2274	0.199511	0.201812	0.199511
2275	0.200661	0.202469	0.200497
2276	0.200332	0.200168	0.200332
2277	0.201483	0.202633	0.200004
2278	0.198524	0.202633	0.202305
2279	0.200332	0.201319	0.198196
2280	0.198853	0.19836	0.200661
2281	0.202469	0.198689	0.199839
2282	0.199346	0.201812	0.198524
2283	0.203126	0.200332	0.197703
2284	0.195566	0.200497	0.202305
2285	0.197867	0.200168	0.199675
2286	0.20099	0.204113	0.198031
2287	0.202305	0.197045	0.197538
2288	0.200825	0.201647	0.206085
2289	0.202305	0.199182	0.200825
2290	0.200004	0.19836	0.201812
2291	0.201154	0.198853	0.200661
2292	0.201154	0.201647	0.20214
2293	0.200168	0.200004	0.201154
2294	0.200661	0.201812	0.200497
2295	0.189156	0.201483	0.202633
2296	0.196059	0.201647	0.199839
2297	0.197374	0.204606	0.201154
2298	0.201154	0.200004	0.199675
2299	0.198689	0.198689	0.204934
2300	0.201154	0.197374	0.197045
2301	0.197867	0.19836	0.200497
2302	0.198031	0.19836	0.200661
2303	0.199511	0.200661	0.201812
2304	0.201154	0.199018	0.200332
2305	0.19721	0.200661	0.20362
2306	0.188992	0.199675	0.20099
2307	0.199018	0.200332	0.201812
2308	0.199839	0.201976	0.202305
2309	0.200661	0.199511	0.201812
2310	0.200497	0.199839	0.202798
2311	0.201319	0.200497	0.199511
2312	0.199511	0.199675	0.201647
2313	0.200497	0.203948	0.198524
2314	0.199346	0.202798	0.203126
2315	0.199346	0.200661	0.20099
2316	0.199675	0.20099	0.200004
2317	0.194087	0.196717	0.200332
2318	0.193429	0.205921	0.197867
2319	0.199018	0.199346	0.202469
2320	0.19573	0.200825	0.196717
2321	0.197374	0.194087	0.200332
2322	0.198853	0.199511	0.198196
2323	0.200825	0.201154	0.199346
2324	0.200825	0.199346	0.200497
2325	0.200332	0.201483	0.201154
2326	0.20214	0.204113	0.200332
2327	0.201483	0.202633	0.202305
2328	0.200497	0.201483	0.201647
2329	0.197538	0.201647	0.202305
2330	0.20362	0.200825	0.200497
2331	0.201976	0.202469	0.201812
2332	0.20214	0.202305	0.200497
2333	0.200168	0.202962	0.201976
2334	0.202305	0.199839	0.200497
2335	0.198031	0.202305	0.200497
2336	0.200004	0.208386	0.198196
2337	0.201976	0.20362	0.195402
2338	0.19836	0.200168	0.201976
2339	0.203455	0.201319	0.199018
2340	0.201483	0.198524	0.203291
2341	0.199839	0.20099	0.199675
2342	0.200497	0.198689	0.202469
2343	0.202469	0.201483	0.202469
2344	0.199839	0.20214	0.201647
2345	0.200661	0.200168	0.200825
2346	0.197538	0.201154	0.202633
2347	0.199182	0.204441	0.201319
2348	0.199018	0.202305	0.201976
2349	0.201647	0.198689	0.199839
2350	0.204934	0.202469	0.202305
2351	0.199839	0.198196	0.201319
2352	0.196881	0.200497	0.203291
2353	0.199182	0.199675	0.200825
2354	0.199511	0.200004	0.198853
2355	0.199182	0.197867	0.199346
2356	0.201154	0.201154	0.200497
2357	0.203126	0.198196	0.202633
2358	0.201154	0.200332	0.200497
2359	0.201647	0.201154	0.201154
2360	0.202305	0.200661	0.201976
2361	0.205756	0.202962	0.201812
2362	0.201812	0.201812	0.201319
2363	0.199839	0.199675	0.2074
2364	0.200661	0.200004	0.19836
2365	0.200168	0.201812	0.205756
2366	0.200332	0.200825	0.203291
2367	0.199511	0.199346	0.204441
2368	0.197045	0.196881	0.201812
2369	0.198524	0.204934	0.199675
2370	0.19836	0.201319	0.200332
2371	0.197045	0.199182	0.199018
2372	0.200661	0.198853	0.200004
2373	0.199675	0.201976	0.19836
2374	0.199018	0.197045	0.202469
2375	0.199675	0.201647	0.201812
2376	0.200497	0.201319	0.201647
2377	0.201647	0.197703	0.201154
2378	0.199346	0.202633	0.202305
2379	0.202469	0.200168	0.199839
2380	0.20362	0.201647	0.203291
2381	0.204277	0.203948	0.201154
2382	0.199182	0.20214	0.201812
2383	0.205592	0.202798	0.202798
2384	0.200168	0.204113	0.201154
2385	0.198853	0.200332	0.201812
2386	0.200332	0.204441	0.20099
2387	0.199346	0.201319	0.197374
2388	0.20099	0.20099	0.19721
2389	0.198031	0.20099	0.205756
2390	0.200825	0.199018	0.200168
2391	0.199839	0.20099	0.199018
2392	0.200661	0.20099	0.196717
2393	0.20099	0.200661	0.199018
2394	0.203126	0.19836	0.201483
2395	0.203126	0.202305	0.202469
2396	0.198524	0.198196	0.202469
2397	0.198524	0.201483	0.203126
2398	0.199839	0.200332	0.203291
2399	0.200661	0.205099	0.202798
2400	0.199675	0.199839	0.202305
2401	0.199182	0.201976	0.200168
2402	0.200168	0.201154	0.20214
2403	0.199839	0.202469	0.202305
2404	0.200825	0.200825	0.199839
2405	0.201647	0.200168	0.20099
2406	0.195402	0.20099	0.201647
2407	0.20362	0.200332	0.199839
2408	0.19836	0.197867	0.202469
2409	0.200168	0.200497	0.199182
2410	0.200168	0.199346	0.204277
2411	0.200825	0.199346	0.198689
2412	0.199018	0.202305	0.200004
2413	0.201976	0.201319	0.201154
2414	0.201154	0.203784	0.20362
2415	0.201976	0.197045	0.201812
2416	0.202469	0.199511	0.198853
2417	0.200661	0.198689	0.199182
2418	0.201647	0.201976	0.200004
2419	0.20099	0.192443	0.200497
2420	0.199839	0.19721	0.197538
2421	0.199182	0.200661	0.198689
2422	0.19836	0.19721	0.199018
2423	0.19573	0.201483	0.198689
2424	0.200332	0.201483	0.197045
2425	0.198689	0.201483	0.203126
2426	0.197538	0.202305	0.196388
2427	0.197538	0.201154	0.200332
2428	0.198031	0.197703	0.201154
2429	0.200825	0.202305	0.201976
2430	0.201976	0.195895	0.20099
2431	0.199511	0.203126	0.203126
2432	0.201483	0.199182	0.200661
2433	0.200825	0.201319	0.202469
2434	0.198031	0.20099	0.202305
2435	0.202798	0.201154	0.198524
2436	0.200497	0.204441	0.199511
2437	0.199839	0.201154	0.196552
2438	0.199839	0.201483	0.199511
2439	0.203126	0.200004	0.200004
2440	0.197045	0.203455	0.199182
2441	0.199346	0.198689	0.202305
2442	0.198689	0.199839	0.201976
2443	0.199511	0.199346	0.200168
2444	0.201319	0.198689	0.201154
2445	0.198196	0.200332	0.20099
2446	0.204113	0.203291	0.199675
2447	0.201647	0.201154	0.205427
2448	0.199675	0.198524	0.200825
2449	0.20362	0.199018	0.202633
2450	0.200168	0.199346	0.203784
2451	0.195895	0.200825	0.202962
2452	0.201647	0.198689	0.20099
2453	0.198196	0.200825	0.200661
2454	0.200168	0.200168	0.199511
2455	0.200825	0.199839	0.201319
2456	0.199182	0.197374	0.200168
2457	0.203126	0.202305	0.201647
2458	0.196717	0.197867	0.200168
2459	0.196552	0.200497	0.199839
2460	0.200004	0.199675	0.200168
2461	0.199182	0.201976	0.200825
2462	0.199839	0.199346	0.201319
2463	0.199839	0.200497	0.203291
2464	0.200661	0.199182	0.201154
2465	0.200004	0.198031	0.203455
2466	0.200168	0.197703	0.201154
2467	0.202962	0.199018	0.205263
2468	0.203455	0.199839	0.204934
2469	0.201976	0.197867	0.203126
2470	0.19721	0.196881	0.200332
2471	0.202469	0.200497	0.199511
2472	0.19836	0.197703	0.203126
2473	0.198524	0.197867	0.199839
2474	0.197703	0.200004	0.200661
2475	0.199182	0.198689	0.199182
2476	0.198689	0.199182	0.201483
2477	0.200168	0.201483	0.200004
2478	0.199346	0.20099	0.201154
2479	0.200004	0.200004	0.200825
2480	0.199018	0.202305	0.200825
2481	0.20099	0.201483	0.200168
2482	0.202962	0.199018	0.20099
2483	0.199675	0.200497	0.20477
2484	0.200332	0.200332	0.199346
2485	0.20099	0.200168	0.202469
2486	0.202305	0.200825	0.201154
2487	0.199675	0.202469	0.205592
2488	0.200661	0.200497	0.201319
2489	0.199018	0.201647	0.200004
2490	0.198689	0.200004	0.203291
2491	0.201319	0.204277	0.20099
2492	0.201154	0.200332	0.196552
2493	0.202305	0.199182	0.199839
2494	0.198031	0.200332	0.200497
2495	0.200332	0.199018	0.20099
2496	0.197045	0.198524	0.201154
2497	0.2074	0.199839	0.200825
2498	0.202798	0.19836	0.202633
2499	0.200661	0.199018	0.200004
