Ladekurvenmessung

Zeit: 2018_05_03 11.48.09

Info: FVA3, v = 0.1, T = 60, F = 20, h = 81.6

Ladewiderstand[Ohm]: 1012700

Störkapazität[pF]: 0.000000

Entladezeit[ms]: 200

Abtastrate[Hz]: 250000

Anzahl der Messwerte: 2500.000000

Verzögerung[ms]: 3

Ladespannung[V]: 0.200000


	Kurve_1	Kurve_2
0	0.003104	-0.000183
1	0.003926	0.000474
2	0.005898	0.000803
3	0.007706	-0.000512
4	0.007049	0.000803
5	0.001789	-0.000512
6	0.003104	-0.000183
7	0.003597	-0.00232
8	0.005241	0.000474
9	0.001789	-0.000676
10	0.003104	-0.000183
11	0.004255	0.000146
12	0.005241	0.00031
13	0.005734	0.000146
14	0.005405	-1.9e-05
15	0.004583	-0.000347
16	0.003433	-0.000512
17	0.003597	-0.000347
18	0.003761	-0.000512
19	0.007049	0.000146
20	-0.000347	-1.9e-05
21	0.00409	0.000146
22	0.003433	-0.000347
23	0.004255	0.000146
24	0.002118	-0.000512
25	0.003268	-0.000347
26	0.002611	-0.000512
27	0.002611	-0.001005
28	0.004419	-0.000347
29	0.002447	-0.001334
30	0.00409	-0.000347
31	0.002611	-1.9e-05
32	0.005076	0.000474
33	0.005076	0.000474
34	0.005241	0.000474
35	0.00031	0.000146
36	0.007706	-1.9e-05
37	0.002282	-0.000347
38	0.005734	-0.000347
39	0.001954	-0.000841
40	0.003597	0.003597
41	0.002447	-0.000347
42	0.002118	-0.000347
43	0.003433	0.000146
44	0.00294	0.000146
45	0.003433	-0.000183
46	0.003268	0.00031
47	0.004583	-0.000183
48	-0.000183	-0.000676
49	0.003597	-0.000183
50	-0.000676	-0.000676
51	0.00031	-0.002155
52	0.001625	-0.000347
53	0.000146	0.00031
54	-0.000347	0.000146
55	0.003433	0.000474
56	-0.001827	0.000474
57	-0.002648	0.00031
58	0.00146	-0.000183
59	-0.001827	-0.000347
60	-1.9e-05	-0.000676
61	0.001954	-0.000676
62	0.003926	-0.000676
63	0.001132	-0.000512
64	0.002447	0.000146
65	0.002118	0.000146
66	0.002611	-0.000183
67	0.000146	0.00031
68	0.003268	-0.000183
69	0.002775	-0.000183
70	0.002447	0.000146
71	0.001789	-0.000347
72	0.002447	-0.000183
73	0.00146	-0.000676
74	0.001132	-0.000676
75	0.001132	-0.000183
76	0.003597	-1.9e-05
77	0.000967	0.000146
78	0.003104	0.000474
79	0.000803	0.000146
80	0.002611	-0.000347
81	0.003597	-0.000347
82	0.002611	-0.000183
83	0.004748	-0.000512
84	0.00294	-0.000512
85	0.003104	-0.000183
86	0.005241	-0.000183
87	0.007049	0.000474
88	0.004583	0.000146
89	0.004255	0.00031
90	0.002447	-0.000183
91	0.005405	-0.000183
92	0.001789	-0.000512
93	0.002775	-0.000512
94	0.002447	-0.000676
95	0.003597	-0.000841
96	0.005076	-1.9e-05
97	0.002447	-1.9e-05
98	0.005734	0.000146
99	0.003268	0.000146
100	0.005734	0.000474
101	0.003268	0.000639
102	0.003433	0.000639
103	0.001789	-0.000512
104	0.001132	-0.000183
105	0.001132	-0.000512
106	0.003104	-0.000512
107	0.000474	-0.000183
108	0.002118	0.000146
109	-0.000676	0.000146
110	-0.001334	0.000146
111	0.002775	0.00031
112	0.004748	-1.9e-05
113	0.005076	0.000474
114	-0.000512	-0.000512
115	0.003597	-0.000512
116	0.000803	-0.001005
117	0.003104	-0.000183
118	0.003104	-0.000183
119	0.002118	0.000146
120	0.003926	-1.9e-05
121	0.003926	0.000146
122	0.002282	0.00031
123	0.004255	0.00031
124	-0.005443	0.000146
125	0.002447	-0.000183
126	0.005076	-0.000841
127	0.00146	-0.000512
128	0.004419	-0.000512
129	0.003104	-0.000676
130	0.002282	-1.9e-05
131	0.003104	0.000146
132	0.006391	0.00031
133	0.00294	0.00031
134	0.007049	-0.000183
135	0.004748	-0.000347
136	0.007049	-0.000183
137	0.004419	-0.000347
138	0.003268	-0.000512
139	0.001296	-0.000347
140	0.003268	0.000146
141	-0.000183	-1.9e-05
142	0.002282	0.00031
143	0.003597	-1.9e-05
144	0.000146	0.000146
145	0.003268	0.000146
146	0.004583	-1.9e-05
147	0.003268	-0.000183
148	0.00294	-0.000512
149	0.005405	-0.000512
150	0.005076	-0.000347
151	0.005241	-0.000676
152	0.003104	-1.9e-05
153	0.005734	0.00031
154	0.003268	0.000146
155	0.003597	0.00031
156	0.004419	0.000474
157	0.002775	0.000146
158	0.001625	-0.000183
159	0.001954	-0.000676
160	0.003433	-0.000512
161	0.001625	-0.000676
162	0.002447	-0.000841
163	0.00409	-0.000347
164	0.00294	0.000146
165	0.00409	0.00031
166	0.004748	0.000146
167	0.003268	0.000146
168	0.003433	-0.000183
169	0.005405	-0.000347
170	0.004255	-0.000183
171	0.000967	-0.000183
172	0.004255	-0.000347
173	0.00294	-1.9e-05
174	0.003597	0.000146
175	0.005734	0.000146
176	0.005405	0.000146
177	0.004748	0.000146
178	0.002611	-1.9e-05
179	0.005405	0.000146
180	0.005241	-0.000512
181	0.003104	-0.000183
182	0.003104	-0.000676
183	0.005076	-0.000512
184	0.003104	-0.001005
185	0.007049	-0.000183
186	0.005241	0.00031
187	0.003268	0.00031
188	0.003926	-1.9e-05
189	0.002118	0.000474
190	0.003597	0.000639
191	0.002775	-0.000676
192	0.000967	-0.000183
193	0.002447	-0.000512
194	0.004255	-0.000347
195	0.000639	-0.000841
196	0.005734	-1.9e-05
197	0.000967	-0.000183
198	-0.001498	0.000146
199	0.000146	0.000146
200	-0.000512	0.000639
201	-0.000347	-1.9e-05
202	0.001625	-0.000347
203	-0.000183	-0.000512
204	0.001132	-0.000512
205	0.000146	-0.000512
206	-0.001498	-0.000841
207	0.000146	-0.000183
208	0.000639	0.00031
209	0.000146	0.000146
210	0.001954	0.000474
211	0.002775	-1.9e-05
212	0.001132	0.000474
213	0.005241	-1.9e-05
214	0.001296	-0.000183
215	0.002447	-0.000347
216	0.002775	-0.001334
217	0.003104	0.000474
218	0.003104	-1.9e-05
219	0.003926	0.000146
220	0.007049	0.00031
221	0.005241	0.000639
222	0.004748	0.000146
223	0.003597	-1.9e-05
224	0.005241	-0.000183
225	0.000474	-0.000512
226	0.005241	-0.000183
227	0.007542	-0.000183
228	0.005076	-0.000841
229	0.003104	-0.000676
230	0.004583	-1.9e-05
231	0.003761	-0.000183
232	0.003433	0.00031
233	0.004748	-0.000841
234	0.004419	0.000639
235	0.005241	-1.9e-05
236	0.005076	-0.000512
237	0.004748	-0.000347
238	0.004255	-0.000512
239	0.004419	-0.000347
240	0.002447	-0.000183
241	0.004583	0.000146
242	0.003104	0.000146
243	0.005076	0.000474
244	0.000967	0.00031
245	0.005569	0.000146
246	0.006391	-0.000183
247	0.003926	-0.000183
248	0.001296	-0.000183
249	0.00294	-0.000347
250	0.005076	-0.001498
251	0.004748	-0.000347
252	0.006062	0.000146
253	0.004583	0.000474
254	0.002611	0.000146
255	0.006227	0.000474
256	0.004419	0.000146
257	0.002282	-1.9e-05
258	0.004583	-0.000183
259	0.003926	-0.000512
260	0.001625	0.000146
261	0.002118	-0.000512
262	0.004748	-0.000347
263	0.001789	-0.000183
264	0.006227	0.00031
265	0.003268	-1.9e-05
266	0.003926	0.000474
267	0.003433	-0.000183
268	0.005898	0.000967
269	0.003433	-0.000676
270	0.005405	-0.000676
271	0.005076	-0.000512
272	0.004255	-0.000512
273	0.005734	0.00031
274	0.002775	0.000474
275	0.005405	0.00031
276	0.00031	0.00031
277	0.002775	0.000474
278	0.003761	0.00031
279	0.007377	0.00031
280	0.000967	-0.000183
281	0.002447	-0.000512
282	0.000474	-0.000676
283	0.004748	-0.000676
284	0.003433	-0.000676
285	0.00294	-1.9e-05
286	0.004419	-1.9e-05
287	0.004912	0.000146
288	0.003268	-1.9e-05
289	0.007213	-1.9e-05
290	0.005898	0.000474
291	0.004255	-0.000512
292	0.005569	-0.000347
293	0.002282	-0.001005
294	0.004419	0.000146
295	0.002447	-1.9e-05
296	0.004583	0.00031
297	0.003104	0.000146
298	0.003104	0.00031
299	0.003104	0.000639
300	0.001625	0.000146
301	0.00031	-1.9e-05
302	0.001296	0.000146
303	0.004748	-0.000676
304	0.003433	-0.001005
305	0.003926	-0.001005
306	0.002118	-1.9e-05
307	0.005898	0.000146
308	0.001296	0.000146
309	0.000803	0.00031
310	-0.001005	-0.000347
311	0.003926	0.000639
312	0.000803	-0.000347
313	0.002775	-1.9e-05
314	0.002775	-0.000676
315	0.003926	-0.000347
316	0.002611	-0.000676
317	0.002447	-0.000676
318	0.002775	-0.000841
319	0.003104	-1.9e-05
320	0.005076	-1.9e-05
321	0.005076	0.000474
322	0.004255	0.00031
323	0.004255	-0.000347
324	0.005076	-1.9e-05
325	0.001954	-0.000512
326	0.001132	-0.000512
327	-0.002484	-0.000347
328	-0.000183	0.000146
329	-0.000347	-0.000183
330	-0.000512	0.000474
331	-0.001498	-0.000347
332	0.000474	0.000474
333	-0.000841	0.000146
334	-0.000347	-1.9e-05
335	0.000803	-0.000512
336	0.000146	-0.000676
337	-1.9e-05	-0.000512
338	0.00146	-0.001169
339	0.001789	-0.000676
340	0.002775	-0.000347
341	0.000639	0.000474
342	-0.000841	-0.000183
343	0.002447	0.000146
344	-0.000512	0.000146
345	0.001625	-1.9e-05
346	0.004748	-1.9e-05
347	-0.000512	-0.000183
348	0.002118	-0.000183
349	0.000967	-0.000512
350	-0.001827	-0.001169
351	-0.001498	-1.9e-05
352	0.001625	0.000146
353	-0.001662	-1.9e-05
354	0.001789	-0.000183
355	-0.002813	0.00031
356	-0.001169	-1.9e-05
357	0.000639	-0.000183
358	0.002282	-0.000512
359	-0.000512	-0.000347
360	0.002282	-0.000347
361	-0.002155	-0.000841
362	0.003926	0.000146
363	0.002118	-0.000183
364	-0.000347	0.000639
365	-0.001498	-1.9e-05
366	0.000474	-1.9e-05
367	-0.000841	0.000146
368	-0.001169	-0.000841
369	0.002282	-0.000676
370	-0.000347	-0.000512
371	0.00031	-0.000841
372	-0.001498	-0.000347
373	0.000967	-1.9e-05
374	0.000803	-0.000841
375	0.000967	0.000474
376	0.000146	-1.9e-05
377	0.003926	0.00031
378	0.001625	0.000803
379	0.002775	-1.9e-05
380	0.001296	-0.000512
381	0.000803	-1.9e-05
382	0.001132	-0.000512
383	0.00146	0.003104
384	0.000639	-0.000347
385	-0.000841	0.00031
386	0.000803	-1.9e-05
387	-0.002484	0.000146
388	0.004255	0.000474
389	-0.001334	-0.000183
390	0.002447	-0.000183
391	-0.000183	-0.000841
392	-0.001005	-0.000347
393	-0.001005	-0.000512
394	-0.000183	-0.003306
395	0.000639	-0.000512
396	0.001954	0.000146
397	0.00294	-1.9e-05
398	0.001296	0.000474
399	0.002118	0.000146
400	0.002611	0.00031
401	0.002282	-0.000183
402	0.000803	-0.000676
403	0.002282	-0.000347
404	0.001296	-0.000676
405	0.000639	-0.000512
406	-0.000512	-0.000512
407	0.000474	-0.000347
408	0.003433	0.000146
409	0.004419	0.000803
410	0.000803	-0.000183
411	0.004912	0.00031
412	0.003268	-0.000183
413	0.00409	-0.000183
414	0.004255	-0.000512
415	0.003433	-0.000183
416	0.00294	-0.000676
417	0.002118	-0.000841
418	0.001954	0.000146
419	0.003268	-1.9e-05
420	0.004419	0.00031
421	0.001789	-0.000183
422	0.003104	-0.000183
423	0.001132	-0.000512
424	0.001789	-0.000183
425	-0.002155	-0.000512
426	0.002611	-1.9e-05
427	-1.9e-05	-0.000512
428	0.000967	0.000146
429	0.001132	0.00031
430	-1.9e-05	0.000146
431	-1.9e-05	0.00031
432	-0.000512	0.000474
433	0.000146	0.000474
434	-0.001991	0.00031
435	0.000146	-0.000183
436	-0.000347	-0.000676
437	-0.000676	-0.000512
438	-0.001498	-0.000676
439	0.000146	-0.000347
440	-0.001827	-0.000183
441	0.000146	0.000146
442	-0.004621	-0.000183
443	-0.000347	0.000803
444	-0.001991	0.000474
445	0.007542	0.000474
446	0.000803	-0.000183
447	0.003433	-0.000676
448	0.001296	-0.000512
449	-0.000512	-0.000676
450	0.001789	0.000146
451	-0.001169	0.00031
452	-0.000676	-1.9e-05
453	-0.003306	0.000146
454	-0.000841	0.000146
455	-0.001005	0.000474
456	0.004419	0.000474
457	-0.003963	-0.000512
458	-0.002813	-0.000183
459	-0.000183	-0.000841
460	-0.000183	-0.000512
461	0.002118	-0.000676
462	0.003104	0.00031
463	0.001296	0.000146
464	0.004255	-1.9e-05
465	0.000639	-1.9e-05
466	0.00146	0.000803
467	-0.00725	-1.9e-05
468	-0.00232	-0.000512
469	-0.003963	-1.9e-05
470	-0.001005	-0.000676
471	-0.000841	-0.000676
472	-0.002155	-0.001005
473	0.001954	-0.000183
474	-0.000183	-0.000183
475	-0.001498	0.00031
476	-0.000347	0.000474
477	0.001789	-0.000183
478	0.000474	-0.000183
479	0.000639	-0.000512
480	0.000474	-0.000841
481	0.001954	-0.000512
482	0.002775	-0.000512
483	-0.000676	0.000146
484	0.000639	-0.000183
485	-0.000841	0.00031
486	0.00031	0.000146
487	-0.000183	-1.9e-05
488	-0.000841	0.000639
489	-0.001005	-0.000183
490	-0.000347	-1.9e-05
491	-0.000183	-0.000676
492	-0.000183	-0.000841
493	0.00031	-0.000841
494	0.000474	-0.000512
495	-0.002484	-0.000183
496	0.001789	0.000146
497	-0.000347	0.000146
498	-0.000183	0.000146
499	0.000803	0.000474
500	0.000474	0.000474
501	0.002118	-0.000183
502	-0.000183	-0.000512
503	-0.002484	-0.000347
504	-0.000676	-0.000512
505	0.000967	-0.000347
506	-0.001827	-1.9e-05
507	0.003104	0.00031
508	-0.003635	-0.000183
509	0.000474	0.000474
510	-0.000183	-0.000183
511	0.000803	-1.9e-05
512	-0.000512	-0.000676
513	0.000803	-0.000512
514	0.000146	-0.000512
515	0.00031	-0.000676
516	0.000474	0.000146
517	0.00031	-1.9e-05
518	0.000474	-1.9e-05
519	-0.000676	0.00031
520	-0.000841	0.000474
521	0.000146	0.00031
522	-0.000183	-0.000183
523	-0.000841	0.000146
524	0.000474	-0.000183
525	-0.001498	-0.000347
526	0.001296	-0.000676
527	0.00031	-0.000841
528	0.000474	-0.000183
529	0.000803	-1.9e-05
530	0.000803	0.000146
531	-0.000347	0.000146
532	-0.000347	0.000146
533	-0.000676	0.00031
534	0.001132	-0.000183
535	0.00146	-0.000512
536	-0.001498	-0.000676
537	0.001625	-0.000347
538	0.001132	-0.000841
539	-0.000183	-1.9e-05
540	-0.002813	-0.000183
541	0.002775	0.000146
542	-0.001334	0.000146
543	0.000639	0.00031
544	0.000967	0.000146
545	0.000803	-0.000183
546	0.002282	-0.000347
547	0.001789	-0.000841
548	0.006391	-0.000347
549	0.003597	-0.000841
550	0.003104	-0.000183
551	0.002775	0.000146
552	0.002775	0.000474
553	0.002775	0.000146
554	0.001625	0.000146
555	-0.000183	0.00031
556	0.005405	-0.000183
557	-0.000183	-0.000512
558	0.001625	-0.000347
559	-0.001169	-0.000676
560	-0.000676	0.000967
561	-1.9e-05	-0.000183
562	0.001296	0.000146
563	0.001132	0.000146
564	0.000146	0.00031
565	-0.000347	-1.9e-05
566	-0.001169	0.000146
567	0.001296	-0.000183
568	-1.9e-05	-0.000676
569	0.002447	-0.000512
570	0.000146	-0.000512
571	0.000967	-0.001169
572	0.000967	-0.000347
573	0.000967	0.00031
574	0.001789	-1.9e-05
575	0.00146	0.000474
576	-0.000183	0.000146
577	0.000803	0.000146
578	-0.000512	0.000146
579	-0.001498	-0.000512
580	0.001132	-0.000512
581	-0.000841	-0.000347
582	-0.002977	-0.000841
583	0.001296	-0.000183
584	0.001132	0.000146
585	-0.001662	0.000146
586	0.002118	0.000146
587	-0.000841	0.00031
588	-0.000512	-1.9e-05
589	-0.000676	-0.000183
590	-0.000183	-0.000183
591	-0.000512	-0.000347
592	0.000474	-0.000183
593	-0.000183	-0.000347
594	0.000146	-0.000676
595	-1.9e-05	-0.000183
596	0.000803	-1.9e-05
597	-0.001005	0.000146
598	0.00031	-1.9e-05
599	0.00031	0.000146
600	-0.002977	-0.000183
601	0.001625	-0.000347
602	0.000639	-0.000183
603	0.00031	-0.000512
604	-0.00347	-0.000512
605	0.002118	-0.000347
606	0.001132	-0.000183
607	0.001789	0.000474
608	-0.002155	0.000146
609	0.000639	0.000146
610	-0.000347	0.00031
611	0.005734	-1.9e-05
612	0.000967	-0.000347
613	0.002118	-0.000676
614	0.002447	-0.000512
615	-0.000183	-0.000841
616	-0.000512	-0.000183
617	0.000639	0.000146
618	0.002447	-1.9e-05
619	-0.000183	-1.9e-05
620	0.001625	0.000474
621	0.000146	0.000474
622	0.000803	0.000639
623	-0.001005	-0.000347
624	0.00031	-0.000183
625	-0.001991	-0.000512
626	0.000146	-0.000183
627	-0.001005	-1.9e-05
628	-0.002484	-0.000183
629	-0.000676	0.000146
630	-0.001827	0.000146
631	0.00031	0.000967
632	-0.001991	-0.000183
633	0.003761	0.000146
634	0.002611	-0.000676
635	0.001132	0.000146
636	-0.000347	-0.000841
637	0.000967	0.00031
638	-0.000676	-0.000676
639	0.000146	-0.000183
640	-0.000676	0.00031
641	0.000967	0.000639
642	-0.000841	0.000474
643	0.000474	0.000474
644	-0.008894	-1.9e-05
645	-0.003799	-0.000841
646	0.001296	-0.000347
647	-0.000676	-0.000676
648	0.000474	-0.000676
649	0.000967	-0.000841
650	-0.002484	0.00031
651	0.000146	0.00031
652	0.000967	0.00031
653	-0.00232	-0.000183
654	-0.000676	0.000474
655	-0.001991	-0.000512
656	0.001132	0.000803
657	0.00146	-0.000676
658	-0.000183	0.000146
659	-0.000841	-0.000347
660	0.00146	-0.000841
661	-0.001662	0.000639
662	0.000803	-0.000347
663	0.00031	0.000146
664	-0.00232	0.00031
665	-1.9e-05	0.000803
666	-0.000183	-0.000841
667	-0.004128	-0.000841
668	-0.000841	0.001954
669	0.000803	-1.9e-05
670	-0.000183	-0.001662
671	0.00031	0.000639
672	-0.000676	0.001132
673	-0.000512	-1.9e-05
674	-0.001991	0.001625
675	-0.001169	0.001296
676	-0.000841	0.002447
677	-0.000676	0.002118
678	-1.9e-05	0.002775
679	-0.000347	0.006227
680	-0.000676	0.005076
681	-0.002813	0.003597
682	0.001954	0.004748
683	-0.000347	0.003268
684	-0.000183	0.001789
685	-0.002155	-0.000841
686	-0.000512	-0.00232
687	-0.001334	-0.001498
688	-0.000183	-1.9e-05
689	-0.000183	-0.000183
690	-0.000347	-0.003799
691	0.001132	0.002775
692	0.000639	-1.9e-05
693	-0.000512	0.004912
694	-0.000183	0.002447
695	0.000803	0.005898
696	-0.001334	0.002611
697	-0.000512	0.005569
698	-0.000347	0.004255
699	-0.000512	0.004912
700	-0.000183	0.007706
701	-0.000347	0.00672
702	-1.9e-05	-0.003142
703	0.002611	-0.000347
704	0.00146	0.001954
705	0.00294	-0.002484
706	0.003268	-0.000347
707	0.002118	-0.001005
708	0.000967	0.001954
709	-0.002484	0.00031
710	0.000146	0.000146
711	-0.002484	-1.9e-05
712	-0.002155	-1.9e-05
713	0.001954	-0.000841
714	0.001296	-1.9e-05
715	-0.001827	-0.000676
716	0.002118	-0.000183
717	-0.00232	-1.9e-05
718	0.000803	0.000474
719	-0.000512	0.000474
720	0.000967	0.001625
721	0.000803	0.000474
722	0.002611	-0.000512
723	-0.001169	0.001789
724	0.001789	-0.000183
725	0.004255	0.000803
726	0.000474	0.00146
727	0.001625	-0.001334
728	-0.006429	-0.000347
729	-0.001498	0.002447
730	-0.000841	-0.000676
731	0.001132	0.001954
732	-0.001169	0.00294
733	0.00409	-0.000512
734	0.00146	0.000803
735	0.000639	-0.000347
736	0.000474	-0.001169
737	0.000803	-0.004949
738	-1.9e-05	-0.001498
739	0.000639	-0.001498
740	-0.000183	0.000967
741	0.00031	-0.001991
742	0.000146	-0.000183
743	-0.001334	-0.002484
744	0.001625	0.00031
745	-1.9e-05	-0.000841
746	-0.000512	0.001296
747	0.00146	-0.001498
748	0.001789	-1.9e-05
749	-0.000512	0.000146
750	0.002118	0.001296
751	0.001789	0.004583
752	0.003926	-0.001334
753	0.00409	0.003597
754	-0.000183	-0.001991
755	-0.001498	0.000967
756	0.003926	0.001789
757	-0.000347	0.000967
758	-1.9e-05	-1.9e-05
759	0.000639	-0.000676
760	0.000967	0.004583
761	0.000474	0.012801
762	-1.9e-05	0.021183
763	-0.000183	0.028415
764	-0.000841	0.029237
765	-0.000347	0.034989
766	0.00294	0.042714
767	0.000639	0.040742
768	-0.000183	0.045179
769	-0.001334	0.026114
770	0.002611	0.027265
771	0.000967	0.035811
772	0.00031	0.037948
773	-1.9e-05	0.040577
774	-1.9e-05	0.044522
775	0.005241	0.035975
776	0.003433	0.043865
777	-0.00347	0.040742
778	-0.001498	0.041399
779	0.000803	0.038276
780	-0.000183	0.040249
781	0.00031	0.014116
782	0.000474	0.022005
783	0.000967	0.024142
784	0.000146	0.024799
785	-0.002648	0.03088
786	-0.000347	0.035975
787	0.00031	0.042714
788	-0.000347	0.04896
789	-1.9e-05	0.052411
790	0.000639	0.054055
791	0.00031	0.059314
792	0.00031	0.049288
793	0.000474	0.050439
794	0.000146	0.051261
795	0.000803	0.053726
796	-0.000183	0.056684
797	-0.000512	0.054712
798	-0.000841	0.053397
799	-0.000183	0.049781
800	-0.000676	0.054055
801	0.000803	0.058328
802	-0.001005	0.05652
803	0.000474	0.051589
804	0.000639	0.057013
805	0.000146	0.05915
806	-1.9e-05	0.063259
807	0.001954	0.06556
808	0.003761	0.065231
809	0.005241	0.070819
810	0.002775	0.061779
811	0.000639	0.063587
812	-0.000347	0.000146
813	0.000146	0.000639
814	0.002447	0.000474
815	0.000967	-0.000676
816	0.001789	-1.9e-05
817	-0.000512	0.00031
818	0.000474	0.00031
819	-0.000512	0.000146
820	-0.000183	0.00031
821	-0.002813	-1.9e-05
822	-0.000347	-0.000183
823	0.005734	-0.000676
824	0.002118	-0.000512
825	0.000967	-0.000512
826	-0.000347	-0.000183
827	0.003597	0.000146
828	0.000803	0.000146
829	0.004912	0.000146
830	0.00031	0.004583
831	0.005405	0.009843
832	0.009021	0.020197
833	0.008035	0.02973
834	0.000474	0.033839
835	0.006884	0.036962
836	0.00787	0.041728
837	0.011486	0.047809
838	0.008692	0.052904
839	0.012308	0.043371
840	0.01576	0.047316
841	0.017239	0.05274
842	0.024799	0.057013
843	0.026771	0.058328
844	0.007542	0.064245
845	0.011322	0.064574
846	0.005241	0.058164
847	0.009678	0.053562
848	0.015924	0.048631
849	0.022827	0.037126
850	0.02973	0.030716
851	0.030223	0.027265
852	0.034168	0.025457
853	0.036797	0.020362
854	0.041564	0.00787
855	0.047316	0.003104
856	0.043371	0.000639
857	0.040577	0.003433
858	0.030387	0.006227
859	0.03351	0.011322
860	0.033017	0.004748
861	0.034003	0.009678
862	0.03351	0.007213
863	0.020526	0.005405
864	0.0105	0.008528
865	0.015431	0.006391
866	0.023649	0.012801
867	0.023813	0.011815
868	0.025457	0.009678
869	0.013294	0.013623
870	0.009843	0.006227
871	0.015595	0.004583
872	0.014938	0.009021
873	0.0105	0.006227
874	0.004255	0.008199
875	0.00409	0.007706
876	0.005241	0.006391
877	0.008199	0.004419
878	0.001625	0.005241
879	0.008692	0.004255
880	0.00672	0.004419
881	-0.000183	0.010829
882	0.004748	0.011815
883	0.002282	0.0105
884	0.004583	0.002611
885	0.003268	0.004255
886	0.000967	0.005898
887	0.00787	0.006227
888	0.000474	0.002447
889	0.008692	0.005076
890	0.001954	0.005405
891	0.000474	0.002118
892	0.005241	-0.000183
893	0.013294	0.00294
894	0.003597	0.00031
895	0.008199	0.001296
896	0.011815	0.002611
897	0.013787	0.00294
898	0.007213	0.00409
899	0.008035	0.004419
900	0.009843	0.00672
901	0.013787	0.008692
902	0.01576	0.005241
903	0.002775	0.006391
904	0.002118	0.000639
905	0.00146	0.003104
906	0.00935	0.005241
907	0.008692	0.004748
908	0.013787	0.000803
909	0.013459	0.002118
910	0.003268	-1.9e-05
911	0.002118	0.000474
912	0.001296	0.001954
913	0.003761	-0.000183
914	0.013952	-0.000841
915	0.002611	-0.000841
916	0.00672	0.00031
917	0.011651	0.000967
918	0.010993	0.003433
919	0.013952	0.003268
920	0.01576	0.001954
921	0.021019	0.00031
922	0.005569	-0.000841
923	0.000474	-0.000676
924	0.001789	-0.001005
925	0.011815	-0.000347
926	0.004912	-0.000347
927	0.008528	0.000146
928	0.007377	-1.9e-05
929	0.011979	0.00031
930	0.001789	0.00031
931	0.00787	-1.9e-05
932	0.013952	-1.9e-05
933	0.014445	-1.9e-05
934	0.015102	-0.000676
935	0.018389	-0.000512
936	0.025621	-0.000676
937	0.026771	-0.000183
938	0.02973	-1.9e-05
939	0.032031	-0.000183
940	0.009678	0.000146
941	0.014116	0.000803
942	0.018225	0.000146
943	0.018389	-0.000512
944	0.024964	-0.000183
945	0.029401	-0.000347
946	0.025457	0.000639
947	0.008692	0.001132
948	0.014609	-0.000183
949	0.013952	-0.000183
950	0.020197	0.000474
951	0.022663	0.000146
952	0.02973	0.000474
953	0.034332	0.000474
954	0.035647	0.000639
955	0.032524	0.000474
956	0.026607	-0.000347
957	0.0271	-0.000347
958	0.031373	-0.000841
959	0.023813	-1.9e-05
960	0.019047	-1.9e-05
961	0.030552	0.00031
962	0.032524	0.000146
963	0.003268	0.000474
964	0.00294	0.000474
965	0.004255	0.000146
966	0.003433	-0.000512
967	0.005569	-0.000183
968	0.005076	-0.000512
969	0.002611	-0.000512
970	0.003597	-0.000512
971	0.003761	0.000146
972	0.000474	0.000146
973	-0.001498	0.000146
974	0.002611	0.00031
975	-0.000841	0.000474
976	0.007049	-1.9e-05
977	0.000474	-0.000183
978	-0.000347	-0.000183
979	0.003926	-0.000347
980	0.003104	-0.000347
981	0.001132	-0.000347
982	0.002282	0.00031
983	0.00031	-1.9e-05
984	0.001789	0.00031
985	0.002447	-0.000347
986	-0.001662	0.00031
987	-0.004785	0.00031
988	-0.001169	-0.000183
989	0.00146	-0.000183
990	0.001132	-0.000512
991	0.000967	0.000146
992	0.002118	-0.000676
993	0.000474	0.00031
994	0.000146	-0.000512
995	0.00031	-1.9e-05
996	-0.001498	0.000474
997	0.00146	0.00031
998	-0.001169	-0.000183
999	0.001625	-0.000347
1000	0.001954	-0.000347
1001	0.004255	-0.000347
1002	0.000967	-0.000676
1003	0.000639	-0.000347
1004	0.001296	-1.9e-05
1005	0.001296	0.000146
1006	-0.000183	0.00031
1007	0.00031	0.000146
1008	0.000967	0.00031
1009	-0.00347	-1.9e-05
1010	-0.001169	-0.000347
1011	0.000803	-0.000512
1012	0.000146	-0.000347
1013	-1.9e-05	-0.000676
1014	0.000803	-0.000512
1015	-0.000676	-1.9e-05
1016	0.001625	0.000146
1017	0.003104	-1.9e-05
1018	0.00031	0.000146
1019	0.003433	0.000474
1020	0.004912	0.000146
1021	0.00294	-0.000347
1022	0.005734	-0.000512
1023	0.016088	-0.000512
1024	0.016746	-0.000512
1025	0.018389	-0.000512
1026	0.01954	-0.000183
1027	0.027758	-1.9e-05
1028	0.026114	0.000146
1029	0.018718	0.00031
1030	0.024635	0.000146
1031	0.034661	-1.9e-05
1032	0.037619	-0.000183
1033	0.043043	-0.000512
1034	0.048138	-0.000512
1035	0.053726	-0.000676
1036	0.057177	-0.000183
1037	0.059643	-1.9e-05
1038	0.006556	0.000146
1039	0.006391	0.00031
1040	0.016417	0.000146
1041	0.022169	0.000639
1042	0.026771	0.000146
1043	0.030387	-0.000183
1044	0.019868	-0.000347
1045	0.00031	-0.000183
1046	0.000639	-0.000676
1047	0.001789	-0.000512
1048	0.003104	-1.9e-05
1049	0.00787	0.000146
1050	0.004748	0.000146
1051	0.000146	0.000146
1052	0.001954	0.000474
1053	0.0105	-1.9e-05
1054	0.015595	0.00031
1055	0.023156	-0.000512
1056	0.007706	-0.000347
1057	0.000967	-0.000183
1058	-0.000512	-0.000512
1059	0.00672	0.000639
1060	0.013623	-1.9e-05
1061	0.023156	0.000146
1062	0.023977	-1.9e-05
1063	0.032195	0.000639
1064	0.038605	0.00031
1065	0.042878	0.000146
1066	0.048631	-0.000676
1067	0.050932	-0.000512
1068	0.056027	-0.000512
1069	0.031045	-0.000676
1070	0.02973	-1.9e-05
1071	0.031373	-0.000183
1072	0.039427	0.000474
1073	0.037619	0.000146
1074	0.045508	0.00031
1075	0.046166	0.000146
1076	0.046166	0.000146
1077	0.044029	-0.000512
1078	0.049288	-0.000183
1079	0.052247	-0.000347
1080	0.056027	-0.000676
1081	0.057671	-1.9e-05
1082	0.059972	-1.9e-05
1083	0.065724	0.00031
1084	0.069833	0.000146
1085	0.07197	0.00031
1086	0.072627	0.000146
1087	0.07575	-1.9e-05
1088	0.07953	-0.000347
1089	0.083968	-0.000512
1090	0.084461	-0.000676
1091	0.089391	-0.000183
1092	0.091199	-0.000512
1093	0.092186	0.000474
1094	0.097281	0.00031
1095	0.100403	0.000146
1096	0.102376	0.00031
1097	0.104019	0.00031
1098	0.107964	-0.000183
1099	0.108128	-0.000183
1100	0.111908	-0.000512
1101	0.114702	-0.000841
1102	0.112401	-0.000512
1103	0.113881	-0.000512
1104	0.11158	0.000146
1105	0.110593	0.000146
1106	0.109936	0.000146
1107	0.100239	0.000146
1108	0.096952	0.000474
1109	0.097116	-0.000183
1110	0.090871	0.000146
1111	0.093993	-0.000347
1112	0.095473	-0.000676
1113	0.100403	-0.000676
1114	0.103691	-0.000347
1115	0.105992	-1.9e-05
1116	0.108293	-1.9e-05
1117	0.113223	0.000146
1118	0.11273	0.000146
1119	0.115195	0.00031
1120	0.116839	-1.9e-05
1121	0.121277	0.000639
1122	0.123085	-0.000512
1123	0.126372	-0.000183
1124	0.128015	-0.000841
1125	0.129166	-0.000347
1126	0.128344	0.000146
1127	0.127358	0.002611
1128	0.129659	0.000146
1129	0.109114	0.000639
1130	0.005241	-1.9e-05
1131	0.015595	0.00031
1132	0.021676	-0.000183
1133	0.026771	-0.000183
1134	0.037126	-0.000347
1135	0.041235	-0.000512
1136	0.048138	0.000639
1137	0.050932	0.00031
1138	0.059972	0.00031
1139	0.062273	0.000146
1140	0.069011	-0.000676
1141	0.067696	0.000967
1142	0.073449	0.000803
1143	0.066875	0.001132
1144	0.071477	-0.003306
1145	0.076407	0.00146
1146	0.07838	0.000967
1147	0.07953	-0.007744
1148	0.07838	0.000474
1149	0.079859	0.000146
1150	0.077065	0.003433
1151	0.081831	-0.000183
1152	0.071312	0.000967
1153	0.072627	0.003597
1154	0.071312	0.002775
1155	0.072956	-0.000676
1156	0.070326	0.000967
1157	0.074764	-0.000183
1158	0.077722	-0.000183
1159	0.082653	0.00031
1160	0.090049	0.00146
1161	0.098431	-0.001498
1162	0.096459	0.00031
1163	0.098267	0.003268
1164	0.098102	0.00031
1165	0.104184	-0.001991
1166	0.109114	0.00146
1167	0.107635	-0.000512
1168	0.113716	-1.9e-05
1169	0.107635	-0.001005
1170	0.109772	-1.9e-05
1171	0.11158	-0.000347
1172	0.118483	0.000474
1173	0.118976	-0.000183
1174	0.123085	0.000967
1175	0.125386	-0.000183
1176	0.126536	-1.9e-05
1177	0.127687	-0.000183
1178	0.123413	-0.000841
1179	0.114209	0.000146
1180	0.114045	0.000474
1181	0.115853	0.00031
1182	0.114045	-0.000183
1183	0.112401	0.002447
1184	0.111908	0.001296
1185	0.117825	0.000639
1186	0.117332	-0.000676
1187	0.119797	0.000474
1188	0.115853	-0.000676
1189	0.116017	0.000474
1190	0.118318	-0.000841
1191	0.122427	0.002118
1192	0.115853	0.000803
1193	0.114538	0.000146
1194	0.10632	0.005405
1195	0.099089	0.000474
1196	0.097609	0.000803
1197	0.097281	0.002447
1198	0.105827	0.000803
1199	0.106813	-0.000183
1200	0.108128	0.001296
1201	0.109936	-1.9e-05
1202	0.11536	-0.000676
1203	0.113716	0.000967
1204	0.117003	0.000474
1205	0.11651	-1.9e-05
1206	0.117496	0.000639
1207	0.119304	0.00031
1208	0.122756	0.000146
1209	0.1267	-1.9e-05
1210	0.126043	-0.000183
1211	0.092186	-0.000512
1212	0.084954	-0.000676
1213	0.090871	-0.000676
1214	0.099417	0.000639
1215	0.099746	-0.000183
1216	0.101883	0.000474
1217	0.105663	0.000146
1218	0.106156	0.000474
1219	0.11158	0.00031
1220	0.110922	-0.000183
1221	0.104019	-0.000512
1222	0.062766	-0.000512
1223	0.057999	-0.000512
1224	0.050768	-0.001005
1225	0.057671	-1.9e-05
1226	0.054219	-0.000841
1227	0.057999	0.000474
1228	0.066546	0.00031
1229	0.06556	0.000967
1230	0.072298	0.000639
1231	0.075914	0.000146
1232	0.069997	0.00031
1233	0.068354	-1.9e-05
1234	0.071805	0.00031
1235	0.069504	-0.002977
1236	0.070819	0.000474
1237	0.069997	-0.000512
1238	0.075092	0.000146
1239	0.078544	0.00031
1240	0.081502	-1.9e-05
1241	0.072134	0.000474
1242	0.075092	-0.000183
1243	0.069504	0.000146
1244	0.040577	-0.000347
1245	0.018389	-0.000347
1246	0.018389	0.005898
1247	0.006884	0.00031
1248	0.008692	-0.000347
1249	0.012801	0.000474
1250	0.012801	0.000146
1251	0.022991	0.000146
1252	0.028744	0.000639
1253	0.033346	-1.9e-05
1254	-0.001005	-0.000512
1255	0.009514	0.000146
1256	0.013623	-0.001334
1257	0.017403	-0.003963
1258	0.023156	-0.000183
1259	0.013623	0.00031
1260	0.017074	0.000474
1261	0.014938	0.000146
1262	0.015924	0.000639
1263	0.017239	0.000803
1264	0.023156	0.00031
1265	0.016746	-1.9e-05
1266	0.015924	0.001954
1267	0.010171	-0.000676
1268	0.011486	0.000639
1269	0.003104	-1.9e-05
1270	0.010007	-0.000347
1271	0.008199	0.001132
1272	0.009678	-0.000512
1273	0.013952	0.002611
1274	0.008035	0.00031
1275	0.016746	0.002118
1276	0.01954	0.003268
1277	0.020855	-0.000183
1278	0.020033	-0.000841
1279	0.025621	-0.000183
1280	0.027429	-0.001169
1281	0.034168	0.000474
1282	0.031867	0.000639
1283	0.034825	0.000803
1284	0.038441	0.00031
1285	0.046001	0.00031
1286	0.051918	-0.000347
1287	0.048467	-0.000512
1288	0.045344	-1.9e-05
1289	0.042714	-0.000347
1290	0.044851	-0.000676
1291	0.049946	-1.9e-05
1292	0.053069	0.000967
1293	0.028744	-1.9e-05
1294	0.031867	0.000146
1295	0.033674	0.000146
1296	0.022169	0.000803
1297	0.023156	-0.000841
1298	0.017732	0.000146
1299	0.012472	0.001132
1300	0.017896	-1.9e-05
1301	0.016417	-0.000347
1302	0.019211	-0.000183
1303	0.021512	0.001132
1304	0.031702	0.001296
1305	0.025457	-1.9e-05
1306	0.02595	0.000967
1307	0.023977	0.001296
1308	0.025292	0.001132
1309	0.032853	-0.000347
1310	0.031373	-0.000347
1311	0.024964	-0.000676
1312	0.020526	-0.000841
1313	0.025621	-0.000183
1314	0.032031	-0.000183
1315	0.039263	0.001625
1316	0.022169	0.000639
1317	0.005569	0.000146
1318	0.005405	0.000639
1319	0.008528	0.000803
1320	0.000146	-0.000183
1321	0.005241	-0.000347
1322	0.009185	-0.000676
1323	0.008692	-0.000512
1324	0.013787	0.000639
1325	0.010829	-0.000183
1326	0.016088	0.000474
1327	0.011979	0.000803
1328	0.00935	0.00031
1329	0.011158	0.00031
1330	0.012801	0.000146
1331	0.015266	-0.000183
1332	0.025292	0.000146
1333	0.027429	-0.000841
1334	0.033181	0.000474
1335	0.008857	-0.000841
1336	0.008363	0.001296
1337	0.011158	0.00031
1338	0.011322	0.000803
1339	-1.9e-05	0.000474
1340	0.003433	0.000474
1341	0.003104	0.00031
1342	0.002118	-0.001662
1343	0.005405	-0.001169
1344	0.004748	-0.001169
1345	0.010007	-0.000183
1346	0.006391	-0.000347
1347	0.007706	0.000967
1348	0.011158	0.00031
1349	0.002447	0.000803
1350	0.002775	-0.000512
1351	0.010171	0.001132
1352	0.006884	-0.000183
1353	0.0105	0.000803
1354	0.009185	0.001789
1355	0.012144	0.000146
1356	0.018882	-0.000512
1357	0.005734	0.000639
1358	0.005898	-0.000183
1359	0.009021	0.000474
1360	0.012308	0.000146
1361	0.012308	0.00031
1362	0.019047	0.00031
1363	0.022663	-0.000183
1364	0.026607	-0.000183
1365	0.021019	-0.000183
1366	0.017074	-0.000512
1367	0.013459	-0.000512
1368	0.015266	-0.000347
1369	0.003104	-0.000183
1370	0.004912	-1.9e-05
1371	0.009185	0.00031
1372	0.003926	0.00031
1373	0.006227	0.000474
1374	0.010993	0.000146
1375	0.017567	-0.000183
1376	0.019868	-0.000347
1377	0.024799	-0.000347
1378	0.002447	-0.000676
1379	0.004912	-0.000347
1380	0.003926	-0.000183
1381	0.003761	-1.9e-05
1382	0.000639	0.00031
1383	0.006884	0.00031
1384	0.002447	0.00031
1385	0.006391	0.000146
1386	0.00409	-0.000183
1387	0.000474	-0.000512
1388	0.004583	-0.000676
1389	0.004255	-0.000347
1390	0.001132	-0.000512
1391	0.005405	0.000146
1392	0.006556	0.000146
1393	-0.000512	0.000146
1394	0.005569	0.00031
1395	0.006391	0.00031
1396	0.002775	0.000146
1397	0.004419	-0.000183
1398	0.005569	-0.000512
1399	0.00672	-0.000512
1400	0.004255	-0.000676
1401	0.000474	-0.000676
1402	0.008528	-0.000183
1403	0.005076	-1.9e-05
1404	0.006062	-1.9e-05
1405	0.004748	0.000146
1406	0.000146	0.00031
1407	0.00146	0.00031
1408	-0.000183	-0.000183
1409	0.002775	-0.000347
1410	-0.000183	-0.000512
1411	0.003268	-0.000512
1412	0.000639	-0.000512
1413	0.001789	0.000146
1414	0.004583	0.000146
1415	0.000967	0.000146
1416	0.001296	0.000474
1417	0.002447	0.00031
1418	0.000803	0.000474
1419	0.00294	-0.000347
1420	0.002611	-0.000347
1421	0.008528	-0.000347
1422	0.005076	-0.000512
1423	0.00409	-0.000183
1424	0.001954	-1.9e-05
1425	0.000474	0.000146
1426	0.00294	0.000146
1427	0.00031	0.00031
1428	0.003926	0.000474
1429	0.001296	0.000474
1430	0.001296	-0.000183
1431	0.001954	-0.000512
1432	0.006062	-0.000512
1433	0.003104	-0.000841
1434	0.005898	-0.000676
1435	0.000803	-0.000183
1436	0.003268	-1.9e-05
1437	0.002447	0.000146
1438	0.001625	0.000146
1439	0.001954	0.00031
1440	0.001132	0.00031
1441	0.004748	-0.000183
1442	0.002118	-0.000347
1443	0.003433	-0.000512
1444	0.001132	-0.000347
1445	0.001132	-0.000676
1446	0.002775	-0.000183
1447	0.002282	-0.000183
1448	0.001296	0.000474
1449	0.003433	-1.9e-05
1450	0.000474	0.00031
1451	0.001296	0.000146
1452	0.000803	-1.9e-05
1453	0.003926	-0.000183
1454	0.003926	-0.000512
1455	0.001625	-0.000347
1456	0.003433	-0.000512
1457	0.000474	-0.000347
1458	-0.001169	-1.9e-05
1459	0.001954	-1.9e-05
1460	0.003104	0.000146
1461	-0.000676	0.00031
1462	0.001789	0.000474
1463	-0.000676	-0.000183
1464	0.000803	-0.000183
1465	-0.001334	-0.000347
1466	0.002118	-0.000841
1467	0.005241	-0.000512
1468	0.003268	-0.000347
1469	0.00146	0.000146
1470	-0.002813	0.000146
1471	0.001954	0.000146
1472	0.002611	0.00031
1473	0.002282	0.000146
1474	0.001954	-1.9e-05
1475	0.001132	-0.000183
1476	0.00294	-0.000512
1477	0.003268	-0.000347
1478	0.007213	-0.000512
1479	0.003433	-0.000347
1480	-0.000676	0.000146
1481	0.002282	0.00031
1482	-0.000183	0.00031
1483	0.002447	0.000474
1484	0.001789	0.000146
1485	0.003597	0.000146
1486	0.002611	-0.000183
1487	0.003104	-0.000512
1488	0.001789	-0.000676
1489	0.003761	-0.000512
1490	0.001296	-0.000347
1491	0.002282	0.000146
1492	0.00031	0.000146
1493	0.000474	0.000146
1494	-0.000841	0.00031
1495	-0.000841	0.00031
1496	0.008857	-1.9e-05
1497	-0.000347	-0.000183
1498	0.000967	-0.000183
1499	0.001789	-0.000183
1500	0.00146	-0.000512
1501	0.003597	-0.000512
1502	0.00294	-0.000183
1503	-0.000183	0.000146
1504	0.003268	0.000146
1505	0.005898	0.000146
1506	0.000474	0.00031
1507	-0.004621	0.00031
1508	-0.000841	-0.000512
1509	0.003597	-0.000183
1510	0.001954	-0.000676
1511	0.000967	-0.000347
1512	-0.000512	-0.000347
1513	0.004583	-0.000183
1514	0.008035	-1.9e-05
1515	0.001789	0.00031
1516	0.003433	-1.9e-05
1517	0.009843	0.00031
1518	0.001296	0.000146
1519	0.00409	-0.000347
1520	0.003433	-1.9e-05
1521	0.001789	-0.000512
1522	0.001954	0.000474
1523	0.001132	-0.001334
1524	0.004912	0.000967
1525	0.002611	0.000803
1526	0.007049	0.003104
1527	0.008363	0.003597
1528	0.008692	0.002611
1529	0.009185	-0.000183
1530	0.011322	0.001296
1531	0.003926	0.001954
1532	0.001132	0.001296
1533	0.000967	0.003268
1534	0.00031	0.011486
1535	0.003268	0.012637
1536	0.003268	0.017896
1537	0.000967	0.020197
1538	0.002118	0.021512
1539	0.003268	0.026114
1540	0.000639	0.032688
1541	0.00031	0.026443
1542	-0.000347	0.004748
1543	0.000967	0.014938
1544	0.001132	0.01954
1545	0.001789	0.026936
1546	0.00409	0.031045
1547	0.008035	0.032688
1548	0.005076	0.000967
1549	0.00146	0.004419
1550	0.00146	0.011322
1551	0.001132	0.01691
1552	0.005569	0.000474
1553	0.003104	0.007706
1554	0.001954	0.01428
1555	0.00294	0.017567
1556	0.001625	0.027922
1557	0.000967	0.028251
1558	0.00672	0.032195
1559	0.003597	0.03614
1560	0.000639	0.035975
1561	0.000474	0.040577
1562	0.000146	0.044193
1563	0.000803	0.046166
1564	0.000639	0.034989
1565	0.00031	0.034496
1566	0.000474	0.035975
1567	0.009843	0.043043
1568	0.002775	0.043536
1569	0.003104	0.048138
1570	0.000639	0.047973
1571	0.002611	0.052082
1572	-0.000841	0.052904
1573	0.00146	0.058985
1574	0.004255	0.060793
1575	0.000639	0.062273
1576	0.000474	0.069669
1577	0.005405	0.07197
1578	0.001789	0.072791
1579	0.000803	0.075092
1580	-0.001498	0.076079
1581	0.000639	0.078873
1582	-1.9e-05	0.081502
1583	-0.001005	0.084132
1584	0.004748	0.086104
1585	-0.001662	0.087419
1586	0.006884	0.090049
1587	0.000967	0.091199
1588	0.002447	0.096294
1589	0.003926	0.097116
1590	0.002775	0.097281
1591	0.000639	0.10139
1592	0.004583	0.103033
1593	0.002118	0.109114
1594	0.002118	0.109772
1595	0.002282	0.106978
1596	0.00294	0.114867
1597	0.00031	0.112401
1598	0.000474	0.114538
1599	0.000967	0.116182
1600	0.002447	0.004255
1601	0.005405	-0.025658
1602	-0.000183	-0.015797
1603	0.002447	-0.003142
1604	0.000474	0.003926
1605	0.001132	0.011322
1606	0.003433	0.016253
1607	0.004748	0.024635
1608	-0.001334	0.027593
1609	0.002611	0.035482
1610	0.001132	0.040906
1611	0.002447	0.048302
1612	0.001625	0.051096
1613	0.001132	0.055534
1614	-0.000676	0.062601
1615	0.000803	0.066546
1616	-0.000676	0.068682
1617	0.001132	0.069176
1618	-0.001498	0.077558
1619	0.000967	0.078873
1620	0.00146	0.083968
1621	0.002282	0.084789
1622	0.002118	0.088898
1623	0.000639	0.089063
1624	0.002775	0.095308
1625	0.001132	0.096294
1626	0.003104	0.100568
1627	0.00031	0.103855
1628	0.000146	0.105005
1629	0.005734	0.107964
1630	0.00294	0.110265
1631	0.002118	0.111251
1632	0.001625	0.112237
1633	0.002611	0.113059
1634	0.002118	0.112401
1635	0.001789	0.118318
1636	0.001132	0.117168
1637	0.000146	0.117825
1638	0.002282	0.11799
1639	-0.000183	0.124728
1640	-1.9e-05	0.122756
1641	0.003268	0.125386
1642	0.000639	0.121441
1643	0.004255	0.125057
1644	0.003597	0.108621
1645	0.004583	0.005734
1646	0.005569	0.008692
1647	0.004419	0.013952
1648	0.003104	0.021676
1649	0.00294	0.027429
1650	0.003268	0.035647
1651	0.001954	0.039756
1652	0.003597	0.046001
1653	0.000639	0.050439
1654	0.003597	0.056191
1655	-1.9e-05	0.059972
1656	0.003104	0.06556
1657	0.001296	0.065395
1658	0.009021	0.073449
1659	0.012965	0.074599
1660	0.017239	0.07838
1661	0.017732	0.082324
1662	0.022005	0.086269
1663	0.021348	0.090706
1664	0.026114	0.092186
1665	0.029566	0.096294
1666	0.036633	0.099746
1667	0.036797	0.106156
1668	0.034332	0.101225
1669	0.031538	0.108293
1670	0.026607	0.106813
1671	0.034003	0.111744
1672	0.033017	0.107964
1673	0.039427	0.111251
1674	0.044193	0.115524
1675	0.047973	0.11536
1676	0.051754	0.119469
1677	0.015595	0.119797
1678	0.023649	0.121605
1679	0.028579	0.122427
1680	0.034661	0.1267
1681	0.040249	0.126207
1682	0.045837	0.128344
1683	0.049288	0.129823
1684	0.052411	0.130481
1685	0.056356	0.131302
1686	0.062437	0.137384
1687	0.065067	0.134261
1688	0.066875	0.138205
1689	0.074271	0.140835
1690	0.076736	0.136398
1691	0.081995	0.136398
1692	0.086762	0.136891
1693	0.089063	0.136891
1694	0.091528	0.13837
1695	0.098102	0.139356
1696	0.099253	0.138534
1697	0.103855	0.141493
1698	0.098431	0.137548
1699	0.103526	0.140506
1700	0.105498	0.140835
1701	0.107635	0.141
1702	0.110429	0.142972
1703	0.114538	0.13459
1704	0.115853	0.126536
1705	0.118976	0.096623
1706	0.120455	0.08709
1707	0.124399	0.082817
1708	0.125714	0.078215
1709	0.001625	0.083803
1710	0.000146	0.081995
1711	0.005734	0.081174
1712	0.01313	0.083639
1713	0.022005	0.07575
1714	0.0271	0.078708
1715	0.032195	0.076407
1716	0.041564	0.072298
1717	0.044029	0.074435
1718	0.049124	0.080516
1719	0.055534	0.060793
1720	0.059314	0.019047
1721	0.065395	0.015102
1722	0.070819	0.023484
1723	0.07312	0.023813
1724	0.078544	0.022827
1725	0.083639	0.020855
1726	0.088734	0.023649
1727	0.092679	0.003433
1728	0.090542	0.001625
1729	0.104348	0.010007
1730	0.044193	0.00409
1731	0.000803	0.017074
1732	0.000639	0.019375
1733	-0.000183	0.026278
1734	0.000474	0.029894
1735	0.000146	0.035318
1736	-0.000512	0.04107
1737	0.00146	0.047316
1738	-0.001005	0.050932
1739	-1.9e-05	0.056027
1740	-0.000841	0.062108
1741	0.00031	0.066381
1742	-0.001005	0.023484
1743	0.001954	0.007706
1744	0.000639	0.011651
1745	0.002282	0.01691
1746	0.00031	0.027593
1747	0.000474	0.031538
1748	-0.001169	0.036633
1749	0.001132	0.041235
1750	0.003104	0.048795
1751	0.000803	0.05011
1752	0.002282	0.055534
1753	0.007542	0.058657
1754	0.013459	0.064245
1755	0.013294	0.071477
1756	0.010171	0.073613
1757	0.006062	0.075257
1758	0.010336	0.079694
1759	0.008035	0.086433
1760	0.004419	0.08857
1761	0.001625	0.091692
1762	0.00146	0.095473
1763	0.002118	0.095637
1764	0.001789	0.100732
1765	-1.9e-05	0.101883
1766	0.001296	0.094815
1767	0.00031	0.105663
1768	0.00031	0.108293
1769	-0.000347	0.110922
1770	0.00031	0.113388
1771	0.001132	0.117825
1772	-0.000676	0.117168
1773	0.000474	0.121934
1774	-0.000347	0.123742
1775	0.002118	0.122756
1776	-0.001005	0.126865
1777	-0.000676	0.124728
1778	0.00031	0.126372
1779	-1.9e-05	0.12933
1780	-0.000841	0.129823
1781	-0.001005	0.131467
1782	0.002118	0.133439
1783	0.000474	0.133439
1784	0.001789	0.136562
1785	0.002118	0.136069
1786	0.000967	0.129166
1787	0.002118	0.130316
1788	0.003104	0.132946
1789	0.006556	0.134261
1790	0.002775	0.135411
1791	0.003433	0.137384
1792	0.006556	0.136726
1793	0.005898	0.135576
1794	0.004419	0.138205
1795	0.005734	0.14215
1796	0.006391	0.14215
1797	0.008035	0.143794
1798	0.00672	0.142972
1799	0.013459	0.146916
1800	0.012965	0.14478
1801	0.021348	0.147245
1802	0.020197	0.147574
1803	0.025785	0.143958
1804	0.028086	0.146752
1805	0.019868	0.149875
1806	0.026771	0.15119
1807	0.026114	0.148889
1808	0.030059	0.152833
1809	0.034332	0.150532
1810	0.039098	0.152833
1811	0.028086	0.151683
1812	0.012144	0.152669
1813	0.015266	0.151847
1814	0.022334	0.156449
1815	0.026771	0.15497
1816	0.035647	0.155627
1817	0.039756	0.155299
1818	0.046659	0.155134
1819	0.050439	0.155792
1820	0.05537	0.157107
1821	0.062601	0.153162
1822	0.06408	0.159736
1823	0.067039	0.155463
1824	0.072134	0.157271
1825	0.075585	0.159408
1826	0.078051	0.156778
1827	0.085611	0.158421
1828	0.086926	0.158914
1829	0.093172	0.158586
1830	0.093172	0.15875
1831	0.096459	0.160887
1832	0.08709	0.158914
1833	0.090213	0.163023
1834	0.080845	0.158914
1835	0.083803	0.157271
1836	0.084954	0.159736
1837	0.08709	0.160065
1838	0.089885	0.159408
1839	0.100732	0.160887
1840	0.095473	0.161544
1841	0.100896	0.162695
1842	0.10254	0.163845
1843	0.107471	0.164338
1844	0.110265	0.16253
1845	0.10895	0.161709
1846	0.114374	0.160229
1847	0.115853	0.160887
1848	0.118811	0.161051
1849	0.119633	0.155792
1850	0.117168	0.135083
1851	0.094651	0.122263
1852	0.089556	0.120126
1853	0.088077	0.120784
1854	0.097938	0.121441
1855	0.099253	0.126372
1856	0.096952	0.12818
1857	0.103691	0.128015
1858	0.105334	0.131796
1859	0.109607	0.131138
1860	0.109279	0.133439
1861	0.110265	0.133932
1862	0.108621	0.133603
1863	0.044851	0.137877
1864	0.049124	0.141821
1865	0.054712	0.139192
1866	0.061779	0.13952
1867	0.065231	0.141
1868	0.069669	0.140342
1869	0.076736	0.142479
1870	0.079694	0.142807
1871	0.083968	0.144615
1872	0.086762	0.143465
1873	0.088734	0.147574
1874	0.093665	0.148396
1875	0.097609	0.145108
1876	0.102376	0.15119
1877	0.104512	0.149053
1878	0.107142	0.150532
1879	0.111251	0.149382
1880	0.112401	0.151847
1881	0.111908	0.151683
1882	0.114209	0.150697
1883	0.115853	0.146095
1884	0.119304	0.008528
1885	0.118318	0.003761
1886	0.125386	0.0105
1887	0.126043	0.017403
1888	0.129001	0.024142
1889	0.011322	0.032524
1890	0.016417	0.03729
1891	0.023484	0.045344
1892	0.017896	0.051918
1893	0.012472	0.059314
1894	0.016746	0.059972
1895	0.024635	0.067532
1896	0.027429	0.070983
1897	0.038769	0.074764
1898	0.042714	0.078544
1899	0.047316	0.082653
1900	0.053233	0.081174
1901	0.058164	0.00294
1902	0.061286	0.012308
1903	0.068189	0.019047
1904	0.071477	0.023977
1905	0.078215	0.032524
1906	0.085118	0.040577
1907	0.083803	0.042221
1908	0.090049	0.045015
1909	0.094651	0.028908
1910	0.09498	0.036797
1911	0.099089	0.000803
1912	0.10517	0.004419
1913	0.104677	0.00672
1914	0.109936	0.003926
1915	0.112894	0.003268
1916	0.113388	0.01313
1917	0.113223	0.016581
1918	0.115195	0.022663
1919	0.116839	0.022498
1920	0.123413	0.028744
1921	0.12292	0.036962
1922	0.124564	0.038276
1923	0.126043	0.04748
1924	0.12818	0.051589
1925	0.13196	0.057177
1926	0.133275	0.052411
1927	0.132124	0.009514
1928	0.134261	0.007049
1929	0.137384	0.014773
1930	0.135904	0.01691
1931	0.139356	0.023813
1932	0.139849	0.03729
1933	0.143136	0.03236
1934	0.143136	0.032031
1935	0.146588	0.040084
1936	0.149382	0.044686
1937	0.150204	0.046494
1938	0.150204	0.052247
1939	0.153655	0.058328
1940	0.15497	0.063423
1941	0.153162	0.067368
1942	0.155299	0.069833
1943	0.153491	0.066053
1944	0.156942	0.077558
1945	0.152998	0.078215
1946	0.158421	0.081502
1947	0.158257	0.081995
1948	0.162202	0.085283
1949	0.159243	0.083639
1950	0.159243	0.089391
1951	0.155956	0.088734
1952	0.156942	0.087419
1953	0.157764	0.089227
1954	0.159079	0.091528
1955	0.159572	0.090213
1956	0.160229	0.090049
1957	0.162859	0.092021
1958	0.162859	0.08857
1959	0.13459	0.089391
1960	0.136891	0.089063
1961	0.13837	0.093007
1962	0.137877	0.090213
1963	0.140013	0.092843
1964	0.139849	0.088405
1965	0.142479	0.027922
1966	0.145766	0.033017
1967	0.144122	0.035154
1968	0.146423	0.038112
1969	0.146916	0.044193
1970	0.148396	0.045672
1971	0.147738	0.048302
1972	0.14971	0.054548
1973	0.149546	0.01576
1974	0.14856	0.020362
1975	0.141493	0.028415
1976	0.124728	0.037126
1977	0.090871	0.038441
1978	0.094487	0.046823
1979	0.100403	0.049124
1980	0.101554	0.054712
1981	0.10517	0.051261
1982	0.1101	0.033839
1983	0.111744	0.024142
1984	0.113059	0.021512
1985	0.115689	0.012308
1986	0.115853	0.014445
1987	0.117496	0.010007
1988	0.119797	0.004583
1989	0.121934	0.003104
1990	0.126372	0.009678
1991	0.127029	0.018554
1992	0.126207	0.023484
1993	0.128837	0.031702
1994	0.130809	0.03351
1995	0.12933	0.042385
1996	0.131302	0.048302
1997	0.135083	0.051754
1998	0.133275	0.057671
1999	0.127687	0.063094
2000	0.091035	0.062108
2001	0.096952	0.06293
2002	0.097609	0.066053
2003	0.100896	0.070655
2004	0.103855	0.075257
2005	0.108128	0.077558
2006	0.112073	0.08216
2007	0.113388	0.079366
2008	0.116182	0.080681
2009	0.121277	0.084625
2010	0.125714	0.087584
2011	0.122756	0.086104
2012	0.126372	0.090213
2013	0.12818	0.090871
2014	0.128015	0.086762
2015	0.127358	0.034003
2016	0.134097	0.006062
2017	0.1267	0.007542
2018	0.127522	0.00787
2019	0.126207	0.014773
2020	0.124728	0.021841
2021	0.123249	0.015266
2022	0.123085	0.005405
2023	0.12177	0.000639
2024	0.122592	-0.000183
2025	0.122756	0.004419
2026	0.121441	0.002775
2027	0.119633	0.006556
2028	0.12555	0.009678
2029	0.128015	0.009514
2030	0.131796	0.003104
2031	0.133603	0.003597
2032	0.1267	0.003761
2033	0.092514	0.005898
2034	0.013787	0.011486
2035	0.001954	0.013459
2036	0.003761	0.016253
2037	0.005076	0.009185
2038	0.007542	-1.9e-05
2039	0.003433	-0.000512
2040	0.007706	0.004583
2041	0.012308	0.009843
2042	0.019211	0.014609
2043	0.023977	0.00409
2044	0.03088	0.002118
2045	0.038276	-0.001334
2046	0.043043	0.006884
2047	0.048138	0.012472
2048	0.055534	0.016253
2049	0.056191	0.01954
2050	0.059478	0.025128
2051	0.06556	0.022169
2052	0.069176	0.023484
2053	0.0769	0.02973
2054	0.079037	0.033181
2055	0.084625	0.016746
2056	0.088898	0.016417
2057	0.090871	0.01691
2058	0.088734	0.015924
2059	0.097281	0.023156
2060	0.097281	0.0271
2061	0.104841	0.035647
2062	0.103526	0.039263
2063	0.107306	0.046166
2064	0.110593	0.051261
2065	0.111251	0.057013
2066	0.114538	0.058985
2067	0.11799	0.059643
2068	0.118483	0.064409
2069	0.11914	0.066217
2070	0.121441	0.046166
2071	0.123413	0.000803
2072	0.127358	0.000146
2073	0.124893	-0.000512
2074	0.12818	0.00294
2075	0.128344	0.00031
2076	0.126865	0.014609
2077	0.132617	0.011651
2078	0.135904	0.022498
2079	0.136233	0.028086
2080	0.13574	0.032688
2081	0.138699	0.025785
2082	0.136398	0.007049
2083	0.137712	0.001789
2084	0.137712	0.000146
2085	0.136069	0.004748
2086	0.140013	0.007213
2087	0.138205	0.013294
2088	0.138699	0.019375
2089	0.142479	0.021348
2090	0.140671	0.025292
2091	0.140013	0.034989
2092	0.114538	0.039263
2093	0.006556	0.045837
2094	-0.001827	0.049781
2095	0.006556	0.054712
2096	-0.003799	0.058985
2097	-0.001334	0.051589
2098	0.006884	0.056191
2099	0.013952	0.058328
2100	0.015924	0.059807
2101	0.021676	0.054055
2102	0.028251	0.055205
2103	0.034661	0.040906
2104	0.041892	0.023813
2105	0.044522	0.012965
2106	0.050932	0.005569
2107	0.053562	0.008528
2108	0.0603	0.010171
2109	0.063916	0.001625
2110	0.06671	0.000639
2111	0.068189	0.000803
2112	0.068682	-0.001005
2113	0.072463	0.002118
2114	0.075914	0.003761
2115	0.0769	0.002282
2116	0.081338	0.003926
2117	0.081667	0.002282
2118	0.08216	0.002282
2119	0.08594	0.005405
2120	0.087584	0.005734
2121	0.092186	0.012472
2122	0.089227	0.010993
2123	0.096623	0.010664
2124	0.096623	0.003761
2125	0.097774	0.000967
2126	0.09498	0.002447
2127	0.099417	0.00935
2128	0.096788	0.011815
2129	0.099746	0.018225
2130	0.097774	0.025457
2131	0.065888	0.023484
2132	0.015102	0.01428
2133	0.015924	0.002611
2134	0.026278	0.001132
2135	0.032031	0.001296
2136	0.037948	0.005076
2137	0.039427	0.005405
2138	0.04748	0.017567
2139	0.049453	0.023977
2140	0.056684	0.029566
2141	0.0603	0.033674
2142	0.066546	0.041235
2143	0.068189	0.040577
2144	0.004583	0.032524
2145	0.011815	0.013787
2146	0.021676	0.012637
2147	0.0271	0.014938
2148	0.02973	0.019704
2149	0.040084	0.02332
2150	0.043207	0.00787
2151	0.047152	0.003761
2152	0.051096	0.002118
2153	0.057177	0.008528
2154	0.061286	0.005405
2155	0.064409	0.000474
2156	0.070983	0.000639
2157	0.078051	0.00294
2158	0.077065	0.00672
2159	0.081667	0.015924
2160	0.084461	0.019047
2161	0.0935	0.026278
2162	0.093829	0.028086
2163	0.094487	0.028415
2164	0.098431	0.001132
2165	0.097281	0.000146
2166	0.097774	0.000146
2167	0.103197	0.000474
2168	0.100732	0.000803
2169	0.103033	-0.001005
2170	0.106813	0.005076
2171	0.111251	0.014609
2172	0.110758	0.022827
2173	0.111744	0.022334
2174	0.116346	0.023977
2175	0.114867	0.016746
2176	0.115195	0.021348
2177	0.120291	0.017074
2178	0.124728	0.020855
2179	0.126207	0.022169
2180	0.128344	0.026771
2181	0.127851	0.035647
2182	0.132782	0.037948
2183	0.129823	0.046001
2184	0.132617	0.04896
2185	0.133439	0.055041
2186	0.127029	0.056684
2187	0.129988	0.064409
2188	0.126207	0.065231
2189	0.127358	0.072134
2190	0.122263	0.074435
2191	0.003268	0.075585
2192	0.011322	0.077722
2193	0.016253	0.080516
2194	0.021676	0.083475
2195	0.021676	0.083639
2196	0.02973	0.084132
2197	0.035975	0.086433
2198	0.039591	0.087419
2199	0.043865	0.091035
2200	0.052904	0.093993
2201	0.056849	0.091364
2202	0.060793	0.09498
2203	0.064409	0.09613
2204	0.066053	0.097774
2205	0.070162	0.099417
2206	0.077886	0.101718
2207	0.081667	0.101061
2208	0.084625	0.104184
2209	0.086104	0.103855
2210	0.086926	0.104348
2211	0.093665	0.107964
2212	0.09613	0.107635
2213	0.095308	0.11158
2214	0.098595	0.111087
2215	0.09613	0.112401
2216	0.094322	0.116839
2217	0.091857	0.115524
2218	0.088734	0.117168
2219	0.087912	0.119304
2220	0.074435	0.12818
2221	0.077558	0.126536
2222	0.073449	0.126865
2223	0.072463	0.132617
2224	0.058985	0.132124
2225	0.053562	0.134918
2226	0.040742	0.136891
2227	0.026771	0.136562
2228	0.01954	0.140178
2229	0.017896	0.145108
2230	0.019375	0.14215
2231	0.026114	0.14478
2232	0.028908	0.144944
2233	0.030223	0.144287
2234	0.028908	0.149217
2235	0.02332	0.14856
2236	0.019375	0.152176
2237	0.015102	0.152505
2238	0.010829	0.156778
2239	0.007049	0.156942
2240	0.004255	0.159736
2241	-1.9e-05	0.159572
2242	0.008528	0.161051
2243	0.010829	0.161544
2244	0.017239	0.159572
2245	0.013787	0.160394
2246	0.017567	0.163681
2247	0.021183	0.164831
2248	0.027265	0.162366
2249	0.031702	0.165653
2250	0.036304	0.166968
2251	0.044851	0.167297
2252	0.041235	0.16779
2253	0.047316	0.173707
2254	0.046001	0.169762
2255	0.048467	0.16894
2256	0.049781	0.170584
2257	0.051918	0.169926
2258	0.05274	0.17157
2259	0.05652	0.172885
2260	0.059643	0.172063
2261	0.056356	0.174364
2262	0.057999	0.173707
2263	0.054712	0.172556
2264	0.04633	0.17535
2265	0.031373	0.173707
2266	0.034661	0.173542
2267	0.035318	0.172063
2268	0.037126	0.175515
2269	0.036797	0.172392
2270	0.03729	0.171734
2271	0.036304	0.172885
2272	0.034661	0.176336
2273	0.028579	0.176336
2274	0.024142	0.176172
2275	0.014445	0.182089
2276	0.009185	0.177322
2277	0.002611	0.176665
2278	0.007542	0.176994
2279	0.008035	0.181103
2280	0.007706	0.176994
2281	0.009021	0.17913
2282	0.011979	0.178309
2283	0.011486	0.17913
2284	0.010993	0.175843
2285	0.016417	0.14478
2286	0.015595	0.133439
2287	0.020362	0.141986
2288	0.011322	0.147574
2289	0.012637	0.151847
2290	0.014773	0.154312
2291	0.018554	0.152176
2292	0.024306	0.154641
2293	0.02595	0.156613
2294	0.029401	0.159243
2295	0.019211	0.157107
2296	0.011979	0.148231
2297	0.015431	0.148231
2298	0.023484	0.126372
2299	0.023813	0.00787
2300	0.029072	0.015431
2301	0.036962	0.023649
2302	0.040084	0.031045
2303	0.039427	0.028744
2304	0.046001	0.007213
2305	0.048302	0.012472
2306	0.048795	0.004748
2307	0.049453	0.000146
2308	0.048631	-1.9e-05
2309	0.042714	-0.000512
2310	0.046659	0.004255
2311	0.051425	0.012965
2312	0.053726	0.000146
2313	0.058657	0.007542
2314	0.061451	0.000474
2315	0.065888	-0.000183
2316	0.066381	-0.000512
2317	0.069176	0.000639
2318	0.049617	0.000474
2319	0.053233	-0.001827
2320	0.051261	-0.004456
2321	0.058328	0.000803
2322	0.056356	-0.001169
2323	0.062273	0.000803
2324	0.064574	0.001296
2325	0.068189	0.001954
2326	0.071312	0.004748
2327	0.06934	0.000474
2328	0.071148	-0.000183
2329	0.07312	-1.9e-05
2330	0.07838	-0.000841
2331	0.075914	0.000803
2332	0.077393	0.00031
2333	0.07953	-0.001827
2334	0.083146	0.001132
2335	0.084461	0.000146
2336	0.087748	0.000474
2337	0.092021	0.007049
2338	0.094487	0.015924
2339	0.095637	0.021676
2340	0.098924	0.026936
2341	0.101061	0.028251
2342	0.099417	0.042385
2343	0.100732	0.045672
2344	0.105498	0.051754
2345	0.103691	0.058164
2346	0.094322	0.0603
2347	0.093007	0.069176
2348	0.092021	0.070162
2349	0.093665	0.075585
2350	0.09498	0.077722
2351	0.095801	0.080845
2352	0.09235	0.086762
2353	0.095966	0.093336
2354	0.094487	0.094815
2355	0.100239	0.095801
2356	0.099746	0.102704
2357	0.10254	0.104019
2358	0.105827	0.109772
2359	0.113223	0.111087
2360	0.103691	0.110593
2361	0.106485	0.113388
2362	0.109279	0.037455
2363	0.110922	0.04107
2364	0.008857	0.04748
2365	0.006884	0.053069
2366	0.019704	0.057999
2367	0.024142	0.054055
2368	0.030387	0.021348
2369	0.035318	0.01954
2370	0.034003	0.012637
2371	0.044686	0.018061
2372	0.047809	0.026114
2373	0.026936	0.030716
2374	0.032688	0.039427
2375	0.030387	0.046166
2376	0.003761	0.049288
2377	-0.000183	0.055041
2378	0.002282	0.018882
2379	-1.9e-05	0.012472
2380	-0.000841	0.01313
2381	-0.000183	0.017403
2382	-0.001991	0.02595
2383	0.000803	0.032688
2384	0.00031	0.039098
2385	0.000803	0.0437
2386	0.000803	0.053069
2387	0.002447	0.054383
2388	0.001296	0.058328
2389	0.000474	0.068354
2390	-0.001662	0.071312
2391	0.002775	0.07575
2392	0.007542	0.081174
2393	0.012472	0.08594
2394	0.001789	0.088898
2395	0.00146	0.098102
2396	0.004912	0.101061
2397	0.001625	0.097938
2398	-0.000512	0.00146
2399	-0.000347	0.003761
2400	-0.000183	0.0105
2401	-0.000183	0.020033
2402	-0.000183	0.021512
2403	-0.000676	0.025785
2404	-0.000347	0.036962
2405	0.000146	0.040577
2406	0.00031	0.04748
2407	0.00146	0.054055
2408	0.009843	0.059314
2409	-0.000347	0.06408
2410	-0.000841	0.067532
2411	-0.000676	0.076736
2412	-1.9e-05	0.077558
2413	-0.001498	0.084625
2414	-0.000512	0.085447
2415	0.002118	0.09235
2416	0.001625	0.094487
2417	0.003433	0.098431
2418	0.000639	0.100732
2419	0.001789	0.100239
2420	0.00294	0.108128
2421	0.006391	0.111744
2422	0.00294	0.11536
2423	0.008528	0.118647
2424	0.001132	0.121934
2425	0.000146	0.122427
2426	0.008035	0.12818
2427	0.005405	0.129001
2428	0.002611	0.131302
2429	0.000146	0.134261
2430	0.002447	0.134754
2431	-0.000183	0.131138
2432	0.005734	0.133768
2433	0.002118	0.030552
2434	0.000474	0.001132
2435	-0.00347	0.000146
2436	0.001132	0.005898
2437	0.006062	0.010664
2438	0.006556	0.015595
2439	0.013952	0.022991
2440	0.022334	0.028086
2441	0.027429	0.037126
2442	0.034003	0.039427
2443	0.035482	0.053397
2444	0.040084	0.051425
2445	0.046494	0.058164
2446	0.035154	0.064574
2447	0.001954	0.069504
2448	0.007049	0.073449
2449	0.014116	0.07953
2450	0.017567	0.084461
2451	0.022334	0.088241
2452	0.022663	0.093665
2453	0.023813	0.094322
2454	0.025128	0.097938
2455	0.003597	0.09991
2456	-0.000347	0.10139
2457	0.000146	0.106485
2458	0.001954	0.104677
2459	-0.000183	0.110593
2460	0.00409	0.111087
2461	0.000967	0.112237
2462	0.000146	0.116017
2463	0.000967	0.114374
2464	0.00031	0.118811
2465	0.000146	0.120126
2466	-1.9e-05	0.12292
2467	-0.000183	0.118483
2468	-0.000183	0.122756
2469	-0.000512	0.122592
2470	-0.000512	0.123742
2471	-1.9e-05	0.124399
2472	0.000146	0.122263
2473	-1.9e-05	0.105992
2474	0.00031	-0.000841
2475	0.004419	0.010007
2476	-1.9e-05	0.01691
2477	0.002775	0.018389
2478	0.005241	0.022663
2479	0.000803	0.027922
2480	-0.000512	0.029237
2481	0.004748	0.031867
2482	-0.000347	0.032031
2483	0.000967	0.026278
2484	0.007542	0.017239
2485	0.008528	0.012472
2486	0.000474	0.011815
2487	0.00146	0.009678
2488	-0.000347	0.000474
2489	-0.000512	0.003597
2490	-0.000183	0.005076
2491	0.00146	0.011322
2492	-0.000347	0.012965
2493	-0.000347	0.012308
2494	0.00146	0.016746
2495	0.00031	0.013787
2496	0.001625	0.01576
2497	-1.9e-05	0.017239
2498	0.000146	0.018389
2499	0.007377	0.017896
