Ladekurvenmessung

Zeit: 2018_05_04 09.00.42

Info: FVA3, v = 0.382, T = 23, F = 20, h = 314.9

Ladewiderstand[Ohm]: 1012700

Störkapazität[pF]: 0.000000

Entladezeit[ms]: 200

Abtastrate[Hz]: 250000

Anzahl der Messwerte: 2500.000000

Verzögerung[ms]: 3

Ladespannung[V]: 0.200000


	Kurve_1	Kurve_2
0	0.003268	0.004583
1	0.003433	-0.001334
2	0.000803	-0.000347
3	0.006884	-0.001334
4	0.007706	0.000474
5	0.004419	-0.000512
6	0.005241	0.001296
7	0.009514	0.000803
8	0.000639	0.002447
9	0.005569	-0.00232
10	0.003926	0.001954
11	0.003761	-0.001334
12	0.000146	0.000639
13	-0.000676	0.000803
14	0.001789	0.000474
15	0.003104	-0.000183
16	0.000474	-0.000183
17	0.000803	-0.000841
18	0.003761	-0.000676
19	-0.000183	-0.000347
20	0.00294	0.000474
21	0.001132	0.00031
22	0.001954	-0.002155
23	0.000967	-0.000512
24	-0.000841	-1.9e-05
25	0.002611	0.001789
26	0.003268	-0.000183
27	0.001296	0.002118
28	0.006062	0.00031
29	0.007049	0.000639
30	-0.000183	0.000474
31	0.001789	-0.000841
32	0.003926	-0.000841
33	0.003104	0.003926
34	0.000474	-0.001005
35	0.002611	-0.000512
36	0.003104	-0.001005
37	0.003433	-0.001662
38	-0.000183	0.00031
39	-1.9e-05	-0.001334
40	0.005734	-0.001991
41	0.003104	-0.001334
42	0.001625	0.00031
43	0.00409	0.001132
44	0.002775	0.000967
45	0.003597	0.000803
46	0.001789	-0.000183
47	0.003433	0.000146
48	0.00294	0.000967
49	0.002118	0.003761
50	0.002447	0.003268
51	0.006062	-0.001334
52	0.00146	0.000146
53	-0.001169	0.001296
54	0.002118	-0.003963
55	0.000639	0.000803
56	0.002118	-0.001827
57	0.002282	0.002447
58	0.003761	-1.9e-05
59	-0.001662	-0.000676
60	0.003597	0.002447
61	0.00031	-0.001334
62	-0.001498	-0.002484
63	-1.9e-05	-0.000347
64	0.000146	0.000803
65	0.000146	-0.000676
66	0.00031	0.001132
67	-0.002813	0.00294
68	0.000474	0.00146
69	-0.006429	0.000967
70	-0.006593	0.00031
71	-0.002484	-0.001334
72	-0.006264	0.001789
73	-0.005278	-0.002813
74	-0.002813	0.000967
75	-0.000512	0.000474
76	0.001296	0.000146
77	0.000803	0.003268
78	-0.000347	0.003761
79	-0.004456	0.000146
80	-1.9e-05	0.001296
81	0.000803	0.002611
82	0.000146	-1.9e-05
83	-0.001498	0.003926
84	-0.002484	0.001132
85	-0.001662	0.005241
86	-1.9e-05	0.002282
87	-0.000676	0.002775
88	-0.000347	-0.001169
89	-0.003635	0.004583
90	-1.9e-05	-0.001498
91	-0.000841	-0.001169
92	-0.000183	-1.9e-05
93	0.000639	-0.001498
94	0.000803	0.001625
95	-1.9e-05	-0.002484
96	-0.001169	0.002282
97	-0.000347	0.00031
98	-0.000512	0.003761
99	0.002118	0.000967
100	0.002611	0.002447
101	0.002611	0.001132
102	0.001296	0.00146
103	0.001789	0.001132
104	0.000146	0.000803
105	0.002118	-0.002155
106	-0.000676	-0.002648
107	0.00294	-0.002484
108	0.002611	-0.002648
109	0.003268	-0.003306
110	0.001296	-0.004128
111	0.001954	0.00031
112	0.000639	0.000474
113	0.000967	0.000146
114	0.002447	0.00031
115	0.001132	0.002775
116	0.001132	0.000803
117	-0.000347	0.002611
118	-0.001991	-0.000512
119	0.001132	0.002118
120	-0.001498	0.002282
121	-1.9e-05	0.000967
122	0.000967	0.001954
123	-0.001498	-1.9e-05
124	0.001132	-0.000183
125	0.000639	-0.002155
126	-0.000183	-0.000512
127	0.000474	-0.000512
128	0.000803	-1.9e-05
129	0.000639	0.00146
130	-0.001169	-1.9e-05
131	0.002775	0.000474
132	-0.000676	0.003104
133	0.001954	0.004419
134	-0.001498	0.002282
135	0.000967	0.000803
136	0.002118	0.002611
137	0.000146	0.00294
138	0.000803	0.002447
139	0.00031	-1.9e-05
140	-0.002648	0.000803
141	-0.00347	0.000967
142	-0.003306	0.001132
143	-0.001991	-0.000347
144	-0.001005	0.000146
145	-0.005443	0.000967
146	-0.000347	-0.000183
147	-0.000183	0.000639
148	-1.9e-05	0.000803
149	-0.00232	0.00409
150	-0.001334	0.00146
151	-0.001169	0.004419
152	-0.000676	0.002282
153	-0.000841	0.00146
154	-0.000841	0.001132
155	0.00031	0.000803
156	-0.002155	0.000967
157	-0.002155	-0.00232
158	0.001132	0.001296
159	-0.000676	-0.001991
160	-0.001827	0.002611
161	0.00146	-0.001498
162	0.000803	0.004255
163	-0.003635	-0.000676
164	-0.00232	0.002118
165	0.001132	0.001789
166	0.000146	0.001296
167	-0.000512	0.001132
168	0.000803	-0.000183
169	-1.9e-05	0.002118
170	0.001789	0.002611
171	-0.000183	0.002775
172	0.000474	0.000474
173	0.002282	0.00409
174	0.001296	0.002447
175	-0.003799	0.002611
176	-0.000841	0.00146
177	-0.003963	0.003433
178	0.002282	-0.001169
179	-0.000676	0.001625
180	0.001132	0.000146
181	-0.000183	0.000146
182	0.00031	0.000639
183	0.000474	0.00146
184	0.000146	0.003926
185	-0.000347	0.000639
186	0.001132	0.002118
187	0.000967	0.001132
188	0.000803	0.003761
189	-1.9e-05	-0.000183
190	-1.9e-05	0.002118
191	-0.000183	0.00031
192	-0.001334	0.001954
193	-1.9e-05	0.000639
194	-0.002813	0.000639
195	-0.001827	0.00031
196	-0.002813	0.000474
197	-0.000676	0.000967
198	0.000146	-0.002484
199	0.003104	0.000639
200	-1.9e-05	-0.001169
201	0.001132	-0.001169
202	-0.000183	-0.000676
203	0.000967	0.000474
204	0.002282	-0.000841
205	0.00146	0.000803
206	0.000474	-0.000512
207	-0.003142	0.000639
208	-0.00232	-0.000512
209	-0.001005	0.001789
210	0.000803	0.00294
211	-0.001334	-0.001005
212	-0.000183	-0.003799
213	-0.001662	0.002118
214	-0.000512	-0.001662
215	-0.000676	-0.000183
216	0.000474	0.001296
217	0.002611	-0.000183
218	0.000146	0.000146
219	-0.003142	0.00146
220	0.00146	0.000474
221	0.001296	-0.001662
222	0.001625	0.000639
223	0.004419	0.001296
224	0.000967	0.003761
225	0.001296	0.001132
226	0.00031	0.003104
227	-0.001005	0.003597
228	-0.001991	0.000803
229	-0.000841	0.001132
230	-0.001498	-0.001005
231	-0.002813	-0.001169
232	-0.004456	-0.001334
233	-0.003142	0.001625
234	0.001789	-0.001169
235	0.000474	0.001625
236	-0.000841	-0.001662
237	0.001132	0.003926
238	0.001625	0.003268
239	-0.000676	0.003926
240	0.001625	-0.001169
241	-0.001827	0.002118
242	-0.000841	0.000639
243	-0.001991	-0.001334
244	-0.002977	0.000474
245	-0.002155	0.00031
246	-0.002977	-0.002155
247	-0.00347	-0.001169
248	0.000639	0.002775
249	0.00146	0.003597
250	-0.000841	0.002118
251	0.000474	-0.000347
252	-0.000676	0.001296
253	0.000639	-0.002813
254	-0.001991	-0.004128
255	0.000474	-0.001334
256	0.000146	0.000146
257	-0.000512	-0.002813
258	-0.001662	-0.001498
259	0.000474	0.00146
260	0.000803	-0.001334
261	-0.001662	-0.002155
262	-0.001827	-0.004128
263	0.001789	-1.9e-05
264	-0.001662	-0.002977
265	-0.001498	-0.001662
266	-0.000512	-0.001005
267	-0.000512	0.000474
268	0.001296	-0.000347
269	-0.001498	-0.000841
270	0.002118	0.000146
271	0.000146	0.00146
272	0.00409	-0.001498
273	0.00031	-0.001991
274	0.003761	0.00031
275	-0.002155	-0.001005
276	-0.001005	-0.000841
277	-0.002484	0.002118
278	0.000146	-0.000512
279	-0.000676	-0.001662
280	-0.002155	0.001296
281	-0.000676	-0.000512
282	-0.001169	0.003104
283	0.001789	-0.000347
284	-0.001827	0.002282
285	0.001625	-0.001991
286	-0.000841	-0.007579
287	-0.000676	-0.002813
288	-0.001169	-0.000676
289	0.001132	-0.000841
290	0.000474	-0.000183
291	0.001625	0.000146
292	-0.000841	0.001625
293	0.000967	0.000474
294	-0.002977	0.002118
295	-0.00232	0.001625
296	-0.001169	-0.00232
297	-0.005936	-0.007744
298	-0.001827	-0.002648
299	-0.001005	0.000803
300	0.000803	0.003761
301	-0.001169	0.00031
302	0.000967	-0.001005
303	0.000146	0.002282
304	0.000967	-0.000347
305	-0.002155	-0.002977
306	0.000474	-0.000676
307	-0.001827	-1.9e-05
308	-0.000841	-0.011524
309	0.001789	-0.003306
310	-0.000347	-0.003799
311	0.000803	-0.003963
312	-0.001827	-0.002648
313	0.002775	-0.00347
314	-0.000676	0.002447
315	0.001789	-0.000512
316	-0.000183	0.003926
317	0.000146	-1.9e-05
318	-0.001005	0.00146
319	-0.001169	-0.006264
320	-0.001334	-0.001169
321	-0.000676	-0.002155
322	0.00294	-0.002648
323	0.003433	-0.001991
324	0.000146	-0.001005
325	-0.000183	-0.000183
326	0.000639	-0.001827
327	-0.004621	0.001625
328	-0.000841	-0.000512
329	0.000146	0.000474
330	-0.000512	0.000146
331	-0.001498	0.000146
332	0.002447	0.000803
333	0.002118	-0.000676
334	0.001625	0.001132
335	0.000474	-0.000512
336	0.000639	-0.001005
337	-0.002813	0.000474
338	-0.000841	-0.000676
339	-0.001662	-0.001169
340	-0.001991	-0.001334
341	-0.002155	0.002775
342	-0.002648	-0.001169
343	-0.001169	-0.002484
344	-0.002648	-0.001827
345	-0.001498	-0.001169
346	-0.000347	0.00031
347	-0.001662	-0.001991
348	-0.001498	0.003597
349	-0.002155	-0.000347
350	0.00146	0.002118
351	0.000803	0.002447
352	-0.00232	0.005734
353	0.000474	-0.000183
354	-0.001334	-0.001334
355	-0.001498	-0.001991
356	-1.9e-05	-0.004128
357	-0.002484	-0.000841
358	0.002775	-0.004785
359	0.000639	-0.001662
360	-0.000347	-0.001498
361	-0.000512	-0.000676
362	0.001296	-0.000347
363	-0.001827	0.006227
364	0.00409	0.00146
365	-0.001334	-0.000841
366	0.000639	0.001132
367	0.00031	0.001132
368	0.000474	0.000146
369	0.001132	-0.001169
370	0.00031	0.003268
371	-0.001005	0.001296
372	-0.001169	0.000146
373	0.00409	-0.001334
374	-0.000841	0.000803
375	0.000146	-0.002813
376	-0.001827	0.001954
377	-0.001169	-0.002977
378	-0.001169	-0.000676
379	0.00031	-0.001169
380	-0.000347	-0.000347
381	0.00146	0.002118
382	0.000639	0.00146
383	0.00031	-0.000512
384	0.00031	-0.002155
385	-0.001005	0.000639
386	-0.001334	-0.000183
387	-0.003142	0.000967
388	-0.000841	-0.001991
389	0.002447	0.000639
390	-0.000183	-0.001005
391	-0.004949	-0.001169
392	-0.001662	-0.001991
393	-0.002648	-0.000512
394	-0.002813	-0.000841
395	-0.002484	-0.001991
396	0.00146	-0.001827
397	-0.001005	-0.001169
398	-0.000183	0.000146
399	0.000639	-0.002484
400	0.000474	-0.001827
401	0.001789	0.000146
402	0.000639	-0.000841
403	0.001789	-0.000183
404	-0.001991	0.001789
405	-0.000512	-1.9e-05
406	-0.002813	-0.001334
407	0.00031	-0.003306
408	0.002118	-0.003799
409	-1.9e-05	-0.002484
410	-0.000676	-0.002977
411	0.00031	-0.002977
412	-0.000841	-0.001498
413	0.000146	0.002447
414	0.001789	0.001625
415	0.000639	0.00146
416	0.000639	0.001789
417	0.00031	0.000967
418	-0.001005	0.000967
419	0.00031	0.00146
420	0.000474	0.00031
421	-0.000347	0.004255
422	0.001954	-0.001005
423	-0.00232	0.001789
424	0.002775	-0.00232
425	-0.000676	0.001132
426	-0.000347	-0.001334
427	-0.001498	-0.000841
428	-0.001662	-0.001334
429	-0.001005	0.001296
430	-0.001005	-0.000512
431	-0.000676	-0.002155
432	0.000803	0.000803
433	0.002447	-0.002648
434	-0.001498	0.002118
435	-0.001169	0.001625
436	-0.000512	0.002118
437	-0.001827	0.000967
438	-1.9e-05	0.001296
439	0.000146	-0.000841
440	-0.001005	0.002775
441	-1.9e-05	-1.9e-05
442	-0.004456	-0.002813
443	0.000639	-0.001005
444	-0.001827	-0.001498
445	0.00409	-0.001662
446	0.00031	-0.00347
447	-0.001005	0.001789
448	0.001132	0.001296
449	-0.000183	0.003761
450	0.00146	-0.0061
451	-0.000347	-0.001005
452	0.001132	-0.003306
453	-0.001169	0.001132
454	0.001625	-0.001498
455	0.000146	0.000146
456	0.003597	-0.001498
457	0.00146	-0.001169
458	0.00294	-0.003306
459	-0.001334	-0.001334
460	-0.000512	-0.000841
461	-0.001169	-0.001662
462	-0.000841	-0.003142
463	0.00031	0.00031
464	-0.002484	-0.002484
465	0.000639	-0.001662
466	0.000474	0.00031
467	0.001296	-0.001662
468	0.000474	-0.001662
469	0.002282	0.000474
470	-1.9e-05	0.002118
471	0.001296	0.000639
472	-0.003963	0.002775
473	-0.001005	0.000639
474	-0.002155	0.000967
475	-0.000841	0.002447
476	-0.001005	-0.001334
477	-0.000676	0.00031
478	0.00031	-0.000347
479	-0.000676	-0.00232
480	0.002118	-0.000512
481	-0.000512	0.00146
482	-1.9e-05	0.001132
483	-0.000183	0.001789
484	-0.002813	-0.000512
485	-0.003142	0.000146
486	-0.000512	-0.001169
487	0.000803	0.00031
488	0.001954	-0.001662
489	0.000639	-0.001662
490	-0.000183	-0.001498
491	0.003104	0.002611
492	-0.002155	0.000803
493	-0.001005	-0.001169
494	-0.004621	-0.000183
495	0.000803	-0.000512
496	-0.001498	-0.001827
497	-0.001169	-0.002813
498	0.000803	0.001132
499	0.00031	-0.002484
500	-1.9e-05	0.003104
501	-1.9e-05	-0.000676
502	0.00146	-1.9e-05
503	-0.000183	0.00031
504	-0.000512	-0.000347
505	0.000639	-0.001169
506	-0.000183	0.000474
507	0.000803	-0.003799
508	-0.000512	-0.000676
509	-0.000512	-0.000183
510	-0.000183	-0.004128
511	0.00031	0.000146
512	-0.000183	-0.001005
513	0.002282	0.001954
514	-0.000512	-0.00232
515	-0.001005	-0.001169
516	0.000474	-0.002648
517	-0.002155	0.000639
518	0.001954	-0.004292
519	-0.000676	-0.005607
520	0.002775	-0.000512
521	-0.000512	-0.000841
522	0.004583	-0.000347
523	-0.000183	-0.000183
524	-0.000841	0.000803
525	-0.000347	0.000803
526	-0.000347	0.000967
527	-0.000676	-0.001334
528	-0.002155	0.001296
529	0.00146	-0.001334
530	-0.000512	0.002611
531	0.001789	-0.002977
532	-0.000676	-0.000183
533	0.001132	-0.004621
534	-0.001169	-0.001498
535	0.002118	-0.000841
536	0.002775	-0.001991
537	0.00146	-1.9e-05
538	0.001789	-0.001827
539	0.002611	0.002447
540	0.000146	-0.00232
541	-0.001827	-0.000512
542	0.00031	-0.001005
543	-0.003963	0.000474
544	-0.005278	-0.001498
545	-0.000841	-0.000183
546	0.003268	-0.003963
547	-0.001169	-0.000183
548	0.000639	0.000146
549	0.000474	-0.000183
550	0.000803	-0.000512
551	-0.000512	-0.004621
552	-0.000841	-0.001662
553	0.000639	-0.001005
554	0.00146	0.00031
555	0.000967	-0.001498
556	-0.000676	-0.001005
557	0.00146	-0.000512
558	0.000967	-0.000676
559	-0.000183	-0.001169
560	0.001296	0.00146
561	0.001954	-0.001334
562	0.00146	-1.9e-05
563	0.002118	0.001625
564	-0.000841	-0.002648
565	0.000803	-0.001991
566	-0.000347	-1.9e-05
567	-1.9e-05	-0.003306
568	-0.000676	-0.002155
569	-1.9e-05	-0.001334
570	0.00146	-0.001498
571	0.00031	-0.000676
572	0.002447	-0.000676
573	0.003926	0.000639
574	0.003926	-0.001662
575	0.000639	-0.001005
576	0.001789	-0.001169
577	-0.000183	0.001625
578	0.002282	-0.000347
579	-0.001662	0.002118
580	0.00146	-1.9e-05
581	-0.001662	0.000967
582	-0.001005	0.002282
583	0.001132	0.001954
584	0.001954	0.001625
585	-0.000512	-0.001169
586	0.003104	-0.000676
587	0.001296	0.000474
588	0.000803	0.000146
589	-0.001169	-0.001827
590	-0.001334	0.002447
591	-0.002813	-0.001334
592	-0.002648	0.000146
593	-0.000347	-0.000512
594	-0.003635	0.001296
595	0.002282	-0.001169
596	-1.9e-05	0.001789
597	0.001132	0.000967
598	0.001296	-0.000183
599	-0.002977	0.000803
600	0.000146	0.001296
601	0.000803	-0.001169
602	-0.000676	-0.001169
603	-1.9e-05	0.000474
604	-1.9e-05	-0.001662
605	-0.001334	0.002118
606	0.004748	-0.002648
607	0.002447	-0.001498
608	0.001296	-0.001334
609	-0.000841	-0.001169
610	0.00294	-0.003142
611	0.000967	-0.000512
612	0.000639	0.003268
613	-0.000183	0.002282
614	0.00031	0.002611
615	0.000639	0.001625
616	-1.9e-05	0.004583
617	0.000803	0.002447
618	-0.000183	0.005405
619	-0.001991	0.000803
620	0.00294	0.003104
621	-0.000841	0.003433
622	0.000803	-0.000183
623	0.000967	-0.001169
624	-0.003142	0.001789
625	0.002282	-0.000183
626	-1.9e-05	-1.9e-05
627	0.000639	-0.00347
628	0.000146	-0.004949
629	0.001132	-0.001005
630	-0.000347	-0.000183
631	0.00146	-0.001662
632	-0.000841	0.001296
633	-1.9e-05	0.00146
634	0.000803	0.000474
635	-0.002155	0.001296
636	-0.000347	-1.9e-05
637	-0.001005	0.002282
638	-0.000676	0.000967
639	-0.005278	0.000474
640	0.001789	-0.001827
641	-0.001498	0.001789
642	-0.001005	-0.002155
643	-0.003306	-0.001005
644	-0.00232	-0.000841
645	-0.002813	0.000639
646	-0.001662	0.00146
647	-0.001827	0.002118
648	0.000639	0.00146
649	0.001296	0.00031
650	0.00031	0.002447
651	0.001954	-0.000512
652	0.000146	0.002447
653	0.000803	0.001132
654	-0.000841	0.001132
655	-0.002648	0.000639
656	-0.001662	-0.000183
657	-0.000841	-0.000841
658	-0.002155	0.003104
659	-0.002155	-0.001662
660	-0.001827	-0.001005
661	0.000967	-0.000183
662	0.00031	-0.003142
663	0.00146	0.002282
664	0.000967	-0.000183
665	0.000803	0.001625
666	0.002118	-0.000841
667	-0.000347	0.001954
668	0.000474	0.000967
669	-0.000841	0.003926
670	0.002447	0.000803
671	-0.001169	0.000803
672	0.002611	0.00146
673	0.000146	0.00146
674	-0.00347	0.000967
675	-0.000841	0.00031
676	-0.002813	-0.002155
677	-0.00347	0.003268
678	-0.002155	0.000474
679	-0.001498	0.000803
680	-0.001169	0.002611
681	0.000803	0.00031
682	-0.000347	0.001132
683	0.001625	0.001132
684	-0.001662	0.002611
685	0.001296	-0.000841
686	0.000639	0.001296
687	0.000803	0.00031
688	-0.001827	0.000474
689	-0.005114	0.000967
690	-0.000183	0.000639
691	0.000803	-0.001334
692	-0.002977	-1.9e-05
693	-0.005607	0.001132
694	-1.9e-05	-0.001827
695	0.00031	0.00031
696	-0.001005	-0.002813
697	-0.003142	0.000639
698	0.000474	-0.001662
699	-0.003306	-0.001334
700	0.000146	0.000474
701	-0.000347	0.000967
702	0.001625	0.000639
703	-0.000512	0.001625
704	0.00031	0.000146
705	-0.001334	-0.001498
706	0.000803	-0.001498
707	-0.000841	-0.004456
708	-0.000183	-0.004621
709	-0.000512	-0.003799
710	-0.007908	-0.002484
711	-0.001334	-0.000841
712	0.000639	0.001296
713	0.00031	-0.001169
714	-0.002155	0.000146
715	0.000146	-0.000841
716	-0.000841	0.000474
717	0.00294	-0.002813
718	0.000146	0.001954
719	0.001954	0.00031
720	0.001789	0.001625
721	-0.005607	-0.000347
722	0.001132	0.001789
723	0.000803	0.000967
724	0.002447	-0.001827
725	0.001954	0.004748
726	-1.9e-05	0.000639
727	-0.002155	0.001954
728	0.000967	-0.004949
729	-0.003306	-0.000841
730	0.003433	-0.001005
731	0.000639	-0.000676
732	-0.008565	-0.003306
733	-0.001498	0.001296
734	-1.9e-05	-0.000676
735	-0.000676	0.00031
736	0.000967	0.00146
737	0.000803	-1.9e-05
738	-0.000512	-0.002648
739	-0.002155	0.000803
740	-0.004128	0.001296
741	-0.001169	-0.001827
742	-0.000512	-0.000347
743	-0.005114	-0.002977
744	-0.005443	0.000474
745	-0.000841	-0.000183
746	-0.000347	-0.000347
747	0.000803	-0.001991
748	0.001954	0.00146
749	0.001625	-0.001827
750	0.003268	-0.001334
751	0.007049	0.004583
752	0.015924	0.013294
753	0.021512	0.017567
754	0.029072	0.024964
755	0.033346	0.034168
756	0.042385	0.038934
757	0.047316	0.052575
758	0.055698	0.05011
759	0.058821	0.059807
760	0.065231	0.06408
761	0.07197	0.069997
762	0.077886	0.076572
763	0.081174	0.082982
764	0.086926	0.085118
765	0.09235	0.089885
766	0.093665	0.095308
767	0.101061	0.098595
768	0.105663	0.103691
769	0.107142	0.107635
770	0.112894	0.112894
771	0.113881	0.112237
772	0.120784	0.117496
773	0.124399	0.121441
774	0.124893	0.125879
775	0.12933	0.126865
776	0.134918	0.130809
777	0.133439	0.130481
778	0.137219	0.138205
779	0.137548	0.140671
780	0.138863	0.142479
781	0.14593	0.142807
782	0.143958	0.145437
783	0.14971	0.146916
784	0.150697	0.149382
785	0.155299	0.151683
786	0.15497	0.151354
787	0.160394	0.154148
788	0.1576	0.156285
789	0.159901	0.159079
790	0.160887	0.160558
791	0.160558	0.162366
792	0.165324	0.162037
793	0.16401	0.164338
794	0.166639	0.165817
795	0.167625	0.170748
796	0.170913	0.167954
797	0.170419	0.169598
798	0.176994	0.16894
799	0.170913	0.170913
800	0.171899	0.172885
801	0.178144	0.173049
802	0.175679	0.176829
803	0.179952	0.173707
804	0.177487	0.177487
805	0.181431	0.17535
806	0.180281	0.176172
807	0.183239	0.176501
808	0.180281	0.180445
809	0.186033	0.172885
810	0.183075	0.168283
811	0.185705	0.099089
812	0.184718	0.10139
813	0.184883	0.078873
814	0.184225	0.033839
815	0.184554	0.028251
816	0.187019	0.035811
817	0.187348	0.043865
818	0.188499	0.050274
819	0.18554	0.05537
820	0.189485	0.003761
821	0.186691	0.003597
822	0.189485	0.004748
823	0.189814	0.013623
824	0.191128	0.021019
825	0.187841	0.027922
826	0.191293	0.03088
827	0.189814	0.043371
828	0.194087	0.048631
829	0.19573	0.045672
830	0.191457	0.051425
831	0.191457	0.00146
832	0.186855	0.002447
833	0.184554	-1.9e-05
834	0.183404	-0.000183
835	0.186526	-0.000841
836	0.187348	0.001132
837	0.186855	-0.000183
838	0.187019	0.000146
839	0.188499	-0.001005
840	0.187513	0.000474
841	0.19195	0.001296
842	0.187677	0.000474
843	0.1908	-0.000183
844	0.189156	-0.000347
845	0.188992	-0.000183
846	0.190635	-0.000347
847	0.190964	-0.000347
848	0.191786	0.000146
849	0.191786	-1.9e-05
850	0.197374	-1.9e-05
851	0.18817	0.000146
852	0.191621	0.000146
853	0.193922	0.000146
854	0.193594	-0.000183
855	0.192772	-0.000347
856	0.191457	-0.000347
857	0.194909	-0.000347
858	0.195402	-0.000347
859	0.19458	-1.9e-05
860	0.197867	0.000146
861	0.196552	0.00031
862	0.196059	0.000146
863	0.198031	0.000146
864	0.197045	0.00031
865	0.199182	-0.000347
866	0.194744	-0.000512
867	0.196059	-0.000183
868	0.196717	-0.000512
869	0.197045	-0.000183
870	0.195895	0.000146
871	0.197703	-1.9e-05
872	0.19721	0.000146
873	0.196881	0.000146
874	0.197703	0.000146
875	0.19836	0.000146
876	0.196717	-1.9e-05
877	0.19721	-0.000512
878	0.197703	-0.000512
879	0.19836	-0.000347
880	0.196717	-0.000347
881	0.199018	0.000146
882	0.200332	0.00031
883	0.199018	0.00031
884	0.198853	0.000146
885	0.198853	0.00031
886	0.199839	-1.9e-05
887	0.196223	-1.9e-05
888	0.198689	-0.000183
889	0.196388	-0.000347
890	0.197538	-0.000512
891	0.197374	-0.000183
892	0.194416	-1.9e-05
893	0.199511	-1.9e-05
894	0.198689	0.000146
895	0.197045	0.000146
896	0.19573	0.000146
897	0.20099	-0.000183
898	0.199839	-0.000183
899	0.201319	-0.000183
900	0.197374	-0.000347
901	0.201154	-0.000512
902	0.200825	-0.000183
903	0.199675	-0.000183
904	0.19836	0.000146
905	0.200168	0.000146
906	0.199018	0.000146
907	0.198031	0.00031
908	0.199675	-0.000347
909	0.197374	-0.000183
910	0.200168	-0.000347
911	0.199839	-0.000183
912	0.197867	-0.000183
913	0.199511	-0.000347
914	0.20099	0.000146
915	0.199839	-1.9e-05
916	0.200825	0.000146
917	0.199182	0.000146
918	0.200168	0.000146
919	0.198853	-1.9e-05
920	0.19836	-0.000183
921	0.198031	-0.000183
922	0.199675	-0.000512
923	0.200661	-0.000512
924	0.197867	-0.000183
925	0.197703	0.000146
926	0.19836	-1.9e-05
927	0.201154	0.000474
928	0.203126	0.00031
929	0.19836	0.000474
930	0.19721	-1.9e-05
931	0.198524	-0.000183
932	0.197045	-0.000347
933	0.20099	-0.000512
934	0.198031	-0.000183
935	0.200825	-0.000183
936	0.198196	-1.9e-05
937	0.198524	0.000146
938	0.199346	0.000146
939	0.19836	0.000474
940	0.195566	0.00031
941	0.198524	-0.000347
942	0.197867	-0.000183
943	0.195895	-0.000183
944	0.197538	-0.000512
945	0.197703	-0.000347
946	0.200168	-0.000183
947	0.198853	0.000967
948	0.199675	-0.000676
949	0.195237	0.001625
950	0.197374	0.00031
951	0.200825	0.002118
952	0.196552	0.001625
953	0.198031	0.00031
954	0.196552	0.00146
955	0.199675	0.00031
956	0.199018	-0.001498
957	0.199018	-0.000841
958	0.197538	0.000803
959	0.200825	-0.001498
960	0.198524	-0.000183
961	0.20099	-0.000183
962	0.198031	0.002447
963	0.200497	-0.000676
964	0.19721	0.000803
965	0.199182	0.00031
966	0.199182	0.00031
967	0.201154	-0.000841
968	0.197045	0.001296
969	0.199182	0.000639
970	0.201319	0.001625
971	0.199182	0.001954
972	0.201154	0.00146
973	0.198853	0.002447
974	0.200497	-0.000183
975	0.198196	-0.001498
976	0.19836	0.000639
977	0.196881	0.00031
978	0.200661	-0.001498
979	0.192115	-0.000841
980	0.195402	-0.000183
981	0.202798	0.002447
982	0.197538	0.000474
983	0.194909	0.001625
984	0.199675	0.002282
985	0.201154	0.003433
986	0.19836	0.00146
987	0.200168	0.000803
988	0.198524	0.001296
989	0.200825	-0.000183
990	0.196552	-0.000183
991	0.198853	-1.9e-05
992	0.196881	0.00031
993	0.197538	0.000803
994	0.196388	0.001132
995	0.199018	0.000639
996	0.197703	0.002611
997	0.198031	0.00031
998	0.197703	-0.001169
999	0.200332	0.000967
1000	0.20099	-1.9e-05
1001	0.19836	0.000803
1002	0.201812	0.002118
1003	0.202469	0.001625
1004	0.201647	0.004583
1005	0.198031	0.00787
1006	0.20362	0.005734
1007	0.198853	0.00935
1008	0.199346	0.006227
1009	0.199675	0.009514
1010	0.199511	0.019868
1011	0.19836	0.024306
1012	0.198853	0.031373
1013	0.198853	0.040249
1014	0.199346	0.045672
1015	0.199182	0.051425
1016	0.199182	0.058164
1017	0.200004	0.064738
1018	0.199511	0.071477
1019	0.199346	0.074271
1020	0.199182	0.080681
1021	0.200825	0.084296
1022	0.198031	0.090706
1023	0.201154	0.092186
1024	0.200332	0.095801
1025	0.200332	0.104019
1026	0.199839	0.107306
1027	0.199511	0.113223
1028	0.200661	0.115031
1029	0.200661	0.118483
1030	0.197045	0.124235
1031	0.199511	0.124564
1032	0.203126	0.128015
1033	0.200004	0.131467
1034	0.200004	0.131138
1035	0.198524	0.137219
1036	0.199511	0.13574
1037	0.198031	0.141164
1038	0.201812	0.14215
1039	0.19836	0.146095
1040	0.20362	0.147245
1041	0.19721	0.151354
1042	0.198689	0.152669
1043	0.199839	0.153984
1044	0.198031	0.155627
1045	0.197867	0.157435
1046	0.19836	0.1576
1047	0.20362	0.158586
1048	0.201319	0.163188
1049	0.201319	0.162366
1050	0.199839	0.166146
1051	0.201483	0.165982
1052	0.197703	0.170913
1053	0.201319	0.16894
1054	0.197703	0.169105
1055	0.199839	0.169926
1056	0.197703	0.171734
1057	0.199182	0.1742
1058	0.200497	0.171899
1059	0.200004	0.173214
1060	0.200168	0.176665
1061	0.200332	0.179788
1062	0.199182	0.176172
1063	0.197867	0.178966
1064	0.199511	0.178637
1065	0.200004	0.18176
1066	0.199675	0.179952
1067	0.19721	0.180774
1068	0.199346	0.180938
1069	0.198524	0.183897
1070	0.199511	0.183404
1071	0.200168	0.185047
1072	0.200168	0.186855
1073	0.199839	0.185869
1074	0.199182	0.188334
1075	0.199346	0.190471
1076	0.199511	0.189814
1077	0.197538	0.182911
1078	0.196717	0.188992
1079	0.199346	0.188992
1080	0.195402	0.189485
1081	0.198524	0.186198
1082	0.19836	0.188006
1083	0.201154	0.189978
1084	0.198853	0.192115
1085	0.199182	0.19195
1086	0.199018	0.192772
1087	0.199346	0.1908
1088	0.199182	0.180774
1089	0.19836	0.189978
1090	0.199346	0.19195
1091	0.199839	0.192443
1092	0.196717	0.190307
1093	0.198031	0.193594
1094	0.20099	0.192608
1095	0.197045	0.196552
1096	0.19836	0.192608
1097	0.194909	0.196388
1098	0.202633	0.194251
1099	0.198031	0.187841
1100	0.200004	0.19573
1101	0.197703	0.194744
1102	0.199839	0.193594
1103	0.195566	0.194744
1104	0.199675	0.193265
1105	0.199839	0.195402
1106	0.201319	0.195073
1107	0.199675	0.194909
1108	0.200497	0.197045
1109	0.199675	0.19458
1110	0.199346	0.193594
1111	0.201812	0.194087
1112	0.198689	0.198196
1113	0.200825	0.197538
1114	0.199182	0.198689
1115	0.201319	0.196881
1116	0.201647	0.198689
1117	0.200332	0.199346
1118	0.199346	0.197374
1119	0.200332	0.196881
1120	0.199675	0.197374
1121	0.199839	0.199675
1122	0.199675	0.19721
1123	0.198689	0.196717
1124	0.200332	0.19836
1125	0.199675	0.200825
1126	0.202305	0.197538
1127	0.200661	0.199018
1128	0.201319	0.199018
1129	0.198524	0.200168
1130	0.200332	0.196388
1131	0.199346	0.199839
1132	0.199182	0.200497
1133	0.198524	0.198853
1134	0.199018	0.198689
1135	0.196717	0.199018
1136	0.197374	0.198524
1137	0.204113	0.198031
1138	0.199511	0.197045
1139	0.199346	0.19573
1140	0.196059	0.202633
1141	0.199182	0.19573
1142	0.197703	0.19836
1143	0.197867	0.200168
1144	0.19836	0.196223
1145	0.199839	0.197703
1146	0.200825	0.19836
1147	0.201647	0.198853
1148	0.196717	0.200168
1149	0.200004	0.197538
1150	0.200168	0.199346
1151	0.199182	0.197374
1152	0.199018	0.197045
1153	0.20214	0.197045
1154	0.202469	0.195073
1155	0.199182	0.197703
1156	0.200332	0.19573
1157	0.200168	0.198196
1158	0.20099	0.196059
1159	0.197703	0.197538
1160	0.202305	0.195237
1161	0.200168	0.197867
1162	0.200497	0.197867
1163	0.200661	0.197538
1164	0.200332	0.198853
1165	0.200168	0.200332
1166	0.201483	0.198196
1167	0.199346	0.199018
1168	0.200497	0.199182
1169	0.201647	0.198196
1170	0.20214	0.198853
1171	0.199839	0.198689
1172	0.198524	0.202305
1173	0.200497	0.199675
1174	0.198196	0.200004
1175	0.198853	0.200661
1176	0.198031	0.20099
1177	0.200825	0.197374
1178	0.199346	0.199018
1179	0.200661	0.196223
1180	0.200661	0.199182
1181	0.202962	0.198689
1182	0.199511	0.199675
1183	0.200332	0.202798
1184	0.199511	0.200004
1185	0.199182	0.200825
1186	0.198853	0.197703
1187	0.198524	0.203455
1188	0.199839	0.195895
1189	0.197045	0.198524
1190	0.200497	0.197374
1191	0.199675	0.197703
1192	0.199346	0.196059
1193	0.196552	0.196059
1194	0.199346	0.198689
1195	0.200661	0.195895
1196	0.201154	0.195073
1197	0.198853	0.200332
1198	0.198689	0.199839
1199	0.202633	0.198853
1200	0.200168	0.199018
1201	0.200168	0.19836
1202	0.200497	0.199182
1203	0.202798	0.196881
1204	0.199839	0.192936
1205	0.20099	0.197703
1206	0.198689	0.197538
1207	0.200168	0.196717
1208	0.199182	0.193922
1209	0.202633	0.196388
1210	0.199346	0.19195
1211	0.201976	0.193265
1212	0.200332	0.193922
1213	0.20099	0.194087
1214	0.203126	0.192936
1215	0.200168	0.194251
1216	0.202633	0.194744
1217	0.200825	0.186198
1218	0.201976	0.12555
1219	0.203784	0.120948
1220	0.200497	0.123249
1221	0.200497	0.128508
1222	0.20099	0.12818
1223	0.20099	0.132946
1224	0.202633	0.135411
1225	0.196881	0.139027
1226	0.198689	0.136398
1227	0.199839	0.14215
1228	0.199182	0.143465
1229	0.199346	0.091199
1230	0.200661	0.097445
1231	0.203126	0.102376
1232	0.202469	0.10517
1233	0.200497	-0.00347
1234	0.201154	0.003761
1235	0.201483	0.011486
1236	0.200004	0.021348
1237	0.202633	0.028579
1238	0.201647	0.036304
1239	0.201319	0.039098
1240	0.19836	0.04748
1241	0.198689	0.049781
1242	0.197538	0.056191
1243	0.201154	0.061122
1244	0.19836	0.066381
1245	0.197867	0.071148
1246	0.199511	0.074764
1247	0.19836	0.082653
1248	0.200497	0.081338
1249	0.201319	0.091035
1250	0.199346	0.097445
1251	0.200497	0.104184
1252	0.201647	0.102869
1253	0.199182	0.108457
1254	0.201812	0.110922
1255	0.197538	0.11158
1256	0.201647	0.115689
1257	0.200661	0.120948
1258	0.201483	0.121934
1259	0.200168	0.124399
1260	0.202798	0.124728
1261	0.200168	0.132946
1262	0.200004	0.134754
1263	0.201319	0.138041
1264	0.199346	0.140506
1265	0.200497	0.142807
1266	0.200497	0.144451
1267	0.200661	0.145437
1268	0.200332	0.149382
1269	0.20477	0.151025
1270	0.198853	0.153326
1271	0.203948	0.155627
1272	0.200332	0.156285
1273	0.201319	0.157271
1274	0.202305	0.162366
1275	0.199346	0.166475
1276	0.199675	0.162366
1277	0.199675	0.165982
1278	0.200661	0.16516
1279	0.195402	0.166311
1280	0.20099	0.166146
1281	0.200825	0.16779
1282	0.203948	0.16894
1283	0.199182	0.170913
1284	0.200004	0.168776
1285	0.198689	0.170748
1286	0.200825	0.173378
1287	0.200168	0.1742
1288	0.201319	0.174693
1289	0.202633	0.177158
1290	0.201319	0.176172
1291	0.200825	0.177651
1292	0.19836	0.17798
1293	0.200825	0.179295
1294	0.198524	0.179952
1295	0.197374	0.181267
1296	0.197703	0.182253
1297	0.196717	0.182582
1298	0.198853	0.181924
1299	0.201483	0.18061
1300	0.198853	0.184718
1301	0.200497	0.183239
1302	0.19836	0.183568
1303	0.198689	0.184554
1304	0.203126	0.185376
1305	0.198853	0.183897
1306	0.202798	0.186198
1307	0.202469	0.188992
1308	0.203455	0.189649
1309	0.200497	0.185047
1310	0.20099	0.183897
1311	0.200497	0.190307
1312	0.200825	0.188499
1313	0.199346	0.189814
1314	0.200497	0.190142
1315	0.200332	0.192443
1316	0.200661	0.191293
1317	0.19836	0.190964
1318	0.199346	0.1908
1319	0.200497	0.191128
1320	0.201976	0.193101
1321	0.200332	0.191457
1322	0.200661	0.192443
1323	0.201647	0.191621
1324	0.202469	0.193429
1325	0.202798	0.195402
1326	0.20362	0.196717
1327	0.19721	0.194087
1328	0.20099	0.196223
1329	0.199346	0.193922
1330	0.199839	0.196059
1331	0.202305	0.193101
1332	0.200332	0.196881
1333	0.200661	0.193265
1334	0.200497	0.192279
1335	0.199839	0.195073
1336	0.199346	0.195895
1337	0.200332	0.19721
1338	0.20099	0.196388
1339	0.197703	0.19573
1340	0.198196	0.196059
1341	0.199018	0.196717
1342	0.201647	0.193758
1343	0.197867	0.19721
1344	0.200168	0.196223
1345	0.199675	0.19836
1346	0.201976	0.195895
1347	0.199511	0.197045
1348	0.197538	0.19573
1349	0.198031	0.195566
1350	0.199839	0.195566
1351	0.199018	0.195073
1352	0.197867	0.19721
1353	0.200332	0.192772
1354	0.198524	0.194251
1355	0.201976	0.195895
1356	0.202962	0.197045
1357	0.20214	0.195073
1358	0.199346	0.19721
1359	0.201319	0.196552
1360	0.200004	0.196881
1361	0.201483	0.199018
1362	0.200004	0.199182
1363	0.202305	0.19836
1364	0.201647	0.200004
1365	0.199346	0.198853
1366	0.200004	0.197374
1367	0.200168	0.197538
1368	0.199182	0.198853
1369	0.200332	0.198031
1370	0.19836	0.198853
1371	0.199346	0.197374
1372	0.199346	0.194909
1373	0.198853	0.200168
1374	0.200497	0.195895
1375	0.200168	0.195237
1376	0.202469	0.197374
1377	0.199511	0.199346
1378	0.201976	0.197703
1379	0.199346	0.200168
1380	0.200004	0.198196
1381	0.198689	0.199839
1382	0.200497	0.201812
1383	0.199511	0.199182
1384	0.197374	0.198031
1385	0.197703	0.200004
1386	0.199839	0.200168
1387	0.199675	0.200332
1388	0.201483	0.200497
1389	0.200332	0.197374
1390	0.194416	0.199675
1391	0.198853	0.196059
1392	0.197045	0.198689
1393	0.198524	0.199182
1394	0.19721	0.20099
1395	0.199511	0.199675
1396	0.199839	0.198853
1397	0.199839	0.20099
1398	0.19836	0.19721
1399	0.19721	0.198196
1400	0.198524	0.199182
1401	0.198031	0.198689
1402	0.198031	0.196717
1403	0.191621	0.198853
1404	0.003433	0.196388
1405	0.011322	0.19836
1406	0.023484	0.196388
1407	0.027758	0.196717
1408	0.032853	0.195073
1409	0.043371	0.19721
1410	0.050932	0.199675
1411	0.056027	0.199675
1412	0.059807	0.199839
1413	0.068847	0.199018
1414	0.073284	0.203291
1415	0.076572	0.19836
1416	0.083475	0.199182
1417	0.086926	0.199675
1418	0.091199	0.201319
1419	0.098267	0.199839
1420	0.101883	0.199018
1421	0.105498	0.199675
1422	0.106813	0.199675
1423	0.111087	0.198196
1424	0.112894	0.198524
1425	0.117661	0.196717
1426	0.120126	0.197538
1427	0.124728	0.198689
1428	0.127522	0.198524
1429	0.132124	0.201812
1430	0.132946	0.197538
1431	0.139356	0.199018
1432	0.136069	0.199511
1433	0.13952	0.199839
1434	0.142807	0.199182
1435	0.143958	0.199018
1436	0.147738	0.197374
1437	0.148396	0.204113
1438	0.154312	0.197867
1439	0.150368	0.197045
1440	0.155463	0.199346
1441	0.153162	0.197703
1442	0.158257	0.196552
1443	0.161215	0.198853
1444	0.158093	0.200332
1445	0.16138	0.197374
1446	0.161873	0.198031
1447	0.16401	0.204934
1448	0.168612	0.200004
1449	0.167461	0.199018
1450	0.169269	0.201812
1451	0.170419	0.198524
1452	0.171406	0.199839
1453	0.175679	0.198689
1454	0.1742	0.19836
1455	0.173542	0.197045
1456	0.174364	0.198031
1457	0.170419	0.19721
1458	0.172392	0.198031
1459	0.176501	0.199346
1460	0.177815	0.199346
1461	0.179788	0.199675
1462	0.179788	0.199018
1463	0.181924	0.199675
1464	0.183075	0.19836
1465	0.182417	0.200332
1466	0.186033	0.199839
1467	0.182911	0.200497
1468	0.178309	0.199675
1469	0.183568	0.201483
1470	0.186362	0.198853
1471	0.186855	0.202798
1472	0.18554	0.199182
1473	0.185212	0.199839
1474	0.186691	0.203126
1475	0.18554	0.201319
1476	0.186362	0.200661
1477	0.185869	0.199182
1478	0.187348	0.199018
1479	0.182089	0.197538
1480	0.188499	0.200825
1481	0.186526	0.198689
1482	0.186691	0.201647
1483	0.188006	0.197538
1484	0.18932	0.201647
1485	0.191457	0.197703
1486	0.191457	0.200332
1487	0.191786	0.199182
1488	0.190964	0.195895
1489	0.191293	0.198196
1490	0.187184	0.195895
1491	0.188827	0.198689
1492	0.186691	0.199018
1493	0.189649	0.199675
1494	0.189814	0.198524
1495	0.187513	0.201319
1496	0.19195	0.197045
1497	0.192608	0.201483
1498	0.195073	0.200497
1499	0.190471	0.199182
1500	0.193922	0.197703
1501	0.194744	0.199511
1502	0.193101	0.199839
1503	0.194909	0.19836
1504	0.193265	0.197538
1505	0.192772	0.199839
1506	0.196223	0.200661
1507	0.192772	0.196223
1508	0.191786	0.200168
1509	0.195566	0.19836
1510	0.195895	0.198196
1511	0.196223	0.198196
1512	0.197045	0.198689
1513	0.195566	0.199182
1514	0.193758	0.200825
1515	0.195073	0.19836
1516	0.19458	0.198853
1517	0.196059	0.199839
1518	0.194087	0.199511
1519	0.198853	0.199839
1520	0.195073	0.199839
1521	0.201319	0.197045
1522	0.198031	0.199346
1523	0.199675	0.199675
1524	0.192936	0.196552
1525	0.195073	0.198689
1526	0.194087	0.200332
1527	0.195895	0.20099
1528	0.194087	0.199346
1529	0.193594	0.199018
1530	0.19721	0.199182
1531	0.194909	0.199018
1532	0.194087	0.200004
1533	0.19721	0.197045
1534	0.202633	0.198689
1535	0.19721	0.200168
1536	0.195566	0.198853
1537	0.19721	0.199839
1538	0.198196	0.197374
1539	0.195566	0.199018
1540	0.193265	0.200004
1541	0.195566	0.198031
1542	0.193429	0.199346
1543	0.195566	0.199839
1544	0.195073	0.199182
1545	0.200004	0.193758
1546	0.194416	0.199511
1547	0.197045	0.199346
1548	0.198524	0.200168
1549	0.199839	0.198524
1550	0.198196	0.19836
1551	0.198853	0.197703
1552	0.19836	0.197703
1553	0.200004	0.196059
1554	0.199182	0.195402
1555	0.199018	0.198689
1556	0.198524	0.197045
1557	0.195895	0.198524
1558	0.198196	0.195566
1559	0.19836	0.19721
1560	0.199346	0.196059
1561	0.199018	0.200825
1562	0.195895	0.198689
1563	0.197867	0.196223
1564	0.199511	0.196881
1565	0.197374	0.199675
1566	0.197867	0.197867
1567	0.197538	0.19721
1568	0.197374	0.200004
1569	0.199018	0.199018
1570	0.196388	0.199839
1571	0.201812	0.199675
1572	0.198196	0.201812
1573	0.198031	0.200497
1574	0.197538	0.198853
1575	0.198196	0.198196
1576	0.196552	0.196223
1577	0.198031	0.195895
1578	0.19836	0.198853
1579	0.197867	0.19721
1580	0.197045	0.198196
1581	0.197703	0.199511
1582	0.198524	0.200004
1583	0.200168	0.200168
1584	0.197703	0.199182
1585	0.197374	0.199018
1586	0.201154	0.197867
1587	0.19721	0.200004
1588	0.198196	0.19721
1589	0.197045	0.197374
1590	0.196059	0.201812
1591	0.193101	0.201976
1592	0.200332	0.198524
1593	0.196059	0.201154
1594	0.197374	0.199182
1595	0.196059	0.198689
1596	0.199018	0.192115
1597	0.197538	0.201483
1598	0.194744	0.200168
1599	0.197867	0.195895
1600	0.199839	0.198196
1601	0.199018	0.199346
1602	0.196717	0.199839
1603	0.199346	0.195566
1604	0.197045	0.198689
1605	0.19836	0.200497
1606	0.194087	0.197538
1607	0.200168	0.196717
1608	0.198031	0.200168
1609	0.20214	0.200168
1610	0.197867	0.201976
1611	0.201812	0.198689
1612	0.194909	0.201319
1613	0.198031	0.200825
1614	0.196059	0.199346
1615	0.197703	0.20099
1616	0.196552	0.20099
1617	0.196223	0.198689
1618	0.19721	0.198689
1619	0.196059	0.197374
1620	0.197045	0.199182
1621	0.198031	0.199182
1622	0.197538	0.19573
1623	0.197045	0.199182
1624	0.197867	0.197867
1625	0.196881	0.202469
1626	0.200004	0.199839
1627	0.197703	0.203784
1628	0.128015	0.199675
1629	0.054548	0.201319
1630	0.060136	0.201154
1631	0.069176	0.198853
1632	0.072627	0.200661
1633	0.077065	0.195895
1634	0.078708	0.20214
1635	0.087419	0.200168
1636	0.090049	0.198853
1637	0.096623	0.195566
1638	0.098267	0.200661
1639	0.102704	0.197703
1640	0.110758	0.200004
1641	0.1101	0.200497
1642	0.113223	0.199511
1643	0.119304	0.199511
1644	0.120455	0.197374
1645	0.122756	0.198196
1646	0.127029	0.199675
1647	0.130645	0.199839
1648	0.135576	0.198524
1649	0.12933	0.201812
1650	0.137712	0.198196
1651	0.141657	0.199839
1652	0.142643	0.198853
1653	0.144615	0.201154
1654	0.148396	0.193265
1655	0.149546	0.194251
1656	0.150697	0.198689
1657	0.153655	0.197538
1658	0.156449	0.193922
1659	0.158257	0.197703
1660	0.159736	0.201483
1661	0.160722	0.197703
1662	0.161709	0.198524
1663	0.163188	0.199839
1664	0.166804	0.200497
1665	0.167297	0.198689
1666	0.16894	0.200004
1667	0.16894	0.199182
1668	0.170255	0.200825
1669	0.169926	0.199346
1670	0.169433	0.198031
1671	0.177158	0.198031
1672	0.169598	0.199839
1673	0.175843	0.197374
1674	0.176336	0.200168
1675	0.176665	0.19836
1676	0.178637	0.196059
1677	0.180938	0.198196
1678	0.179623	0.200004
1679	0.18061	0.199346
1680	0.182746	0.198853
1681	0.180445	0.200497
1682	0.182746	0.198689
1683	0.181924	0.200168
1684	0.183897	0.199182
1685	0.183897	0.200168
1686	0.185212	0.197867
1687	0.182911	0.19836
1688	0.187841	0.198196
1689	0.185869	0.199018
1690	0.189156	0.196717
1691	0.18554	0.197703
1692	0.185212	0.198031
1693	0.188663	0.198524
1694	0.185869	0.199018
1695	0.189814	0.199182
1696	0.188827	0.198853
1697	0.194087	0.199511
1698	0.193594	0.200497
1699	0.194744	0.197867
1700	0.188663	0.20099
1701	0.193429	0.198031
1702	0.188334	0.197703
1703	0.190635	0.198031
1704	0.19195	0.197045
1705	0.191786	0.195895
1706	0.19195	0.196059
1707	0.191457	0.196717
1708	0.194251	0.197703
1709	0.192772	0.201812
1710	0.194416	0.198524
1711	0.195237	0.199511
1712	0.191128	0.198689
1713	0.196717	0.197538
1714	0.197374	0.199511
1715	0.194416	0.198853
1716	0.196552	0.199018
1717	0.195402	0.197374
1718	0.201319	0.196552
1719	0.197045	0.19836
1720	0.195402	0.198689
1721	0.19721	0.198031
1722	0.194251	0.199675
1723	0.194087	0.200661
1724	0.194251	0.198689
1725	0.194251	0.197703
1726	0.194744	0.197045
1727	0.193922	0.197867
1728	0.193922	0.198853
1729	0.197867	0.197703
1730	0.194251	0.199346
1731	0.197045	0.196059
1732	0.196717	0.197703
1733	0.198524	0.196552
1734	0.195402	0.199018
1735	0.197538	0.198031
1736	0.197045	0.19836
1737	0.197374	0.198524
1738	0.196388	0.197867
1739	0.19458	0.199018
1740	0.193429	0.198524
1741	0.194744	0.197538
1742	0.195237	0.198031
1743	0.195237	0.199018
1744	0.197703	0.197045
1745	0.195566	0.200004
1746	0.196223	0.197703
1747	0.196717	0.200661
1748	0.196717	0.198853
1749	0.199018	0.198031
1750	0.200497	0.198196
1751	0.201647	0.197538
1752	0.199182	0.20099
1753	0.197867	0.199511
1754	0.200004	0.201647
1755	0.197703	0.198524
1756	0.194909	0.199675
1757	0.199675	0.198196
1758	0.195895	0.199839
1759	0.197045	0.196881
1760	0.194087	0.199182
1761	0.198196	0.197374
1762	0.194416	0.198524
1763	0.198689	0.199511
1764	0.197867	0.198689
1765	0.198196	0.203126
1766	0.19573	0.196717
1767	0.198689	0.199018
1768	0.198524	0.199346
1769	0.197703	0.19721
1770	0.19836	0.197867
1771	0.197374	0.19836
1772	0.197045	0.198853
1773	0.188006	0.199346
1774	0.190142	0.198196
1775	0.188334	0.200004
1776	0.178144	0.199839
1777	0.173049	0.200168
1778	0.175679	0.198031
1779	0.174364	0.19836
1780	0.176665	0.19195
1781	0.179952	0.198031
1782	0.179459	0.197867
1783	0.180116	0.19836
1784	0.183075	0.197867
1785	0.180445	0.197374
1786	0.181431	0.198853
1787	0.183897	0.200332
1788	0.183897	0.200168
1789	0.181431	0.197538
1790	0.178802	0.200168
1791	0.182253	0.188499
1792	0.182911	0.197374
1793	0.155956	0.198196
1794	-0.000183	0.197703
1795	0.006391	0.19721
1796	0.00935	0.197867
1797	0.00787	0.200004
1798	0.013623	0.19721
1799	0.017896	0.199346
1800	0.026607	0.195237
1801	0.031702	0.200661
1802	0.008528	0.187348
1803	0.015924	0.201812
1804	0.001625	0.197374
1805	0.00672	0.198689
1806	0.015595	0.19573
1807	0.001789	0.197867
1808	-0.000347	0.200168
1809	0.003597	0.197703
1810	0.010007	0.196881
1811	0.016417	0.197703
1812	0.022498	0.198196
1813	0.033674	0.193101
1814	0.035811	0.196059
1815	0.042221	0.197374
1816	0.048302	0.198031
1817	0.054055	0.197703
1818	0.0603	0.200004
1819	0.067039	0.19836
1820	0.072298	0.20099
1821	0.077722	0.19836
1822	0.081667	0.197045
1823	0.089063	0.199675
1824	0.089556	0.200497
1825	0.096459	0.197538
1826	0.099089	0.199018
1827	0.103526	0.198196
1828	0.105992	0.196059
1829	0.1101	0.198853
1830	0.117825	0.197538
1831	0.11651	0.196059
1832	0.119797	0.197045
1833	0.12292	0.20099
1834	0.125386	0.197374
1835	0.12555	0.204934
1836	0.130316	0.194909
1837	0.132124	0.196223
1838	0.13837	0.19721
1839	0.138534	0.198031
1840	0.142972	0.199182
1841	0.144287	0.199346
1842	0.145766	0.199675
1843	0.145273	0.201319
1844	0.146095	0.198853
1845	0.148396	0.198689
1846	0.153655	0.203291
1847	0.15234	0.19573
1848	0.156613	0.197045
1849	0.162202	0.196881
1850	0.160229	0.198031
1851	0.162695	0.196059
1852	0.163681	0.197045
1853	0.166475	0.200661
1854	0.168612	0.19836
1855	0.168283	0.19836
1856	0.169598	0.199346
1857	0.170091	0.199018
1858	0.170584	0.197045
1859	0.17157	0.198689
1860	0.173871	0.199018
1861	0.175679	0.199182
1862	0.17535	0.198031
1863	0.175679	0.201154
1864	0.176665	0.198689
1865	0.178309	0.199018
1866	0.17798	0.19836
1867	0.179459	0.198853
1868	0.182582	0.197045
1869	0.179295	0.197374
1870	0.182746	0.19721
1871	0.184554	0.197538
1872	0.184554	0.19836
1873	0.184554	0.196059
1874	0.18554	0.198689
1875	0.18061	0.201154
1876	0.184883	0.198524
1877	0.185869	0.198524
1878	0.186362	0.197867
1879	0.188006	0.19721
1880	0.187513	0.197538
1881	0.187841	0.199182
1882	0.188663	0.197538
1883	0.188992	0.19195
1884	0.186198	0.19721
1885	0.189485	0.195402
1886	0.190142	0.195895
1887	0.190964	0.193922
1888	0.187677	0.197703
1889	0.191293	0.193758
1890	0.190964	0.193594
1891	0.190635	0.19458
1892	0.188663	0.193594
1893	0.19195	0.19458
1894	0.192279	0.193429
1895	0.189978	0.194416
1896	0.193101	0.193922
1897	0.193429	0.19573
1898	0.195073	0.192443
1899	0.189814	0.194087
1900	0.191786	0.195566
1901	0.193429	0.194909
1902	0.192608	0.193594
1903	0.192608	0.191128
1904	0.1908	0.188663
1905	0.195566	0.189649
1906	0.196059	0.192115
1907	0.19721	0.190964
1908	0.19573	0.197867
1909	0.196059	0.194087
1910	0.195402	0.194416
1911	0.196059	0.193758
1912	0.195402	0.197703
1913	0.19721	0.192936
1914	0.194087	0.196717
1915	0.197374	0.193922
1916	0.196059	0.194909
1917	0.198031	0.19573
1918	0.194416	0.194744
1919	0.197538	0.195237
1920	0.194744	0.198524
1921	0.197374	0.19458
1922	0.193101	0.19458
1923	0.198524	0.19721
1924	0.196881	0.193429
1925	0.199182	0.196881
1926	0.196881	0.194416
1927	0.196059	0.195073
1928	0.19836	0.197045
1929	0.19573	0.194909
1930	0.200168	0.193101
1931	0.197045	0.197703
1932	0.197374	0.199018
1933	0.196881	0.199675
1934	0.197703	0.19836
1935	0.19573	0.198031
1936	0.196717	0.197703
1937	0.198031	0.194087
1938	0.196388	0.197374
1939	0.196552	0.196552
1940	0.196717	0.195237
1941	0.197045	0.196223
1942	0.193594	0.197703
1943	0.198689	0.196388
1944	0.19721	0.197703
1945	0.199018	0.198031
1946	0.198031	0.196717
1947	0.19836	0.198524
1948	0.199182	0.198689
1949	0.201154	0.197703
1950	0.198031	0.202469
1951	0.200497	0.192936
1952	0.200332	0.19573
1953	0.200004	0.19836
1954	0.197867	0.197045
1955	0.196552	0.199182
1956	0.19195	0.19721
1957	0.193429	0.199018
1958	0.193429	0.191457
1959	0.196881	0.03236
1960	0.197703	0.00031
1961	0.196717	0.011158
1962	0.197538	0.01428
1963	0.199675	0.028744
1964	0.198689	0.034332
1965	0.19721	0.041892
1966	0.199182	0.047152
1967	0.19721	0.05389
1968	0.199675	0.060958
1969	0.196223	0.064245
1970	0.197045	0.072791
1971	0.198524	0.075257
1972	0.196717	0.081009
1973	0.199675	0.084132
1974	0.198853	0.091857
1975	0.195895	0.093007
1976	0.193265	0.099253
1977	0.20099	0.101883
1978	0.195237	0.107635
1979	0.199182	0.110922
1980	0.198689	0.116346
1981	0.199511	0.118154
1982	0.198196	0.119962
1983	0.200661	0.124893
1984	0.199346	0.128837
1985	0.199182	0.133439
1986	0.198524	0.132124
1987	0.197374	0.138699
1988	0.19721	0.138863
1989	0.19458	0.141164
1990	0.194909	0.141164
1991	0.19573	0.143958
1992	0.197045	0.146423
1993	0.19458	0.15119
1994	0.197374	0.149546
1995	0.199839	0.151518
1996	0.20214	0.154806
1997	0.197045	0.154641
1998	0.201319	0.160229
1999	0.199839	0.162037
2000	0.198031	0.159901
2001	0.201483	0.159079
2002	0.197045	0.163023
2003	0.199511	0.163516
2004	0.193594	0.166475
2005	0.199346	0.163023
2006	0.200825	0.164338
2007	0.197538	0.168118
2008	0.196059	0.155134
2009	0.198524	0.15612
2010	0.196388	0.159572
2011	0.200661	0.161873
2012	0.197867	0.160394
2013	0.198031	0.16401
2014	0.200497	0.16253
2015	0.20099	0.16516
2016	0.199346	0.166311
2017	0.199018	0.163845
2018	0.201319	0.162859
2019	0.197045	0.166146
2020	0.198524	0.165982
2021	0.198853	0.167461
2022	0.198196	0.167132
2023	0.196388	0.166311
2024	0.197538	0.165982
2025	0.197045	0.167297
2026	0.197867	0.164503
2027	0.194909	0.166146
2028	0.195566	0.16516
2029	0.198853	0.163516
2030	0.19721	0.16779
2031	0.20099	0.164667
2032	0.196552	0.166804
2033	0.197703	0.166475
2034	0.200332	0.162037
2035	0.198524	0.166804
2036	0.200168	0.167461
2037	0.200332	0.166475
2038	0.197867	0.16779
2039	0.200332	0.16401
2040	0.200004	0.168447
2041	0.199182	0.166475
2042	0.196881	0.167297
2043	0.196059	0.166804
2044	0.196223	0.166311
2045	0.197045	0.167297
2046	0.195895	0.166311
2047	0.195566	0.166475
2048	0.198853	0.164831
2049	0.198689	0.171077
2050	0.199839	0.165982
2051	0.200332	0.171406
2052	0.201483	0.169762
2053	0.199018	0.170419
2054	0.200661	0.171406
2055	0.196223	0.169598
2056	0.203784	0.170584
2057	0.200332	0.171077
2058	0.199839	0.172227
2059	0.199511	0.170419
2060	0.200825	0.171734
2061	0.199182	0.173049
2062	0.196223	0.175021
2063	0.200332	0.175515
2064	0.19836	0.176829
2065	0.200497	0.176501
2066	0.199182	0.177651
2067	0.198689	0.176008
2068	0.197045	0.178637
2069	0.200661	0.179295
2070	0.198031	0.180281
2071	0.201976	0.178144
2072	0.200497	0.182089
2073	0.199346	0.182746
2074	0.198853	0.184061
2075	0.200497	0.18554
2076	0.198689	0.183732
2077	0.195566	0.185705
2078	0.201483	0.185047
2079	0.197045	0.184554
2080	0.199675	0.187019
2081	0.198524	0.183568
2082	0.199018	0.185212
2083	0.198031	0.187841
2084	0.198853	0.18439
2085	0.197045	0.164174
2086	0.200825	0.003597
2087	0.196388	0.004583
2088	0.200004	0.014445
2089	0.189156	0.022498
2090	0.188992	0.029566
2091	0.183568	0.037619
2092	0.183897	0.044358
2093	0.184883	0.050439
2094	0.184554	0.056849
2095	0.181431	0.062601
2096	0.185705	0.068025
2097	0.188499	0.074435
2098	0.187019	0.077722
2099	0.187348	0.081995
2100	0.187841	0.093336
2101	0.189814	0.090706
2102	0.18932	0.092843
2103	0.192443	0.097609
2104	0.192115	0.097774
2105	0.193265	0.10517
2106	0.189814	0.111087
2107	0.193922	0.111744
2108	0.193758	0.11651
2109	0.192608	0.117496
2110	0.192936	-0.000512
2111	0.193922	0.011651
2112	0.189485	0.018718
2113	0.193429	0.025621
2114	0.193101	0.03351
2115	0.192115	0.038441
2116	0.193429	0.042221
2117	0.190964	0.052411
2118	0.194087	0.05652
2119	0.194251	0.062108
2120	0.193922	0.066381
2121	0.196552	0.072956
2122	0.196388	0.076572
2123	0.199675	0.082982
2124	0.197703	0.087748
2125	0.196881	0.092679
2126	0.194744	0.096788
2127	0.199346	0.100896
2128	0.195073	-0.000183
2129	0.194251	-0.000347
2130	0.197703	-0.000347
2131	0.195073	0.000474
2132	0.193101	0.005734
2133	0.19836	0.014773
2134	0.195566	0.02332
2135	0.19573	0.026771
2136	0.196552	0.03351
2137	0.195895	0.040084
2138	0.197045	0.047809
2139	0.193429	0.054876
2140	0.195402	0.050439
2141	0.198524	0.055698
2142	0.196717	0.062108
2143	0.192936	0.067368
2144	0.200004	0.071148
2145	0.199018	0.077722
2146	0.199675	0.081831
2147	0.197538	0.084789
2148	0.197703	0.08972
2149	0.194087	0.092514
2150	0.196059	0.002118
2151	0.195895	-0.000347
2152	0.196223	-0.000676
2153	0.19573	-0.000183
2154	0.196717	-0.000183
2155	0.199675	-0.001827
2156	0.199346	-0.001991
2157	0.193758	-0.000183
2158	0.198031	0.000474
2159	0.198196	0.000146
2160	0.191786	0.004255
2161	0.199346	0.009514
2162	0.197867	0.012144
2163	0.199839	-0.000347
2164	0.198524	0.002447
2165	0.19836	0.013787
2166	0.197867	0.01576
2167	0.199018	0.024964
2168	0.195895	0.028251
2169	0.198853	0.023649
2170	0.199511	0.003104
2171	0.189485	0.008857
2172	0.200332	0.014609
2173	0.194909	0.024799
2174	0.195566	0.029566
2175	0.194909	0.037619
2176	0.199018	0.044193
2177	0.19458	0.048795
2178	0.197538	0.052904
2179	0.197045	0.060465
2180	0.198524	0.066381
2181	0.197045	0.069669
2182	0.188663	0.072791
2183	0.196059	0.079201
2184	0.197538	0.085776
2185	0.19573	0.08594
2186	0.197538	0.082324
2187	0.199675	-0.007744
2188	0.198196	0.002447
2189	0.197045	0.000146
2190	0.195402	0.00146
2191	0.19721	-1.9e-05
2192	0.197045	0.001132
2193	0.19195	0.000639
2194	0.19573	-1.9e-05
2195	0.202305	0.005241
2196	0.197703	0.013787
2197	0.197703	0.021348
2198	0.198196	0.026114
2199	0.199182	0.037619
2200	0.200168	0.019868
2201	0.200825	0.026936
2202	0.200332	0.032688
2203	0.197867	0.040742
2204	0.199018	0.046001
2205	0.19573	0.052247
2206	0.198524	0.057013
2207	0.196552	0.065724
2208	0.19573	0.072627
2209	0.197538	0.076407
2210	0.200332	0.081831
2211	0.199018	0.087255
2212	0.200004	0.089391
2213	0.200825	0.098431
2214	0.199675	0.099582
2215	0.204606	0.103691
2216	0.199839	0.10895
2217	0.19573	0.111087
2218	0.197374	0.116182
2219	0.199675	0.116675
2220	0.198689	0.125057
2221	0.199675	0.122098
2222	0.196881	0.129001
2223	0.197374	0.129823
2224	0.194744	0.133275
2225	0.19836	0.134754
2226	0.204277	0.137548
2227	0.196881	0.13952
2228	0.19836	0.143301
2229	0.201647	0.146752
2230	0.200497	0.146588
2231	0.200825	0.150039
2232	0.202469	0.150368
2233	0.20099	0.15612
2234	0.200497	0.157271
2235	0.198524	0.158257
2236	0.200168	0.157435
2237	0.202962	0.160394
2238	0.198031	0.161051
2239	0.196552	0.163352
2240	0.197538	0.164338
2241	0.19573	0.164831
2242	0.197374	0.166311
2243	0.197867	0.165324
2244	0.195566	0.168447
2245	0.20099	0.16894
2246	0.199511	0.171241
2247	0.200332	0.172885
2248	0.201483	0.172392
2249	0.199346	0.175843
2250	0.195073	0.176172
2251	0.198524	0.174528
2252	0.197538	0.176501
2253	0.200004	0.175021
2254	0.199675	0.180938
2255	0.199839	0.179459
2256	0.19836	0.17798
2257	0.20099	0.181596
2258	0.196388	0.184718
2259	0.200332	0.182746
2260	0.196059	0.183732
2261	0.197374	0.18554
2262	0.198853	0.182746
2263	0.198031	0.186691
2264	0.19836	0.18554
2265	0.197867	0.186526
2266	0.202469	0.185869
2267	0.196881	0.188334
2268	0.201154	0.187841
2269	0.199182	0.187184
2270	0.200004	0.188663
2271	0.199511	0.191786
2272	0.197045	0.1908
2273	0.192279	0.190142
2274	0.198524	0.189649
2275	0.198196	0.190635
2276	0.196059	0.193101
2277	0.199346	0.188827
2278	0.199182	0.192443
2279	0.198524	0.191621
2280	0.195566	0.192608
2281	0.199346	0.188663
2282	0.196881	0.193758
2283	0.197703	0.193758
2284	0.198853	0.195402
2285	0.199182	0.193265
2286	0.199182	0.197374
2287	0.19836	0.193101
2288	0.201319	0.193429
2289	0.199675	0.193758
2290	0.197538	0.194909
2291	0.196881	0.193594
2292	0.197703	0.194251
2293	0.195895	0.19573
2294	0.195895	0.193265
2295	0.194744	0.195402
2296	0.199018	0.193101
2297	0.197374	0.19573
2298	0.196059	0.193594
2299	0.200168	0.193594
2300	0.201976	0.1908
2301	0.196552	0.192936
2302	0.201976	0.194416
2303	0.200332	0.194744
2304	0.19721	0.19573
2305	0.198524	0.197045
2306	0.201812	0.195895
2307	0.198853	0.193758
2308	0.199346	0.195073
2309	0.196223	0.193594
2310	0.198689	0.194087
2311	0.199675	0.195895
2312	0.197045	0.19721
2313	0.200661	0.19458
2314	0.200332	0.196388
2315	0.196388	0.197703
2316	0.198196	0.197374
2317	0.199346	0.196552
2318	0.199675	0.197045
2319	0.20099	0.198853
2320	0.197374	0.198196
2321	0.203126	0.197703
2322	0.199018	0.198689
2323	0.196552	0.198689
2324	0.20099	0.194087
2325	0.200004	0.199346
2326	0.198853	0.199018
2327	0.197374	0.19836
2328	0.197867	0.197867
2329	0.19573	0.196552
2330	0.19721	0.201319
2331	0.196388	0.197045
2332	0.202305	0.195073
2333	0.196881	0.199182
2334	0.200332	0.19721
2335	0.199182	0.198031
2336	0.201154	0.19458
2337	0.198524	0.198196
2338	0.198689	0.197045
2339	0.195073	0.196717
2340	0.195237	0.200825
2341	0.199182	0.199675
2342	0.195895	0.199182
2343	0.196223	0.193265
2344	0.199182	0.199511
2345	0.199018	0.197374
2346	0.197374	0.19836
2347	0.199675	0.194087
2348	0.197374	0.198524
2349	0.200168	0.199182
2350	0.200332	0.192936
2351	0.200004	0.193265
2352	0.199675	0.199346
2353	0.200497	0.195237
2354	0.199346	0.194909
2355	0.200168	0.198524
2356	0.203455	0.198031
2357	0.19836	0.199182
2358	0.201647	0.195566
2359	0.197045	0.198196
2360	0.202469	0.199018
2361	0.19836	0.198524
2362	0.199018	0.198689
2363	0.19836	0.200332
2364	0.200168	0.197867
2365	0.200004	0.19721
2366	0.197867	0.198196
2367	0.198853	0.197045
2368	0.20099	0.198031
2369	0.200332	0.195237
2370	0.198853	0.200332
2371	0.197867	0.198031
2372	0.198853	0.199018
2373	0.200497	0.198196
2374	0.200825	0.197538
2375	0.199675	0.196223
2376	0.199675	0.19836
2377	0.200497	0.197374
2378	0.19836	0.199511
2379	0.199182	0.198689
2380	0.199675	0.197045
2381	0.203784	0.198689
2382	0.197538	0.197703
2383	0.199839	0.19836
2384	0.199346	0.198689
2385	0.196059	0.19836
2386	0.200661	0.196388
2387	0.199839	0.196881
2388	0.197538	0.196388
2389	0.196223	0.199511
2390	0.196223	0.197867
2391	0.20099	0.196059
2392	0.196388	0.19836
2393	0.196059	0.201319
2394	0.199182	0.19836
2395	0.199182	0.198689
2396	0.199511	0.202469
2397	0.198853	0.19836
2398	0.195402	0.197867
2399	0.199346	0.200661
2400	0.199018	0.200004
2401	0.199839	0.198689
2402	0.200004	0.195073
2403	0.199018	0.19836
2404	0.197538	0.196552
2405	0.198689	0.193758
2406	0.198689	0.192936
2407	0.201976	0.200497
2408	0.199346	0.199675
2409	0.203291	0.196717
2410	0.199839	0.20214
2411	0.201976	0.199839
2412	0.198031	0.199675
2413	0.200004	0.199018
2414	0.198524	0.198031
2415	0.200004	0.199675
2416	0.195566	0.197703
2417	0.198689	0.198524
2418	0.201483	0.199346
2419	0.196223	0.197703
2420	0.198524	0.197703
2421	0.196717	0.199018
2422	0.198524	0.195402
2423	0.202469	0.198031
2424	0.20099	0.194416
2425	0.198853	0.197703
2426	0.200825	0.199018
2427	0.19721	0.198031
2428	0.198524	0.198853
2429	0.200332	0.201154
2430	0.197538	0.199182
2431	0.201319	0.198031
2432	0.197374	0.199839
2433	0.198524	0.197703
2434	0.199346	0.196059
2435	0.196059	0.195566
2436	0.19721	0.197867
2437	0.198689	0.196223
2438	0.196552	0.196881
2439	0.197867	0.196388
2440	0.196223	0.197374
2441	0.199675	0.198853
2442	0.198524	0.19721
2443	0.19836	0.198689
2444	0.197374	0.198524
2445	0.199511	0.19836
2446	0.197703	0.200825
2447	0.198689	0.198689
2448	0.19721	0.197374
2449	0.197374	0.200661
2450	0.198031	0.202798
2451	0.197703	0.200661
2452	0.196552	0.195895
2453	0.195073	0.197374
2454	0.201319	0.195402
2455	0.197045	0.19573
2456	0.199018	0.19458
2457	0.201647	0.193922
2458	0.200004	0.200332
2459	0.200168	0.198031
2460	0.20099	0.202633
2461	0.199675	0.197703
2462	0.200168	0.196881
2463	0.199018	0.199839
2464	0.198853	0.201154
2465	0.200825	0.197703
2466	0.200825	0.200497
2467	0.197703	0.198031
2468	0.200825	0.199675
2469	0.197538	0.198853
2470	0.197703	0.198031
2471	0.198524	0.198689
2472	0.19721	0.198853
2473	0.200661	0.198689
2474	0.199511	0.19721
2475	0.200825	0.198853
2476	0.199511	0.19721
2477	0.197703	0.198524
2478	0.198524	0.199018
2479	0.202305	0.198031
2480	0.199839	0.199675
2481	0.196223	0.199675
2482	0.197374	0.198524
2483	0.195402	0.198689
2484	0.199018	0.19458
2485	0.196552	0.199018
2486	0.200332	0.197867
2487	0.19721	0.196552
2488	0.200004	0.197045
2489	0.197045	0.19836
2490	0.197045	0.19836
2491	0.196552	0.198031
2492	0.197374	0.19836
2493	0.19721	0.196881
2494	0.196388	0.202469
2495	0.197867	0.194744
2496	0.200661	0.196552
2497	0.200168	0.198689
2498	0.201976	0.198853
2499	0.201976	0.195895
