Ladekurvenmessung

Zeit: 2018_05_02 15.15.02

Info: FVA3, v = 0.2108, T = 40, F = 20, h = 148.8

Ladewiderstand[Ohm]: 1012700

Störkapazität[nF]: 0.000000

Entladezeit[ms]: 100

Abtastrate[Hz]: 250000

Anzahl der Messwerte: 2500

Verzögerung [ms]: 1


Kurve 1

-0.0019
0.001193
0.00014
-0.002393
-0.001801
0.000666
-0.001867
-0.000814
-0.00088
-0.004302
-0.003018
-0.001176
-0.000946
-0.000584
0.004121
0.002509
0.002015
-0.000485
0.001456
-0.001406
-0.000485
-0.002163
-0.000617
-0.002393
-0.003578
-0.000518
-0.001045
-0.000452
-0.001045
-0.001275
-0.001012
0.001061
-0.004532
0.002344
-0.003512
0.001587
-0.000748
0.001423
-0.000222
-0.002459
0.001324
0.001258
4.1e-05
-0.005683
-0.001439
-0.001077
-0.001703
-0.002328
-0.00167
0.001094
-2.5e-05
-0.000781
0.001949
0.002476
8e-06
4.1e-05
0.00116
-0.000946
-0.005124
-0.004236
-0.001275
0.001225
-0.000321
0.002114
0.000469
-0.002328
-0.004236
0.001587
-0.002525
0.001423
-0.000485
-0.000551
-0.000452
0.000469
-0.002689
-0.003413
-0.00065
-0.002426
0.001258
-0.003907
0.001258
-0.002854
0.000633
-0.001374
0.000502
0.000962
-0.005552
-0.006341
-0.004236
-0.001406
-0.002755
-0.002854
-0.002591
0.000765
-0.005157
-0.000419
-0.004631
-0.000123
0.00116
0.005831
0.002278
0.004746
0.002114
0.004713
0.001587
0.000666
0.001258
-9e-05
-5.8e-05
-0.001406
0.001916
-0.000716
0.00139
-0.001538
-0.001077
-0.001867
0.00366
0.000502
0.002936
-0.000156
0.000897
0.000173
8e-06
0.000897
-0.001242
-0.000387
-0.000222
-0.000485
-0.000946
0.000206
-0.000683
-0.002295
-0.000814
0.003167
-0.000156
0.003167
0.003167
0.002048
0.00218
-0.000354
0.000535
-0.001077
-0.000156
0.002311
-0.002196
-0.002032
0.000502
-0.003051
-0.001341
-0.0019
-0.002328
-0.000452
0.004384
-0.001571
0.001456
0.000666
-0.000847
0.001357
-0.001209
0.00514
0.002344
0.002311
0.000765
-0.004203
-0.000748
0.000107
0.003331
0.001489
0.00139
0.000864
0.000897
-0.000255
-0.001735
0.001324
0.001028
0.00014
0.001752
-0.000946
0.003496
-0.000123
0.000107
0.000897
0.002114
0.00139
-0.000584
0.002772
0.001291
0.001324
0.00343
0.001061
0.000929
0.002509
0.002476
0.005206
0.001324
0.003298
-2.5e-05
0.003561
-2.5e-05
0.002212
-0.000387
-5.8e-05
0.000436
0.002147
0.00014
-0.000222
0.002607
0.001225
0.008068
0.001752
0.003825
0.001225
0.002081
0.002443
0.002015
0.001653
0.00139
0.000107
-0.001735
0.001456
-0.000979
0.001423
0.001653
0.002673
0.000469
0.000403
0.00218
0.002081
0.002212
0.003463
-0.000518
-0.001538
0.001719
-0.000419
-0.001341
-0.001933
-0.001801
0.000239
0.001456
-0.000156
0.002969
0.001094
0.003101
0.002673
0.002212
0.000173
0.001028
-0.00315
0.003068
-0.00065
-0.002295
0.004154
0.009615
0.018695
0.023827
0.032677
0.038039
0.044521
0.051989
0.058568
0.060411
0.068405
0.070313
0.076959
0.077025
0.084559
0.087388
0.091533
0.095251
0.099429
0.102686
0.106371
0.110187
0.111964
0.117491
0.116175
0.123445
0.122491
0.126604
0.1269
0.130354
0.132492
0.133743
0.138612
0.139105
0.139961
0.142889
0.138217
0.13746
0.141309
0.141836
0.144863
0.147527
0.15164
0.151574
0.152429
0.154699
0.152462
0.153581
0.155324
0.157167
0.157693
0.160226
0.161937
0.166905
0.164404
0.166115
0.169241
0.170557
0.172761
0.173879
0.172695
0.173945
0.173616
0.175294
0.175919
0.17661
0.175195
0.179242
0.181512
0.178518
0.18194
0.180986
0.181545
0.181479
0.187269
0.184572
0.184769
0.1875
0.184407
0.18546
0.184604
0.184901
0.186249
0.186743
0.183256
0.187631
0.186677
0.183025
0.178847
0.175097
0.158779
0.135256
0.114595
0.098639
0.092948
0.09456
0.090612
0.089625
0.08344
0.08446
0.085217
0.089329
0.094001
0.096435
0.105976
0.093705
0.095975
0.097159
0.104693
0.103344
0.105186
0.106765
0.112654
0.111898
0.113905
0.118181
0.121406
0.12713
0.122623
0.127229
0.129301
0.133282
0.13496
0.140717
0.141934
0.144928
0.145488
0.150554
0.149962
0.151607
0.150061
0.153614
0.159634
0.157529
0.1622
0.162463
0.163385
0.164076
0.167793
0.168945
0.168319
0.169175
0.173189
0.169866
0.175491
0.174274
0.176775
0.175952
0.175327
0.179406
0.179999
0.178387
0.178123
0.184341
0.182104
0.185361
0.185032
0.187302
0.186085
0.189243
0.188256
0.189638
0.187039
0.189868
0.190131
0.189868
0.190395
0.19125
0.188026
0.187664
0.189737
0.19
0.191612
0.189934
0.193849
0.192632
0.193224
0.193948
0.194079
0.191974
0.190493
0.193323
0.191842
0.193454
0.1925
0.196645
0.193125
0.196316
0.19227
0.196251
0.192632
0.193652
0.190691
0.192994
0.195428
0.193948
0.195691
0.196349
0.196185
0.191579
0.197139
0.192698
0.194112
0.194704
0.196843
0.194178
0.196316
0.19125
0.195626
0.196218
0.19658
0.196777
0.195757
0.195033
0.19579
0.199573
0.195001
0.194836
0.197172
0.195889
0.193816
0.198225
0.197731
0.194145
0.193619
0.193454
0.193224
0.195988
0.193454
0.195889
0.192632
0.194375
0.195066
0.176643
0.186776
0.186513
0.187203
0.188322
0.185262
0.185065
0.187697
0.185723
0.189375
0.187763
0.186677
0.185855
0.184769
0.187203
0.186809
0.187565
0.184341
0.189835
0.189342
0.18875
0.191118
0.186842
0.185361
0.188125
0.184374
0.182861
0.18546
0.184901
0.187072
0.184374
0.184604
0.181117
0.186677
0.182499
0.187532
0.180591
0.180525
0.18523
0.183157
0.17865
0.182598
0.179406
0.178814
0.179176
0.184177
0.183387
0.178419
0.179735
0.179176
0.180953
0.177136
0.180755
0.178025
0.173452
0.16447
0.153548
0.123182
0.114003
0.110417
0.107917
0.10591
0.103772
0.107489
0.110713
0.112786
0.117688
0.119859
0.118971
0.127163
0.126965
0.129893
0.131407
0.132789
0.136375
0.140257
0.1395
0.139335
0.145652
0.142362
0.143448
0.144994
0.147692
0.145784
0.149501
0.152692
0.153383
0.154502
0.1572
0.154337
0.154469
0.158548
0.157134
0.158252
0.160292
0.16118
0.162398
0.162233
0.162167
0.163582
0.164668
0.164668
0.163911
0.165852
0.164898
0.166543
0.166707
0.166214
0.164437
0.165951
0.16651
0.167431
0.167925
0.165589
0.165786
0.163056
0.167464
0.164766
0.162102
0.162463
0.167431
0.166411
0.167135
0.166181
0.165523
0.165852
0.165293
0.168747
0.167201
0.169076
0.166148
0.168681
0.168912
0.169405
0.164437
0.16957
0.165227
0.168846
0.168583
0.166148
0.164997
0.165918
0.168616
0.164141
0.165326
0.16118
0.163747
0.164602
0.163154
0.137263
0.135881
0.11907
0.118576
0.119728
0.122985
0.117162
0.118971
0.121438
0.123741
0.125847
0.125485
0.127656
0.12736
0.128216
0.128512
0.130354
0.124301
0.12736
0.017346
0.003265
0.008694
0.016491
0.01932
0.031986
0.038204
0.042251
0.048238
0.049752
0.056496
0.061562
0.0663
0.07028
0.075314
0.078933
0.086072
0.084263
0.088408
0.092948
0.094626
0.095382
0.096238
0.104134
0.102752
0.107226
0.112161
0.114102
0.11374
0.115188
0.113082
0.115352
0.114069
0.115615
0.113411
0.114201
0.115517
0.114957
0.110746
0.114826
0.110944
0.107588
0.107818
0.106404
0.10114
0.097356
0.093244
0.087158
0.088408
0.084789
0.085184
0.088145
0.089954
0.092093
0.095876
0.091566
0.093376
0.095119
0.094659
0.098508
0.091994
0.093935
0.092389
0.090711
0.091895
0.091928
0.091073
0.09229
0.093408
0.098014
0.100317
0.102423
0.098508
0.102653
0.107621
0.107588
0.114201
0.110648
0.115846
0.113312
0.115944
0.120386
0.121373
0.127393
0.131637
0.131769
0.134927
0.133808
0.136111
0.137822
0.131177
0.132032
0.128808
0.13542
0.135815
0.136835
0.140816
0.139763
0.143119
0.141737
0.14154
0.1471
0.149567
0.147889
0.151903
0.154337
0.155193
0.154962
0.159009
0.158483
0.157726
0.156772
0.162102
0.162562
0.164569
0.158976
0.162233
0.162891
0.159239
0.164668
0.163286
0.166609
0.166543
0.168089
0.167563
0.170228
0.169274
0.171807
0.170918
0.172563
0.170392
0.173715
0.16957
0.171609
0.165819
0.167135
0.170918
0.17003
0.172662
0.171379
0.171313
0.170392
0.173189
0.163911
0.165391
0.160522
0.157134
0.150028
0.14279
0.134105
0.127591
0.114793
0.097817
0.073801
0.060181
0.052745
0.048337
0.04939
0.047942
0.046692
0.001456
0.003825
0.001225
0.004186
0.013694
0.019386
0.023761
0.028828
0.029782
0.033006
0.036559
0.044192
0.049488
0.049225
0.053864
0.056134
0.058865
0.063141
0.067155
0.066168
0.07028
0.073143
0.076202
0.074722
0.082552
0.084131
0.081993
0.087355
0.085973
0.088638
0.088967
0.092915
0.091764
0.093507
0.09331
0.093902
0.092553
0.090744
0.091862
0.088145
0.09048
0.08696
0.086927
0.084624
0.082519
0.081335
0.081894
0.078999
0.081203
0.081631
0.082618
0.080051
0.080413
0.081565
0.081861
0.078143
0.079361
0.075808
0.072715
0.069096
0.068076
0.065181
0.059819
0.057976
0.046659
0.037283
0.037776
0.043073
0.043994
0.046725
0.046824
0.048436
0.05212
0.054193
0.058634
0.056134
0.062319
0.06301
0.066793
0.0688
0.074722
0.072156
0.076301
0.07584
0.078637
0.078834
0.08298
0.081236
0.083407
0.082683
0.084789
0.088572
0.087355
0.089691
0.087059
0.088671
0.089263
0.092125
0.091073
0.093014
0.093902
0.09433
0.092553
0.093178
0.094757
0.08979
0.093244
0.089757
0.092027
0.085019
0.083407
0.078538
0.071794
0.064227
0.056759
0.039981
0.016096
0.010437
0.013892
0.006884
0.009483
0.008036
0.008332
0.007772
0.004614
0.007443
0.006785
0.003002
0.005864
0.005437
0.003956
0.008924
0.004548
0.008101
0.009681
0.008661
0.005535
0.004811
0.005272
0.008266
0.009977
0.005437
0.007312
0.008661
0.009713
0.01001
0.007674
0.003463
0.009121
0.002081
0.004844
0.005206
0.014385
0.008167
0.008628
0.015175
0.014221
0.014188
0.016096
0.01274
0.018892
0.027084
0.027051
0.030275
0.031822
0.037809
0.03702
0.040375
0.042448
0.044685
0.048304
0.052745
0.051857
0.057713
0.065346
0.065839
0.071761
0.075939
0.082223
0.085447
0.089066
0.093408
0.095448
0.100186
0.101896
0.106173
0.107423
0.015701
0.024057
0.029584
0.034125
0.044027
0.049817
0.057121
0.059983
0.065181
0.071695
0.075479
0.08117
0.08423
0.086796
0.089329
0.096304
0.097159
0.104824
0.104265
0.109595
0.111898
0.117392
0.121011
0.123379
0.126275
0.129301
0.128578
0.132821
0.136506
0.137625
0.139171
0.141211
0.144205
0.144501
0.146409
0.154337
0.155489
0.153482
0.158943
0.158285
0.162036
0.15947
0.163089
0.163582
0.164207
0.163878
0.166707
0.16628
0.166444
0.170721
0.168648
0.169734
0.170951
0.173419
0.175261
0.177103
0.176182
0.179242
0.177498
0.181775
0.18115
0.182005
0.180887
0.182861
0.184012
0.181808
0.183881
0.182894
0.185986
0.182269
0.184868
0.187664
0.186546
0.18592
0.189572
0.188618
0.189572
0.188487
0.186809
0.190526
0.190954
0.190197
0.190789
0.190428
0.191217
0.194178
0.189243
0.192369
0.190757
0.195165
0.191086
0.191678
0.194244
0.195297
0.193191
0.193652
0.192862
0.186874
0.045146
0.051199
0.048337
0.05666
0.065938
0.068668
0.075018
0.081367
0.084098
0.086467
0.085908
0.086993
0.090842
0.095284
0.098278
0.102193
0.106667
0.110779
0.114135
0.116273
0.119596
0.126373
0.124268
0.126439
0.126965
0.133019
0.131933
0.133808
0.133611
0.129926
0.133545
0.135256
0.13723
0.106798
0.090349
0.000831
-0.000222
-0.000156
0.00014
0.000962
-0.001143
-0.000288
0.000173
0.000107
0.000173
0.000107
4.1e-05
4.1e-05
4.1e-05
-0.000123
8e-06
0.000107
0.000798
-0.000255
0.000206
0.000107
0.000107
7.4e-05
8e-06
0.000403
-0.000123
0.000271
0.000107
0.001587
0.00014
0.004515
0.001324
-2.5e-05
0.000403
0.000798
0.000173
0.007082
0.006654
0.010766
0.003693
0.00139
0.001554
0.000765
0.00116
0.000304
7.4e-05
0.000568
0.001686
-9e-05
-5.8e-05
0.000271
8e-06
0.000173
0.000403
0.002772
0.003528
0.008068
0.010733
0.017543
0.024913
0.024748
0.027676
0.031295
0.038697
0.042612
0.049653
0.052943
0.060871
0.063668
0.067352
0.07311
0.077683
0.066695
0.071103
0.077518
0.077814
0.089724
0.091698
0.096205
0.103574
0.10443
0.106239
0.112391
0.115221
0.117162
0.118872
0.11828
0.127525
0.12736
0.128709
0.132098
0.13394
0.136177
0.140882
0.141013
0.143448
0.144073
0.147133
0.146869
0.151508
0.149764
0.152528
0.150653
0.154765
0.15868
0.157726
0.159864
0.157923
0.162562
0.160391
0.164865
0.166609
0.166444
0.166806
0.168056
0.169438
0.172662
0.169306
0.172267
0.175228
0.174932
0.173616
0.17411
0.169306
0.172991
0.175162
0.173386
0.174768
0.172136
0.174965
0.171873
0.15641
0.151804
0.152199
0.154502
0.146902
0.146869
0.150258
0.15187
0.151113
0.151541
0.152363
0.155423
0.152594
0.155686
0.155324
0.156377
0.154699
0.155193
0.156114
0.14983
0.138546
0.136046
0.124103
0.106601
0.094264
0.091204
0.07742
0.050738
0.042777
0.039553
0.049291
0.043435
0.043336
0.042283
0.020702
0.00514
0.003002
0.002541
0.005009
0.005535
0.006851
0.007575
0.006588
0.001883
0.000436
0.000765
-0.002591
0.001127
-0.000814
0.002245
0.001949
0.002509
0.007509
0.001489
0.003397
0.001258
0.003496
0.004647
0.001982
0.001851
0.004811
0.004943
0.008101
0.004779
0.006259
0.005042
0.003397
0.004252
0.001094
-0.002492
0.005173
0.001193
8e-06
-0.000123
0.003594
0.005371
0.002443
4.1e-05
0.000107
7.4e-05
0.000304
-0.000123
7.4e-05
0.0006
-0.000354
0.001456
0.000732
0.004121
0.003528
0.008068
0.008759
0.008924
0.016458
0.015997
0.020702
0.02715
0.032907
0.031558
0.037612
0.038303
0.044915
0.045804
0.050179
0.055048
0.060082
0.063536
0.070511
0.07686
0.080413
0.084723
0.088803
0.092389
0.097751
0.100778
0.10466
0.107884
0.110253
0.114299
0.120451
0.120155
0.123807
0.123248
0.129301
0.134631
0.135453
0.137888
0.142099
0.142099
0.146178
0.147988
0.148876
0.144994
0.152166
0.152923
0.153186
0.15562
0.159272
0.161345
0.162661
0.163286
0.167958
0.168319
0.167234
0.170261
0.171511
0.170261
0.176314
0.175393
0.175064
0.178946
0.176314
0.179012
0.178946
0.179143
0.183321
0.182762
0.184275
0.184243
0.186677
0.184736
0.186217
0.187697
0.188816
0.186085
0.188519
0.18569
0.188322
0.186611
0.187829
0.189671
0.189276
0.192829
0.188289
0.193158
0.189112
0.191447
0.191349
0.193816
0.191842
0.194277
0.193487
0.191513
0.192895
0.194704
0.194968
0.191118
0.192204
0.193981
0.192731
0.193158
0.194112
0.196744
0.197863
0.194211
0.196415
0.189868
0.196316
0.19579
0.199541
0.194277
0.200988
0.19375
0.19885
0.196349
0.196415
0.202304
0.198356
0.198027
0.198159
0.198883
0.197534
0.199639
0.196711
0.199113
0.199245
0.197994
0.197567
0.196711
0.197271
0.194606
0.19783
0.198027
0.195066
0.19704
0.197336
0.194672
0.194474
0.194836
0.197238
0.195955
0.195198
0.195889
0.193981
0.19375
0.194902
0.192665
0.190197
0.191908
0.192895
0.194869
0.196185
0.192698
0.194079
0.193553
0.18898
0.193619
0.190164
0.193948
0.193619
0.193487
0.19306
0.193981
0.191579
0.192434
0.195165
0.190658
0.194639
0.189013
0.19431
0.191612
0.195198
0.191283
0.193948
0.19227
0.193652
0.192171
0.187927
0.189112
0.191875
0.191908
0.192599
0.194704
0.194145
0.196843
0.19375
0.192138
0.193421
0.194046
0.192303
0.194803
0.192961
0.195724
0.197567
0.195527
0.192303
0.192566
0.192204
0.192303
0.190625
0.005338
0.018794
0.024847
0.033302
0.037118
0.044981
0.051594
0.056562
0.056726
0.052844
0.056693
0.062944
0.067352
0.073143
0.074064
0.074426
0.079492
0.085019
0.089724
0.093606
0.096073
0.103574
0.105877
0.109562
0.097587
0.098475
0.101896
0.105746
0.108049
0.110977
0.112424
0.117096
0.116471
0.108871
0.058568
0.065971
0.068997
0.076005
0.079394
0.086204
0.088704
0.081828
0.006851
0.006687
0.014221
0.014023
0.021557
0.029716
0.03544
0.041165
0.045475
0.044389
0.026393
0.034421
0.037447
0.043994
0.050837
0.053699
0.063405
0.065642
0.070313
0.073406
0.078407
0.085052
0.086269
0.088671
0.095284
0.099001
0.102719
0.108279
0.108312
0.113279
0.113872
0.118807
0.121142
0.128051
0.12634
0.127887
0.130815
0.132131
0.13621
0.135124
0.139533
0.135388
0.140026
0.140191
0.144237
0.143382
0.145455
0.148284
0.094988
0.044619
0.039059
0.022116
0.017741
0.025505
0.02636
0.038105
0.041954
0.054423
0.05893
0.062286
0.065411
0.075511
0.077156
0.081236
0.086993
0.087421
0.0915
0.095942
0.098968
0.102357
0.104463
0.106864
0.11351
0.110648
0.077485
0.005108
0.007674
0.005305
0.009845
0.009516
0.010503
0.008233
0.00468
0.008496
0.013135
0.018958
0.026525
0.032348
0.035539
0.043961
0.049817
0.056726
0.057581
0.06551
0.066727
0.073011
0.076433
0.081466
0.082618
0.087421
0.0915
0.094692
0.09808
0.10035
0.102258
0.106371
0.110615
0.113016
0.115188
0.112457
0.116569
0.118346
0.123676
0.1193
0.123676
0.125452
0.126998
0.128578
0.128545
0.132723
0.133183
0.136539
0.13825
0.138645
0.139335
0.142921
0.143941
0.146639
0.146113
0.146639
0.148251
0.151278
0.152199
0.15335
0.15618
0.156081
0.156772
0.159634
0.162299
0.161312
0.163154
0.16549
0.17059
0.166313
0.168517
0.16549
0.170688
0.169175
0.169208
0.174143
0.17105
0.175853
0.174472
0.174932
0.175393
0.179801
0.177893
0.181446
0.179867
0.180821
0.179999
0.18217
0.179966
0.185361
0.182631
0.182927
0.184243
0.183914
0.185262
0.18773
0.187565
0.185789
0.186874
0.185328
0.192566
0.185624
0.188454
0.188487
0.186348
0.18875
0.188816
0.189441
0.18977
0.189803
0.188717
0.183914
0.188552
0.190263
0.191316
0.192336
0.191579
0.191217
0.189145
0.191974
0.192895
0.191809
0.182894
0.180854
0.178321
0.178354
0.17911
0.178946
0.181709
0.178716
0.178716
0.179933
0.181742
0.181742
0.182334
0.182532
0.184835
0.185098
0.183387
0.184243
0.184539
0.183519
0.182861
0.185493
0.181644
0.188223
0.182861
0.185953
0.184835
0.189112
0.187993
0.184999
0.188816
0.190362
0.189276
0.188848
0.191447
0.188125
0.18648
0.188059
0.19023
0.186644
0.185295
0.186743
0.186611
0.190526
0.185131
0.189605
0.190691
0.188256
0.178288
0.157101
0.033335
0.005272
0.00218
-0.000156
0.001324
-0.000551
0.008101
0.010898
0.007082
0.015569
0.023794
0.033401
0.035309
0.042382
0.019583
0.001225
0.001851
-0.000189
-2.5e-05
-0.000485
-0.000255
0.000337
0.001094
-2.5e-05
0.002048
0.000666
-0.000156
0.000798
-0.000781
-0.000189
0.002739
0.007772
0.003167
0.000864
0.000929
0.000995
0.004022
0.001028
0.006851
0.015537
0.006456
0.013892
0.018136
0.028663
0.031756
0.039454
0.047778
0.053634
0.057516
0.065642
0.074031
0.076466
0.076893
0.083769
0.088474
0.086565
0.093244
0.101107
0.102653
0.102785
0.109957
0.11578
0.117556
0.122557
0.124432
0.127689
0.130321
0.132525
0.135848
0.139006
0.142823
0.148481
0.144205
0.147133
0.146178
0.149501
0.152923
0.15312
0.154568
0.157167
0.160884
0.16197
0.162891
0.164964
0.164733
0.163944
0.135684
0.135717
0.139237
0.140092
0.142757
0.144961
0.147593
0.149501
0.151738
0.15187
0.154074
0.156838
0.161608
0.156081
0.159009
0.16549
0.167234
0.169668
0.167497
0.166017
0.168681
0.170392
0.171544
0.171905
0.170359
0.173156
0.174208
0.174603
0.179703
0.178551
0.180887
0.179439
0.183387
0.175788
0.01728
0.020274
0.031065
0.040935
0.045804
0.050771
0.057384
0.062977
0.066596
0.073077
0.077946
0.084427
0.087191
0.09377
0.096304
0.101864
0.103772
0.111042
0.11147
0.117491
0.117227
0.12134
0.123972
0.125649
0.131736
0.130617
0.135947
0.136769
0.144534
0.143777
0.147988
0.147297
0.145817
0.152923
0.155193
0.153054
0.158022
0.1572
0.159174
0.160753
0.16174
0.163944
0.164898
0.169076
0.166313
0.171346
0.171379
0.171741
0.175689
0.17684
0.17309
0.183683
0.178025
0.178419
0.181676
0.180459
0.180953
0.181808
0.182466
0.184604
0.184604
0.184901
0.186907
0.188256
0.185295
0.188158
0.189408
0.188421
0.190691
0.18977
0.190888
0.191744
0.190329
0.192105
0.191744
0.19148
0.192204
0.192698
0.191184
0.193092
0.193323
0.196974
0.195691
0.195001
0.194606
0.192961
0.193092
0.195231
0.19658
0.192928
0.196481
0.196744
0.197468
0.197402
0.1976
0.195593
0.200528
0.196382
0.197205
0.199376
0.200462
0.201054
0.198948
0.20056
0.202008
0.201547
0.201482
0.202041
0.199475
0.195395
0.200001
0.200791
0.198258
0.200166
0.199014
0.199935
0.200133
0.20112
0.20214
0.201712
0.200462
0.200001
0.201975
0.200857
0.199902
0.200495
0.201975
0.201844
0.203291
0.203324
0.199277
0.199475
0.202863
0.20283
0.20214
0.198356
0.201284
0.198948
0.200988
0.202469
0.192533
0.200363
0.201745
0.202074
0.201844
0.198883
0.190789
0.19329
0.192566
0.189803
-0.000123
0.004384
0.012411
0.021754
0.025176
0.031131
0.035835
0.03702
0.042086
0.010668
0.020175
0.026196
0.032249
0.036954
0.045146
0.052383
0.056364
0.063141
0.070182
0.074952
0.079394
0.084657
0.087421
0.093047
0.099922
0.100416
0.104035
0.108904
0.113181
0.117589
0.115944
0.125189
0.120715
0.130716
0.130453
0.135651
0.134598
0.137855
0.140454
0.141704
0.14404
0.144928
0.151771
0.153054
0.15289
0.15437
0.160029
0.155291
0.160588
0.158483
0.163056
0.16345
0.163944
0.166938
0.168418
0.168583
0.172037
0.17434
0.172728
0.17638
0.17513
0.177367
0.175886
0.175557
0.179176
0.179604
0.179472
0.179735
0.181051
0.180328
0.182532
0.18217
0.18138
0.184374
0.184374
0.18444
0.186447
0.180689
0.185822
0.190033
0.185394
0.185789
0.186907
0.18342
0.18694
0.188487
0.189474
0.190131
0.191118
0.190395
0.190099
0.191579
0.19023
0.191842
0.189506
0.192402
0.193685
0.194375
0.192138
0.19204
0.193685
0.197369
0.192665
0.192204
0.199672
0.199606
0.197402
0.195527
0.197665
0.195494
0.196876
0.196974
0.196744
0.195691
0.196547
0.195691
0.196645
0.195691
0.195461
0.197698
0.010174
0.016491
0.021689
0.032282
0.035605
0.044257
0.050837
0.057154
0.061727
0.064293
0.073307
0.076794
0.07969
0.083703
0.089329
0.089296
0.096205
0.098837
0.104068
0.1067
0.111536
0.117885
0.119826
0.121833
0.127854
0.128939
0.130946
0.133907
0.136177
0.140915
0.140849
0.141671
0.145224
0.146606
0.146968
0.152034
0.144599
0.151146
0.151508
0.157858
0.157331
0.161378
0.159832
0.163385
0.165359
0.165622
0.166082
0.166181
0.167234
0.166148
0.167793
0.168254
0.171346
0.171149
0.172399
0.171116
0.174899
0.177005
0.176478
0.176972
0.177268
0.177136
0.176478
0.177663
0.177926
0.179176
0.174768
0.175491
0.178584
0.177597
0.181676
0.180064
0.181413
0.182532
0.181973
0.184868
0.184275
0.184604
0.186282
0.188322
0.186118
0.187532
0.184144
0.184604
0.184045
0.179999
0.183782
0.180755
0.184308
0.184604
0.184144
0.183091
0.184045
0.180689
0.174768
0.178617
0.171576
0.169932
0.168714
0.171149
0.171873
0.173057
0.171116
0.174768
0.171313
0.170951
0.173945
0.175755
0.176215
0.177202
0.178222
0.180097
0.177202
0.178288
0.179275
0.176775
0.177038
0.177202
0.179275
0.177367
0.177169
0.179933
0.180426
0.179703
0.1824
0.182631
0.182663
0.180196
0.186743
0.188454
0.182433
0.185295
0.18365
0.185394
0.183848
0.185493
0.183157
0.187796
0.181841
0.184539
0.182499
0.180295
0.180558
0.1799
0.17661
0.17332
0.171379
0.166017
0.158516
0.154535
0.148547
0.135914
0.131703
0.120517
0.112589
0.095514
0.088836
0.077025
0.070412
0.067188
0.059753
0.055608
0.045277
0.036164
0.0158
0.009911
0.006391
0.003199
0.002574
0.003463
0.000633
0.005404
0.001456
0.003759
0.003989
0.002015
0.009055
0.008595
0.011622
0.012378
0.01353
0.006884
0.009878
0.010108
0.014155
0.011523
0.007608
0.010273
0.006522
0.007772
0.011622
0.008924
0.016984
0.025702
0.030275
0.03498
0.039454
0.043764
0.049686
0.056266
0.058733
0.065247
0.067188
0.070412
0.078275
0.081302
0.082618
0.089395
0.090316
0.094988
0.097685
0.100515
0.103212
0.104528
0.106864
0.111042
0.115319
0.113707
0.117359
0.120024
0.122721
0.120715
0.123182
0.128084
0.129696
0.13292
0.130551
0.134335
0.134434
0.141013
0.140125
0.141178
0.140059
0.143481
0.143185
0.143974
0.145422
0.140783
0.139862
0.136638
0.139993
0.141145
0.137263
0.134927
0.140026
0.137427
0.139993
0.140454
0.141737
0.140684
0.142231
0.142889
0.142658
0.140783
0.144402
0.146475
0.14835
0.148514
0.148745
0.148745
0.147823
0.151015
0.148712
0.152495
0.149403
0.153153
0.153219
0.157364
0.154568
0.15789

Kurve 2

-0.00542
0.003825
0.002772
0.004581
0.003167
0.006127
0.005042
0.004318
0.002969
0.005371
0.0107
0.005404
0.00389
0.003496
0.005502
0.004351
0.004351
0.004713
0.009516
0.006588
0.005173
0.004844
0.007674
0.00593
0.005996
0.005864
0.006029
0.00695
0.007641
0.009417
0.004154
0.004483
0.005963
0.006127
0.002673
0.008299
0.008397
0.006983
0.006358
0.009878
0.005798
0.006193
0.007772
0.005897
0.007904
0.005897
0.004877
0.001357
-0.002657
0.000436
7.4e-05
-0.001505
0.003167
0.001785
0.004384
0.001653
-0.001801
-0.001176
-0.001999
-0.00065
0.000798
0.003693
-0.003183
0.002509
-0.000814
0.0006
0.001916
0.001423
0.002212
0.006127
0.005338
0.006226
0.006654
0.005733
0.008365
0.00468
0.008233
0.006588
0.007411
0.005173
0.007246
0.00672
0.007805
0.004811
0.006424
0.006127
0.005305
0.005075
0.005009
0.002673
0.00287
0.004713
0.004154
0.005042
0.003331
0.001818
0.000798
0.000271
-0.00292
-0.001801
0.000798
-0.001439
0.000403
0.001291
0.002344
0.001719
0.002739
0.003068
0.001883
0.002212
0.004022
-0.000189
-0.003315
0.00116
-0.000617
-0.006308
0.000897
-0.002525
-0.001604
0.000732
0.000535
0.002838
0.003726
0.000897
0.004779
0.003134
0.001719
0.00445
-0.000321
0.005798
0.003397
0.003298
0.000864
0.004548
0.00014
0.00014
0.001554
0.001357
0.00139
0.001916
0.003068
0.002903
0.001818
0.002048
0.004186
4.1e-05
0.001653
0.000929
0.003693
-0.001571
0.001686
0.0006
-0.000452
-0.000288
0.001357
0.00514
7.4e-05
0.001423
0.000732
0.004121
0.00162
0.000962
0.000502
0.004746
0.002114
0.002048
-0.008907
-2.5e-05
-0.004137
-0.002689
-0.000189
-0.000847
0.002245
0.005502
0.004088
0.001982
0.005305
0.000107
0.006095
0.001785
0.001028
0.000831
0.001522
0.001357
0.003496
0.001489
0.00162
0.00264
0.000897
0.002936
0.001127
0.003035
0.002443
0.004417
0.003693
0.004713
0.002114
0.004713
0.002969
0.00797
0.004252
0.001423
0.004417
-0.000584
0.00343
0.002772
0.002805
0.000337
0.003825
0.003463
0.003792
0.003232
0.004417
0.001851
0.004022
0.000403
0.002147
-0.000716
0.002476
0.003989
0.002607
0.001686
0.003265
0.001982
0.002344
0.003232
0.001686
0.00389
-0.000255
0.006654
0.000864
0.002805
0.004417
-0.001999
0.002048
0.002509
0.001686
0.001883
0.002081
0.000929
0.003265
0.002509
0.003726
0.004483
0.005798
0.001949
0.000929
-0.001538
0.003989
0.006062
0.000173
0.005601
0.01274
0.021623
0.026327
0.034125
0.040507
0.045968
0.047251
0.052482
0.052745
0.056463
0.063273
0.06528
0.067681
0.073044
0.079196
0.083012
0.085381
0.08923
0.090513
0.081631
0.084394
0.082782
0.089263
0.087881
0.087881
0.086894
0.080775
0.080282
0.081104
0.081565
0.077913
0.074853
0.070774
0.049061
0.047613
0.05518
0.04327
0.047416
0.040277
0.043435
0.018234
0.022149
0.024057
0.026656
0.008759
0.010668
0.011095
0.016885
0.018794
0.022577
0.028762
0.03169
0.035046
0.03294
0.039092
0.038138
0.040967
0.041362
0.040112
0.031131
0.03271
0.032282
0.034026
0.031229
0.02942
0.030012
0.02613
0.030506
0.030374
0.028203
0.032743
0.037908
0.037645
0.038961
0.036
0.037842
0.040474
0.04327
0.040375
0.042316
0.04077
0.039059
0.042382
0.039224
0.039948
0.03748
0.039355
0.037678
0.038829
0.038336
0.04485
0.039421
0.038138
0.04054
0.036
0.039355
0.032611
0.034815
0.035144
0.034651
0.033203
0.037151
0.039586
0.042744
0.036329
0.03873
0.035539
0.038763
0.038763
0.036197
0.037217
0.037809
0.037151
0.036
0.039454
0.036197
0.036559
0.033927
0.033861
0.001686
0.007542
0.00774
0.010437
0.007049
0.009746
0.006029
0.002245
0.003496
0.00116
-0.000485
0.00139
0.000107
-0.000551
0.00014
0.000239
-0.000156
8e-06
-5.8e-05
8e-06
0.00014
7.4e-05
0.000765
-0.001176
-0.001867
7.4e-05
0.002015
0.003496
4.1e-05
0.00343
0.001489
0.004746
0.001193
0.004384
0.001127
0.002278
0.005897
0.00491
0.002114
0.002147
0.000239
-0.001604
0.004022
0.00241
0.003298
0.003134
0.001324
0.000535
-9e-05
-0.000123
-9e-05
-5.8e-05
0.000239
8e-06
7.4e-05
7.4e-05
0.000173
-5.8e-05
-9e-05
0.000173
7.4e-05
-0.000222
0.000239
0.000239
0.000271
0.000239
0.000107
0.000271
-0.000222
7.4e-05
-0.000189
7.4e-05
0.000173
7.4e-05
-9e-05
-9e-05
0.000173
0.000206
0.000173
0.000239
0.000107
0.000107
-0.000189
-0.000716
8e-06
-0.000189
0.000699
-0.000156
0.000206
-0.000189
0.00014
-9e-05
-0.000123
-9e-05
7.4e-05
7.4e-05
4.1e-05
4.1e-05
0.000173
0.00014
4.1e-05
-2.5e-05
-5.8e-05
-0.000156
-9e-05
-5.8e-05
-2.5e-05
0.000107
4.1e-05
4.1e-05
7.4e-05
0.000107
4.1e-05
-5.8e-05
-9e-05
-5.8e-05
-0.000123
-2.5e-05
8e-06
4.1e-05
7.4e-05
7.4e-05
0.00014
-2.5e-05
-5.8e-05
-9e-05
-0.000156
-0.000123
-2.5e-05
7.4e-05
4.1e-05
0.00014
7.4e-05
8e-06
8e-06
-5.8e-05
-9e-05
-5.8e-05
-5.8e-05
-0.000123
7.4e-05
7.4e-05
7.4e-05
7.4e-05
4.1e-05
0.000173
-0.000255
-2.5e-05
-0.000123
-0.000156
-5.8e-05
-2.5e-05
4.1e-05
4.1e-05
4.1e-05
0.000107
4.1e-05
-2.5e-05
-9e-05
-9e-05
-9e-05
-0.000123
8e-06
4.1e-05
7.4e-05
0.00014
0.00014
0.000107
-9e-05
-2.5e-05
-0.000123
-5.8e-05
8e-06
4.1e-05
4.1e-05
0.00014
8e-06
0.00014
4.1e-05
-2.5e-05
-2.5e-05
-0.000123
-0.000123
-2.5e-05
8e-06
0.000107
7.4e-05
0.000107
0.000107
8e-06
-2.5e-05
-9e-05
-5.8e-05
-0.000123
-0.000123
4.1e-05
4.1e-05
7.4e-05
0.000107
0.000107
0.000107
-9e-05
-0.000123
-0.000123
-0.000123
-2.5e-05
-5.8e-05
8e-06
7.4e-05
0.000107
0.000107
4.1e-05
-2.5e-05
-9e-05
-0.000123
-9e-05
-0.000123
4.1e-05
4.1e-05
4.1e-05
0.000107
7.4e-05
7.4e-05
-2.5e-05
-0.000123
-9e-05
-0.000156
-0.000123
8e-06
-2.5e-05
7.4e-05
4.1e-05
0.000107
7.4e-05
-9e-05
8e-06
-9e-05
-9e-05
-5.8e-05
-2.5e-05
4.1e-05
4.1e-05
8e-06
0.000107
8e-06
-2.5e-05
-5.8e-05
-9e-05
-0.000123
-0.000123
4.1e-05
4.1e-05
0.000107
7.4e-05
7.4e-05
0.000107
-2.5e-05
-9e-05
-9e-05
-0.000123
-0.000156
-2.5e-05
4.1e-05
4.1e-05
0.000107
7.4e-05
4.1e-05
-2.5e-05
-9e-05
-0.000123
-0.000123
-2.5e-05
-5.8e-05
4.1e-05
4.1e-05
7.4e-05
7.4e-05
0.000107
-2.5e-05
-9e-05
-9e-05
-0.000156
-0.000222
-2.5e-05
-2.5e-05
4.1e-05
7.4e-05
0.000107
4.1e-05
8e-06
-2.5e-05
-0.000123
-0.000123
-9e-05
-5.8e-05
4.1e-05
4.1e-05
7.4e-05
0.000107
7.4e-05
4.1e-05
-9e-05
-0.000123
-0.000123
-0.000123
-9e-05
8e-06
7.4e-05
4.1e-05
4.1e-05
0.000107
4.1e-05
-5.8e-05
-0.000156
-0.000123
-0.000123
-9e-05
8e-06
0.000107
0.000107
0.00014
0.000107
4.1e-05
-5.8e-05
-0.000123
-0.000156
-0.000123
8e-06
-2.5e-05
8e-06
4.1e-05
0.000107
4.1e-05
0.000107
-0.000123
-0.000123
-0.000156
-2.5e-05
-0.000156
0.000107
0.000107
0.00014
7.4e-05
0.000173
4.1e-05
-9e-05
0.000173
-0.000222
-2.5e-05
-0.000288
0.00014
8e-06
0.000107
4.1e-05
0.000107
0.000173
-2.5e-05
-2.5e-05
0.000107
-0.000189
0.00014
-5.8e-05
8e-06
0.000239
-5.8e-05
0.000173
8e-06
-5.8e-05
-9e-05
-9e-05
-5.8e-05
-0.000222
0.00014
0.000206
0.000271
-0.000321
0.000469
0.000271
0.000173
-0.000156
4.1e-05
-0.000222
-0.000222
7.4e-05
0.000173
4.1e-05
4.1e-05
0.000304
-5.8e-05
0.000304
-0.000255
0.000107
7.4e-05
0.000864
8e-06
0.00014
-2.5e-05
0.000239
8e-06
0.000403
0.000304
0.000403
-9e-05
-0.000123
-0.000683
-9e-05
0.002114
-0.000452
0.001949
0.000732
0.001785
0.002245
0.002048
0.005535
0.004548
-0.000255
0.002706
0.00162
0.003068
0.000206
0.000107
0.005305
0.007707
0.002476
0.007674
0.012115
0.002936
0.004121
0.011161
0.015602
0.017807
0.02238
0.025702
0.027709
0.029354
0.033796
0.035901
0.031854
0.042349
0.044093
0.049159
0.0486
0.051035
0.050903
0.054522
0.056364
0.059786
0.057285
0.059654
0.059852
0.057022
0.064885
0.063372
0.06551
0.066234
0.068767
0.066695
0.066662
0.067813
0.06959
0.069129
0.065444
0.008068
0.01399
0.020044
0.011128
0.02238
0.022215
0.030473
0.011161
0.016918
0.028762
0.02761
0.032578
0.037184
0.029321
0.024485
0.000403
0.004384
0.012707
0.012247
0.010635
0.016096
0.020702
0.008036
0.0158
0.017609
0.024288
0.02817
0.029387
0.034947
0.028696
0.026953
0.036592
0.036888
0.040145
0.046725
0.046626
0.051133
0.048929
0.049324
0.050377
0.051923
0.050804
0.051429
0.05041
0.046593
0.044718
0.047185
0.046363
0.046067
0.045968
0.045179
0.046396
0.045244
0.0461
0.04429
0.043863
0.04054
0.037941
0.036033
0.032973
0.027841
0.02057
0.015504
0.011687
0.012214
0.006884
0.010898
0.00922
0.009286
0.010339
0.014582
0.017938
0.020833
0.018695
0.021327
0.021853
0.021425
0.021458
0.02307
0.022215
0.0208
0.019123
0.022577
0.020175
0.025768
0.023992
0.021787
0.021754
0.01297
0.016162
0.012905
0.01603
0.010536
0.007246
0.002706
0.007246
0.00162
0.00468
0.007805
0.011654
0.015306
0.017675
0.018859
0.017247
0.018662
0.014517
0.018136
0.018432
0.021064
0.019254
0.022873
0.018563
0.016096
0.016458
0.019517
0.020537
0.019583
0.021919
0.020702
0.023038
0.013497
0.014418
0.013069
0.01149
0.010108
0.008068
0.008332
0.006456
0.004252
0.00287
-0.001472
0.002673
0.002541
0.001785
0.002015
-0.000354
-0.000156
0.001949
0.00241
0.003792
0.007016
0.003232
0.002114
0.003199
0.006983
0.001818
0.002344
4.1e-05
0.004318
-5.8e-05
0.003101
0.004022
0.000173
0.001456
0.003627
0.005075
0.00468
0.007772
0.007411
0.012707
0.008661
0.010668
0.010339
0.010865
0.015438
0.014319
0.016392
0.016754
0.018333
0.021656
0.022807
0.019945
0.010174
0.012806
0.014582
0.019155
0.020537
0.021064
0.02284
0.023235
0.021689
0.020044
0.019682
0.020011
0.017576
0.014155
0.012609
0.010898
0.006456
0.003627
0.004154
0.005963
0.003825
0.005963
0.005568
0.006259
0.008628
0.002509
0.008825
0.009121
0.007542
0.011062
0.006095
0.005239
0.010174
0.006391
0.010108
0.010108
0.012214
0.01172
0.014484
0.01682
0.01455
0.014977
0.01353
0.015372
0.015372
0.017017
0.016359
0.018432
0.015964
0.017149
0.013859
0.017017
0.019583
0.021162
0.016359
0.016458
0.011194
0.017576
0.021129
0.01932
0.023696
0.026097
0.029223
0.030111
0.033105
0.034552
0.037941
0.036559
0.034848
0.038763
0.040935
0.040967
0.034684
0.027051
0.028828
0.033269
0.036296
0.039454
0.039487
0.04281
0.04485
0.042481
0.047646
0.048699
0.048995
0.053009
0.04962
0.055377
0.05495
0.057878
0.058503
0.058963
0.059128
0.058207
0.060082
0.059786
0.060707
0.060312
0.06097
0.060575
0.060806
0.059062
0.06097
0.056989
0.057614
0.057845
0.055048
0.053897
0.053107
0.058634
0.051298
0.053667
0.052844
0.059128
0.052515
0.053502
0.053568
0.053272
0.05314
0.047449
0.053074
0.051396
0.05166
0.050771
0.045014
0.044586
0.045606
0.041757
0.038237
0.033039
0.031196
0.037941
0.039981
0.039915
0.044685
0.04508
0.039882
0.036362
0.032085
0.036
0.027479
0.029157
0.032809
0.033763
0.034585
0.038039
0.041856
0.043435
0.008759
0.00695
0.014681
0.020504
0.02465
0.01455
0.014484
0.011885
0.02136
0.024321
0.027347
0.031032
0.034585
0.034453
0.040375
0.046034
0.0511
0.054357
0.055871
0.058536
0.057976
0.064227
0.060707
0.065444
0.068372
0.072616
0.072386
0.067484
0.072912
0.068899
0.071202
0.076038
0.076893
0.07913
0.083177
0.082914
0.085348
0.088934
0.083736
0.086105
0.090612
0.094494
0.098639
0.099396
0.101962
0.104002
0.108542
0.109891
0.113378
0.112523
0.118445
0.119958
0.118346
0.118905
0.122656
0.121175
0.124037
0.124531
0.124663
0.129532
0.126702
0.130157
0.13269
0.135881
0.136769
0.138776
0.137
0.139401
0.140125
0.139368
0.137296
0.137427
0.140388
0.140092
0.143908
0.139434
0.144534
0.142395
0.144895
0.145257
0.147198
0.148679
0.148843
0.149764
0.154568
0.15493
0.153021
0.155917
0.152002
0.153021
0.152692
0.156311
0.153778
0.157693
0.158417
0.160029
0.16118
0.161575
0.164701
0.164404
0.163779
0.165786
0.165622
0.166707
0.166872
0.168385
0.170524
0.170293
0.168221
0.17332
0.169175
0.170359
0.169932
0.171741
0.172662
0.172202
0.178584
0.176906
0.177235
0.177235
0.176446
0.174965
0.174998
0.177334
0.176544
0.177959
0.177268
0.181742
0.179505
0.180821
0.179439
0.176775
0.1774
0.18092
0.182927
0.182927
0.182236
0.181973
0.183223
0.18217
0.184045
0.18217
0.182631
0.17967
0.182795
0.179867
0.181183
0.181841
0.180328
0.184769
0.183552
0.183881
0.184736
0.182663
0.182565
0.183914
0.183387
0.181775
0.180262
0.18296
0.18194
0.182992
0.179077
0.180558
0.184243
0.181808
0.183354
0.182729
0.179538
0.181545
0.184243
0.183881
0.185855
0.181512
0.182334
0.18036
0.184407
0.179045
0.178847
0.17888
0.179143
0.181216
0.176742
0.180295
0.179834
0.176446
0.179637
0.18194
0.177465
0.178716
0.176413
0.178255
0.177696
0.176446
0.177301
0.17763
0.175689
0.175886
0.177696
0.175524
0.175656
0.175228
0.173649
0.173715
0.174143
0.173682
0.174932
0.171807
0.172596
0.171247
0.16855
0.171215
0.174504
0.16901
0.168846
0.168714
0.167267
0.168188
0.165161
0.166773
0.161279
0.16276
0.159996
0.16197
0.161147
0.136835
0.133085
0.138546
0.138743
0.139895
0.13973
0.14052
0.135815
0.136572
0.138085
0.134861
0.135848
0.134401
0.136111
0.13542
0.136407
0.133611
0.136407
0.131999
0.13269
0.133348
0.134072
0.141638
0.135947
0.137723
0.135914
0.13825
0.13542
0.137921
0.137625
0.13927
0.13825
0.139632
0.138217
0.140158
0.139467
0.138842
0.139237
0.139039
0.139335
0.135453
0.136473
0.135947
0.135092
0.134137
0.133874
0.133315
0.134039
0.132032
0.132986
0.136506
0.131078
0.131078
0.131111
0.131506
0.130321
0.128249
0.122952
0.122754
0.124399
0.127229
0.126143
0.12588
0.125386
0.130058
0.128939
0.133085
0.130321
0.134236
0.13394
0.130683
0.130387
0.127722
0.129038
0.135519
0.131933
0.131144
0.135749
0.130321
0.135585
0.134105
0.133677
0.131045
0.128578
0.082256
0.009648
0.019846
0.027282
0.036033
0.042382
0.049784
0.054588
0.059194
0.061562
0.067978
0.068932
0.073834
0.077025
0.080841
0.082058
0.084723
0.086598
0.088178
0.089757
0.091599
0.098639
0.095843
0.097587
0.097883
0.100317
0.098574
0.10058
0.09706
0.098113
0.097883
0.096369
0.096534
0.097883
0.096205
0.09558
0.096994
0.097652
0.098475
0.099363
0.098968
0.093507
0.095152
0.086993
0.086763
0.082486
0.084131
0.064424
0.047218
0.046001
0.045804
0.001489
0.00366
0.00287
0.004121
0.009713
0.012477
0.018859
0.018596
0.023959
0.022083
0.026031
0.017971
0.022774
0.003726
0.011227
0.020208
0.025275
0.027282
0.023992
0.016754
0.004384
0.006753
0.014188
0.002805
-0.004071
0.00593
0.008858
0.015668
0.015931
0.018465
0.025998
0.030604
0.032809
0.038599
0.040244
0.044389
0.044389
0.040967
0.044093
0.043534
0.045804
0.042941
0.04656
0.042349
0.04304
0.037678
0.032315
0.02136
0.009088
0.009187
0.01172
0.008759
0.013069
0.018695
0.020768
0.029848
0.029354
0.031887
0.005766
0.01126
0.011194
0.018794
0.019123
0.005667
0.001686
0.005897
0.014056
0.021656
0.02738
0.029749
0.033861
0.031723
0.031394
0.032545
0.03771
0.040178
0.042415
0.044553
0.044257
0.041461
0.036
0.045343
0.030111
0.036954
0.034388
0.028104
0.02613
0.026887
0.029058
0.036756
0.030933
0.036362
0.030473
0.037612
0.036164
0.036888
0.031789
0.007674
0.005766
0.016293
0.019945
0.023005
0.025702
0.02738
0.028597
0.029749
0.031361
0.000502
0.000469
-0.001012
0.00037
-0.000485
0.001719
0.000864
0.000107
-0.001374
0.000798
4.1e-05
0.003759
0.003528
0.000271
0.000271
4.1e-05
0.003331
0.000271
7.4e-05
-0.000156
0.003759
0.004811
0.006687
0.005667
0.000666
0.000666
0.000271
-9e-05
-2.5e-05
0.000765
0.000239
0.000699
-0.001176
0.000337
0.00014
0.000568
0.00014
0.00014
-9e-05
-5.8e-05
-9e-05
-2.5e-05
-9e-05
0.000535
0.000206
0.00014
0.000765
8e-06
-2.5e-05
-2.5e-05
-5.8e-05
-9e-05
-2.5e-05
8e-06
0.000107
0.00014
0.000173
0.00014
-2.5e-05
-5.8e-05
-5.8e-05
-0.000123
-9e-05
-0.000123
7.4e-05
0.00014
0.000107
0.00014
0.000107
7.4e-05
8e-06
-2.5e-05
-0.000189
8e-06
-0.000123
4.1e-05
0.00014
0.000436
0.000732
0.000206
0.00014
-9e-05
0.000929
-9e-05
0.00014
8e-06
0.000239
-0.000518
0.00162
-0.000452
0.002443
0.001423
-0.000781
0.005897
0.002245
0.005338
0.009023
0.009187
0.004088
0.008463
0.010042
0.012707
0.00922
0.009154
0.009681
0.002377
0.003265
0.000173
0.001291
0.005469
0.001489
0.002509
0.004515
0.001291
0.000469
0.001291
0.008036
0.010635
0.016227
0.016063
0.016293
0.018596
0.017807
0.019221
0.015109
0.020669
0.023169
0.030802
0.030275
0.034059
0.031723
0.035671
0.040902
0.045014
0.048271
0.04781
0.052745
0.05166
0.053338
0.054456
0.054028
0.057088
0.057845
0.058437
0.058634
0.056101
0.057779
0.054884
0.053009
0.0511
0.048732
0.044422
0.039717
0.035671
0.033828
0.030341
0.02159
0.015668
0.010898
0.016491
0.014286
0.014944
0.013628
0.010339
0.008003
0.013957
0.009878
0.009911
0.011062
0.008661
0.011029
0.013135
0.015898
0.016096
0.022018
0.022741
0.005963
0.001028
0.000436
-0.001012
0.002607
-0.001176
0.001719
0.001851
0.001489
0.001719
0.004844
0.004186
0.003035
0.000304
0.000864
0.002245
-0.000748
0.001653
0.003693
0.00718
-2.5e-05
0.00672
0.002311
0.001653
0.00014
0.003792
0.007049
0.007575
0.006621
0.003792
0.012214
0.016392
0.017379
0.017642
0.022873
0.025044
0.028137
0.025768
0.030473
0.031624
0.030571
0.029815
0.032874
0.031723
0.031887
0.03544
0.033401
0.036493
0.034914
0.042152
0.040869
0.042349
0.040375
0.043303
0.038928
0.037118
0.031854
0.029749
0.032644
0.032183
0.03498
0.032809
0.034717
0.034453
0.033565
0.028762
0.029979
0.024452
0.027183
0.026821
0.002541
-0.000419
0.00139
0.004384
0.013859
0.013201
0.020011
0.028236
0.02692
0.035473
0.040935
0.047778
0.051429
0.058963
0.058963
0.066004
0.073439
0.07413
0.075709
0.079788
0.08038
0.085282
0.087454
0.088836
0.091796
0.091731
0.098245
0.101403
0.098014
0.099133
0.100251
0.096304
0.098343
0.098475
0.099396
0.095185
0.092454
0.083506
0.009023
0.018662
0.018826
0.026689
0.029519
0.031262
0.028532
0.004515
0.003857
0.013727
0.0158
0.021557
0.021886
0.02761
0.029815
0.033401
0.035408
0.037414
0.042349
0.04258
0.04485
0.043599
0.037743
0.042218
0.043369
0.041823
0.043863
0.042283
0.039915
0.031525
0.023992
-0.000288
0.00389
0.006818
0.010306
0.016885
0.020899
0.031229
0.033335
0.035572
0.041625
0.043007
0.039948
0.035802
0.029979
0.027051
0.025373
0.014254
0.015372
0.009286
0.008891
0.00797
0.000699
0.000206
0.004318
0.006687
0.013168
0.015043
0.021393
0.018596
0.012773
0.018004
0.024057
0.029124
0.029091
0.034585
0.035572
0.038303
0.039619
0.042185
0.040671
0.043073
0.046264
0.044882
0.044751
0.046955
0.048008
0.05291
0.058075
0.053831
0.057779
0.057384
0.059753
0.061431
0.061365
0.062812
0.063536
0.055542
0.054423
0.047547
0.038697
0.036724
0.032611
0.036296
0.02034
0.006818
0.017445
0.023005
0.028268
0.03317
0.034881
0.031591
0.024748
0.023728
0.019221
0.003298
0.002706
0.008167
0.006917
0.004252
0.008924
0.006259
0.006818
0.008957
0.00366
-0.000222
-0.000913
-0.001275
0.002081
0.000897
0.005733
0.010503
0.017313
0.014879
0.011687
-2.5e-05
0.002541
0.000633
0.006292
0.000436
0.00264
0.003923
-0.000123
0.005568
-0.000123
0.00162
-0.000847
0.000765
-2.5e-05
0.000206
-0.002624
0.001851
-0.000222
0.00037
-0.000354
0.000271
0.000304
0.000864
0.003989
-0.000288
-0.000222
0.001061
0.001357
0.000995
0.001258
-0.000485
0.000995
-0.000551
0.000568
0.002212
0.003331
0.008299
0.004877
0.003167
0.003693
0.006424
0.009154
0.001982
0.004483
0.003956
0.005831
0.006127
0.003923
0.001094
-0.000419
0.002903
0.000831
-0.003907
0.001225
0.000206
0.000107
0.000206
0.000173
0.000173
0.001324
0.000831
0.001423
0.001752
0.001225
-0.000321
0.000633
-0.000189
0.000666
-0.000288
0.001061
0.005897
0.00718
0.000107
0.001851
0.007213
0.006555
0.013168
0.010141
0.013398
0.008726
0.002509
0.000535
0.001357
-0.000913
0.001028
0.009417
-9e-05
0.006818
0.005075
0.000304
0.002673
0.006753
0.009681
0.004351
-0.000123
-0.000123
0.000239
-0.001275
0.004811
0.002081
0.001719
0.000568
-0.000485
0.00014
8e-06
4.1e-05
0.001357
-0.000123
0.005634
-0.000354
0.000732
0.002114
0.002278
0.008694
0.007345
-0.001999
0.010207
0.007443
-0.000189
-0.001801
-0.001933
0.00116
0.004318
0.008233
0.009055
0.01478
0.008003
0.006555
0.007443
0.00264
0.003298
0.002607
0.002344
0.002838
0.000666
0.000765
0.001522
0.000633
0.003397
0.000765
0.002443
0.001225
0.001094
0.000271
0.003759
0.000403
0.00514
0.008726
0.004252
0.013431
0.020603
0.025505
0.033105
0.038336
0.042645
0.049752
0.050508
0.056956
0.060838
0.065576
0.063635
0.067056
0.066662
0.074261
0.071925
0.072518
0.074722
0.073603
0.076367
0.079788
0.076696
0.070577
0.076169
0.069721
0.070511
0.072583
0.07334
0.075446
0.079394
0.07913
0.080578
0.082618
0.08821
0.088572
0.088276
0.092487
0.08752
0.089987
0.08923
0.091073
0.086631
0.088868
0.091138
0.09479
0.096139
0.0991
0.101173
0.099692
0.100844
0.10035
0.103377
0.098541
0.101831
0.102949
0.100909
0.095382
0.096402
0.091632
0.095152
0.097554
0.098014
0.10012
0.101074
0.098475
0.102291
0.101238
0.099725
0.101699
0.095152
0.097126
0.102752
0.099922
0.096764
0.034223
0.028894
0.03067
0.01353
0.017609
0.016458
0.003496
0.003101
0.004647
0.012082
0.009055
0.000732
0.001193
-5.8e-05
-0.001538
0.006621
0.000765
0.003726
-0.001834
0.000798
0.000535
0.001456
0.001423
0.006259
0.014155
0.019748
0.019715
0.024057
0.033993
0.036691
0.039652
0.047449
0.047909
0.049587
0.000633
0.000107
0.005371
0.014352
0.020504
0.024255
0.034552
0.036066
0.04031
0.045804
0.047153
0.055969
0.052318
0.053305
0.058996
0.057746
0.060213
0.062089
0.065214
0.068307
0.070544
0.07209
0.076827
0.077452
0.046462
0.052186
0.058009
0.056233
0.063273
0.069228
0.072452
0.073998
0.077091
0.080117
0.081335
0.083374
0.085052
0.087092
0.090645
0.093277
0.092783
0.093277
0.075182
0.079953
0.070741
0.057746
0.032019
0.023959
-5.8e-05
-0.000123
-9e-05
7.4e-05
7.4e-05
0.000107
7.4e-05
0.00014
0.007443
0.012839
0.018629
-0.001571
0.005437
0.009681
0.012641
-2.5e-05
0.009352
0.014451
0.016491
0.001686
0.003956
0.005897
-0.001703
0.00843
0.010207
0.012609
0.003759
0.000206
0.006621
0.013201
0.015109
0.02011
0.019813
0.000436
0.0082
0.002245
-9e-05
0.001653
0.005667
0.001423
0.000206
0.003134
0.008299
0.013102
0.016162
0.015208
0.021129
0.005864
0.000633
0.002805
0.000173
0.00116
0.005963
0.005733
0.004417
0.003167
0.006391
0.015701
0.015405
0.021064
0.022774
0.013299
0.011161
0.018728
0.020636
0.0183
0.022018
0.019353
-0.000979
0.00139
0.010339
0.015372
0.02011
0.020373
0.014944
0.016195
0.017741
0.006424
0.011687
0.003068
0.004746
0.007509
0.012773
0.016556
0.000173
4.1e-05
0.000173
0.000107
0.000798
-0.000748
0.005075
0.013398
0.010306
0.009648
0.000469
0.000206
0.00014
0.00116
0.006555
0.003035
0.004943
0.000864
0.001719
0.000271
0.000403
0.000633
0.00014
-0.000387
0.002706
0.004483
0.011589
0.009417
0.014023
0.018234
0.019978
0.018728
0.020471
0.012115
0.014517
0.001028
0.012444
0.00241
0.004088
0.012543
0.015076
0.0057
0.009648
0.011325
0.013957
0.017182
0.010602
0.011029
0.016096
0.020241
0.021557
0.025242
0.026459
0.011589
0.011029
0.000568
0.006259
0.011325
0.008891
0.011128
0.015175
0.011194
0.014747
0.012773
0.016589
0.019748
0.020142
0.020603
0.015208
0.013957
0.008858
0.012773
0.008003
0.009582
-0.000518
0.004384
0.007641
0.012707
0.013464
0.017214
0.012016
0.014385

Kurve 3

-0.001834
-0.000321
0.001489
0.005798
-0.001834
0.001982
-0.001374
0.001094
-0.001768
0.001094
-9e-05
0.000502
-0.001012
0.000173
-0.002064
-0.000781
-0.002064
-0.002393
-0.001703
-0.0019
-0.001406
-0.002229
-0.001538
-0.000979
0.000699
-0.001933
0.00037
-0.001933
0.000535
-0.003249
-0.000979
7.4e-05
-0.002393
-0.002788
-0.001834
0.001719
-0.004894
-0.000222
-0.002722
0.00037
-0.001406
0.000173
-0.002064
-0.000814
-0.000814
0.000568
0.000864
-0.00236
-0.00213
0.002212
-0.000946
-0.002328
0.000304
-0.001538
0.001061
-0.00088
-0.000156
-0.000946
-0.001308
-0.000716
0.001127
-0.000123
7.4e-05
-0.0019
-0.001439
-0.000584
-0.000716
0.000864
-0.002328
0.00116
0.001423
-0.001341
-0.003117
-0.001505
-0.00496
-0.001538
-0.0019
0.001291
0.003035
0.001554
-0.000255
7.4e-05
-0.000584
-0.000222
-9e-05
0.00037
0.001554
0.00037
0.002311
-0.000683
0.002805
-0.001275
-2.5e-05
0.00037
0.00139
-0.001735
0.001554
0.004581
0.001752
0.003199
-5.8e-05
0.001456
-0.000222
-0.001801
-0.001242
0.000206
-0.002492
0.000436
0.001752
0.000633
-0.00065
0.001818
-0.000683
0.004483
0.004515
0.00014
0.002903
-0.00167
-0.000551
-0.000551
0.004285
0.000535
0.002245
-0.001242
-0.001933
-0.000683
-0.001703
-0.002821
-0.002328
-0.000321
-0.000584
0.001423
-0.004663
-0.000222
-0.002393
0.000864
-0.002328
0.000173
-0.002854
0.000699
0.000798
-0.003512
0.000962
0.002838
0.001291
0.002212
0.001883
0.001225
0.003298
-0.004696
0.004154
-0.003282
-0.001505
0.000699
0.000732
-0.002986
0.001587
-0.001571
-0.002755
-0.002229
-0.003446
-0.001735
-0.00111
-0.001472
0.000436
8e-06
-0.001077
-0.000584
-0.000847
-0.001012
0.000732
0.000535
-0.000189
4.1e-05
-5.8e-05
0.00014
-0.000156
7.4e-05
8e-06
7.4e-05
0.000337
4.1e-05
0.000206
0.000304
0.000173
0.00014
-0.000123
-0.000255
0.000403
-0.000123
-0.000419
8e-06
4.1e-05
8e-06
0.000173
4.1e-05
0.000304
8e-06
-0.000452
-0.000189
-0.000123
0.000173
8e-06
0.000271
-0.000189
0.000206
-0.000222
0.000206
-0.000419
-0.000156
-0.000551
-2.5e-05
0.001258
0.000206
0.000535
-2.5e-05
0.000403
0.00014
4.1e-05
-0.000156
-0.000255
-0.000156
0.000304
8e-06
-5.8e-05
-5.8e-05
4.1e-05
-9e-05
0.000304
7.4e-05
-0.000288
7.4e-05
-9e-05
0.000239
-0.000156
0.000271
0.000173
-2.5e-05
8e-06
0.000568
-0.000387
7.4e-05
-0.000222
0.000107
-0.000156
7.4e-05
-0.000123
0.000206
0.000107
0.000239
0.00014
-2.5e-05
8e-06
-9e-05
8e-06
-0.000255
4.1e-05
-0.00065
7.4e-05
0.000173
-0.000387
0.000239
7.4e-05
0.000535
4.1e-05
0.000469
-5.8e-05
-0.000123
-5.8e-05
0.000107
-5.8e-05
0.00037
-0.000255
0.000765
4.1e-05
7.4e-05
-0.000189
-0.000156
-0.000354
0.000337
4.1e-05
0.000206
0.000271
0.000568
0.000337
4.1e-05
-0.000518
-0.000255
0.000337
-0.000748
0.000271
-0.000321
0.000469
-5.8e-05
8e-06
4.1e-05
-0.000288
0.000666
0.00014
0.000699
-0.000222
0.0006
0.00014
0.000699
-0.000156
0.000699
0.00014
0.000173
-0.000156
0.000107
-0.000288
-0.000518
0.001324
8e-06
0.000206
0.000864
0.000107
7.4e-05
0.000337
-0.000222
0.000535
0.00014
4.1e-05
0.000206
0.000107
8e-06
0.000206
8e-06
-0.000913
0.00514
0.002509
0.005535
0.001587
0.002706
0.009648
0.006029
0.008101
0.009384
0.01603
0.020208
0.001818
0.007082
0.008661
0.015471
0.016853
0.020208
0.020406
0.001456
0.002772
-0.000946
0.001818
0.001785
0.00287
0.002147
0.001324
0.002081
0.003759
0.00116
0.001949
0.002673
0.001916
-0.001472
0.000699
0.00162
-0.000518
0.003496
0.000633
0.004088
0.002015
0.000337
0.001686
0.002081
0.001785
0.000831
-0.001209
-0.001341
0.001193
-0.000419
-0.000683
0.000304
0.000666
0.000173
0.00116
-0.000452
-2.5e-05
-5.8e-05
0.000502
4.1e-05
4.1e-05
-0.000683
0.000206
-2.5e-05
0.000206
7.4e-05
0.000502
-0.000156
0.000239
-0.000288
-0.000156
7.4e-05
-0.000255
7.4e-05
4.1e-05
0.000107
0.00014
0.000337
-9e-05
0.00014
-5.8e-05
-5.8e-05
-0.000255
-0.000156
-9e-05
4.1e-05
0.000107
0.000107
0.000173
-2.5e-05
-2.5e-05
-5.8e-05
4.1e-05
-5.8e-05
-2.5e-05
-2.5e-05
7.4e-05
8e-06
0.000107
8e-06
4.1e-05
0.00014
-9e-05
-2.5e-05
-0.000156
-9e-05
-2.5e-05
8e-06
7.4e-05
0.00014
0.000107
0.00014
4.1e-05
-5.8e-05
-5.8e-05
-0.000123
-5.8e-05
-9e-05
-2.5e-05
7.4e-05
4.1e-05
0.00014
0.00014
7.4e-05
-2.5e-05
-2.5e-05
-9e-05
-0.000123
-0.000123
7.4e-05
4.1e-05
7.4e-05
4.1e-05
0.000107
7.4e-05
-5.8e-05
-9e-05
-0.000123
-9e-05
-9e-05
8e-06
7.4e-05
7.4e-05
7.4e-05
0.000107
7.4e-05
-2.5e-05
8e-06
-5.8e-05
-2.5e-05
-9e-05
4.1e-05
4.1e-05
0.00014
0.000107
0.000107
7.4e-05
-5.8e-05
-5.8e-05
-9e-05
-9e-05
-5.8e-05
4.1e-05
0.000107
0.000173
0.000107
0.000173
7.4e-05
4.1e-05
-5.8e-05
-5.8e-05
-2.5e-05
-0.000419
0.000403
-2.5e-05
0.00014
0.000206
0.000666
0.00014
0.000403
0.001127
-0.000354
0.003199
-0.001735
-0.000255
0.003397
0.006588
0.007378
0.010141
0.004318
0.002081
0.005766
0.012872
0.017247
0.023005
0.02761
0.03192
0.039652
0.030703
0.034552
0.039059
0.04962
0.051989
0.050344
0.057943
0.043402
0.04485
0.049686
0.05722
0.062122
0.06778
0.071136
0.080183
0.081269
0.087191
0.09002
0.091138
0.101403
0.105318
0.104759
0.108279
0.112819
0.113576
0.119958
0.122689
0.126242
0.127097
0.129597
0.129828
0.133019
0.136506
0.140125
0.140059
0.141046
0.147659
0.06857
0.062911
0.046725
0.051067
0.051989
0.004647
0.001357
0.0057
0.001423
0.009023
0.00774
0.002706
0.002509
0.010339
0.011786
0.001587
0.000206
0.009055
0.002772
0.007805
0.010273
0.014451
0.01001
0.000633
0.000271
0.001653
0.005502
0.000337
0.003035
0.000699
0.000798
0.001225
0.000633
0.007871
0.007509
0.008332
0.003068
0.000304
0.003068
0.00445
0.000699
-0.000452
0.001851
0.001324
0.004121
0.013135
0.016491
0.007871
0.000995
0.002114
0.004877
0.009286
0.003693
0.000995
0.002509
0.008891
0.01524
0.020636
0.023564
0.032809
0.034256
-0.002196
0.005108
0.00797
0.016425
0.021162
0.025669
0.035605
0.032874
0.037875
0.045639
0.050081
0.054851
0.060082
0.064589
0.070248
0.073274
0.078867
0.080282
0.087684
0.089395
0.091994
0.095086
0.099824
0.102818
0.107456
0.109628
0.112391
0.118313
0.118839
0.124992
0.125584
0.1294
0.129992
0.133447
0.134137
0.137033
0.139039
0.141046
0.144205
0.146047
0.149633
0.151936
0.153712
0.154074
0.157364
0.156904
0.160621
0.160819
0.160753
0.167826
0.164635
0.164865
0.163418
0.169208
0.165391
0.168385
0.166148
0.17082
0.173649
0.170951
0.175031
0.172728
0.171083
0.174603
0.172333
0.173781
0.174965
0.17457
0.174307
0.174077
0.172563
0.174406
0.173682
0.029848
0.009121
0.018826
0.003397
0.000535
0.004055
0.011029
0.018004
0.021853
0.030539
-0.000189
0.006391
0.011457
0.011819
0.017511
0.020471
0.023597
0.028696
0.036658
0.039553
0.047449
0.051594
0.057154
0.060312
0.06199
0.058338
0.064852
0.063339
0.057088
0.061102
0.063701
0.072057
0.078242
0.085118
0.086697
0.09206
0.097192
0.097949
0.102719
0.109628
0.106206
0.116602
0.12009
0.121965
0.123445
0.126275
0.126735
0.129203
0.134203
0.134795
0.138381
0.139171
0.144468
0.147429
0.146968
0.147067
0.153252
0.151574
0.156344
0.151771
0.155686
0.156904
0.157989
0.159634
0.157792
0.161838
0.162266
0.163549
0.155917
0.058963
0.030703
0.030012
0.030999
0.038368
0.038204
0.039026
0.046527
0.048666
0.052548
0.054884
0.021853
0.005568
0.014385
0.001258
0.005996
0.000271
-0.000518
7.4e-05
7.4e-05
-0.000814
0.008759
0.013694
0.008628
0.011194
0.004219
0.000206
0.00014
4.1e-05
-2.5e-05
-9e-05
-5.8e-05
-0.000123
-5.8e-05
8e-06
4.1e-05
7.4e-05
7.4e-05
0.00014
4.1e-05
-5.8e-05
-2.5e-05
-9e-05
-0.000123
-2.5e-05
-2.5e-05
0.000107
7.4e-05
0.000107
0.00014
7.4e-05
-5.8e-05
-9e-05
-9e-05
-9e-05
-2.5e-05
8e-06
0.00593
8e-06
0.000403
-2.5e-05
-0.001703
0.001752
0.001489
0.001258
0.003068
0.006917
0.008365
0.002805
0.0006
0.000633
-0.000518
0.001818
4.1e-05
0.000502
0.000995
0.000239
-0.004367
0.005831
0.001423
0.008003
0.008628
0.007476
0.0057
0.00514
0.005371
0.008003
0.007904
-0.000683
-0.001176
0.005996
0.00899
0.012674
0.0158
0.016425
0.018497
0.009977
-0.000321
-0.000584
0.0006
0.003923
-0.002722
0.001752
0.000173
0.001324
0.002377
0.001883
0.000271
0.000798
0.001851
0.000239
7.4e-05
4.1e-05
0.000304
0.00014
4.1e-05
0.000107
-2.5e-05
-2.5e-05
-0.000123
-0.000156
-0.000123
-5.8e-05
4.1e-05
0.001719
0.004417
0.008694
0.01126
0.015997
0.006753
0.000436
-0.000518
-0.000485
0.013201
0.012905
0.006424
0.005864
0.002574
0.006424
0.014582
0.016951
0.023202
0.022939
0.027018
0.032677
0.030308
0.017839
0.009681
0.014254
0.024189
0.026689
0.033269
0.039191
0.045179
0.04939
0.053436
0.05393
0.003857
0.001686
0.000271
0.000206
0.002147
0.008299
0.015142
0.025472
0.030275
0.03827
0.042283
0.048765
0.052087
0.058075
0.046429
0.000962
0.011424
0.018267
0.027545
0.004022
0.000337
-0.000222
0.003298
0.000337
0.007114
0.00343
0.008694
0.009187
0.005897
0.013464
0.019452
0.019649
0.02715
0.032019
0.035737
0.04258
0.039816
0.039948
0.044619
0.047416
0.050475
0.0461
0.047778
0.0511
0.055542
0.058503
0.056891
0.053436
0.053831
0.056298
0.057154
0.0562
0.058568
0.062319
0.06301
0.065181
0.070609
0.069919
0.020636
0.026722
0.03419
0.037809
0.040474
0.044422
0.050377
0.055542
0.059588
0.066859
0.068504
0.071991
0.078045
0.085085
0.085151
0.088737
0.078966
0.081696
0.073176
0.053634
0.040013
0.027446
0.023367
0.019254
0.019945
0.016425
0.010042
0.009516
0.004022
0.002048
0.006193
0.011194
0.012214
0.012609
0.02284
0.028861
0.026426
0.035144
0.038105
0.044356
0.0461
0.051364
0.049982
0.054555
0.057088
0.063405
0.066333
0.003035
0.002673
0.014846
0.01251
0.026327
0.033796
0.037908
0.045902
0.009878
0.004186
0.001851
0.008858
0.012773
0.015142
0.016392
0.02238
-0.001242
0.001752
0.000502
4.1e-05
-0.000913
0.007904
0.005108
0.000436
0.006226
0.010865
0.01807
0.022149
0.024025
0.014188
0.012247
0.008661
0.01149
0.0082
0.006424
0.003331
0.006884
0.001456
0.001851
0.004186
0.01228
0.004581
0.004647
0.006917
0.001818
0.001028
0.00014
-0.001571
-0.000255
-2.5e-05
-0.000452
0.000633
0.000403
0.002344
0.00162
0.002344
0.004877
0.00264
0.000206
0.000403
8e-06
0.001851
0.002081
-5.8e-05
0.00162
0.003134
0.003693
-0.000189
0.002772
0.005568
0.008134
0.008299
0.009417
0.012905
0.013727
0.013925
0.017938
0.029848
0.033072
0.036329
0.041856
0.046659
0.050969
0.057483
0.058766
0.048074
0.03748
0.037645
0.013069
0.01728
0.020504
0.03169
0.037546
0.041691
0.048732
0.052712
0.055114
0.059523
0.064457
0.066102
0.075018
0.078571
0.083308
0.088605
0.094757
0.095613
0.100482
0.104265
0.10716
0.111832
0.114036
0.119695
0.122425
0.122787
0.12861
0.129959
0.131506
0.136243
0.13621
0.138776
0.139303
0.143152
0.146442
0.146277
0.149008
0.150455
0.152692
0.149633
0.151212
0.153219
0.155291
0.154897
0.158088
0.157693
0.159141
0.157529
0.158351
0.157825
0.159404
0.158845
0.156509
0.156443
0.154239
0.156114
0.154601
0.153449
0.14858
0.153186
0.144797
0.147527
0.145751
0.142527
0.142921
0.13848
0.139335
0.135618
0.134631
0.130519
0.127294
0.13065
0.132953
0.135585
0.137164
0.135618
0.138842
0.138776
0.139171
0.144566
0.147429
0.145948
0.148021
0.15039
0.149501
0.153186
0.152989
0.154502
0.155061
0.156377
0.154995
0.161312
0.161345
0.161246
0.164339
0.162825
0.163056
0.166313
0.165984
0.169866
0.169175
0.169076
0.172728
0.171247
0.17457
0.172695
0.177268
0.174603
0.176643
0.177071
0.179637
0.181841
0.178288
0.179012
0.182532
0.183552
0.181512
0.182203
0.182137
0.185591
0.185394
0.18467
0.186249
0.188947
0.186085
0.189506
0.190066
0.189572
0.182927
0.181973
0.187105
0.185789
0.183091
0.187532
0.188059
0.186381
0.190197
0.189934
0.187302
0.187763
0.191908
0.191974
0.192895
0.188717
0.193092
0.192895
0.19125
0.192007
0.187269
0.190888
0.107423
0.020471
0.004779
0.00445
0.001785
0.002048
0.003002
0.006325
0.012016
0.01955
0.021853
0.026755
0.036296
0.036395
0.04735
0.050015
0.058404
0.063931
0.070083
0.07459
0.08219
0.081071
0.086467
0.094988
0.09683
0.100679
0.105417
0.108871
0.115188
0.116668
0.118675
0.123577
0.122886
0.127229
0.12861
0.130453
0.133085
0.139204
0.14052
0.14075
0.143678
0.146343
0.15312
0.149567
0.15062
0.151673
0.15516
0.151475
0.155555
0.157956
0.1597
0.160522
0.163352
0.162496
0.166181
0.161345
0.165128
0.166477
0.165391
0.169109
0.167892
0.169734
0.172267
0.174208
0.17513
0.175261
0.174274
0.176709
0.173518
0.177235
0.173287
0.178321
0.177893
0.176775
0.179012
0.18138
0.17809
0.180558
0.18092
0.18296
0.182466
0.178979
0.183881
0.179801
0.177071
0.116833
0.111931
0.120517
0.124827
0.125321
0.125321
0.125419
0.125419
0.124334
0.12236
0.127393
0.122524
0.121603
0.121702
0.12078
0.114793
0.107029
0.101831
0.097784
0.099363
0.098343
0.099758
0.096863
0.093376
0.088507
0.091698
0.08548
0.088967
0.087651
0.087421
0.081664
0.077781
0.056956
0.040803
0.03873
0.042909
0.043139
0.049719
0.05439
0.056035
0.058338
0.05722
0.057976
0.056101
0.058733
0.059029
0.0688
0.064063
0.073636
0.076696
0.076564
0.080742
0.080282
0.080348
0.086237
0.086401
0.088342
0.093244
0.089099
0.088309
0.086434
0.08877
0.088803
0.090448
0.094264
0.098771
0.09989
0.101271
0.108246
0.108443
0.110154
0.112589
0.113279
0.113608
0.113608
0.114102
0.117787
0.116536
0.118313
0.119728
0.123708
0.123741
0.124959
0.126636
0.130584
0.131209
0.132953
0.134993
0.133414
0.135059
0.134993
0.137822
0.13973
0.143678
0.147429
0.147527
0.148481
0.153252
0.152561
0.156706
0.156575
0.160457
0.160095
0.157825
0.163023
0.163747
0.164799
0.16526
0.168287
0.171247
0.178551
0.170392
0.175491
0.173912
0.175689
0.17582
0.177893
0.178419
0.177696
0.183025
0.182762
0.184868
0.18365
0.183091
0.184243
0.18319
0.179604
0.185262
0.183749
0.189309
0.183914
0.19102
0.18773
0.190559
0.192731
0.190855
0.18444
0.182861
0.178946
0.168122
0.151409
0.149699
0.136901
0.117194
0.120517
0.121735
0.120057
0.124202
0.128512
0.129696
0.135552
0.138184
0.140125
0.141606
0.141704
0.144961
0.144106
0.147758
0.148514
0.154337
0.072419
0.080051
0.081993
0.090283
0.094757
0.098541
0.102489
0.104331
0.10943
0.11147
0.119103
0.1218
0.126735
0.123972
0.13167
0.129005
0.092027
0.076367
0.082453
0.083999
0.090711
0.096929
0.0991
0.107456
0.111174
0.115221
0.117688
0.120221
0.120879
0.127656
0.12634
0.072748
0.076235
0.084131
0.085118
0.093803
0.095942
0.098442
0.103344
0.108904
0.113674
0.118346
0.119432
0.121965
0.126768
0.125649
0.13371
0.13042
0.137263
0.136572
0.141934
0.142099
0.147955
0.145191
0.148843
0.148745
0.153482
0.155291
0.156278
0.162036
0.164207
0.165556
0.159996
0.164503
0.163582
0.166477
0.166543
0.169504
0.16957
0.17059
0.172958
0.175788
0.17582
0.175689
0.178058
0.177005
0.177926
0.179341
0.186085
0.180393
0.182203
0.185197
0.182992
0.184703
0.184901
0.18444
0.186052
0.184407
0.183354
0.182104
0.182992
0.18523
0.188487
0.18921
0.190197
0.192138
0.189177
0.191711
0.18921
0.191974
0.191513
0.191842
0.190855
0.192204
0.192928
0.191941
0.192895
0.192928
0.194836
0.195264
0.193981
0.189737
0.196152
0.191415
0.197863
0.196119
0.19556
0.193783
0.197567
0.195428
0.195527
0.19681
0.19681
0.197698
0.195691
0.197896
0.197369
0.198422
0.198389
0.200922
0.198093
0.199837
0.198422
0.19987
0.199804
0.197534
0.19908
0.199508
0.201054
0.205824
0.199541
0.192665
0.199639
0.196185
0.201054
0.197698
0.198916
0.199837
0.201778
0.200528
0.200593
0.203916
0.198883
0.199672
0.199935
0.199705
0.199343
0.199475
0.199738
0.198948
0.200692
0.202436
0.195823
0.200824
0.197369
0.200133
0.198652
0.199738
0.198554
0.201778
0.20339
0.200725
0.201909
0.200725
0.200758
0.198587
0.203752
0.200725
0.200791
0.199508
0.203554
0.202765
0.203686
0.202502
0.201383
0.198948
0.196645
0.197007
0.196645
0.200297
0.200626
0.204541
0.198981
0.200034
0.197468
0.195033
0.200396
0.19681
0.193816
0.197764
0.196415
0.198422
0.199705
0.198225
0.198488
0.196645
0.197139
0.197271
0.194112
0.195988
0.197007
0.192632
0.193027
0.186677
0.194014
0.19023
0.191447
0.188454
0.191086
0.187763
0.184243
0.185131
0.183881
0.181578
0.180163
0.150916
0.14608
0.149534
0.149699
0.149797
0.147231
0.1496
0.091862
0.097126
0.099396
0.096205
0.059259
0.051364
0.02011
0.027183
0.035967
0.038632
0.049061
0.052285
0.060246
0.062582
0.063997
0.066497
0.069984
0.068109
0.075676
0.079821
0.084197
0.089691
0.095086
0.096336
0.100745
0.107489
0.111306
0.114859
0.113905
0.120419
0.121274
0.124893
0.129795
0.129268
0.132756
0.136704
0.135914
0.140849
0.146146
0.145619
0.150686
0.153943
0.153153
0.15493
0.157956
0.157101
0.160062
0.159897
0.164437
0.164997
0.168122
0.169471
0.170162
0.170261
0.170918
0.175162
0.173814
0.178716
0.175261
0.177498
0.179735
0.180657
0.179966
0.18467
0.179406
0.181907
0.183716
0.183979
0.186315
0.184374
0.18773
0.188092
0.189572
0.191086
0.19352
0.189309
0.195066
0.187894
0.192895
0.195198
0.18921
0.190691
0.188355
0.192204
0.192763
0.19148
0.191776
0.196942
0.196119
0.19477
0.193191
0.193915
0.196547
0.196218
0.194737
0.196843
0.189506
0.192731
0.194375
0.196547
0.196086
0.19477
0.195889
0.196942
0.195066
0.19533
0.197007
0.196119
0.199343
0.197238
0.197501
0.196316
0.197896
0.197632
0.198389
0.198323
0.197435
0.199409
0.197929
0.20112
0.198422
0.198981
0.195757
0.197501
0.197929
0.170951
0.164799
0.168583
0.142625
0.141902
0.148416
0.148679
0.148054
0.151837
0.157331
0.154765
0.158252
0.161345
0.161904
0.014714
-5.8e-05
-9e-05
0.003956
0.009812
0.018958
0.026821
0.033894
0.03873
0.044981
0.054094
0.058832
0.064359
0.070938
0.077946
0.081598
0.084592
0.091928
0.094856
0.095382
0.106568
0.110351
0.111602
0.116273
0.118675
0.120649
0.122689
0.125452
0.130519
0.133414
0.132723
0.141342
0.140158
0.143777
0.145981
0.150949
0.147527
0.151673
0.154272
0.15664
0.158845
0.157792
0.162102
0.162299
0.165852
0.161871
0.168484
0.167201
0.169767
0.172103
0.171412
0.175294
0.173156
0.175886
0.167398
0.169964
0.168418
0.013102
0.016655
0.008661
0.015504
0.025472
0.030078
0.037612
0.043238
0.051199
0.0562
0.063898
0.070642
0.073044
0.076597
0.089987
0.090941
0.094461
0.099462
0.101173
0.10693
0.108246
0.113905
0.116569
0.118116
0.120846
0.126735
0.129268
0.131571
0.132657
0.13723
0.141309
0.144336
0.14529
0.148284
0.146968
0.148087
0.154601
0.152166
0.149666
0.155094
0.16197
0.15891
0.163352
0.154535
0.159075
0.154798
0.15766
0.162332
0.162431
0.165062
0.166378
0.170326
0.168352
0.172267
0.17128
0.166313
0.173287
0.173287
0.173781
0.176511
0.174143
0.175426
0.180788
0.180295
0.182927
0.183321
0.183157
0.181742
0.185855
0.182466
0.18569
0.182894
0.183815
0.18773
0.186217
0.185262
0.185591
0.183058
0.184144
0.187171
0.18977
0.189506
0.187434
0.190658
0.190526
0.189671
0.189079
0.189013
0.184506
0.191546
0.188158
0.18592
0.183815
0.183716
0.18421
0.181216
0.178123
0.173452
0.172629
0.171642
0.172629
0.165885
0.167267
0.153581
0.153877
0.153054
0.150686
0.145915
0.143876
0.140191
0.137263
0.130453
0.123314
0.119662
0.094198
0.096139
0.099758
0.100054
0.104002
0.109595
0.110154
0.115911
0.118543
0.117458
0.123676
0.124827
0.126933
0.130058
0.128183
0.133249
0.140257
0.141474
0.144106
0.14654
0.143053
0.146178
0.145718
0.146968
0.153153
0.151574
0.154765
0.155423
0.159108
0.158219
0.160786
0.16118
0.162069
0.165424
0.164536
0.168484
0.16674
0.171116
0.171971
0.173419
0.172037
0.179242
0.177827
0.177169
0.17809
0.180591
0.179604
0.179308
0.18194
0.181545
0.185098
0.183256
0.18694
0.184078
0.184473
0.18421
0.188289
0.187861
0.185164
0.187434
0.189177
0.189408
0.188158
0.189671
0.188651
0.185098
0.18819
0.188454
0.187171
0.188783
0.184703
0.18773
0.18796
0.187039
0.184868
0.188519
0.185131
0.185197
0.182762
0.178946
0.178617
0.1774
0.175162
0.174636
0.174241
0.172827
0.171412
0.169997
0.16572
0.162661
0.159897
0.15618
0.160588
0.158779
0.158154
0.154502
0.146836
0.134236
0.129005
0.126998
0.125386
0.120287
0.112753
0.115253
0.108213
0.109167
0.105252
0.097488
0.098804
0.096501
0.09104
0.088013
0.082585
0.074557
0.075906
0.061135
0.054522
0.047679
0.04429
0.037875
0.037743
0.03146
0.029025
0.016885
0.014911
0.014846
0.010273
0.006456
0.009384
0.008266
0.007246
0.003726
0.004252
0.00287
0.001752
0.004318
0.001916
0.003134
0.001522
0.001456
-0.001374
0.001225
0.002838
0.00389
0.002311
0.002377
0.00139
0.004351
0.003002
0.003825
0.008792
0.007476
0.012872
0.006884
0.00616
0.004943
0.000206
0.001719
0.000897
4.1e-05
0.000666
0.000765
0.001818
0.003759
0.003989
0.006226
0.001851
0.004647
0.001785
0.001094
0.000568
0.001686
0.003561
0.003035
0.001851
0.002969
0.000173
0.003792
0.003594
0.000798
-0.000354
0.000666
-0.000156
-0.000123
4.1e-05
-0.000222
7.4e-05
4.1e-05
0.000239
8e-06
0.000173
0.000239
0.000732
0.00037
0.000831
0.001094
0.00037
0.000666
0.000699
0.000337
-2.5e-05
7.4e-05
8e-06
0.000107
-5.8e-05
-5.8e-05
-0.000123
0.000304
0.002541
0.003726
0.001028
0.000666
0.001324
0.001916
0.000798
4.1e-05
0.000568
-0.001834
0.000239
-0.000222
0.000633
-0.001637
0.000502
-0.000123
0.00014
0.000568
0.001489
0.003726
0.004252
0.000798
0.001982
0.001522
-0.000156
0.00014
0.000864
0.003298
0.003496
0.004318
0.003463
0.004318
0.008332
0.003726
0.004779
0.00366
0.006753
0.002673
0.00718
0.014056
0.013925
0.005963
0.002476
-0.001999
0.001225
4.1e-05
0.002278
8e-06
0.000173
-0.000452
0.005305
0.003923
0.008101
0.017642
0.02738
0.030571
0.035704
0.044553
0.051758
0.060444
0.060806
0.069359
0.072616
0.076334
0.083243
0.079591
0.087717
0.097225
0.101107
0.104594
0.112621
0.11476
0.115911
0.118346
0.122689
0.017412
0.028433
0.033203
0.037941
0.047317
0.053798
0.056233
0.066991
0.072551
0.074788
0.083111
0.082815
0.095909
0.092158
0.099396
0.10114
0.107555
0.112029
0.116898
0.119135
0.122952
0.124926
0.12736
0.129992
0.133578
0.134302
0.135026
0.137625
0.138743
0.143941
0.14404
0.149896
0.148547
0.151146
0.152363
0.159174
0.156377
0.159864
0.161246
0.162003
0.16299
0.160851
0.166905
0.166707
0.168254
0.170655
0.17355
0.168089
0.171313
0.172958
0.175491
0.175919
0.178452
0.176413
0.179045
0.181051
0.18036
0.182762
0.182269
0.182236
0.181446
0.187697
0.179867
0.181512
0.182038
0.184078
0.184835
0.187697
0.184769
0.184933
0.18592
0.18569
0.185197
0.183782
0.185164
0.185986
0.18569
0.184637
0.185526
0.180821
0.180064
0.174998
0.175557
0.172629
0.169339
0.15891
0.157858
0.012378
0.012609
0.007937
0.004581
0.000633
0.002541
0.000239
0.000699
0.002772
0.000206
0.000666
0.000304
0.000568
0.000864
-0.000617
0.004055
0.006983
0.005897
0.008266
0.010108
0.006062
0.005173
0.001489
0.000502
-0.000189
0.001883
-0.000683
-2.5e-05
-0.000419
0.000271
0.000403
-9e-05
-0.000123
0.000535
0.000173
8e-06
-2.5e-05
4.1e-05
4.1e-05
7.4e-05
7.4e-05
7.4e-05
0.000107
-5.8e-05
-5.8e-05
-5.8e-05
-5.8e-05
-0.000123
4.1e-05
7.4e-05
4.1e-05
7.4e-05
0.000107
4.1e-05
8e-06
-9e-05
8e-06
-0.000255
0.001028
7.4e-05
-0.000189
0.000206
0.00014
0.000107
0.000206
8e-06
-9e-05
-5.8e-05
-9e-05
-0.000222
-2.5e-05
4.1e-05
4.1e-05
0.000107
0.000107
8e-06
8e-06

Kurve 4

0.001028
0.00162
0.002212
0.004811
0.003726
0.004154
0.004647
0.003265
0.00491
0.00445
0.00774
0.002476
0.003989
-2.5e-05
0.005173
0.003693
0.003693
0.006687
0.003693
0.005535
0.004976
0.004121
0.004877
0.006292
0.00468
0.007838
0.007049
0.005766
0.005206
0.006621
0.004219
0.00468
0.004384
0.003134
0.002903
0.005042
0.008266
0.0082
0.007378
0.00718
0.011622
0.006259
0.007575
0.010569
0.008628
0.00899
0.007707
0.008957
0.006621
0.004647
0.005239
-0.000913
-0.002295
0.00116
-0.000419
0.002114
0.002147
0.000995
0.000304
0.001258
0.000271
0.000699
0.000831
-9e-05
0.000633
0.002377
0.00218
0.002673
0.002673
0.005042
0.007345
0.006851
0.007411
0.008957
0.010042
0.008167
0.010075
0.007312
0.009154
0.010733
0.010371
0.009319
0.011622
0.010273
0.015175
0.011358
0.008365
0.011293
0.01399
0.012938
0.012444
0.015701
0.012576
0.016721
0.012378
0.010174
0.000271
-0.000288
-0.00065
0.00343
-0.000387
-0.001472
0.004186
0.00116
0.002147
0.005502
0.00366
0.003561
0.005535
0.003463
0.006095
0.005634
0.006062
0.0082
0.006358
0.006588
0.001522
0.003693
0.003232
0.004548
0.003594
0.005831
0.00491
0.009121
0.004548
0.008858
0.005437
0.008036
0.004581
0.009286
0.005437
0.005108
0.002377
0.004877
0.00718
0.006456
0.011819
0.007082
0.008825
0.002936
0.009286
0.004614
0.007049
0.004746
0.007213
0.005864
0.004252
0.005963
0.00468
0.006226
0.004022
0.00514
0.003167
0.004318
0.00287
0.005272
0.006753
0.001028
0.001225
0.007378
0.00343
0.004713
0.004713
0.000699
0.000173
0.002541
0.005338
0.003561
0.003068
0.00287
0.003463
0.000304
0.002114
0.003298
0.001489
0.001291
0.002114
0.001357
0.001851
-0.003051
0.00264
0.000831
-0.001933
0.000798
0.002245
8e-06
-0.004071
0.000732
-0.005585
-0.00065
-0.001341
0.00014
0.000962
0.001258
0.000469
0.002443
-0.000584
-0.000419
0.001291
-0.001045
0.000732
-0.002064
-2.5e-05
0.000304
-0.000255
-0.000222
0.002903
-0.003413
-9e-05
-0.001439
-0.001209
-0.001867
0.001028
-0.001439
0.000206
-0.00111
-0.005058
0.001291
-0.003216
0.000502
0.000864
0.000699
-0.000452
0.002607
0.000502
0.001127
0.000633
0.000568
0.00162
0.001423
0.001752
0.001949
0.004713
0.001193
0.001258
0.003397
0.005371
0.008068
0.009154
0.008562
0.005404
0.003857
0.003857
0.00468
0.003792
0.005864
0.007904
0.005831
0.008101
0.008891
0.001127
0.009779
0.017083
0.026492
0.032151
0.041264
0.045113
0.052186
0.057055
0.062319
0.068076
0.071037
0.07459
0.079492
0.086204
0.090382
0.095613
0.091796
0.105055
0.102423
0.108608
0.10897
0.115878
0.114694
0.11907
0.122261
0.123018
0.126307
0.129729
0.133085
0.133019
0.135124
0.13848
0.140948
0.14756
0.147758
0.147659
0.148185
0.149106
0.154765
0.154601
0.157594
0.157858
0.159141
0.160687
0.164898
0.163812
0.165424
0.167069
0.167892
0.173616
0.167464
0.173814
0.172695
0.175491
0.174274
0.179472
0.17513
0.176709
0.175459
0.178683
0.180525
0.177202
0.181644
0.180525
0.181808
0.183387
0.187861
0.184966
0.187894
0.183848
0.186447
0.187894
0.184539
0.186315
0.187171
0.185295
0.188585
0.184966
0.186809
0.190131
0.186842
0.188059
0.192204
0.188585
0.188783
0.191908
0.189243
0.195691
0.193685
0.191184
0.190822
0.189835
0.191184
0.190526
0.180887
0.180591
0.186381
0.182631
0.183223
0.18569
0.185855
0.182137
0.189408
0.186085
0.187631
0.185822
0.18648
0.190526
0.187269
0.188289
0.184572
0.190724
0.187269
0.187894
0.18898
0.185789
0.18671
0.190592
0.189803
0.191447
0.189276
0.191974
0.189704
0.190362
0.189243
0.186414
0.191053
0.185164
0.188256
0.189474
0.189835
0.18546
0.188684
0.185986
0.188355
0.187763
0.194375
0.184275
0.183552
0.187631
0.186907
0.186315
0.183453
0.186217
0.183782
0.185657
0.182433
0.186381
0.182071
0.178683
0.179604
0.179604
0.178354
0.179472
0.182071
0.177202
0.175327
0.169372
0.1723
0.162036
0.159503
0.157101
0.14052
0.135519
0.134269
0.129334
0.13496
0.136835
0.141869
0.140783
0.143053
0.139928
0.14552
0.138381
0.122294
0.122064
0.125255
0.127229
0.126604
0.122952
0.124794
0.127591
0.126439
0.130584
0.12963
0.126768
0.131045
0.134401
0.13019
0.138809
0.140158
0.141211
0.147231
0.143579
0.149995
0.148646
0.150784
0.152067
0.154732
0.155456
0.154535
0.156246
0.158581
0.159404
0.163812
0.160786
0.163516
0.166346
0.165293
0.168912
0.166872
0.164964
0.165655
0.165984
0.163121
0.164043
0.163483
0.162858
0.164174
0.165786
0.163286
0.170261
0.164832
0.16572
0.167102
0.161411
0.162628
0.160358
0.161707
0.158252
0.155555
0.147988
0.147462
0.148383
0.150653
0.148021
0.150126
0.152725
0.154995
0.15789
0.156607
0.160588
0.159338
0.160555
0.16049
0.162924
0.163286
0.165556
0.164799
0.16651
0.162924
0.168287
0.168616
0.168616
0.169438
0.168747
0.169175
0.169734
0.168155
0.170195
0.170261
0.168681
0.169932
0.165984
0.16549
0.16276
0.152331
0.116767
0.103245
0.104989
0.106469
0.11397
0.106601
0.106436
0.10466
0.101962
0.097192
0.099034
0.096369
0.090546
0.078176
0.073011
0.061167
0.025472
0.028861
0.032249
0.039323
0.044553
0.05268
0.053206
0.05541
0.061595
0.013727
0.019254
0.032512
0.033335
0.043665
0.044751
0.048436
0.048666
0.05189
0.051462
0.056002
0.058832
0.060246
0.06347
0.065082
0.061332
0.06074
0.064128
0.055048
0.055772
0.04758
0.0284
0.028894
0.028861
0.032512
0.018794
0.010832
0.012444
0.009384
0.013234
0.018695
0.017116
0.016524
0.013925
0.012839
0.008562
0.01228
0.007114
0.006654
0.002377
0.012411
0.008924
0.008233
0.009154
-0.000255
-0.000781
0.001489
0.002969
0.001028
0.001949
0.001522
0.000864
0.000502
0.002541
0.005371
0.008924
0.01455
0.018662
0.021162
0.023169
0.027084
0.027512
0.031822
0.032249
0.036427
0.037645
0.034651
0.03646
0.03475
0.03021
0.033467
0.026722
0.021294
0.024025
0.024123
0.021787
0.026985
0.028334
0.031262
0.030308
0.028926
0.030374
0.027841
0.025209
0.023696
0.021689
0.016524
0.016622
0.012707
0.01172
0.005009
0.007608
0.010766
0.011753
0.006851
0.003792
0.008595
0.009582
0.017543
0.022873
0.023564
0.025209
0.031986
0.033203
0.039355
0.040375
0.036954
0.031657
0.025406
0.020768
0.017379
0.011885
0.013957
0.009417
0.012148
0.018728
0.013497
0.015701
0.010832
0.014714
0.014451
0.017412
0.016425
0.01376
0.013563
0.010569
0.017543
0.021228
0.02715
0.029255
0.036066
0.040046
0.044027
0.043534
0.047021
0.05166
0.054686
0.057779
0.059194
0.061069
0.059161
0.058996
0.050179
0.043698
0.039421
0.035737
0.029354
0.024518
0.014714
0.017083
0.016951
0.013793
0.017576
0.012148
0.012905
0.020636
0.024353
0.032841
0.039224
0.043863
0.051002
0.054818
0.060082
0.062911
0.069458
0.073636
0.079065
0.082651
0.093178
0.093935
0.097817
0.101206
0.105121
0.106634
0.108608
0.115056
0.115253
0.121669
0.121471
0.126242
0.126702
0.128841
0.128347
0.049653
0.025571
0.035934
0.044784
0.046034
0.052976
0.058207
0.063898
0.072715
0.076301
0.077354
0.07538
0.082289
0.087092
0.088178
0.08923
0.090382
0.090448
0.090678
0.09785
0.095679
0.100844
0.0991
0.099758
0.101502
0.100942
0.103311
0.101502
0.103048
0.105055
0.102916
0.105811
0.105943
0.105351
0.108081
0.107259
0.107818
0.111108
0.112687
0.117326
0.118412
0.118478
0.047449
0.052877
0.055805
0.068142
0.068471
0.072616
0.07663
0.065675
0.069228
0.072649
0.076433
0.079854
0.081993
0.085447
0.091796
0.090349
0.092882
0.097159
0.102324
0.102653
0.102423
0.106042
0.102357
0.09989
0.098639
0.081631
0.081137
0.087388
0.086796
0.089954
0.09048
0.089461
0.091171
0.094823
0.097389
0.099067
0.101337
0.103179
0.101962
0.106765
0.10818
0.109858
0.110022
0.112654
0.112786
0.114464
0.113839
0.045804
0.013727
0.022149
0.001291
0.005173
0.017872
0.020307
0.001324
0.000403
-0.00213
0.00672
0.01251
0.018267
0.027216
0.032151
0.039783
0.045277
0.051561
0.056266
0.05791
0.065247
0.067484
0.073537
0.071728
0.071333
0.068701
0.070708
0.072814
0.077354
0.083045
0.086138
0.088737
0.091106
0.098541
0.093507
0.102258
0.102193
0.107259
0.108641
0.112621
0.119432
0.121702
0.120748
0.120978
0.12236
0.123478
0.125057
0.126965
0.127656
0.127952
0.132295
0.134598
0.137296
0.133447
0.133808
0.090151
0.078407
0.036033
0.012543
0.007312
0.012312
0.018497
0.01251
0.018991
0.023465
0.028597
0.02034
0.029782
0.037085
0.042152
0.045113
0.051824
0.053535
0.000897
0.006917
0.017708
0.022544
0.030374
0.033993
0.037908
0.04508
0.043863
0.046856
0.048074
0.047745
0.041658
0.042744
0.036263
0.026064
0.030341
0.034585
0.02715
0.031986
0.032019
0.030506
0.03419
0.029683
0.031657
0.025801
0.023926
0.010536
0.000403
-2.5e-05
0.000239
0.000403
0.000107
0.000831
0.000403
-2.5e-05
-5.8e-05
0.000765
-0.000683
0.001949
0.007608
0.010997
0.009319
0.013694
0.014056
0.010404
0.012148
0.004779
0.006226
0.008134
0.0057
0.002805
0.006292
0.003956
0.00264
0.005042
0.003857
0.001554
0.006062
0.000271
0.002541
0.005469
0.011918
0.002147
0.01001
0.006489
0.010503
0.014221
0.013925
0.016359
0.014352
0.014484
0.01524
0.017083
0.01228
0.017116
0.017214
0.012773
0.015668
0.017478
0.019978
0.02238
0.012378
0.016655
0.017149
0.010371
0.01126
0.011029
0.007378
0.009582
0.008134
0.007805
0.009483
0.007575
0.007378
0.005338
0.004779
0.00616
0.003857
0.000962
0.000206
-0.000518
0.002015
0.000568
-0.000551
0.001028
0.001094
-0.000123
0.00037
0.000304
0.000173
-2.5e-05
-2.5e-05
0.000107
-0.000255
0.000271
-0.000222
4.1e-05
0.000436
0.001554
0.001061
0.001324
-0.000255
0.002311
0.001193
0.001061
0.00241
0.002673
0.00672
0.003627
0.001949
0.000633
0.006259
0.005798
0.00241
0.007641
0.009977
0.015471
0.004746
0.011753
0.014319
0.016392
0.015109
0.014747
0.008266
0.007279
0.01047
0.013661
0.019254
0.02307
0.02863
0.034322
0.03146
0.032578
0.024156
0.027183
0.022314
0.027676
0.023564
0.018958
0.024452
0.028532
0.033072
0.037447
0.038829
0.041658
0.050344
0.054719
0.059457
0.066234
0.059983
0.073011
0.077255
0.0814
0.083769
0.08979
0.090842
0.100515
0.099922
0.102522
0.103574
0.104594
0.10262
0.04429
0.027874
0.035605
0.038665
0.041954
0.046955
0.05291
0.057976
0.060674
0.06199
0.05949
0.065839
0.06403
0.067089
0.066958
0.0612
0.058239
0.049225
0.025406
0.013234
0.009286
0.014089
0.016688
0.016129
0.019024
0.021195
0.029683
0.034322
0.039553
0.035605
0.03748
0.042119
0.040507
0.040704
0.038928
0.034618
0.027545
0.019682
0.015635
0.019912
0.017017
0.025637
0.029025
0.037941
0.037118
0.046824
0.050804
0.056233
0.060246
0.061529
0.066168
0.069425
0.073505
0.072452
0.078407
0.076663
0.082618
0.085546
0.090119
0.09377
0.095218
0.102193
0.105581
0.105153
0.011062
0.018037
0.018497
0.028433
0.033335
0.040967
0.045672
0.05291
0.057943
0.064161
0.068405
0.074656
0.078768
0.083769
0.089362
0.096073
0.098639
0.102225
0.107588
0.106601
0.112095
0.111766
0.111898
0.104759
0.066234
0.066135
0.04429
0.039224
0.041362
0.042415
0.045935
0.046889
0.023531
0.028499
0.028992
0.006917
0.004581
0.007082
0.006687
0.010371
0.003068
0.001489
0.001489
0.005831
0.004976
0.002147
-0.000222
0.005831
0.005601
0.005667
0.004614
0.011786
0.020077
0.020899
0.013365
0.004384
0.006884
0.000732
0.004154
0.003496
0.009746
0.011029
0.003167
0.012773
0.017346
0.021886
0.027643
0.034815
0.039388
0.044981
0.047251
0.049126
0.026426
0.003693
0.006555
0.006588
-0.002788
0.005831
0.005173
0.012148
0.022807
0.028137
0.004779
0.00287
0.005766
0.014188
0.018037
0.021689
0.004614
-0.000123
0.000666
0.00037
0.007345
0.007509
0.002081
7.4e-05
0.005075
-0.000683
0.002048
0.001785
7.4e-05
0.000962
0.002903
0.002147
-9e-05
0.000206
0.000107
8e-06
-0.000354
0.006489
0.007674
0.017478
0.022347
0.020735
0.001949
0.006884
0.00899
0.017182
0.020833
0.000206
0.004581
0.000864
0.000995
0.01603
0.004285
0.002147
0.001225
0.00014
0.000206
0.000337
0.001061
0.008332
0.009549
0.014747
0.017412
0.010503
0.004713
0.00718
0.012378
0.016129
0.017116
0.025571
0.02511
0.025702
0.02465
0.033072
0.030966
0.034519
0.041527
0.041527
0.044981
0.043435
0.047679
0.053601
0.057647
0.059029
0.062319
0.065708
0.07311
0.076235
0.080874
0.084263
0.089099
0.094692
0.09558
0.102752
0.104561
0.110713
0.113543
0.115253
0.118412
0.121406
0.124268
0.129959
0.132229
0.13315
0.133743
0.132887
0.129203
0.124235
0.127525
0.13042
0.134269
0.135453
0.139829
0.142823
0.144369
0.145389
0.149699
0.149534
0.15335
0.149567
0.091138
0.06778
0.070774
0.073702
0.083637
0.088408
0.088572
0.096139
0.100383
0.102094
0.102456
0.110286
0.113411
0.118247
0.122557
0.067484
0.067649
0.073768
0.078867
0.083637
0.08344
0.088342
0.093145
0.096962
0.100778
0.10364
0.110582
0.103805
0.108279
0.111667
0.116076
0.115319
0.117721
0.120386
0.058503
0.065839
0.074853
0.076597
0.080973
0.084592
0.087914
0.096534
0.093014
0.101699
0.102686
0.1067
0.10568
0.107588
0.11351
0.115911
0.115813
0.119728
0.113937
0.120155
0.123774
0.125781
0.130091
0.098903
0.099988
0.10058
0.104331
0.105746
0.105351
0.103739
0.105219
0.108279
0.101206
0.091829
0.089987
0.065379
0.05564
0.042843
0.040244
0.043007
0.045211
0.047547
0.04656
0.053173
0.051758
0.055509
0.057845
0.055838
0.05393
0.049423
0.039915
0.036066
0.031262
0.021985
0.021754
0.021162
0.023432
0.021787
0.019682
0.018366
0.019287
0.015767
0.020307
0.018596
0.015043
0.017478
0.021557
0.023531
0.025702
0.025702
0.025669
0.026031
0.024321
0.024913
0.025966
0.0259
0.027216
0.026327
0.019123
0.019386
0.007641
0.009483
0.00718
0.007608
0.004779
0.005996
0.009549
0.009417
0.011687
0.008595
0.007937
0.003463
0.003726
0.001522
0.002081
0.000568
0.000271
0.00445
0.004318
0.004581
0.006029
0.005404
0.002015
0.004088
0.000403
0.001028
-9e-05
4.1e-05
-0.000255
0.000403
-0.000189
8e-06
0.000173
4.1e-05
7.4e-05
0.000798
-0.001933
0.003331
0.001587
0.001489
0.002838
0.001094
0.004022
0.001587
0.001818
0.00287
0.003397
0.00162
0.003956
0.003397
0.002015
0.003167
0.005897
0.008858
0.012049
0.012016
0.010371
0.019748
0.019945
0.027216
0.030275
0.035967
0.040441
0.046297
0.047876
0.038336
0.002903
0.008858
0.015504
0.019287
0.024452
0.02761
0.031953
0.037546
0.046824
0.046495
0.055377
0.057976
0.063898
0.068405
0.062089
0.020537
0.008529
0.012312
0.019024
0.027347
0.032611
0.039717
0.036855
0.020866
0.011194
0.01297
0.015142
0.019879
0.02761
0.034125
0.024584
0.031394
0.028795
0.030012
0.024551
0.025209
0.018563
0.017379
0.015997
0.017445
0.022051
0.023794
0.033269
0.03952
0.042711
0.052022
0.056101
0.057121
0.06176
0.056693
0.062089
0.067418
0.068405
0.073603
0.076038
0.081828
0.086565
0.088868
0.087421
0.09229
0.094757
0.101271
0.052022
0.013727
0.014911
0.018168
0.030275
0.035506
0.042185
0.047087
0.049982
0.057055
0.065773
0.066497
0.071333
0.077584
0.084855
0.090053
0.09354
0.097291
0.101896
0.104528
0.107062
0.111075
0.01853
0.026196
-0.002262
0.006127
0.012543
0.022939
0.029058
0.035835
0.041527
0.050048
0.05722
0.061431
0.063536
0.06903
0.075182
0.077979
4.1e-05
0.001719
0.00037
0.008496
0.000239
-0.001933
0.007772
0.012543
0.004121
0.014648
0.022215
0.016096
0.013036
0.013859
0.018563
0.022643
0.015569
0.003857
0.00264
0.011819
0.014747
0.02363
0.027545
0.037809
0.039586
0.045244
0.048304
0.053601
0.05439
0.060707
0.061102
0.06301
0.053009
0.027084
0.027479
0.031624
0.022412
0.021722
0.020866
0.007312
0.006391
0.007871
0.00593
0.00366
0.00218
0.002476
0.007147
0.004943
0.006555
0.007871
0.006193
0.007345
0.00491
0.007871
0.010997
0.012214
0.012115
0.007279
0.003989
0.004318
0.001225
0.003068
0.001456
0.004186
0.004647
0.005634
0.007082
0.006555
0.010141
0.007904
0.004219
0.001653
0.000798
0.00241
0.008167
0.008003
0.012115
0.007411
0.003956
0.001522
0.002706
0.002476
0.008068
0.003397
0.003002
0.002739
0.000568
0.000173
0.000107
0.000633
-0.000156
0.005897
0.001357
-0.005387
0.003101
0.005568
0.006884
0.004055
0.005897
0.000666
0.004614
0.005634
0.005371
0.007509
0.014385
0.011951
0.011095
0.000304
0.002607
-0.001571
-2.5e-05
0.008562
0.012444
0.015208
0.016885
0.016688
-0.009236
0.003627
0.009121
0.013168
0.001719
0.006621
0.010832
0.014254
0.013201
0.013826
0.00218
0.001357
0.001883
0.003857
0.006226
0.004877
0.005535
0.013135
0.01603
0.011523
0.004055
0.002739
0.006424
0.007114
0.011589
0.011095
0.014615
0.004976
0.007443
0.011095
0.01149
0.013135
0.015043
0.016227
0.018201
0.01728
0.005568
0.006588
0.007542
0.011753
0.008891
0.005535
0.011391
0.00945
0.000337
0.004647
0.001522
0.004713
0.006884
0.003199
0.001489
0.000502
0.002673
0.00139
0.006358
0.003496
0.002048
0.004779
0.006654
0.001883
0.003167
0.002245
0.008957
0.014155
0.014747
0.018925
0.019583
0.021129
0.02261
0.02715
0.021886
0.008924
0.006062
0.010536
0.000173
-0.000781
0.005667
0.009384
0.008233
0.006226
0.000239
7.4e-05
0.000271
0.000206
0.000271
0.000897
4.1e-05
0.000666
0.007378
0.006818
0.010536
0.011457
0.01353
0.015734
0.015109
0.017445
0.021689
0.017839
0.018432
0.0208
0.021129
0.02613
0.023926
0.032249
0.034059
0.035934
0.03975
0.045639
0.046692
0.045573
0.051265
0.050936
0.054028
0.059391
0.064063
0.066826
0.071695
0.076038
0.082322
0.086697
0.090448
0.092652
0.09683
0.099363
0.102193
0.108509
0.112589
0.110944
0.115878
0.11907
0.121669
0.123215
0.117096
0.125321
0.12236
0.122689
0.111865
0.100975
0.078736
0.058568
0.036395
0.021853
0.012411
0.003364
0.001423
0.002739
0.001883
-0.000419
0.001554
-0.002887
0.002673
-0.000288
0.001818
0.002245
0.002147
0.0006
0.003726
0.003561
0.007608
0.004614
0.006029
0.011687
0.015734
0.02182
0.029354
0.035769
0.039586
0.048172
0.053568
0.059819
0.063339
0.071827
0.076597
0.082683
0.08571
0.090382
0.096534
0.100284
0.103377
0.106831
0.109003
0.114168
0.119563
0.118247
0.125518
0.129597
0.130157
0.133743
0.138776
0.138381
0.141375
0.145817
0.146343
0.150521
0.14881
0.154337
0.153647
0.152791
0.156805
0.160884
0.161279
0.160391
0.163648
0.163582
0.167069
0.167135
0.169372
0.16957
0.175524
0.175722
0.177498
0.175162
0.051693
0.057384
0.067945
0.071925
0.073636
0.079525
0.085381
0.086105
0.092816
0.099659
0.101896
0.104923
0.110648
0.114299
0.116767
0.121702
0.123412
0.127887
0.130255
0.132328
0.134039
0.136736
0.135651
0.142
0.143481
0.145257
0.147823
0.147264
0.153449
0.152923
0.156805
0.158417
0.158516
0.159667
0.163089
0.160884
0.165852
0.164865
0.167497
0.167497
0.1698
0.168221
0.171938
0.169306
0.169274
0.173583
0.17582
0.177103
0.178222
0.181808
0.181907
0.181446
0.180821
0.184012
0.181775
0.182696
0.180328
0.181841
0.181446
0.180295
0.184078
0.181907
0.177136
0.178123
0.123939
0.124695
0.128775
0.129466
0.134795
0.106634
0.036625
0.045047
0.052449
0.052285
0.060838
0.06732
0.06903
0.075314
0.080874
0.085579
0.091336
0.091303
0.099199
0.105153
0.101567
0.110812
0.107785
0.118313
0.118083
0.122392
0.125551
0.126406
0.126472
0.132986
0.130255
0.133216
0.137098
0.140125
0.142592
0.143843
0.147396
0.146771
0.150455
0.148185
0.150916
0.15164
0.152824
0.15312
0.157726
0.154502
0.159338
0.160753
0.160193
0.163483
0.161411
0.167596
0.166411
0.167859
0.169109
0.168813
0.169997
0.172103
0.171544
0.17184
0.167267
0.171544
0.172004
0.171511
0.174274
0.173682
0.176018
0.176314
0.176413
0.175491
0.17684
0.176084
0.182861
0.177465
0.176281
0.177465
0.173682
0.173912
0.175557
0.172794
0.171017
0.169372
0.165161
0.163023
0.153811
0.151673
0.145915
0.134466
0.123676
0.105088
0.090382
0.092454
0.095646
0.096501
0.098409
0.099659
0.104298
0.106601
0.107588
0.11124
0.115451
0.002245
0.012082
0.018136
0.027084
0.030341
0.039981
0.042349
0.045869
0.051561
0.054522
0.058963
0.059621
0.065313
0.067747
0.071761
0.076597
0.082716
0.083966
0.089987
0.093803
0.097916
0.101864
0.104956
0.106765
0.108509
0.113082
0.116043
0.121866
0.122392
0.124564
0.126867
0.133315
0.133447
0.136013
0.136638
0.140717
0.141737
0.144928
0.144599
0.151837
0.151442
0.15108
0.154732
0.154864
0.156443
0.157496
0.159568
0.159864
0.161773
0.16049
0.165128
0.164437
0.168451
0.166148
0.170622
0.170622
0.172136
0.171215
0.172827
0.172498
0.173814
0.175557
0.174899
0.179505
0.179768
0.181479
0.174274
0.181315
0.177465
0.179538
0.179834
0.1799
0.181676
0.181808
0.17809
0.179933
0.174406
0.181644
0.182499
0.181479
0.181611
0.182696
0.182565
0.183848
0.185986
0.182795
0.1824
0.185427
0.184703
0.18671
0.184572
0.184901
0.187138
0.187269
0.187434
0.188289
0.189967
0.186447
0.188289
0.187105
0.183749
0.188552
0.188092
0.188223
0.186776
0.190789
0.189079
0.189112
0.187598
0.185888
0.190428
0.185756
0.187236
0.184078
0.186052
0.187894
0.191711
0.184835
0.189572
0.185591
0.186973
0.188881
0.185822
0.185526
0.182269
0.186611
0.187105
0.18546
0.184341
0.186315
0.184111
0.182466
0.182236
0.178913
0.175393
0.178387
0.177926
0.180657
0.180328
0.181282
0.183815
0.182071
0.184473
0.183354
0.182269
0.180755
0.182729
0.181512
0.180887
0.176939
0.181611
0.179538
0.181841
0.179176
0.179538
0.178814
0.178222
0.178683
0.177729
0.176347
0.173879
0.176939
0.174406
0.17661
0.174833
0.171576
0.168616
0.168451
0.163944
0.163056
0.159799
0.157134
0.15437
0.065346
0.068438
0.033335
0.037743
0.040079
0.050146
0.053502
0.061003
0.058832
0.068438
0.072222
0.066958
0.065411
0.049423
0.054094
0.057845
0.060246
0.062878
0.066892
0.066398
0.068339
0.00774
0.010108
-9e-05
0.003298
0.009319
0.018728
0.025505
0.030407
0.029124
0.027939
0.015339
0.015109
0.002114
0.001061
0.009648
0.012115
0.004483
0.011161
0.01909
0.021689
0.02761
0.022873
0.021623
0.018497
0.022577
0.007509
0.006621
0.005798
0.003134
4.1e-05
0.000206
0.001094
0.002114
0.000206
-5.8e-05
-0.000979
0.001094
0.003496
8e-06
0.001061
0.00514
0.003101
0.000502
0.000732
-0.00167
-0.002032
0.002772
8e-06
-0.001801
0.001423
0.002509
0.001686
0.004318
0.001818
0.004779
0.003561
0.000864
0.003265
-0.001703
0.003857
0.000239
-0.000156
0.002015
0.000666
0.001456
0.001028
-0.000452
0.000535
0.000995
0.00241
-0.000321
0.000897
0.000765
0.000107
0.000173
0.00014
-5.8e-05
0.000831
0.003035
0.001785
0.000699
0.000107
0.002311
0.000929
0.00366
0.001851
0.000239
0.002212
0.006785
0.003857
-0.000551
0.005831
0.002969
0.001193
0.003627
0.002541
0.002574
0.005798
0.004811
0.007411
0.004844
0.004647
0.000271
0.004713
0.00241
0.004844
0.005831
0.005601
0.005601
0.006292
0.005667
0.005897
0.005996
0.005733
0.007246
0.004515
0.007937
0.004055
0.006259
0.005404
0.006456
0.004121
0.004351
0.005601
0.007345
0.007213
0.005733
0.005272
0.004022
0.004318
0.002081
0.004779
0.000633
0.003989
0.002607
0.004746
0.00445
0.00672
0.004219
0.005798
0.00389
0.005108
0.007641
0.007641
0.008068
0.004417
0.004713
0.002969
0.000798
0.000633
0.000568
0.000239
0.004154
0.006029
0.006818
0.004384
0.004548
0.003298
0.005305
0.008924
8e-06
-0.001538
0.004614
0.004121
0.005535
0.007147
0.008036
0.01126
0.010273
0.009681
0.008957
0.008562
0.009746
0.009352
0.00491
0.006621
0.011556
0.010799
0.010898
0.011227
0.011622
0.012609
0.003331
0.004746
0.003496
0.004219
0.004811
0.006424
-0.000485
0.007049
0.000304
0.005272
0.011622
0.013102
0.004121
0.008397
0.010371
0.00899
0.007114
0.010404
0.004844
0.008924
0.00491
0.002509
0.006917
0.006259
