Ladekurvenmessung

Zeit: 2018_05_04 11.33.09

Info: FVA3, v = 0.195, T = 80, F = 20, h = 86.6

Ladewiderstand[Ohm]: 1012700

Störkapazität[pF]: 0.000000

Entladezeit[ms]: 200

Abtastrate[Hz]: 250000

Anzahl der Messwerte: 2500.000000

Verzögerung[ms]: 1

Ladespannung[V]: 0.200000


Kurve 1

-1.9e-05
-1.9e-05
-0.000183
-0.000183
-0.000347
-0.000512
-0.000347
-0.000183
-0.000512
-0.000347
-0.000347
-1.9e-05
-1.9e-05
-1.9e-05
-1.9e-05
-0.000347
-0.000183
-0.000183
-0.000183
-0.000347
-0.000183
-1.9e-05
-0.000183
-0.000183
-1.9e-05
-1.9e-05
-0.000183
-0.000347
-0.000347
-0.000347
-0.000347
-0.000347
-0.000347
-0.000183
-0.000183
-1.9e-05
-0.000183
-0.000183
-0.000183
-0.000183
-0.000512
-0.000512
-0.000347
-1.9e-05
-0.000183
-0.000183
-1.9e-05
-0.000183
-0.000347
-0.000183
-0.000512
-0.000347
-0.000512
-0.000347
-0.000183
-1.9e-05
-0.000183
-0.000347
-0.000183
-0.000183
-0.000183
-0.000347
-0.000347
-0.000183
-1.9e-05
-0.000183
0.000146
-1.9e-05
-0.000183
-0.000183
-0.000183
-0.000347
-0.000347
-0.000183
-0.000183
-0.000183
-0.000183
-0.000183
-0.000347
-1.9e-05
-1.9e-05
-0.000183
-0.000183
-0.000183
-0.000347
-0.000183
-0.000347
-0.000183
-0.000183
0.000146
-0.000183
-1.9e-05
-0.000183
-0.000183
-0.000183
-0.000347
-0.000512
-0.000347
-1.9e-05
-0.000183
-0.000183
-1.9e-05
-1.9e-05
-1.9e-05
-0.000347
-0.000183
-0.000347
-0.000512
-0.000183
-0.000183
-0.000183
-0.000183
-0.000183
-0.000183
-0.000347
-0.000512
-0.000347
-0.000347
-0.000183
-0.000347
-1.9e-05
0.000146
-0.000183
-1.9e-05
-1.9e-05
-1.9e-05
-0.000183
-0.000347
-0.000183
-0.000347
-0.000183
-0.000183
-0.000183
0.000146
-1.9e-05
-0.000183
-1.9e-05
-0.000347
-0.000347
-0.000347
-0.000183
-0.000347
-0.000183
-0.000347
-1.9e-05
-0.000183
-1.9e-05
-0.000183
-0.000347
-0.000347
-0.000183
-0.000347
-0.000347
0.000146
-1.9e-05
-0.000183
-1.9e-05
-1.9e-05
-0.000183
-0.000512
-0.000183
-0.000183
-0.000512
-0.000183
-1.9e-05
-0.000183
-0.000183
-1.9e-05
-1.9e-05
-0.000183
-0.000347
-0.000183
-0.000512
-0.000183
-0.000183
-0.000183
-0.000183
-0.000183
-1.9e-05
-0.000183
-1.9e-05
-0.000183
-0.000347
-0.000512
-0.000512
-0.000183
-1.9e-05
-1.9e-05
-0.000183
0.000146
-1.9e-05
-0.000183
-0.000183
-0.000183
-0.000512
-0.000347
-0.000347
-0.000183
-1.9e-05
-1.9e-05
-1.9e-05
-0.000183
-0.000183
-0.000347
-0.000347
-0.000347
-0.000183
-0.000512
-0.000183
-1.9e-05
-0.000347
-1.9e-05
-0.000183
-1.9e-05
-0.000347
-0.000183
-0.000183
-0.000183
-0.000183
-0.000183
0.000146
-0.000183
-0.000183
-0.000183
-0.000183
-0.000183
-0.000183
-0.000347
-0.000347
-0.000347
-1.9e-05
-0.000183
-0.000183
-0.000183
-1.9e-05
-1.9e-05
0.000146
-0.000841
0.001132
-0.000676
0.000803
-1.9e-05
-0.000183
-0.000183
0.000146
-1.9e-05
-0.000183
-0.000183
-0.000676
0.000639
-0.000347
0.00031
0.00031
0.000639
-1.9e-05
-0.000183
0.000967
-1.9e-05
-0.000183
-0.000183
-1.9e-05
-0.000183
-0.000183
-0.000183
-1.9e-05
-1.9e-05
-0.000183
-0.000183
0.000146
-0.000183
-0.000183
-0.000183
-0.000183
-0.000183
-0.000183
-0.000183
-1.9e-05
-0.000183
0.000146
-1.9e-05
-0.000183
-0.000183
-0.000183
-1.9e-05
0.000146
0.000803
0.000474
0.000146
0.001132
-0.000347
0.00031
-0.000347
0.000639
-0.000183
0.000474
-1.9e-05
0.000803
-0.000183
-0.000183
-1.9e-05
-0.000183
0.001132
0.00031
-0.000676
-1.9e-05
-1.9e-05
0.000474
-0.000347
-1.9e-05
0.00031
-0.000512
0.001789
-0.000183
-0.000512
0.000639
0.001789
0.001625
0.002118
0.000967
0.001625
0.001625
0.000803
0.001789
-0.000676
0.001625
-0.000183
0.000967
-0.000676
-0.007579
0.000474
-0.000183
-1.9e-05
-1.9e-05
-0.000183
-1.9e-05
-0.000183
-0.000676
-0.000183
-0.000183
-0.000183
-0.000347
-0.000347
-0.000183
-0.000183
-1.9e-05
-0.000183
-1.9e-05
-0.000347
-0.000183
-0.000347
-0.000183
-0.000183
-0.000347
0.00031
-0.000183
-1.9e-05
0.000146
-0.000347
-0.000183
-0.000183
-0.000183
-0.000183
-0.000347
-0.000183
-1.9e-05
-0.000183
-1.9e-05
0.000146
-0.000183
-0.000183
-0.000841
0.001954
0.005076
0.000474
0.000474
0.000639
0.000146
0.000146
-1.9e-05
-0.000183
-0.000183
-0.000512
-0.000183
0.00031
-0.000347
-1.9e-05
-0.000183
-0.000183
-1.9e-05
-0.000183
-0.000183
-0.000183
-0.000347
-1.9e-05
-0.000183
-1.9e-05
-0.000183
-0.000183
-1.9e-05
-0.000183
-1.9e-05
-0.000347
-0.000183
-0.000183
-0.000183
-0.003963
0.000146
0.000146
-0.000183
-0.000183
-1.9e-05
-1.9e-05
-1.9e-05
-0.000183
-0.000183
-0.000183
-0.000676
-1.9e-05
-0.000183
-1.9e-05
-0.000183
-0.000183
-1.9e-05
-0.000183
-0.000512
-0.000347
-0.000183
-0.000512
-0.000347
-0.000183
0.000146
-1.9e-05
-0.000183
0.000146
-0.000183
-0.000183
-0.000183
-0.000183
-0.000347
-0.000183
0.000146
-1.9e-05
-0.000183
-1.9e-05
-0.000183
-0.000183
-0.000183
-0.000347
-0.000347
-0.000183
-0.000512
-0.000183
-0.000183
-1.9e-05
-1.9e-05
-1.9e-05
-0.000183
-0.000512
-0.000347
-0.000512
-0.000512
-0.000512
-0.000183
-0.000347
-1.9e-05
-0.000183
-1.9e-05
-0.000183
-0.000183
-0.000183
-0.000183
-0.000347
-0.000183
-1.9e-05
-0.000183
-1.9e-05
0.000146
0.000146
-0.000183
-0.000347
-0.000676
-1.9e-05
-0.000676
-0.000512
-1.9e-05
-1.9e-05
-0.000183
-1.9e-05
-1.9e-05
-0.000183
-0.000183
-0.000512
-0.000183
-0.000183
-1.9e-05
-1.9e-05
-0.000183
-1.9e-05
-1.9e-05
-0.000183
-1.9e-05
-0.000183
-0.000183
-0.000183
-1.9e-05
-1.9e-05
-0.000183
-0.000183
-0.000183
0.000474
0.000146
0.000146
-0.000183
-0.000347
-0.000347
-1.9e-05
-0.000183
-0.000183
-0.000183
-0.000183
-0.000183
-0.000183
-0.000183
-0.000183
-1.9e-05
-0.000347
-0.000347
-0.000183
-0.000183
-0.000183
-1.9e-05
-1.9e-05
-1.9e-05
-0.000183
-0.000183
-0.000512
-0.000347
-0.000183
-0.000183
-0.000183
-1.9e-05
-1.9e-05
-1.9e-05
0.000146
-0.000183
-0.000676
-0.000183
-0.000347
-0.000347
-0.000183
-1.9e-05
-1.9e-05
-1.9e-05
-0.000183
-1.9e-05
-0.000347
-0.000183
-1.9e-05
0.000146
-0.000347
-0.000512
-0.000183
-1.9e-05
-1.9e-05
-0.000183
-1.9e-05
-0.000347
-0.000183
-0.000183
-0.000183
-0.000347
-1.9e-05
-0.000512
0.000146
0.000146
-1.9e-05
-0.000183
0.00031
-1.9e-05
-0.000347
-0.000183
-0.000512
-0.000183
-0.000183
-0.000183
0.000146
-0.000183
-1.9e-05
-1.9e-05
-0.000183
-0.000183
-0.000183
-0.000347
-0.000347
-0.000183
-0.000183
-1.9e-05
-0.000183
-0.000347
-0.000183
-0.000183
-0.000347
-0.000183
-0.000183
-0.000347
-1.9e-05
-1.9e-05
-1.9e-05
-1.9e-05
0.00031
-0.000183
-1.9e-05
-0.000347
-0.000347
-0.000347
-0.000347
-0.000183
-0.000183
-0.000183
-1.9e-05
-1.9e-05
-0.000183
-0.000183
-0.000183
-0.000347
-0.000183
-0.000347
-1.9e-05
-1.9e-05
-0.000183
-1.9e-05
0.00031
-0.000183
-0.000183
-0.000183
-1.9e-05
-0.000183
0.000146
-0.000512
-0.000183
-0.000183
-1.9e-05
-0.000183
-1.9e-05
-0.000183
-0.000183
-0.000347
-0.000347
-0.000183
-0.000183
-1.9e-05
-1.9e-05
-1.9e-05
-0.000183
-0.000183
-0.000183
-0.000183
-0.000512
-0.000347
-0.000512
-0.000183
-1.9e-05
0.000146
-0.000183
-1.9e-05
-0.000183
-0.000183
-0.000183
-0.000183
-0.000347
-0.000183
0.000146
-0.000183
-1.9e-05
-0.000183
0.000146
-1.9e-05
-1.9e-05
-1.9e-05
-0.000183
-0.000183
-0.000676
-0.000347
-0.000183
-0.000183
0.000146
-1.9e-05
-1.9e-05
-0.000183
-0.000676
-0.000183
-0.000512
-0.000512
-1.9e-05
0.000146
0.000146
-0.000183
0.000146
-1.9e-05
-1.9e-05
-0.000512
-0.000183
-0.000512
-0.000347
-0.000347
-0.000183
-0.000183
-1.9e-05
-1.9e-05
-0.000183
-0.000512
-0.000183
-0.000183
-0.000347
0.003268
-1.9e-05
-1.9e-05
-0.000183
-1.9e-05
-1.9e-05
0.000146
-0.000183
-0.000183
-0.001005
-0.000512
-0.001498
-0.000512
0.000803
-0.000183
0.000474
0.000146
-0.000676
0.000803
-1.9e-05
-0.000183
-0.000183
-0.000347
-0.000183
-1.9e-05
-1.9e-05
-0.000183
-0.000183
-0.000183
-1.9e-05
-0.000183
-0.000183
-0.000347
-0.000183
-0.000347
-0.000841
-0.000183
0.000146
0.000474
0.000146
0.000146
0.000146
-0.000347
-0.000347
-1.9e-05
-0.000347
-1.9e-05
-1.9e-05
-0.001005
0.00031
-0.000676
-0.000183
-0.000347
0.000146
-1.9e-05
-0.000512
-0.000183
-0.000183
0.000474
0.000146
-0.000183
-0.000676
-1.9e-05
0.00031
-1.9e-05
-0.000512
-1.9e-05
-0.001169
0.000146
-0.000183
0.000146
-0.000183
0.00031
0.00031
-0.000183
0.000146
-0.000183
-1.9e-05
-0.000512
-0.000183
-0.000183
0.000639
-0.000512
0.000146
0.000639
-1.9e-05
-0.000347
-1.9e-05
0.000146
-0.000347
0.000474
0.00031
0.000146
0.000146
0.000474
0.000146
-1.9e-05
-0.000512
-0.000183
-0.000347
-1.9e-05
-0.000183
-0.000183
-1.9e-05
-0.000183
0.000639
0.000146
-0.000183
-1.9e-05
0.000146
-0.000512
-0.000183
0.00031
-0.000183
-1.9e-05
-1.9e-05
-0.000183
0.000146
-0.000512
-0.000841
-0.000183
-0.000512
0.000146
-1.9e-05
-0.000183
0.000146
-0.000183
-1.9e-05
-1.9e-05
-0.000347
-0.000183
-0.000183
-1.9e-05
-0.000676
-0.000183
-1.9e-05
-1.9e-05
-1.9e-05
-0.000183
-0.000183
-0.000347
-0.000512
-0.000347
-0.000512
-0.000676
-0.000183
-0.000676
0.00031
0.000146
0.000146
-0.000347
-0.000183
-0.000512
-0.000183
-0.000512
-1.9e-05
0.00031
-0.000183
0.000474
-1.9e-05
0.000639
-0.000512
0.00031
-0.000512
-0.000183
-1.9e-05
-0.000347
-0.000676
0.00031
-1.9e-05
0.000474
0.00031
-0.000183
0.00031
0.000146
-0.000183
-0.000183
-1.9e-05
-0.000347
0.000803
0.00031
-1.9e-05
-0.000512
0.001132
-0.000676
0.000146
-1.9e-05
-0.000512
0.000474
0.00031
0.000639
-1.9e-05
-1.9e-05
0.00031
0.000803
-0.001005
-0.000183
-1.9e-05
-0.000183
-0.000512
0.000474
-0.000183
-0.000183
-0.000183
-0.000183
-0.000347
-0.000183
-1.9e-05
-0.000347
-0.000347
-0.000347
-0.000183
-0.000183
-1.9e-05
-1.9e-05
-1.9e-05
-0.000183
-0.000512
-0.000512
-0.000183
-0.000347
0.011815
0.002447
-0.001005
0.009514
0.013623
0.021019
0.0271
0.03236
0.021512
0.010829
0.005569
0.001789
0.002118
-0.000841
0.003926
0.008035
0.015431
0.018554
0.029894
0.03236
0.039098
0.044193
0.051918
0.051096
0.056191
0.059807
0.059643
0.055205
0.057835
0.059314
0.061122
0.065395
0.069176
0.077393
0.07838
0.081667
0.07953
0.074435
0.042878
0.028251
0.029566
0.031867
0.035811
0.039427
0.045672
0.049946
0.054712
0.056684
0.062273
0.062108
0.063587
0.06556
0.06934
0.057671
0.034661
0.025785
0.009185
-0.001334
0.005405
0.012472
0.01313
0.016417
0.022827
0.028908
0.030552
0.036797
0.041564
0.043371
0.048302
0.057177
0.05652
0.063587
0.066381
0.062108
0.013787
0.014773
0.023813
0.030223
0.033674
0.039263
0.017403
0.017567
0.025621
0.030716
0.039591
0.035647
-0.000512
0.003761
0.002611
-1.9e-05
0.000474
-0.000512
-1.9e-05
0.000146
-1.9e-05
-0.000183
-1.9e-05
-0.000512
-0.000347
-0.000183
-0.000183
0.000146
-0.000183
-1.9e-05
-0.000183
-0.000183
-0.000347
-0.000183
-0.000347
-0.000183
-1.9e-05
-0.000347
-0.000183
-0.000183
-1.9e-05
-0.000183
-0.000183
-0.000183
-0.000183
-0.000512
-0.000347
-0.000676
-0.000183
-0.000347
-0.000183
-1.9e-05
-1.9e-05
-0.000183
-0.000183
-0.000347
-0.000183
-0.000183
-0.001169
-0.000183
-0.000512
-0.000183
-1.9e-05
-0.000183
-0.000347
-0.000183
-0.000347
-0.000512
-0.000512
-0.000512
-0.000183
-1.9e-05
-1.9e-05
0.000146
0.00031
-1.9e-05
-0.000347
-1.9e-05
-0.000183
-0.000512
-0.000347
-0.000347
-1.9e-05
-1.9e-05
-0.000183
-0.000183
-0.000183
0.000146
-0.000183
-0.000347
0.00031
-0.000347
-0.000512
-1.9e-05
-0.000183
-1.9e-05
-0.000347
-0.000347
-0.000347
0.00031
-0.000183
-0.000347
-0.000183
-0.000676
-0.000183
-0.000183
-0.000183
-1.9e-05
-1.9e-05
-0.000347
-0.000183
-0.000512
-0.000183
-0.000512
-1.9e-05
-0.000183
-0.000512
0.000146
-1.9e-05
0.000474
0.000146
-0.000183
-0.000347
-0.000183
-0.000512
-0.000347
-0.000347
0.00031
-0.000512
0.000146
-1.9e-05
-0.000347
-0.000512
-0.000183
-0.000347
-0.000347
-0.000676
-0.000512
-0.000676
-0.000183
-0.000183
-1.9e-05
0.000146
-0.000512
-0.000347
-0.000347
-0.000347
-1.9e-05
-1.9e-05
-0.000347
-1.9e-05
-0.000183
-0.000347
-0.000183
-0.000183
-0.000347
-0.000512
-0.000347
-1.9e-05
0.000146
-0.000183
0.000146
-0.000183
-0.000183
-0.000183
-0.000183
-0.000183
-0.000676
-0.000183
-0.000183
-1.9e-05
-0.000512
0.000474
-0.000183
-1.9e-05
-0.000183
-0.000183
-0.000347
-0.000347
-0.000676
0.000146
-1.9e-05
-0.000183
-0.000183
-0.000183
-0.000347
-0.000347
-0.000183
-0.000183
-0.000512
-0.000512
-0.000347
-0.000183
-0.000183
-0.000347
-1.9e-05
0.000146
-0.000347
-0.000676
-0.000512
-0.000183
-0.000676
-0.000347
-0.000347
-1.9e-05
-0.000347
-0.000347
-0.000347
-0.000183
-0.000347
-1.9e-05
-0.000347
-0.000347
-0.000183
-0.000183
-1.9e-05
-0.000183
-0.000183
-0.000183
-1.9e-05
-0.000347
-0.000347
-0.000512
-0.000347
-0.000347
-0.000183
-0.000347
0.000146
-0.000347
-0.000183
0.00031
-0.000183
-0.000347
-0.000183
-0.000512
-0.000347
-0.000512
-1.9e-05
-1.9e-05
-0.000347
-0.000347
-0.000347
-0.000183
-0.000512
-0.000347
-0.000347
-0.000183
-0.000183
-0.000183
-0.000183
-0.000183
-0.000347
-1.9e-05
-0.000347
-0.000183
-0.000347
-0.000512
-0.000512
-0.000183
-0.000512
-1.9e-05
-0.000183
-0.000183
-0.000347
-0.000347
-0.000347
-0.000347
-0.000347
-0.000512
-0.000347
-1.9e-05
-0.000347
-0.000183
-0.000347
-0.000183
-0.000676
-0.000347
-0.000347
-0.000512
-0.000183
-1.9e-05
-0.000347
-1.9e-05
-0.000347
-0.000183
-0.000183
-0.000183
-0.000183
-0.000183
-0.000676
-0.000347
-1.9e-05
-0.000183
-0.000347
-0.000183
-0.000183
-1.9e-05
-0.000347
-0.000347
-0.000347
-0.000347
-0.000512
-0.000183
-0.000183
-0.000183
-1.9e-05
-1.9e-05
-0.000183
-0.000347
-0.000512
-0.000183
-0.000512
-0.000183
-0.000183
-0.000183
-0.000347
0.000146
0.000146
-1.9e-05
-0.000183
-0.000841
-0.000183
-0.000347
0.000474
-0.000347
-0.000183
-1.9e-05
-0.000183
-1.9e-05
0.000146
-1.9e-05
-0.000347
-0.000512
-0.000347
-1.9e-05
-0.000183
-0.000183
-0.000183
-1.9e-05
-1.9e-05
0.000146
-0.000347
-0.000347
-0.000512
-0.000347
-1.9e-05
-1.9e-05
-0.000347
-1.9e-05
0.000146
-0.000347
-1.9e-05
-0.000347
-0.000183
-0.000347
-0.000347
0.00409
-1.9e-05
-0.000512
-1.9e-05
-1.9e-05
-0.000183
-0.000183
-0.000512
0.000639
-0.000676
0.00031
0.000639
0.000146
0.00031
0.000639
0.000474
-1.9e-05
-1.9e-05
0.000146
-0.000183
-0.000676
-0.000347
-0.004128
-0.000183
-0.000512
0.00031
0.000146
-0.001169
-0.001662
0.000146
-0.001169
0.000639
0.000803
-0.000183
-1.9e-05
-1.9e-05
-0.000183
-0.000183
-1.9e-05
-0.000676
-0.000183
-0.000183
-1.9e-05
-0.000347
-0.000512
-1.9e-05
-0.000347
-0.000183
0.000146
-0.000347
-0.000183
-0.000183
-0.000347
-0.000512
-0.000183
-0.000347
-0.000183
-0.000183
-0.000183
-0.000183
-0.000183
-1.9e-05
-0.000183
-0.000347
-0.000347
-0.000676
-0.000347
-0.000347
-0.000183
-1.9e-05
-1.9e-05
-0.000183
-0.000347
-0.000347
-0.000183
-0.000512
-0.000183
-0.000512
-0.000183
-0.000183
-1.9e-05
-0.000183
0.000146
-1.9e-05
-0.000183
-0.000183
-0.000347
-0.000347
-0.000347
-0.000183
-0.000183
-0.000183
-0.000183
0.000146
-0.000183
-0.000183
-1.9e-05
-0.000347
-0.000183
-0.000512
-0.000512
-1.9e-05
-0.000183
-0.000347
-0.000183
-0.000183
-1.9e-05
-0.000183
-0.000183
-0.000183
-0.000841
-0.000347
-0.000183
-0.000183
-0.000183
-0.000183
-1.9e-05
-0.000183
-0.000347
-0.000347
-0.000512
-0.000183
-0.000512
-0.000183
-1.9e-05
-0.000183
-0.000183
-0.000183
-0.000183
-0.000183
-0.000347
-0.000512
-0.000183
-0.000183
-0.000183
-0.000183
-1.9e-05
-0.000183
-0.000183
-0.000183
-0.000347
-0.000183
-0.000512
-0.000347
-0.000347
-0.000183
-1.9e-05
-0.000183
0.000146
-0.000183
-0.000512
-0.000183
-0.000183
-0.000183
-0.000183
-0.000347
-0.000347
-1.9e-05
-0.000183
-1.9e-05
-1.9e-05
-0.000183
-0.000512
-0.000183
-0.000183
-0.000347
-0.000183
-1.9e-05
-0.000183
-1.9e-05
-1.9e-05
-0.000183
-1.9e-05
-0.000183
-0.000347
-0.000347
-0.000512
-0.000183
-1.9e-05
-0.000183
-0.000183
-0.000183
-0.000183
-1.9e-05
-0.000183
-0.000347
-0.000347
-0.000183
-0.000183
-0.000183
-0.000347
-1.9e-05
-0.000183
-0.000183
-0.000347
-0.000183
-0.000183
-0.000347
-0.000347
-0.000347
-0.000183
-1.9e-05
-1.9e-05
-1.9e-05
0.000146
-1.9e-05
-0.000347
-0.000347
-0.000347
-0.000347
-0.000512
-1.9e-05
-0.000183
-1.9e-05
-1.9e-05
-0.000183
-1.9e-05
-0.000183
-0.000347
-0.000347
-0.000347
-0.000347
-0.000183
-0.000183
-1.9e-05
-1.9e-05
0.000146
-1.9e-05
-0.000183
-0.000183
-0.000512
-0.000183
-0.000347
-0.000183
-1.9e-05
-1.9e-05
0.000146
-1.9e-05
-0.000183
-0.000347
-0.000183
-0.000347
-0.000512
-0.000512
-0.000183
-0.000183
-1.9e-05
-0.000183
-0.000183
-0.000183
-0.000347
-0.000512
-0.000347
-0.000347
-0.000183
-0.000183
-0.000183
-0.000347
-0.000183
-1.9e-05
-0.000183
-0.000183
-0.000347
-0.000183
-0.000347
-0.000512
-0.000183
-0.000183
-1.9e-05
-0.000183
-0.000183
-1.9e-05
-1.9e-05
-0.000183
-0.000183
-0.000512
-0.000347
-0.000183
0.000146
-1.9e-05
-0.000183
-0.000183
-1.9e-05
-1.9e-05
-0.000347
-0.000347
-0.000347
-0.000512
-0.000183
-0.000183
-0.000183
-1.9e-05
-1.9e-05
-0.000183
-0.000183
-0.000347
-0.000183
-0.000347
-0.000183
-0.000183
-0.000183
-1.9e-05
-1.9e-05
-0.000183
-1.9e-05
-0.000347
-1.9e-05
-0.000347
-0.000512
-0.000512
-0.000183
-1.9e-05
-0.000183
-1.9e-05
-0.000183
-1.9e-05
-0.000183
-0.000512
-0.000347
-0.000347
-0.000347
-0.000347
-1.9e-05
-1.9e-05
-1.9e-05
-0.000183
-1.9e-05
-0.000512
-0.000347
-0.000347
-0.000512
-0.000183
-0.000347
-0.000183
-0.000347
-0.000347
-0.000183
-0.000183
-1.9e-05
-0.000183
-0.000347
-0.000183
-0.000347
-0.000347
-0.000183
-1.9e-05
-1.9e-05
-1.9e-05
0.000146
-0.000347
-0.000347
-0.000183
-0.000347
-0.000183
-0.000183
-0.000183
-1.9e-05
-1.9e-05
-1.9e-05
-1.9e-05
-0.000347
-0.000183
-0.000347
-0.000347
-0.000512
-0.000347
-1.9e-05
-0.000183
-1.9e-05
0.000146
-1.9e-05
-1.9e-05
-0.000347
-0.000183
-0.000347
-0.000512
-0.000183
-0.000183
-0.000183
-0.000183
-0.000183
-0.000183
-0.000183
-0.000183
-0.000347
-0.000347
-0.000183
-0.000347
-0.000183
-0.000183
-1.9e-05
-1.9e-05
-0.000183
-1.9e-05
-0.000347
-0.000347
-1.9e-05
-0.000347
-0.000183
-0.000183
0.000146
-0.000183
-1.9e-05
-1.9e-05
-0.000183
-0.000183
-0.000183
-0.000347
-0.000347
-0.000347
-0.000183
-0.000183
-0.000183
-1.9e-05
-0.000183
-0.000347
-0.000183
-0.000183
-0.000347
-0.000347
-0.000347
-0.000183
-0.000183
-1.9e-05
-0.000183
-1.9e-05
-0.000183
-0.000347
-0.000183
-0.000347
-0.000347
-0.000347
-0.000183
-1.9e-05
-0.000183
-0.000183
-1.9e-05
-0.000183
-0.000183
-0.000347
-0.000183
-0.000347
-0.000512
-1.9e-05
-1.9e-05
-0.000183
-1.9e-05
-1.9e-05
-1.9e-05
-0.000347
-0.000347
-0.000347
-0.000512
-0.000183
-0.000183
-0.000347
-0.000183
-0.000183
-0.000183
-0.000183
-0.000183
-0.000347
-0.000512
-0.000183
-0.000183
-1.9e-05
-1.9e-05
-1.9e-05
-0.000183
-0.000183
-1.9e-05
-1.9e-05
-0.000347
-0.000183
-0.000512
-0.000347
-0.000183
-0.000183
-1.9e-05
-1.9e-05
-0.000183
-0.000183
-0.000347
-0.000183
-0.000512
-0.000347
-0.000347
-1.9e-05
-0.000183
-1.9e-05
-0.000183
-1.9e-05
-0.000347
-0.000183
-0.000347
-0.000183
-0.000512
-0.000512
-0.000183
-0.000183
-0.000183
-0.000347
-1.9e-05
-0.000183
-1.9e-05
-0.000347
-0.000183
-0.000512
-1.9e-05
-0.000183
-0.000183
-0.000183
-1.9e-05
-1.9e-05
-0.000183
-0.000183
-0.000347
-0.000512
-0.000347
-0.000183
-0.000183
-1.9e-05
-0.000183
-1.9e-05
-1.9e-05
-0.000183
-0.000183
-0.000347
-0.000347
-0.000183
-0.000183
-1.9e-05
-0.000183
-1.9e-05
-0.000183
0.000146
-0.000183
-0.000512
-0.000183
-0.000347
-0.000347
-0.000347
-0.000183
-0.000183
-1.9e-05
-1.9e-05
-0.000183
-0.000183
-0.000183
-0.000347
-0.000347
-0.000183
-0.000183
-0.000183
-0.000183
-0.000347
-0.000183
-1.9e-05
-0.000347
-0.000183
-1.9e-05
-0.000347
-0.000183
-0.000183
-0.000183
-0.000183
-0.000183
-0.000183
-0.000183
-1.9e-05
-0.000183
-0.000183
-0.000347
-0.000347
-0.000512
-0.000183
-0.000347
0.000146
0.000146
-1.9e-05
-0.000183
0.000146
-0.000347
-0.000183
-0.000347
-0.000183
-0.000183
-1.9e-05
-0.000183
-0.000183
-1.9e-05
-0.000183
-0.000183
-0.000183
-0.000347
-0.000512
-0.000183
-0.000183
-1.9e-05
-1.9e-05
-0.000183
-0.000183
-0.000183
-0.000183
-0.000347
-0.000512
-0.000183
-0.000347
-0.000183
-1.9e-05
-0.000183
-1.9e-05
-0.000183
-0.000347
-0.000347
-0.000183
-0.000347
-0.000347
-0.000183
-0.000183
-0.000183
-0.000183
-1.9e-05
-1.9e-05
-1.9e-05
-0.000183
-0.000183
-0.000347
-0.000347
-0.000183
-0.000183
-0.000347
-1.9e-05
-0.000183
-0.000347
-0.000183
-0.000347
-0.000347
-0.000512
-0.000512
-0.000512
-0.000183
-0.000183
-1.9e-05
-0.000183
-1.9e-05
-1.9e-05
-0.000183
-0.000183
-0.000183
-0.000512
-0.000512
-0.000183
-0.000183
-1.9e-05
-1.9e-05
-1.9e-05
-0.000183
-0.000183
-0.000347
-0.000347
-0.000512
-0.000183
-0.000347
-0.000183
-1.9e-05
-1.9e-05
-1.9e-05
-1.9e-05
-1.9e-05
-0.000512
-0.000183
-0.000183
-0.000512
-0.000183
-1.9e-05
-1.9e-05
-0.000347
-0.000183
-1.9e-05
-0.000183
-0.000347
-0.000183
-0.000347
-0.000512
-1.9e-05
-0.000347
-0.000183
-0.000183
-1.9e-05
-1.9e-05
-0.000183
-0.000347
-0.000183
-0.000512
-0.000347
-0.000347
-0.000183
-1.9e-05
-0.000183
-1.9e-05
-1.9e-05
-0.000347
-0.000183
-0.000512
-0.000347
-0.000512
-1.9e-05
-0.000183
-0.000183
-1.9e-05
-0.000183
-0.000183
-0.000183
-0.000183
-0.000183
-0.000347
-0.000347
-0.000347
-0.000183
-0.000183
-1.9e-05
-1.9e-05
-0.000183
-0.000347
-0.000512
-0.000347
-0.000183
-0.000347
-0.000183
-0.000183
-0.000183
-0.000183
-1.9e-05
-0.000183
-0.000347
-1.9e-05
-0.000347
-0.000512
-0.000347
-0.000512
-0.000183
-0.000183
-1.9e-05
-1.9e-05
0.000146
-0.000183
-0.000183
-0.000183
-0.000512
-0.000183
-0.000183
-0.000183
-1.9e-05
-0.000512
-0.000183
-1.9e-05
-1.9e-05
-0.000183
-0.000347
-0.000183
-0.000183
-0.000347
-1.9e-05
-1.9e-05
-1.9e-05
-0.000183
-1.9e-05
-0.000183
-0.000347
-0.000183
-0.000347
-0.000347
-0.000183
-0.000183
-0.000183
-1.9e-05
-0.000183
-0.000183
-0.000183
-0.000347
-0.000347
-0.000347
-0.000512
-0.000183
-0.000347
-0.000183
-0.000183
-0.000183
-1.9e-05
-1.9e-05
-0.000183
-0.000512
-0.000183
-0.000512
-0.000183
-0.000183
-1.9e-05
-0.000183
0.000146
-1.9e-05
-0.000183
-0.000183
-0.000183
-0.000512
-0.000512
-0.000347
-0.000183
-1.9e-05
-0.000183
-0.000183
-0.000183
-0.000183
-0.000347
-0.000183
-0.000347
-0.000676
-1.9e-05
-0.000183
-0.000183
0.000146
0.00031
-1.9e-05
-0.000183
-0.000183
-0.000347
-0.000347
-0.000347
-0.000183
-0.000183
-0.000183
-1.9e-05
-1.9e-05
-0.000183
-1.9e-05
-0.000183
-0.000347
-0.000183
-0.000512
-0.000183
-0.000183
-1.9e-05
-1.9e-05
-0.000347
-1.9e-05
-0.000183
-0.000183
-0.000512
-0.000183
-0.000183
-0.000183
-0.000347
0.000146
-0.000183
-1.9e-05
-0.000183
-1.9e-05
-0.000183
-0.000347
-0.000347
-0.000676
-0.000183
-0.000183
-1.9e-05
-0.000183
-1.9e-05
-0.000183
-1.9e-05
-1.9e-05
-0.000347
-0.000512
-0.000183
-0.000183
-1.9e-05
-1.9e-05
-1.9e-05
-1.9e-05
-1.9e-05
-1.9e-05
-0.000183
-0.000183
-0.000183
-0.000512
-0.000183
-0.000183
-0.000183
-0.000183
-1.9e-05
-1.9e-05
-0.000347
-0.000183
-0.000347
-0.000347
-0.000347
-0.000183
-0.000183
-0.000183
-1.9e-05
-0.000183
-1.9e-05
-0.000183
-1.9e-05
-0.000183
-1.9e-05
-0.000347
-0.000512
-0.000183
-1.9e-05
-0.000183
0.000146
-1.9e-05
-1.9e-05
-0.000183
-0.000183
-0.000183
-0.000347
-0.000183
-0.000347
-0.000183
-0.000183
-0.000183
-0.000183
-0.000183
-0.000183
-0.000347
-0.000347
-0.000347
-0.000512
-0.000183
-0.000183
-1.9e-05
-0.000183
-1.9e-05
-1.9e-05
-0.000183
-0.000183
-0.000347
-0.000183
-0.000347
-0.000183
-0.000347
-0.000183
-1.9e-05
0.000146
-0.000183
-0.000183
-0.000676
-0.000512
-0.000183
-0.000512
-0.000347
-1.9e-05
-1.9e-05
-1.9e-05
0.000146
0.000146
-1.9e-05
-0.000183
-0.000347
-0.000347
-0.000512
-0.000183
-0.000183
-0.000183
-0.000183
-1.9e-05
-0.000183
-0.000183
-0.000183
-0.000183
-0.000347
-0.000512
-0.000512
-1.9e-05
-0.000183
-0.000183
-1.9e-05
-1.9e-05
-0.000183
-0.000347
-0.000347
-0.000347
-1.9e-05
-0.000183
-0.000183
-0.000183
0.000146
-1.9e-05
0.000146
-1.9e-05
-0.000347
-0.000347
-0.000347
-0.000183
-0.000183
-0.000183
0.000146
-1.9e-05
-0.000183
-0.000183
-0.000183
-0.000183
-0.000183
-0.000512
-0.000512
-0.000183
-1.9e-05
0.000146
-1.9e-05
-0.000183
-1.9e-05
-0.000347
-0.000512
-0.000183
-0.000347
-0.000347
-0.000347
-1.9e-05
-1.9e-05
-1.9e-05
-0.000183
-1.9e-05
-1.9e-05
-0.000183
-0.000183
-0.000347
-0.000183
-0.000183
-1.9e-05
-0.000183
-0.000183
0.000146
-1.9e-05
-0.000183
-0.000183
-0.000183
-0.000512
-0.000512
-0.000183
-0.000183
-1.9e-05
-1.9e-05
-1.9e-05
-1.9e-05
-1.9e-05
-0.000183
-0.000347
-0.000347
-0.000347
-0.000347
-0.000183
-1.9e-05
-0.000183
-1.9e-05
0.000146
-0.000183
-0.000183
-0.000183
-0.000183
-0.000183
-0.000183
-1.9e-05
-1.9e-05
-1.9e-05
0.000146
-0.000183
-1.9e-05
-0.000183
-1.9e-05
-0.000347
-0.000183
-0.000183
-0.000183
-1.9e-05
-0.000183
-1.9e-05
-0.000183
-0.000183
-0.000347
-0.000347
-0.000512
-0.000347
-0.000347
-1.9e-05
-0.000183
-0.000183
0.000146
-1.9e-05
-1.9e-05
-1.9e-05
-0.000183
-0.000183
-0.000512
-0.000347
-1.9e-05
-0.000183
-1.9e-05
-0.000183
-0.000183
-1.9e-05
-0.000183
-0.000183
-0.000183
-0.000347
-0.000183
-0.000183
-1.9e-05
-1.9e-05
-1.9e-05
-1.9e-05
-1.9e-05
-0.000183
-0.000183
-0.000183
-0.000183
-0.000183
0.000146
-0.000347
-1.9e-05
-0.000183
-1.9e-05
-0.000183
-0.000347
-0.000512
-0.000347
-0.000347
-0.000183
-0.000183
-0.000183
-0.000183
-1.9e-05
-1.9e-05
-1.9e-05
-0.000183
-0.000347

Kurve 2

0.000146
-0.000183
-1.9e-05
-0.000183
-0.000347
-0.000347
-0.000347
-0.000347
-0.000183
-0.000183
-0.000183
-0.000183
-1.9e-05
-0.000183
-0.000183
-0.000183
-0.000347
-0.000183
-0.000347
-0.000512
-0.000347
-0.000183
-0.000183
-1.9e-05
-0.000183
-0.000347
-0.000347
-0.000512
-0.000183
-0.000512
-0.000347
-0.000183
-0.000183
0.000146
-0.000183
-0.000183
-1.9e-05
-0.000183
-0.000347
-0.000347
-0.000347
-0.000347
-0.000512
-0.000183
0.000146
-0.000183
-0.000183
-0.000183
-0.000183
-0.000347
-0.000183
-0.000512
-0.000183
-0.000183
-0.000183
-0.000183
-0.000183
-0.000183
-1.9e-05
-0.000347
-0.000183
-0.000347
-0.000347
-0.000512
-0.000183
-1.9e-05
-0.000347
-1.9e-05
-0.000183
0.000146
-0.000512
-0.000347
-0.000347
-0.000347
-0.000347
-0.000347
-1.9e-05
-0.000183
-1.9e-05
-0.000183
-0.000183
-1.9e-05
-0.000512
-0.000183
-0.000347
-0.000347
-1.9e-05
-1.9e-05
-1.9e-05
-0.000183
-0.000183
-0.000183
-0.000347
-0.000512
-0.000347
-0.000183
-0.000347
-0.000183
-1.9e-05
-1.9e-05
-1.9e-05
-1.9e-05
-1.9e-05
-0.000512
-0.000183
-0.000183
-0.000347
-0.000347
-0.000183
-0.000183
-0.000183
-1.9e-05
-0.000183
-0.000183
-0.000183
-0.000183
-0.000183
-0.000512
-0.000183
-0.000183
-0.000183
-0.000183
-1.9e-05
-0.000183
-0.000183
-0.000183
-0.000347
-0.000512
-0.000512
-0.000183
-0.000183
-0.000183
-0.000183
-1.9e-05
-0.000183
-0.000183
-0.000512
-0.000347
-0.000512
-0.000183
-0.000183
-0.000183
-0.000183
-0.000183
-1.9e-05
0.000146
-1.9e-05
-0.000347
-0.000347
-0.000183
-0.000347
-0.000183
-0.000347
-1.9e-05
-1.9e-05
-1.9e-05
-0.000183
-0.000183
-0.000183
-0.000512
-0.000347
-0.000347
-0.000512
-0.000183
-1.9e-05
-0.000183
-0.000183
-0.000183
-0.000183
-0.000183
-0.000347
-0.000347
-0.000183
-0.000183
-0.000183
-0.000183
-0.000183
-1.9e-05
-0.000183
-1.9e-05
-0.000183
-0.000183
-0.000512
-0.000347
-0.000512
-0.000183
-0.000183
-0.000183
0.000146
-1.9e-05
-0.000183
-0.000183
-0.000347
-0.000183
-0.000347
-0.000512
-0.000183
-1.9e-05
-0.000183
-1.9e-05
-1.9e-05
-0.000183
-0.000183
-0.000183
-0.000676
-0.000512
-0.000347
-0.000347
-0.000183
-0.000183
-1.9e-05
-0.000183
-1.9e-05
-0.000347
-0.000183
-0.000183
-0.000347
-0.000347
-1.9e-05
-1.9e-05
-1.9e-05
-0.000347
-0.000183
-0.000183
-0.000183
-0.000347
-0.000183
-0.000347
-0.000512
-0.000347
-1.9e-05
-1.9e-05
-0.000183
-1.9e-05
-0.000347
-0.000183
-0.000183
-0.000347
-0.000347
-0.000512
-0.000183
-0.000347
-1.9e-05
-0.000183
-0.000183
-0.000183
-0.000347
-1.9e-05
-0.000183
-0.000347
-0.000676
-0.000183
-0.000183
-0.000183
-1.9e-05
-0.000183
-0.000183
-1.9e-05
-0.000183
-0.000347
-0.000347
-0.000183
-0.000183
-0.000347
-0.000347
-0.000183
-0.000183
0.000146
-1.9e-05
-0.000347
-0.000512
-0.000347
-0.000183
-0.000183
-0.000183
-0.000183
-0.000183
-0.000183
-1.9e-05
-0.000183
-0.000183
-0.000347
-0.000347
-0.000512
-0.000183
-0.000183
-0.000183
-1.9e-05
-1.9e-05
-1.9e-05
-0.000183
-0.000512
-0.000512
-0.000347
-0.000512
-0.000183
-0.000183
-0.000183
-0.000183
-1.9e-05
-1.9e-05
-1.9e-05
-0.000347
-1.9e-05
-0.000512
-0.000183
-0.000347
-0.000347
-0.000183
-1.9e-05
-1.9e-05
-0.000183
-0.000183
-0.000183
-0.000347
-0.000512
-0.000347
-0.000347
-0.000183
-0.000183
-1.9e-05
-1.9e-05
-1.9e-05
-0.000347
-0.000183
-0.000183
-0.000183
-0.000347
-0.000183
0.000146
-0.000183
0.000146
-0.000183
-1.9e-05
-0.000183
-0.000347
-0.000183
-0.000347
-0.000347
-0.000347
-1.9e-05
-0.000183
-0.000183
-1.9e-05
-0.000183
-1.9e-05
-0.000347
-0.000183
-0.000347
-0.000347
-0.000512
-1.9e-05
-0.000183
-1.9e-05
-1.9e-05
-0.000183
-0.000347
-0.000183
-0.000347
-0.000512
-0.000347
-0.000347
-0.000183
-0.000183
-1.9e-05
-1.9e-05
-1.9e-05
-0.000183
-0.000347
-0.000512
-0.000183
-0.000347
-0.000347
-0.000347
-0.000183
-0.000183
0.000146
-0.000347
-0.000183
-0.000183
-0.000347
-0.000347
-0.000183
-0.000183
-0.000347
-0.000183
-0.000183
-1.9e-05
-0.000183
-0.000183
-0.000183
-0.000183
-0.000183
-0.000347
-1.9e-05
0.000146
0.001132
0.001296
0.00294
0.003268
0.000146
-0.000183
0.000146
-0.000347
-0.000676
-0.000676
-0.000512
-0.000183
-0.000183
-1.9e-05
-0.000183
-0.000183
-0.000183
-0.000183
-0.000183
-0.000347
-0.000347
-0.000183
0.000146
0.000803
0.001789
0.004583
0.002611
0.001296
0.003761
0.001789
0.001296
-0.000347
-1.9e-05
-0.000183
-0.000183
-1.9e-05
-1.9e-05
-1.9e-05
-0.000183
-0.000347
-0.000183
-0.000347
-0.000347
-0.000347
-0.000183
-1.9e-05
-0.000183
-0.000183
-0.000183
-0.000347
-0.000347
-0.000512
-0.000183
-0.000347
-0.000183
-0.000183
-0.000183
-0.000183
-0.000183
0.000146
-0.000183
-0.000347
-0.000347
-0.000347
-0.000183
-0.000183
-1.9e-05
-1.9e-05
-1.9e-05
-0.000183
0.000474
-0.000183
-1.9e-05
0.000146
0.000146
-0.000676
-1.9e-05
-0.000183
0.00146
-0.000841
0.005734
0.001954
0.00146
0.004912
0.00146
0.00031
0.006062
0.00031
0.002611
0.00031
0.002775
0.004583
0.003268
0.003268
0.001296
0.001296
-0.001005
0.003761
0.000474
-0.001827
0.000474
0.001296
0.001296
0.002775
0.002775
0.005241
0.003761
0.004748
-0.003306
0.006556
0.007706
0.007213
0.009678
0.007049
0.004748
0.008857
0.005405
0.005569
0.005734
0.001296
0.002775
0.004748
0.00409
0.005241
0.006227
0.006391
0.007706
0.003433
0.004255
0.002775
0.000803
0.000146
0.002447
0.005569
0.000474
0.002447
0.000474
0.003597
0.004255
0.003761
-0.000183
0.003926
0.002775
0.004419
0.005898
0.002118
0.004419
0.006884
0.005569
0.006556
0.006062
0.004583
0.00294
0.002611
0.001625
0.002611
0.003761
-0.001005
0.004583
0.000146
-1.9e-05
-0.000183
-0.000183
-0.000347
-0.000347
-0.000183
-0.000183
-0.000347
-0.000183
-0.000183
0.002282
0.001296
0.00146
0.000474
-0.001169
0.002118
0.002775
0.002775
0.002118
0.002118
0.004419
0.00409
0.002775
0.002611
0.00146
0.001296
0.002611
0.000967
0.002447
0.003104
-1.9e-05
0.000639
0.000803
-0.000512
0.000474
0.000146
0.000803
-0.000183
0.00146
0.00146
0.00031
0.00146
0.002118
0.002447
-0.000183
-1.9e-05
0.000639
0.000639
0.002282
0.00146
0.001132
0.003597
0.001789
0.000639
0.001789
0.00031
0.000967
-0.000676
0.000474
-0.000183
-0.000183
0.000146
0.000474
-0.001005
0.001296
0.000474
0.00031
0.000803
0.001296
-0.000183
0.000803
0.00146
0.000803
0.001625
-0.000347
0.00031
-0.000183
-1.9e-05
-0.001169
0.000967
0.000474
0.001625
-0.000676
-1.9e-05
0.000639
0.000474
0.001296
-0.000676
0.000803
0.000639
0.000146
-1.9e-05
-1.9e-05
0.000967
-1.9e-05
0.000146
0.001132
-0.000841
0.00031
-0.000183
-1.9e-05
-0.000347
-0.001334
-0.000183
-0.001827
0.001789
0.00146
0.000967
0.000803
0.002447
-0.001991
0.000474
0.000639
-1.9e-05
0.00031
0.00031
-0.000676
-0.000183
-1.9e-05
0.000639
-0.000512
0.000639
-1.9e-05
-0.000183
0.000146
-0.000347
0.000803
-0.000183
-0.000183
-0.000512
0.000967
-0.000183
-1.9e-05
-0.000183
-0.000183
-0.00232
-0.000183
0.000639
0.00146
0.000639
0.000967
0.000803
-1.9e-05
0.000146
0.00031
0.000639
0.001625
-1.9e-05
0.000967
0.000146
-0.000183
-0.000347
-0.002648
0.000803
0.001625
-0.000512
-1.9e-05
0.001132
0.001625
0.00031
-1.9e-05
0.00031
0.00031
0.000639
0.00146
0.002611
0.000474
0.00031
-1.9e-05
0.000639
0.004255
0.003433
0.000803
0.002447
0.003926
0.003926
0.00146
0.005241
0.001132
0.000146
-1.9e-05
0.000146
-1.9e-05
0.00031
0.001132
0.000474
-0.000347
-0.000347
0.001296
0.00031
0.000803
0.000967
0.002118
0.001625
0.001789
0.000474
0.001625
0.001132
-0.000512
-0.001005
0.000474
-0.001334
-0.003306
0.003926
0.000803
0.001954
0.001625
0.000639
0.002775
0.001954
0.000146
0.000474
0.000146
0.000639
-0.001334
0.000803
-1.9e-05
0.000639
-1.9e-05
-0.000347
-0.000183
-0.000183
-0.000512
-0.000183
-0.000347
-0.000183
-1.9e-05
-1.9e-05
-1.9e-05
-0.000183
-0.000183
-0.000183
-0.000183
-0.000512
-0.000183
-0.000183
-0.000512
-0.000347
0.000146
-1.9e-05
-1.9e-05
-1.9e-05
-0.000183
-0.000347
-0.000512
-0.000183
-0.000347
-0.000183
-0.000183
-0.000183
-1.9e-05
-1.9e-05
-0.000183
-0.000183
-0.000347
-0.000347
-0.000512
-0.000512
-0.000347
-0.000183
-0.000183
-0.000183
-1.9e-05
-0.000183
-0.000183
-0.000183
-0.000183
-0.000347
-1.9e-05
-0.000512
-1.9e-05
-0.000183
-0.000183
-1.9e-05
-1.9e-05
-0.000183
-0.000183
-0.000347
-0.000512
-0.000347
-0.000183
-0.000183
-0.000183
-0.000183
-0.000183
-0.000183
-0.000183
-0.000183
-0.000347
-0.000347
-0.000512
-0.000183
-0.000183
-0.000183
-0.000183
-0.000183
-0.000183
-1.9e-05
-0.000183
-0.000183
-0.000183
-0.000347
-0.000347
-0.000183
-1.9e-05
-0.000183
-1.9e-05
-1.9e-05
-0.000183
-0.000183
-0.000183
-0.000183
-0.000183
-0.000183
-0.000347
-0.000183
-0.000183
-1.9e-05
-1.9e-05
-0.000183
-0.000347
-0.000347
-0.000347
-0.000347
-0.000347
-0.000183
-0.000183
-0.000183
0.000146
-0.000183
-0.000183
-0.000347
-0.000183
-0.000512
-0.000347
-0.000512
-0.000183
-0.000183
-1.9e-05
-0.000183
-1.9e-05
-0.000183
-0.000183
-0.000347
-0.000183
-0.000512
-0.000183
-0.000347
-0.000183
-0.000183
-0.000183
-0.000183
-0.000183
-0.000347
-0.000347
-0.000183
-0.000183
-0.000347
-0.000183
-1.9e-05
-1.9e-05
-1.9e-05
0.000146
-0.000183
-1.9e-05
-0.000347
-0.000347
-0.000512
-0.000183
-0.000347
-1.9e-05
-0.000183
-1.9e-05
-1.9e-05
-0.000183
-0.000347
-0.000512
-0.000183
-0.000183
-0.000183
-1.9e-05
-1.9e-05
-0.000183
-1.9e-05
-1.9e-05
-0.000183
-0.000183
-0.000183
-0.000512
-0.001169
0.000474
-0.000183
-0.000347
0.000803
0.001132
-1.9e-05
0.000474
-0.000347
-0.000347
0.001132
-0.000512
0.000474
-0.000347
0.000474
-0.000512
0.000146
0.000146
-0.000183
-0.000183
0.000639
-0.000676
-0.000347
0.000967
0.001132
0.003597
0.000474
0.002282
0.000639
0.002447
0.001296
0.002775
0.00409
0.00146
0.003597
0.000639
-0.000347
-1.9e-05
-1.9e-05
-1.9e-05
-0.000512
-0.000183
-0.000183
-0.000512
-0.000512
-0.000347
-1.9e-05
-1.9e-05
-0.000183
-0.000183
0.002611
0.001296
0.000639
0.003104
0.002118
0.001296
0.001954
0.000474
0.00031
0.000639
0.000146
0.000803
-1.9e-05
0.000474
0.00031
-0.000347
-0.000347
0.000639
-1.9e-05
0.000146
0.000639
0.000639
0.000474
-1.9e-05
-0.000512
-0.000347
-1.9e-05
-0.000512
-0.000183
-0.000183
-1.9e-05
0.000639
0.002118
0.00031
0.000474
0.001789
0.000639
0.001954
-0.001991
0.003104
-0.000512
0.000474
-0.001169
0.00031
-0.000183
0.00031
0.000803
-0.000183
-0.001498
-0.000347
-0.000512
-1.9e-05
-1.9e-05
-1.9e-05
-1.9e-05
0.000146
-0.000183
-0.000183
-0.000347
-0.000347
-0.000347
-0.000183
0.000474
0.000146
0.000146
-0.000183
-1.9e-05
-0.000183
-0.000347
-0.000347
-0.000183
-0.000347
-0.000183
-0.000347
-1.9e-05
-1.9e-05
-1.9e-05
-1.9e-05
-1.9e-05
-0.000347
-0.000183
0.000474
-0.000183
-0.000183
-0.000183
0.000146
-0.000183
-0.000183
-0.000183
0.000146
-0.000512
-0.001005
0.00031
-0.000841
-0.000676
-1.9e-05
-0.000183
-0.000512
-1.9e-05
-0.000347
-0.000183
-1.9e-05
-1.9e-05
-0.000183
-0.000347
0.000146
0.000146
-0.000183
-0.000183
-0.000183
-0.000347
0.000146
-0.000676
-0.000183
-0.000347
-0.000512
-0.000183
0.000474
-0.001498
-1.9e-05
0.001296
-0.000347
0.001132
0.000146
-1.9e-05
-0.000512
-0.000512
-0.001334
0.000639
-0.000183
-1.9e-05
-0.000347
0.00031
-0.000512
0.000146
-0.000183
-0.000347
0.000146
0.001954
-0.000183
-0.001005
-0.000183
0.000146
0.000146
-0.000347
0.00031
-1.9e-05
-1.9e-05
-0.000512
0.003104
0.000967
-1.9e-05
-0.000347
0.00031
0.000474
-0.001005
0.000803
-0.000183
-0.000347
-0.000183
-0.002977
-0.000183
-0.000183
0.000967
0.00031
-0.000183
-1.9e-05
0.000803
0.000639
-0.000347
-0.000183
-0.001169
-0.000183
-0.000183
-0.000347
-0.000183
-0.000183
-0.000676
-0.000183
-0.000347
-0.000512
-0.000347
-0.000676
-0.000512
-0.000183
-0.000183
-0.000183
-0.000183
-0.000347
-0.000347
-0.000347
-0.000347
-0.000183
-0.000183
-0.000347
-0.000347
-0.000676
-0.000183
-1.9e-05
-0.000347
-0.000183
-0.000347
-0.000676
-0.000347
0.00031
-0.000512
-0.000512
-1.9e-05
-0.000183
-0.000183
0.000146
-0.000183
-0.000347
-0.000347
-0.000676
-0.000512
-0.000676
-0.000183
0.000146
-1.9e-05
-1.9e-05
-1.9e-05
-0.000183
-0.000183
-0.000347
-0.000512
-0.000512
-0.000512
-0.000183
-0.000183
-0.000347
-1.9e-05
-1.9e-05
-0.000347
-0.000183
-0.000183
-0.000183
-0.000183
-0.000347
-0.000183
-0.000347
-0.000183
-1.9e-05
-1.9e-05
-0.000183
-0.000347
-0.000512
-0.000347
-0.000347
-0.000512
-0.000183
-0.000512
-0.000183
0.000474
-1.9e-05
-0.000183
0.000146
-0.000512
-0.000347
-0.000512
-0.000512
-0.000347
-0.000183
-0.000183
-0.000347
-1.9e-05
-0.000183
-1.9e-05
-0.000512
-0.000512
-0.000183
-0.000512
-0.000347
-0.000183
-1.9e-05
-0.000183
-0.000183
-1.9e-05
-0.000347
-0.000347
-0.000183
-0.000347
-0.000512
-0.000347
-0.000183
-0.000347
-0.000347
-0.000183
-1.9e-05
-0.000347
-0.000347
-0.000347
-0.000512
-0.000347
-1.9e-05
-0.000347
-0.000183
-0.000183
-0.000183
-0.000183
-0.000347
-0.000347
-0.000512
-0.000347
-0.000347
-1.9e-05
-0.000183
-0.000183
-0.000183
-0.000183
-0.000347
-0.000347
-0.000347
-0.000183
-0.000347
-0.000512
-0.000183
-0.000183
-0.000347
-0.000183
-1.9e-05
-0.000183
-0.000347
-0.000347
-0.000512
-0.000512
-0.000347
-0.000183
-0.000347
-0.000183
-1.9e-05
-1.9e-05
-0.000347
-0.000347
-0.000512
-0.000512
-0.000841
-0.000512
-0.000183
-1.9e-05
-0.000183
-0.000183
0.000146
-0.000183
-0.000183
-0.000347
-0.000183
-0.000347
-0.000676
-0.000183
-0.000183
-0.000512
-0.000347
0.000146
-1.9e-05
-0.000512
-0.000512
-0.000512
-0.000347
-0.000512
-1.9e-05
-0.000347
-0.000183
-1.9e-05
-0.000183
-1.9e-05
-0.000347
-0.000512
-0.000512
-0.000512
-0.000347
-0.000512
-1.9e-05
-0.000347
0.000146
-1.9e-05
-0.000347
-0.000183
-0.000347
-0.000512
-0.000512
-0.000347
-0.000183
-0.000347
-0.000183
-0.000183
-0.000183
-0.000183
-0.000347
-0.000347
-0.000676
-0.000512
-0.000347
-0.000183
-0.000183
-0.000183
-1.9e-05
-1.9e-05
-0.000347
-0.000183
-0.000347
-0.000347
-0.000347
-0.000347
-0.000347
-0.000183
-0.000183
-0.000183
-0.000512
-0.000183
-0.000347
-0.000512
-0.000347
-0.000676
-0.000347
-0.000347
-0.000347
-1.9e-05
-1.9e-05
-0.000183
-0.000183
-0.000347
-0.000347
-0.000347
-0.000347
-0.000512
-0.000183
-0.000183
-1.9e-05
-0.000183
-0.000183
-0.000183
-0.000183
-0.000347
-0.000512
-0.000183
-0.000347
-0.000183
-1.9e-05
-0.000183
-0.000347
-0.000183
-0.000512
-0.000183
-0.000183
-0.000347
-0.000347
-0.000347
-0.000183
-0.000347
-0.000183
-0.000183
-0.000183
-0.000183
-0.000183
-0.000512
-0.000347
-0.000347
-0.000512
-0.000347
-0.000347
-0.000347
-1.9e-05
-1.9e-05
-0.000183
-0.000183
-0.000347
-0.000183
-0.000512
-0.000347
-0.000183
-0.000183
-0.000183
-0.000347
-0.000347
-1.9e-05
-0.000183
-0.000512
-0.000347
-0.000347
0.000146
-0.000183
-0.000183
-1.9e-05
-0.000183
-1.9e-05
-1.9e-05
-0.000347
-0.000512
-0.000347
-0.000512
-0.000183
-0.000347
-1.9e-05
-0.000183
-0.000347
-1.9e-05
-0.000183
-0.000183
-0.000347
-0.000512
-0.000512
-0.001005
-0.000347
-0.000183
-0.000183
-0.000183
-1.9e-05
-0.000183
-0.000183
-0.000512
-0.000183
-0.000512
-0.000512
-0.000347
-0.000347
-1.9e-05
-0.000183
-0.000183
-0.000183
-0.000183
-0.000183
-0.000347
-0.000512
-0.000347
-0.000347
-0.000183
-1.9e-05
-0.000183
0.000146
-0.000183
-0.000183
-0.000183
-0.000183
-0.000512
-0.000183
-0.000183
-0.000183
-0.000183
-0.000183
-1.9e-05
-0.000347
-0.000347
-0.000183
-0.000512
-0.000183
-0.000512
-0.000512
-1.9e-05
-0.000183
-0.000183
0.000146
-1.9e-05
-0.000183
-0.000347
-0.000347
-0.000512
-0.000347
-0.000183
-0.000183
-1.9e-05
-0.000183
-0.000347
-0.000183
-0.000183
-0.000183
-1.9e-05
-1.9e-05
-0.000347
-0.000347
-0.000183
0.000146
-1.9e-05
-1.9e-05
-1.9e-05
-1.9e-05
-0.000183
-0.000512
-0.000512
-0.000512
-0.000347
-0.000183
-0.000183
-0.000183
-1.9e-05
-1.9e-05
-1.9e-05
-0.000347
-0.000183
-0.000183
-0.000183
-0.000183
-0.000183
-1.9e-05
-0.000183
-1.9e-05
-1.9e-05
-0.000347
-0.000347
-0.000347
-0.000512
-0.000183
-0.000347
-0.000183
-0.000183
-0.000183
-0.000183
-1.9e-05
-0.000183
-0.000347
-0.000183
-0.000347
-0.000512
-0.000183
-0.000183
-1.9e-05
-1.9e-05
-1.9e-05
-0.000183
-0.000183
-0.000512
-0.000347
-0.000347
-0.000347
-0.000512
-0.000183
-0.000183
-1.9e-05
-0.000183
-1.9e-05
-0.000183
-0.000183
-0.000347
-0.000347
-0.000183
-0.000183
-1.9e-05
-0.000183
-0.000512
0.00031
0.000146
-1.9e-05
-0.000347
-0.000183
0.00031
-0.000676
-1.9e-05
-0.000183
0.000146
-0.000183
-0.000183
-0.000183
-1.9e-05
-0.000347
-0.000183
-0.000183
-0.000183
0.00031
-1.9e-05
-1.9e-05
-0.000183
0.000146
-0.000183
0.000146
-0.000347
-1.9e-05
-0.000183
-0.000512
-0.000347
-1.9e-05
0.000146
0.000474
0.00031
-1.9e-05
0.000146
-0.000512
-1.9e-05
-0.000183
-0.000183
-0.000347
-0.000183
-0.000183
-0.000347
-1.9e-05
-1.9e-05
-1.9e-05
-0.000183
-0.000183
-0.000347
-0.000183
-0.000347
-1.9e-05
-1.9e-05
-1.9e-05
-0.000347
-1.9e-05
-1.9e-05
-0.000347
-0.000347
-0.000183
-0.000512
-1.9e-05
-0.000347
-0.000183
0.000146
-1.9e-05
-1.9e-05
-1.9e-05
-0.000183
-0.000512
-1.9e-05
-0.000347
-0.000347
-0.000183
-0.000183
-0.000183
-1.9e-05
-0.000183
-0.000183
-0.000183
-0.000183
-1.9e-05
-0.000512
-0.000347
-0.000183
-0.000183
-1.9e-05
-1.9e-05
-0.000183
-1.9e-05
-0.000183
-0.000347
-0.000347
-0.000512
-0.000183
-0.000183
-1.9e-05
-1.9e-05
-0.000183
-0.000183
-0.000183
-0.000183
-0.000347
-0.000347
-0.000183
-0.000347
-0.000183
-0.000183
-0.000347
-0.000183
-1.9e-05
-0.000183
-0.000183
-0.000183
-0.000183
-0.000347
-0.000512
-0.000183
-1.9e-05
-1.9e-05
-0.000183
-0.000183
-1.9e-05
-0.000347
-0.000183
-0.000183
-0.000512
-0.000183
-0.000512
-0.000183
-1.9e-05
-0.000347
-0.000183
-0.000183
-0.000347
-0.000347
-0.000512
-0.000183
-0.000347
-0.000183
-0.000183
-0.000183
-1.9e-05
-1.9e-05
-0.000183
-0.000347
-0.000512
-0.000347
-0.000347
-0.000183
-0.000183
0.000146
-1.9e-05
-1.9e-05
-0.000183
-0.000183
-0.000183
-0.000183
-0.000183
-0.000347
-0.000512
-0.000347
-1.9e-05
-1.9e-05
-0.000183
-0.000183
-0.000183
-0.000347
-0.000183
-0.000183
-0.000183
-0.000183
-0.000183
-0.000183
-1.9e-05
-0.000183
-1.9e-05
-0.000183
-0.000347
-1.9e-05
-0.000512
-0.000183
-0.000183
-0.000183
-1.9e-05
-0.000183
-0.000183
-1.9e-05
-1.9e-05
-0.000183
-0.000183
-0.000183
-0.000347
-0.000347
-0.000183
-0.000183
-1.9e-05
-1.9e-05
-1.9e-05
-0.000183
-1.9e-05
-0.000347
-0.000347
-0.000512
-0.000512
-0.000347
-0.000183
-0.000347
-0.000183
-0.000183
-1.9e-05
-0.000183
-0.000183
-0.000183
-0.000347
-0.000512
-0.000183
-1.9e-05
-0.000183
0.000146
-0.000183
0.000146
-0.000183
-0.000183
-0.000183
-1.9e-05
-0.000183
-0.000183
-0.000183
-0.000183
-0.000347
-1.9e-05
-0.000183
-0.000183
-0.000347
-0.000183
-0.000347
-0.000183
-0.000183
-0.000183
-0.000183
-0.000183
0.000146
-0.000183
-0.000183
-0.000183
-0.000183
-0.000347
-0.000347
-0.000347
-1.9e-05
-0.000183
-0.000183
-0.000183
-1.9e-05
-1.9e-05
-0.000183
-0.000347
-0.000183
-0.000183
-0.000347
-0.000183
-0.000183
-0.000183
-1.9e-05
-1.9e-05
-1.9e-05
-0.000512
-1.9e-05
-0.000183
-0.000347
-0.000347
-0.000183
-0.000183
0.000146
-1.9e-05
-1.9e-05
-0.000183
-0.000183
-0.000183
-0.000347
-0.000347
-0.000347
-0.000183
-0.000183
-0.000183
-0.000347
-1.9e-05
-1.9e-05
-0.000347
-0.000183
-0.000183
-0.000512
-0.000183
-1.9e-05
-0.000347
-1.9e-05
-0.000183
-1.9e-05
-0.000347
-0.000183
-0.000183
-0.000183
-0.000347
-0.000183
-1.9e-05
-0.000183
-1.9e-05
-1.9e-05
-0.000183
-0.000183
-0.000347
-0.000512
-0.000347
-0.000512
-0.000347
-1.9e-05
-0.000183
-0.000183
-0.000183
-0.000347
0.000146
-0.000183
-0.000183
-0.000183
-0.000183
-0.000347
-0.000183
-0.000183
-0.000183
-1.9e-05
-0.000183
-0.000347
-0.000183
-0.000347
-0.000183
-0.000512
-0.000183
-0.000183
-0.000183
-0.000183
-0.000183
-0.000183
-0.000183
-0.000183
-0.000347
-0.000183
-0.000347
-0.000183
-0.000183
-1.9e-05
-0.000183
-1.9e-05
-1.9e-05
-1.9e-05
-0.000183
-0.000512
-0.000183
-0.000347
-0.000183
-0.000183
-0.000183
-1.9e-05
-1.9e-05
-1.9e-05
-1.9e-05
-1.9e-05
-0.000347
-0.000512
-0.000183
-0.000347
-0.000183
-0.000183
-0.000183
-0.000183
-0.000183
-1.9e-05
-0.000347
-0.000347
-0.000183
-0.000347
-0.000347
-0.000183
-0.000183
-0.000183
-1.9e-05
-1.9e-05
-0.000183
-0.000183
-0.000347
-0.000347
-0.000512
-0.000347
-0.000183
0.000146
-0.000183
-1.9e-05
-0.000183
-0.000183
-0.000183
-0.000183
-0.000347
-0.000347
-0.000676
-0.000347
-1.9e-05
-1.9e-05
-0.000183
-0.000183
0.00031
-0.001498
-0.000841
-1.9e-05
0.000146
0.00031
0.000146
0.000146
0.00031
-0.000512
-1.9e-05
0.00031
-0.000347
0.00031
-0.000183
-0.000183
-0.001169
0.000146
-0.000347
-0.000183
0.000146
-1.9e-05
-0.000183
0.00031
-0.000347
-0.000347
-0.000183
-0.000347
-0.000183
-0.000347
-0.000183
-1.9e-05
-0.000183
-0.000183
-1.9e-05
-0.000347
-0.000183
-0.000183
-0.000347
-0.000512
-0.000512
-1.9e-05
0.000803
0.001296
-1.9e-05
0.000639
0.000146
0.000146
-0.000183
0.003104
0.00031
-0.000841
-0.001005
0.00031
0.00031
-0.000512
0.00031
0.00146
0.00031
-0.001991
-0.002648
0.000146
-1.9e-05
0.000474
-0.000183
-0.000183
-0.000183
-0.000183
-0.000347
-0.000347
-0.000512
-0.000347
-0.000347
-0.000183
-0.000183
-0.000347
-1.9e-05
-0.000347
-0.000183
-0.000183
-0.000183
-0.000347
-0.000512
-0.000347
-0.000183
-1.9e-05
-0.000347
-0.000183
-1.9e-05
-0.000183
-0.000183
-0.000347
-0.000512
-1.9e-05
-0.000347
-0.000183
-1.9e-05
-0.000347
-1.9e-05
-0.000183
-0.000347
-0.000347
-0.000183
-0.000676
-0.000347
-0.000347
-0.000183
-0.000183
-0.000183
-1.9e-05
-1.9e-05
-1.9e-05
-0.000347
-0.000347
-0.000183
-0.000183
-0.000183
-0.000183
-1.9e-05
-0.000183
-1.9e-05
-0.000347
-0.000183
-0.000183
-0.000183
-0.000183
-0.000183
-1.9e-05
-0.000347
-1.9e-05
-0.000183
-0.000183
0.000146
-0.000183
-0.000183
-0.000676
-0.000512
-0.000183
-0.000347
-0.000183
-1.9e-05
-0.000183
-1.9e-05
-0.000183
-0.000183
-0.000183
-0.000347
-0.000183
-0.000512
-0.000183
-0.000183
-0.000183
0.000146
-1.9e-05
-1.9e-05
-0.000183
-0.000347
-0.000183
-0.000347
-0.000512
-0.000347
-0.000183
-0.000183
-0.000183
-1.9e-05
0.000146
-0.000183
-0.000347
-0.000347
-0.000347
-0.000512
-0.000512
-1.9e-05
-1.9e-05
-0.000183
-0.000183
-1.9e-05
-0.000183
-0.000183
-0.000347
-0.000183
-0.000347
-0.000183
-0.000183
-0.000347
-1.9e-05
-1.9e-05
-1.9e-05
-1.9e-05
-0.000347
-0.000183
-0.000347
-0.000347
-0.000183
-0.000183
-0.000347
-0.000183
-1.9e-05
-1.9e-05
-0.000183
-0.000347
-0.000183
-0.000183
-0.000512
-0.000183
-1.9e-05
-0.000183
-1.9e-05
-1.9e-05
-1.9e-05
-1.9e-05
-0.000347
-0.000347
-0.000512
-0.000347
-0.000183
-0.000183
-0.000183
-0.000183
-0.000183
-0.000183
-0.000347
-0.000183
-0.000183
-0.000512
-0.000183
-0.000183
-0.000347
-0.000183
-0.000512
-0.000183
-1.9e-05
-0.000183
-0.000512
-0.000347
-0.000183
-0.000512
-0.000183
-0.000183
-0.000183
-0.000183
-1.9e-05
0.000146
-1.9e-05
-0.000183
-0.000347
-0.000183
-0.000347
-0.000512
-0.000183
-0.000347
-0.000183
0.000146
-1.9e-05
-1.9e-05
-0.000347
-1.9e-05
-0.000347
-0.000676
-0.000841
-1.9e-05
-0.000183
-1.9e-05
-1.9e-05
-1.9e-05
0.000146
-0.000347
-0.000347
-0.000347
-0.000183
-0.000347
-0.000183
-0.000183
-0.000183
-0.000183
-0.000183
-1.9e-05
-0.000183
-0.000512
-0.000347
-0.000347
-0.000512
-0.000183
-0.000183
0.000146
-1.9e-05
-0.000183
-0.000347
-0.000183
-0.000183
-0.000183
-0.000512
-1.9e-05
-0.000512
-0.000183
-0.000183
-1.9e-05
-0.000183
-0.000347
0.000146
-0.000183
-0.000183
-0.000183
-0.000183
-0.000347
-0.000183
-0.000183
-0.000183
-1.9e-05
-0.000183
-1.9e-05
-0.000347
-0.000347
-0.000347
-0.000512
-1.9e-05
-1.9e-05
-0.000183
-0.000183
-0.000183
0.000146
-0.000512
-0.000183
-0.000347
-0.000347
-0.000512
-0.000183
-1.9e-05
-1.9e-05
-1.9e-05
-1.9e-05
-1.9e-05
-0.000183
-0.000347
-0.000347
-0.000183
-0.000183
-0.000183
-0.000183
-1.9e-05
-1.9e-05
-1.9e-05
-0.000183
-0.000347
-0.000183
-0.000183
-0.000347
-0.000183
-0.000183
-1.9e-05
-1.9e-05
-0.000183
-0.000183
-0.000183
-0.000183
-0.000347
-0.000512
-0.000183
-0.000347
-0.000183
-0.000183
-0.000183
-0.000183
-0.000183
-1.9e-05
-0.000183
-0.000183
-0.000347
-0.000183
-0.000347
-0.000183
-0.000347
-0.000183
-1.9e-05
-0.000183
-0.000183
-0.000183
-0.000512
-0.000183
-0.000347
-0.000347
-0.000183
-0.000347
-0.000183
-0.000183
-0.000183
-1.9e-05
-0.000347
-0.000183
-0.000183
-0.000183
-0.000512
-1.9e-05
-1.9e-05
-1.9e-05
-0.000183
-0.000183
-0.000183
-0.000183
-0.000347
-0.000183
-0.000347
-0.000512
-0.000183
-0.000183
0.000146
-1.9e-05
-1.9e-05
-1.9e-05
-0.000347
-0.000347
-0.000183
-0.000347
-0.000183
-0.000183
-1.9e-05
-0.000183
-0.000183
-0.000183
-0.000183
-0.000347
-0.000183
-0.000347
-0.000347
-0.000512
-0.000183
-0.000183
-0.000183
-0.000347
-1.9e-05
-0.000183
-0.000183
-0.000347
-0.000183
-0.000512
-0.000676
-0.000183
-0.000183
-1.9e-05
-0.000347
-1.9e-05
-0.000183
-0.000183
-0.000183
-0.000183
-0.000183
-0.000512
-0.000512
-0.000183
-0.000183
-0.000183
-0.000183
-0.000183
-0.000347
-0.000183
-0.000347
