Ladekurvenmessung

Zeit: 2018_05_02 15.12.15

Info: FVA3, v = 0.1074, T = 40, F = 20, h = 95.8

Ladewiderstand[Ohm]: 1012700

Störkapazität[nF]: 0.000000

Entladezeit[ms]: 100

Abtastrate[Hz]: 250000

Anzahl der Messwerte: 2500

Verzögerung [ms]: 1


Kurve 1

0.00287
0.002969
0.003101
0.002278
0.003923
0.00241
0.005371
0.004877
0.006095
0.00616
0.005963
0.000568
0.000995
8e-06
0.001686
-0.000387
0.000436
-2.5e-05
-0.000123
-0.000321
-0.001439
0.001785
-0.00338
0.002081
-0.000683
0.001686
0.001094
0.003134
0.002607
0.004779
0.00139
0.002509
0.002739
0.000929
0.001127
-0.002459
0.001752
0.001818
0.002903
0.000436
0.003199
-0.001439
0.000271
7.4e-05
0.000239
0.00037
0.000271
0.001193
0.002541
0.003627
0.00139
0.001686
0.002278
0.0006
0.000568
0.001982
-0.000354
0.005272
0.002541
-0.004334
0.00241
0.002739
0.003068
0.003298
0.002739
0.004844
0.004548
0.003364
-0.001077
-0.000189
0.000962
4.1e-05
-0.000979
-0.001341
0.000403
7.4e-05
0.003561
0.000337
0.001653
0.000304
0.002772
0.000995
0.002476
0.003693
0.002706
0.000469
7.4e-05
0.002673
0.000107
0.000666
-0.000452
0.000699
-0.000551
-0.000847
-0.002426
0.003101
-0.000452
-0.000913
4.1e-05
0.002311
0.00389
0.000337
0.001554
0.000995
0.000929
0.000897
-0.000847
0.000107
4.1e-05
0.000107
0.000173
0.000568
-0.001045
0.001489
0.002212
0.001423
-0.000584
-0.001834
-0.005946
0.00468
-0.000255
0.000798
0.002147
0.001916
0.001127
0.001456
0.001423
0.003528
0.001324
0.001752
0.003627
0.004121
0.002936
0.003101
0.005272
0.002048
0.002476
8e-06
-9e-05
-0.000189
-0.000288
-2.5e-05
0.000271
-2.5e-05
7.4e-05
8e-06
0.000107
-5.8e-05
4.1e-05
-9e-05
0.000304
0.000271
-0.000189
0.00264
0.000239
0.001949
-0.000683
0.000239
-0.000222
-2.5e-05
-0.000123
-2.5e-05
0.000304
0.000239
0.000337
-0.000255
0.000239
0.000304
0.000995
0.00014
-0.000222
-9e-05
4.1e-05
-9e-05
4.1e-05
0.00014
0.000107
0.000107
0.000173
4.1e-05
4.1e-05
-9e-05
8e-06
4.1e-05
-2.5e-05
4.1e-05
8e-06
0.00014
0.00014
0.000107
4.1e-05
8e-06
-5.8e-05
-0.000156
-0.000123
-5.8e-05
4.1e-05
7.4e-05
7.4e-05
0.000173
0.000107
0.00014
4.1e-05
-9e-05
8e-06
-0.000123
-0.000156
-0.000189
0.002212
-0.000354
0.000897
0.000502
-0.001176
0.001752
0.000107
0.001258
-0.000222
0.000633
0.001719
0.001785
-0.002163
0.00014
0.00037
0.000304
-5.8e-05
8e-06
-0.000156
8e-06
-0.000189
0.00014
0.000173
0.00014
0.000107
0.000271
0.000469
0.000403
-5.8e-05
-9e-05
0.000436
-0.000551
0.000173
-2.5e-05
0.000107
8e-06
0.000107
-2.5e-05
-2.5e-05
-2.5e-05
-5.8e-05
-9e-05
-2.5e-05
0.000107
0.000107
0.000173
-2.5e-05
0.000271
0.00014
0.00014
-2.5e-05
-0.000123
-9e-05
-0.000123
4.1e-05
7.4e-05
0.000107
0.000239
0.000107
0.00014
8e-06
8e-06
-9e-05
-9e-05
0.000337
-5.8e-05
0.000107
4.1e-05
7.4e-05
0.000206
0.000107
4.1e-05
-5.8e-05
-5.8e-05
-9e-05
-0.000288
-2.5e-05
0.000107
7.4e-05
0.00014
0.000107
0.000107
8e-06
0.000107
-5.8e-05
-0.000156
-0.000123
4.1e-05
-9e-05
0.000107
0.000107
0.000173
0.00014
-2.5e-05
8e-06
-9e-05
-9e-05
-9e-05
-9e-05
4.1e-05
7.4e-05
7.4e-05
0.000107
0.000107
4.1e-05
-2.5e-05
-2.5e-05
-0.000123
-2.5e-05
-5.8e-05
7.4e-05
0.000107
4.1e-05
0.000173
0.000173
8e-06
8e-06
-2.5e-05
-9e-05
-2.5e-05
-5.8e-05
0.000107
0.000107
0.000206
8e-06
0.000337
0.000206
4.1e-05
8e-06
-2.5e-05
-9e-05
-9e-05
7.4e-05
4.1e-05
7.4e-05
7.4e-05
0.00014
4.1e-05
-9e-05
-5.8e-05
-0.000156
-9e-05
-2.5e-05
0.000107
7.4e-05
7.4e-05
0.000173
0.00014
4.1e-05
8e-06
-9e-05
-5.8e-05
-9e-05
-5.8e-05
4.1e-05
4.1e-05
0.000107
0.00014
0.000107
7.4e-05
-2.5e-05
-2.5e-05
-9e-05
-9e-05
-5.8e-05
8e-06
0.000107
0.000107
0.000107
0.000173
7.4e-05
8e-06
-9e-05
-9e-05
-9e-05
-2.5e-05
-2.5e-05
0.000107
0.000107
0.000107
0.000107
0.000107
-2.5e-05
-5.8e-05
-5.8e-05
-9e-05
-2.5e-05
8e-06
7.4e-05
0.000107
7.4e-05
0.000107
0.000107
-9e-05
8e-06
-9e-05
-5.8e-05
-0.000123
-2.5e-05
0.000107
0.000107
0.000107
0.00014
7.4e-05
7.4e-05
-5.8e-05
-5.8e-05
-0.000123
-9e-05
4.1e-05
4.1e-05
0.00014
7.4e-05
0.00014
7.4e-05
8e-06
-5.8e-05
-9e-05
-9e-05
-9e-05
8e-06
7.4e-05
4.1e-05
0.00014
0.000107
7.4e-05
8e-06
-9e-05
-9e-05
-9e-05
4.1e-05
8e-06
7.4e-05
0.000107
0.00014
0.000107
0.00014
8e-06
-5.8e-05
-2.5e-05
-9e-05
-0.000156
8e-06
8e-06
0.000107
7.4e-05
0.00014
0.000107
4.1e-05
-2.5e-05
-5.8e-05
-9e-05
-0.000123
-5.8e-05
0.000107
0.000107
0.00014
0.000173
0.000107
4.1e-05
-5.8e-05
-5.8e-05
-9e-05
-0.000156
-2.5e-05
4.1e-05
0.00014
7.4e-05
0.000107
0.000107
8e-06
-2.5e-05
-2.5e-05
-0.000156
-5.8e-05
-5.8e-05
4.1e-05
7.4e-05
0.000107
0.000173
4.1e-05
8e-06
-5.8e-05
-9e-05
-9e-05
-0.000123
-5.8e-05
4.1e-05
4.1e-05
0.00014
0.00014
0.000107
7.4e-05
-2.5e-05
-5.8e-05
-0.000123
-2.5e-05
-5.8e-05
7.4e-05
0.000107
7.4e-05
0.000107
0.00014
7.4e-05
8e-06
-9e-05
-9e-05
-2.5e-05
-5.8e-05
-2.5e-05
7.4e-05
0.000107
0.000107
0.00014
0.000107
-2.5e-05
-9e-05
-5.8e-05
-0.000123
-5.8e-05
7.4e-05
0.000107
0.000107
0.000107
0.000173
4.1e-05
-2.5e-05
-5.8e-05
-9e-05
-9e-05
-0.000123
4.1e-05
4.1e-05
7.4e-05
0.000107
0.000107
7.4e-05
-2.5e-05
8e-06
-5.8e-05
-0.000123
-5.8e-05
8e-06
8e-06
0.00014
4.1e-05
0.00014
0.000107
-9e-05
-5.8e-05
-9e-05
-2.5e-05
-2.5e-05
8e-06
7.4e-05
0.000107
0.00014
0.000107
4.1e-05
-2.5e-05
-5.8e-05
-0.000156
8e-06
-5.8e-05
7.4e-05
8e-06
7.4e-05
0.00014
0.000107
0.000107
-2.5e-05
-2.5e-05
-5.8e-05
-5.8e-05
-5.8e-05
8e-06
4.1e-05
0.000107
0.000107
0.000173
7.4e-05
4.1e-05
-5.8e-05
-0.000123
-5.8e-05
-0.000123
4.1e-05
7.4e-05
0.000107
0.000107
0.00014
0.000107
8e-06
-9e-05
-5.8e-05
-0.000123
7.4e-05
8e-06
4.1e-05
0.000107
0.000107
7.4e-05
7.4e-05
8e-06
-5.8e-05
-9e-05
-5.8e-05
-0.000189
-9e-05
4.1e-05
7.4e-05
0.00014
0.00014
0.000107
4.1e-05
-2.5e-05
-5.8e-05
-5.8e-05
-0.000123
8e-06
4.1e-05
0.000107
7.4e-05
0.00014
0.00014
8e-06
-9e-05
-2.5e-05
-9e-05
-9e-05
-9e-05
4.1e-05
0.000107
0.000107
0.00014
0.000107
7.4e-05
-5.8e-05
-9e-05
-9e-05
-0.000123
-2.5e-05
0.000107
7.4e-05
0.000107
0.000107
0.000107
4.1e-05
-5.8e-05
-2.5e-05
-9e-05
-5.8e-05
-5.8e-05
8e-06
0.000107
0.000107
0.000107
7.4e-05
7.4e-05
-2.5e-05
-5.8e-05
-9e-05
-0.000123
-5.8e-05
8e-06
4.1e-05
0.000107
0.000107
0.000107
0.000107
-2.5e-05
-2.5e-05
-9e-05
-0.000123
8e-06
8e-06
7.4e-05
0.000107
0.000107
0.000173
7.4e-05
-5.8e-05
-5.8e-05
-0.000156
-5.8e-05
-9e-05
4.1e-05
4.1e-05
0.000107
0.00014
0.000107
4.1e-05
-5.8e-05
-9e-05
-5.8e-05
-0.000123
-5.8e-05
4.1e-05
0.000107
0.000173
0.000107
0.00014
0.000107
-5.8e-05
-5.8e-05
-5.8e-05
-9e-05
8e-06
8e-06
0.000173
0.00014
0.00014
0.000107
7.4e-05
8e-06
-5.8e-05
-5.8e-05
-0.000123
-0.000123
7.4e-05
4.1e-05
7.4e-05
4.1e-05
4.1e-05
4.1e-05
8e-06
-2.5e-05
-9e-05
-9e-05
-0.000156
4.1e-05
0.000107
0.000107
7.4e-05
0.00014
4.1e-05
-2.5e-05
-5.8e-05
-5.8e-05
-9e-05
-0.000156
8e-06
4.1e-05
4.1e-05
0.000107
0.000173
7.4e-05
4.1e-05
-2.5e-05
-9e-05
-5.8e-05
-0.000156
8e-06
8e-06
0.00014
0.00014
0.00014
0.000107
-5.8e-05
-2.5e-05
-5.8e-05
-5.8e-05
0.000239
-5.8e-05
8e-06
7.4e-05
4.1e-05
0.000107
7.4e-05
8e-06
-5.8e-05
-5.8e-05
-9e-05
-0.000222
-2.5e-05
4.1e-05
7.4e-05
0.00014
0.00014
0.000173
4.1e-05
-5.8e-05
8e-06
8e-06
-5.8e-05
4.1e-05
4.1e-05
7.4e-05
0.000107
0.00014
7.4e-05
8e-06
-5.8e-05
-9e-05
-9e-05
-9e-05
-5.8e-05
4.1e-05
4.1e-05
0.00014
0.000107
7.4e-05
8e-06
-9e-05
-2.5e-05
-0.000123
-9e-05
-5.8e-05
8e-06
0.00014
7.4e-05
0.00014
0.00014
4.1e-05
8e-06
-9e-05
-0.000123
-0.000123
-5.8e-05
4.1e-05
0.000107
7.4e-05
0.000107
7.4e-05
0.00014
-5.8e-05
-2.5e-05
-9e-05
-9e-05
-5.8e-05
7.4e-05
7.4e-05
7.4e-05
0.000107
0.00014
7.4e-05
-2.5e-05
-9e-05
-0.000189
-5.8e-05
-9e-05
7.4e-05
0.000107
0.000107
0.00014
0.000107
0.000107
-5.8e-05
-9e-05
-2.5e-05
-9e-05
-2.5e-05
4.1e-05
8e-06
0.00014
4.1e-05
0.00014
7.4e-05
-5.8e-05
-5.8e-05
-0.000123
-5.8e-05
-5.8e-05
4.1e-05
7.4e-05
0.000107
7.4e-05
0.00014
4.1e-05
8e-06
-9e-05
-9e-05
-5.8e-05
-9e-05
8e-06
4.1e-05
7.4e-05
0.00014
0.000107
0.00014
-2.5e-05
-2.5e-05
-9e-05
-0.000123
-9e-05
-2.5e-05
4.1e-05
7.4e-05
7.4e-05
0.00014
0.000107
-5.8e-05
-5.8e-05
-0.000123
-5.8e-05
-0.000156
8e-06
4.1e-05
7.4e-05
0.000107
0.000107
7.4e-05
-2.5e-05
-9e-05
-5.8e-05
-0.000123
-2.5e-05
-2.5e-05
4.1e-05
0.000107
0.000107
0.00014
7.4e-05
-2.5e-05
-2.5e-05
-9e-05
-5.8e-05
-0.000156
8e-06
7.4e-05
7.4e-05
7.4e-05
0.00014
4.1e-05
8e-06
-5.8e-05
-9e-05
-0.000123
4.1e-05
8e-06
8e-06
0.00014
7.4e-05
0.000107
0.000107
-2.5e-05
-5.8e-05
-2.5e-05
-9e-05
-0.000156
-5.8e-05
4.1e-05
7.4e-05
4.1e-05
0.000173
7.4e-05
4.1e-05
-5.8e-05
-9e-05
-2.5e-05
-0.000123
-5.8e-05
8e-06
4.1e-05
0.000107
0.000107
0.000107
8e-06
-9e-05
-5.8e-05
-0.000123
-9e-05
-2.5e-05
-2.5e-05
7.4e-05
7.4e-05
0.000173
4.1e-05
4.1e-05
-2.5e-05
-9e-05
-9e-05
-9e-05
-9e-05
4.1e-05
7.4e-05
4.1e-05
0.00014
7.4e-05
0.000107
-2.5e-05
-9e-05
-9e-05
-9e-05
-2.5e-05
4.1e-05
7.4e-05
0.000107
0.000107
0.000107
8e-06
-2.5e-05
-2.5e-05
-9e-05
-9e-05
-9e-05
8e-06
7.4e-05
4.1e-05
0.000173
8e-06
0.000107
-5.8e-05
-2.5e-05
-0.000123
-9e-05
0.00116
0.002212
0.00037
0.00014
0.000239
8e-06
4.1e-05
-2.5e-05
-2.5e-05
-0.000156
-9e-05
-5.8e-05
4.1e-05
7.4e-05
0.000173
0.000107
0.000173
0.000436
8e-06
-2.5e-05
-0.000189
4.1e-05
-9e-05
7.4e-05
8e-06
7.4e-05
0.00014
0.00014
8e-06
-0.000288
0.000403
-0.000222
0.001916
-0.000584
4.1e-05
0.000502
0.001554
0.000502
0.00218
0.002212
0.001719
0.001291
0.001653
0.001883
0.001028
-2.5e-05
0.000502
0.000206
0.000304
0.000206
0.000173
-2.5e-05
-0.000123
-2.5e-05
8e-06
0.003528
0.001949
0.001028
0.00264
0.001061
0.000502
0.000337
0.000897
-0.000452
0.000173
-0.000452
0.000897
0.000765
-0.001439
0.001719
0.003364
-0.000847
0.001982
0.000502
0.000897
0.000798
0.001818
0.002739
0.000337
-0.000189
0.00014
0.000995
-5.8e-05
0.000929
0.003528
0.001423
-0.00111
0.002245
0.000206
0.001357
0.00139
0.000337
0.001357
-0.000748
0.000666
0.000337
0.000239
-0.000518
0.000929
-0.001571
0.000239
8e-06
0.000502
0.000107
0.00014
0.00014
4.1e-05
-5.8e-05
-9e-05
8e-06
-5.8e-05
-0.001275
7.4e-05
0.000732
-0.000321
0.000206
-0.001735
0.000568
-5.8e-05
0.000436
-0.000321
0.000831
-0.000748
0.000304
0.00116
0.0006
0.000469
-0.000156
-0.000387
0.000173
-9e-05
-2.5e-05
0.000568
0.000107
0.000239
-0.000584
0.000436
0.000107
0.000206
0.000633
0.0006
-0.000189
0.000699
7.4e-05
0.000798
0.0006
-9e-05
0.000436
-0.000189
0.000469
0.000107
0.00037
0.000107
8e-06
-9e-05
0.0006
0.000239
0.000403
0.000206
0.000469
0.00037
0.000239
-5.8e-05
-2.5e-05
-2.5e-05
4.1e-05
-0.000156
-0.000321
0.000206
0.000206
8e-06
-0.000123
0.00014
4.1e-05
8e-06
4.1e-05
-2.5e-05
0.000436
7.4e-05
-9e-05
0.000239
0.000107
0.00037
4.1e-05
-5.8e-05
7.4e-05
-0.000189
-5.8e-05
-0.000156
0.00014
0.00014
0.000403
7.4e-05
0.000173
0.000107
-0.000189
8e-06
-9e-05
-0.000123
4.1e-05
0.000239
-5.8e-05
0.000502
-5.8e-05
0.000107
4.1e-05
0.00014
-9e-05
0.000304
0.000107
0.000239
8e-06
4.1e-05
0.000173
4.1e-05
0.000107
4.1e-05
4.1e-05
-5.8e-05
-2.5e-05
-0.000288
-0.000156
8e-06
7.4e-05
4.1e-05
7.4e-05
0.00014
4.1e-05
4.1e-05
-2.5e-05
-0.000123
-0.000123
-0.000123
-9e-05
7.4e-05
4.1e-05
0.000107
0.000107
7.4e-05
8e-06
-5.8e-05
-2.5e-05
-9e-05
-0.000255
-2.5e-05
0.00014
0.000107
0.00014
4.1e-05
7.4e-05
-9e-05
-2.5e-05
-5.8e-05
-5.8e-05
0.00014
-2.5e-05
0.000107
4.1e-05
7.4e-05
0.00014
0.000107
4.1e-05
-9e-05
-9e-05
8e-06
-0.000321
-2.5e-05
-2.5e-05
0.000239
7.4e-05
0.000107
4.1e-05
8e-06
-5.8e-05
-5.8e-05
-2.5e-05
-5.8e-05
-2.5e-05
4.1e-05
0.00014
8e-06
7.4e-05
7.4e-05
4.1e-05
-9e-05
-0.000123
-0.000123
-5.8e-05
-9e-05
-5.8e-05
4.1e-05
7.4e-05
7.4e-05
0.000107
4.1e-05
8e-06
7.4e-05
-0.000156
0.000107
-0.000123
0.000239
0.000239
0.000239
0.000173
0.000337
0.000271
0.000633
-5.8e-05
-2.5e-05
4.1e-05
-0.000156
0.000271
7.4e-05
0.000173
0.000271
0.000502
0.000304
8e-06
-0.000222
8e-06
-0.000222
-2.5e-05
8e-06
-2.5e-05
0.000173
8e-06
0.000502
4.1e-05
0.000107
-5.8e-05
-5.8e-05
-5.8e-05
0.000864
4.1e-05
0.000403
0.000173
0.0006
0.000633
-2.5e-05
-5.8e-05
-2.5e-05
-9e-05
-5.8e-05
7.4e-05
-0.000683
4.1e-05
7.4e-05
0.000239
0.001719
0.000173
-5.8e-05
-9e-05
-0.000123
0.000304
0.000666
-2.5e-05
-0.000156
0.000173
0.000239
7.4e-05
0.000239
-0.001374
-0.000683
-5.8e-05
8e-06
-2.5e-05
0.00037
0.000173
4.1e-05
0.000173
0.000239
7.4e-05
-9e-05
-9e-05
-9e-05
-5.8e-05
8e-06
0.000107
4.1e-05
7.4e-05
0.000107
0.00014
7.4e-05
0.00014
-2.5e-05
7.4e-05
-9e-05
-0.000189
4.1e-05
8e-06
0.000107
4.1e-05
7.4e-05
8e-06
-5.8e-05
-5.8e-05
-5.8e-05
-0.000123
-0.000123
8e-06
0.000173
0.000107
0.000107
0.00014
0.000107
-2.5e-05
-5.8e-05
-0.000156
-5.8e-05
-0.000123
8e-06
0.000107
8e-06
0.00014
0.000107
0.00014
-2.5e-05
0.00014
-9e-05
-0.000123
0.000107
0.000107
8e-06
-0.000255
0.000107
4.1e-05
0.000107
-5.8e-05
7.4e-05
-0.000123
-9e-05
-0.000255
4.1e-05
4.1e-05
0.000535
0.002541
0.001258
0.0006
4.1e-05
4.1e-05
4.1e-05
0.001193
-9e-05
-0.001275
-0.000781
0.000304
0.001258
7.4e-05
8e-06
4.1e-05
-5.8e-05
4.1e-05
-0.000716
0.000436
-0.001077
0.000403
0.000107
7.4e-05
0.000107
4.1e-05
8e-06
-0.000123
-9e-05
-0.000288
0.000239
0.00014
4.1e-05
4.1e-05
0.000107
0.000239
-0.000189
0.000568
0.001028
0.000107
-0.000123
-9e-05
-2.5e-05
4.1e-05
4.1e-05
4.1e-05
8e-06
0.000107
0.000173
-2.5e-05
-0.000222
-0.000123
-0.000123
-9e-05
4.1e-05
4.1e-05
0.000173
0.000107
0.004252
0.000206
7.4e-05
-0.000123
8e-06
4.1e-05
-9e-05
0.000469
-0.000518
0.000173
0.000304
0.000107
7.4e-05
0.000304
-0.000387
0.000666
-2.5e-05
8e-06
0.001587
0.000469
-2.5e-05
0.000173
-0.000222
8e-06
-0.000485
0.00116
0.000864
0.000436
-2.5e-05
-5.8e-05
0.000666
0.000173
0.000173
0.000502
0.000173
-0.000156
0.000173
-0.000814
0.000403
0.000206
0.000107
0.000107
-0.001176
0.000633
0.000436
0.000403
-0.000847
0.000502
-0.000354
0.002969
-0.022001
0.001587
0.003956
0.003989
0.001587
0.000798
0.002278
0.003002
0.001851
-0.001341
0.003528
0.004943
0.004417
0.001061
0.002476
0.001456
0.001686
0.000502
8e-06
-9e-05
-0.000123
-0.000222
-0.000222
0.000995
4.1e-05
0.000239
0.000535
0.002541
0.000271
0.005206
0.00014
-2.5e-05
0.002607
0.006884
0.003463
0.001653
0.002377
0.000107
4.1e-05
-0.000485
0.006489
0.003265
0.004318
0.003759
0.002311
0.001719
0.007838
0.01228
0.007542
4.1e-05
7.4e-05
4.1e-05
-2.5e-05
8e-06
-0.000189
0.000206
0.001949
0.004219
0.007016
0.01024
0.012082
0.012049
0.014582
0.014122
0.009944
0.009944
0.011687
0.005568
0.007871
0.006851
0.013201
0.012773
0.021656
0.023399
0.028663
0.029223
0.030802
0.019978
0.02307
0.023663
0.012674
0.007871
0.006358
0.009681
0.00797
0.006029
0.002706
0.005601
0.005667
0.00445
0.001719
0.00139
0.001291
0.000469
0.00241
0.004844
0.001982
0.00264
0.000502
0.000304
0.002278
0.000897
0.001883
0.000502
0.004285
0.000239
0.000436
-2.5e-05
-2.5e-05
-0.000255
0.001489
-0.000617
-2.5e-05
-0.001077
0.000699
-0.000584
0.000831
-0.000485
0.000732
0.000864
0.000929
0.002541
0.003857
0.009253
0.006917
0.008628
0.005371
0.011951
0.008529
0.010799
0.011062
0.009286
0.012773
0.008595
0.009779
0.005535
0.00491
0.004746
-2.5e-05
0.00014
0.002476
0.002147
0.005733
0.005798
0.004515
0.003594
0.006193
0.00843
0.006127
0.001094
0.000206
0.006687
0.001916
0.002936
-0.000321
0.006884
0.000897
0.004186
0.002574
0.003561
0.003265
0.005634
0.002114
0.002476
-0.001242
0.001357
0.003134
0.003265
-0.00167
0.000995
0.00014
-2.5e-05
8e-06
-0.000123
-2.5e-05
-0.000814
-0.000123
-0.000288
-5.8e-05
-9e-05
-2.5e-05
4.1e-05
-9e-05
-9e-05
-5.8e-05
-0.000189
-0.000123
-0.000189
-0.000189
-5.8e-05
0.000633
-2.5e-05
-5.8e-05
8e-06
0.000403
-9e-05
-0.000156
-0.000189
-0.000255
-0.000222
-0.000156
4.1e-05
-2.5e-05
0.000107
-2.5e-05
0.000831
0.000699
7.4e-05
0.001193
-0.000189
-0.002393
-0.000156
-5.8e-05
-0.000123
4.1e-05
-0.000551
0.000995
0.002673
0.002245
0.002476
0.003627
0.001916
0.002903
0.007246
0.003331
0.007345
0.007411
0.005766
0.009878
0.006456
0.006226
0.004548
0.008068
0.001423
0.000173
-0.00167
0.003956
0.000107
0.00116
0.003759
0.004285
-0.000156
0.004318
0.000239
0.001324
0.002772
0.000798
0.002278
0.005404
0.011161
0.012806
0.012016
0.005009
0.004417
0.003463
0.006621
0.005733
0.000502
0.001357
0.001719
0.001028
0.002344
0.002048
0.001291
0.00116
4.1e-05
-0.000123
-0.000123
0.001225
-0.001505
0.002936
-0.000354
-5.8e-05
-0.000156
-9e-05
-0.000189
0.000403
0.002607
0.002344
0.004614
0.00014
0.002114
-0.001406
0.000864
-0.000255
0.003167
-0.003018
-0.000452
-0.000387
0.001127
0.000173
0.000173
0.000271
0.003232
7.4e-05
0.001719
0.002212
0.000798
0.000107
0.000239
0.000304
-0.000748
0.001719
0.000568
0.002673
-0.000979
0.001949
0.002114
0.000732
-0.000123
0.001193
0.000765
0.000699
0.000798
0.00037
0.001061
0.001193
0.003002
-0.001571
0.002311
8e-06
0.0006
0.000337
4.1e-05
-2.5e-05
0.000962
0.000436
0.000568
0.001324
0.001851
0.003101
-0.001703
0.003331
0.001489
0.002443
-0.000189
4.1e-05
-5.8e-05
-2.5e-05
-0.000156
-0.000288
-0.000189
-2.5e-05
-0.000387
0.00037
-0.000189
0.000271
0.000337
0.000239
0.000271
-5.8e-05
0.000666
-0.000485
-0.000255
-0.001176
-5.8e-05
-5.8e-05
-0.000288
8e-06
0.000271
-0.000452
0.000502
0.000206
-2.5e-05
-2.5e-05
-0.000584
0.000271
-0.000189
-2.5e-05
-5.8e-05
0.000173
-0.000387
8e-06
-5.8e-05
-0.000288
-0.000222
-0.000123
-0.000189
0.000337
0.000173
0.000239
7.4e-05
-0.000156
-2.5e-05
-0.000156
-0.000288
-0.000222
-0.000452
-0.000387
0.000568
-0.000321
0.000173
8e-06
-0.000123
-0.000156
0.000107
0.000436
-0.000716
0.000107
-9e-05
-5.8e-05
-9e-05
0.000173
-0.000189
4.1e-05
-0.000288
0.000304
-0.000716
0.000206
-0.000288
-0.000222
4.1e-05
0.000206
0.000239
0.00014
4.1e-05
4.1e-05
0.000107
-0.000123
-5.8e-05
-9e-05
-0.000123
-0.000156
0.000107
-0.000189
8e-06
0.000271
0.00037
-0.000189
-0.000387
0.00037
-0.000255
0.000337
-0.000123
0.00014
-0.000189
0.000107
-2.5e-05
-5.8e-05
-9e-05
-0.000123
-0.000222
-0.000189
8e-06
0.000403
-9e-05
0.000732
0.000173
0.00014
-2.5e-05
-2.5e-05
0.000304
-5.8e-05
0.000469
-0.000156
-0.000419
0.000173
-0.000255
-0.000847
-9e-05
0.003298
-0.000321
0.003397
-0.000847
0.001028
0.003134
0.002344
0.002838
0.000436
0.001258
0.002509
0.001719
0.00037
0.00037
0.001522
0.002706
0.00116
0.002311
0.000436
0.001916
0.000502
0.000798
0.001554
0.003759
0.000173
0.003923
0.004088
0.007411
0.003298
0.000502
0.003298
0.001324
0.00116
-0.000123
0.000271
-0.000452
0.000239
-0.000189
4.1e-05
0.001061
0.000107
8e-06
0.000929
0.000929
-0.000321
0.000535
4.1e-05
-9e-05
-9e-05
-0.000354
8e-06
0.000173
-2.5e-05
4.1e-05
0.00014
0.000107
-0.000354
0.000107
8e-06
8e-06
-0.000123
4.1e-05
-2.5e-05
4.1e-05
8e-06
0.00014
-2.5e-05
8e-06
-5.8e-05
-0.000123
0.00014
0.00014
-0.000156
4.1e-05
0.000469
4.1e-05
0.000633
0.000239
0.000107
4.1e-05
8e-06
-0.000189
-0.000551
0.000206
-9e-05
0.00014
4.1e-05
0.000271
0.000107
0.000239
4.1e-05
0.000469
-0.000485
7.4e-05
4.1e-05
0.000633
0.001752
-0.000222
0.000929
-0.000354
-0.000321
-0.000255
0.00014
-0.000189
4.1e-05
-2.5e-05
-0.000156
7.4e-05
0.000337
-0.000255
0.000173
0.000107
0.000239
7.4e-05
-0.000255
-0.000387
0.00014
-9e-05
8e-06
0.00014
0.000107
0.000173
-2.5e-05
8e-06
-9e-05
-9e-05
-0.000123
-2.5e-05
0.000173
0.000206
0.00014
0.000173
0.000173
0.00014
8e-06
-5.8e-05
-0.000156
-9e-05
8e-06
4.1e-05
0.000107
7.4e-05
0.000107
4.1e-05
0.00014
8e-06
-9e-05
-0.000156
-0.000123
4.1e-05
-0.000123
0.000107
-2.5e-05
0.00014
0.000107
4.1e-05
-5.8e-05
-2.5e-05
-9e-05
8e-06
-9e-05
0.000107
0.00014
7.4e-05
0.000173
8e-06
-5.8e-05
8e-06
-5.8e-05
-0.000123
-0.000123
4.1e-05
8e-06
0.00014
4.1e-05
7.4e-05
4.1e-05
-5.8e-05
4.1e-05
-5.8e-05
-5.8e-05
-5.8e-05
-0.000123
4.1e-05
0.00014
0.000107
4.1e-05
0.000173
4.1e-05
4.1e-05
-0.000156
-9e-05
-9e-05
-5.8e-05
7.4e-05
7.4e-05
7.4e-05
0.000107
0.00014
0.000107
4.1e-05
-2.5e-05
-9e-05
-0.000156
-2.5e-05
-2.5e-05
4.1e-05
4.1e-05
0.000107
0.00014
0.000107
4.1e-05
-5.8e-05
-2.5e-05
-5.8e-05
0.00014
-2.5e-05
0.000173
4.1e-05
0.00014
-2.5e-05
-0.000354
-0.000321
-5.8e-05
-0.000617
0.000304
-0.000156
-0.000321
0.000436
0.000173
0.00139
0.000403
0.002377
0.000666
0.005766
0.010766
0.015635
0.020965
0.015569
0.021952
0.023235
0.008825
0.004384
0.012247
0.00139
0.001554
-0.000617
0.001949
-0.005453
0.001028
0.002903
0.004844
0.00445
0.005996
0.005272
-0.000123
0.000436
0.002838
0.000502
-0.000551
-0.000156
0.000107
0.00037
0.000271
4.1e-05
-0.000189
0.000929
0.004614
0.010503
0.006917
0.007608
0.009483
0.014747
0.010865
0.000535
0.001982
0.005634
0.016293
0.011622
0.017412
0.018925
0.018563
0.017083
0.019419
0.00264
0.003364
0.003726
0.010075
0.015866
0.018201
0.024748
0.02692
0.028926
0.032447
0.034026
0.03475
0.037612
0.037151
0.039816
0.041494
0.042185
0.042547
0.042382
0.03929
0.041757
0.04156
0.038961
0.040013
0.039257
0.040737
0.038434
0.042218
0.038533
0.037809
0.033697
0.036131
0.035408
0.036493
0.035473
0.038072
0.038467
0.03623
0.042152
0.039026
0.035605
0.031953
0.035408
0.031098
0.010865
0.012773
0.008924
0.005404
0.003857
0.001949
0.008003
0.002377
7.4e-05
0.00037
8e-06
0.000502
-5.8e-05
0.000206
0.000107
7.4e-05
-5.8e-05
0.00014
-0.000123
-9e-05
-9e-05
0.000107
8e-06
0.000173
0.000107
0.000304
0.00139
0.00037
4.1e-05
-9e-05
-9e-05
-5.8e-05
8e-06
7.4e-05
0.000107
7.4e-05
0.000173
0.000173
0.002607
-0.000156
-0.000123
-5.8e-05
0.000403
0.00014
0.001752
0.003496
0.0006
0.000239
-0.000321
4.1e-05
0.001028
0.002509
0.000502
0.003364
0.000633
0.004285
0.0057
0.00218
0.004647
0.003594
0.008759
0.006456
0.006456
0.002903
0.011556
0.005108
0.010799
0.008299
0.002344
0.004088
0.000271
0.003923
0.009549
0.013694
0.015569
0.021129
0.008365
0.008661
0.006292
0.013431
0.009812
0.007674
0.010931
0.015372
0.014451
0.010503
0.001785
0.00718
0.008496
0.007016
0.004976
-0.001045
0.006785
0.012576
0.014846
0.007213
0.00945
0.008858
0.010569
0.011622
0.015701
0.014484
0.01682
0.016491
0.021886
0.019715
0.020241
0.014813
0.01376
0.015833
0.013234
0.014846
0.014451
0.018629
0.021195
0.018201
0.001489
0.002772
0.002147
0.000798
0.005239
0.001094
-0.000156
0.000239
0.000535
0.00491
0.002838
0.000568
-0.000189
0.00014
0.000239
-0.000156
0.00014
0.000633
0.003792
0.005667
0.001785
0.000107
7.4e-05
-9e-05
-9e-05
-9e-05
-5.8e-05
0.000107
8e-06
0.000107
0.00014
0.00014
7.4e-05
8e-06
-9e-05
4.1e-05
0.001028
0.000271
0.002673
0.000173

Kurve 2

0.000206
7.4e-05
0.000403
-0.000288
0.000765
0.000173
-0.000551
-0.000156
7.4e-05
0.000107
0.000173
0.00037
0.000403
-2.5e-05
0.000173
0.000206
-0.000123
-0.000156
-2.5e-05
8e-06
-0.000288
0.00037
-2.5e-05
0.000206
-2.5e-05
0.000271
8e-06
0.000304
-9e-05
7.4e-05
-0.000452
-0.000617
0.000633
-0.000123
4.1e-05
0.00014
0.000239
-0.000781
0.000337
-0.000156
-9e-05
8e-06
0.000206
-0.000189
-0.000222
0.000304
0.00014
0.000337
-2.5e-05
0.00037
-0.000156
0.000107
-0.000189
-0.000222
-0.000321
0.000502
-0.000222
0.000271
0.000271
-2.5e-05
0.000239
7.4e-05
8e-06
4.1e-05
-0.000255
-2.5e-05
0.000469
0.000173
0.000337
-0.000156
-5.8e-05
-0.000551
0.000436
0.00014
-0.000485
0.000666
-5.8e-05
0.001653
-0.000387
0.000633
-0.000354
0.000403
-0.000156
0.00037
-9e-05
0.000107
-0.000946
7.4e-05
-0.001341
-0.00088
-0.001176
-0.000123
-0.000452
-0.000518
0.000502
-0.001341
-0.000419
0.000864
0.001324
0.000271
0.001094
0.000271
0.000699
-0.000222
-0.001406
-0.000156
-0.00167
7.4e-05
0.00389
0.000897
0.000337
0.002443
0.001851
0.000897
-0.001308
0.002739
0.004252
0.003101
0.003035
-0.003973
0.002607
0.001291
0.002081
0.003331
0.005897
0.003561
0.00616
0.003035
0.003528
0.005766
0.005766
8e-06
0.005798
0.001522
0.005371
0.00491
0.002574
0.004647
0.002476
0.006621
0.002344
0.005009
0.001489
0.004877
0.001982
0.003068
0.001423
0.004022
0.005404
0.001094
0.003134
0.004121
0.003627
0.005371
0.003956
0.001785
0.004713
0.001949
0.004877
0.005469
0.002673
0.003496
0.004548
0.003857
0.002311
0.004055
0.003792
0.001357
0.004417
0.004713
0.000403
0.001686
0.001554
0.004844
-2.5e-05
0.002838
8e-06
0.001094
-0.000222
0.001818
0.005601
0.001785
0.00162
7.4e-05
0.002739
0.001949
0.002936
0.003101
0.00491
0.000469
0.006358
0.00389
0.00162
0.006456
0.004779
0.003265
0.004154
0.003561
0.002377
0.003956
0.000897
0.002311
0.002048
0.004515
0.002805
0.009713
0.002838
0.004943
0.004746
0.004746
0.003857
0.003397
0.003002
0.002278
0.003726
0.004219
0.00343
0.002212
0.003594
0.002673
0.002443
0.002706
0.003199
0.001818
0.00593
0.004417
0.006226
0.004877
0.004713
0.004976
0.00445
0.009549
0.004022
0.003561
0.000469
0.002607
0.003002
0.005009
0.005009
0.007707
0.00287
0.007114
0.002772
0.007674
0.005864
0.000765
0.00514
0.000831
0.001193
0.005469
0.002344
0.00389
0.01455
0.018761
0.025669
0.030703
0.037349
0.039586
0.04554
0.048008
0.05291
0.056266
0.057055
0.065642
0.065576
0.066629
0.0663
0.071991
0.07005
0.073143
0.07413
0.079525
0.076729
0.070346
0.06653
0.064063
0.061595
0.061069
0.060213
0.060608
0.061562
0.061694
0.060181
0.050936
0.051495
0.038665
0.041395
0.028926
0.00139
0.006062
0.010832
7.4e-05
0.005831
0.007279
0.008068
0.008891
0.013003
-0.0044
-0.000617
0.006555
0.000502
-0.004894
0.002048
0.01251
0.011951
0.019254
0.025077
0.030374
0.033861
0.041033
0.04258
0.04758
0.0511
0.053568
0.059259
0.05722
0.062878
0.061003
0.064786
0.064622
0.069557
0.06903
0.071564
0.071662
0.073965
0.073241
0.073932
0.067747
0.049094
0.036658
0.035046
0.039454
0.041691
0.051693
0.052153
0.05768
0.056233
0.061595
0.054851
0.052844
0.053502
0.058207
0.055542
0.046429
0.024452
0.02817
0.03748
0.037743
0.046198
0.050081
0.055904
0.054686
0.05949
0.057746
0.0612
0.064622
0.065872
0.066431
0.068109
0.070873
0.074952
0.075182
0.072748
0.075577
0.072156
0.073603
0.074689
0.072583
0.074163
0.075972
0.077025
0.079459
0.078143
0.082914
0.083901
0.084328
0.086434
0.083901
0.088013
0.086664
0.084328
0.079657
0.080183
0.074524
0.073176
0.067714
0.060937
0.052943
0.051989
0.028926
0.010141
0.01524
0.021557
0.0284
0.026558
0.034848
0.035769
0.042974
0.046067
0.056101
0.051956
0.056035
0.049126
0.028038
0.002245
0.00218
0.003232
0.005042
0.012674
0.018465
0.027446
0.03192
0.03317
0.040211
0.047975
0.048896
0.055575
0.060509
0.060279
0.061924
0.061299
0.05972
0.059424
0.060575
0.064786
0.069623
0.068537
0.072847
0.076663
0.079723
0.082157
0.088671
0.090842
0.089428
0.094297
0.093408
0.100186
0.100317
0.094494
0.101041
0.102522
0.099363
0.101962
0.105318
0.10614
0.106733
0.105943
0.11045
0.111141
0.109891
0.111766
0.101633
0.108805
0.109825
0.109364
0.106502
0.105351
0.10466
0.106996
0.10693
0.103772
0.106338
0.103278
0.105153
0.103377
0.09581
0.092915
0.094395
0.091764
0.09354
0.091073
0.097126
0.095876
0.098212
0.096008
0.100317
0.102653
0.102719
0.10716
0.10897
0.11295
0.109792
0.110286
0.114497
0.11499
0.115615
0.117622
0.115813
0.117787
0.117162
0.115352
0.114003
0.112819
0.113049
0.107325
0.104923
0.107884
0.110648
0.10614
0.108937
0.108114
0.114135
0.11022
0.113576
0.113674
0.112227
0.113576
0.113049
0.117359
0.118971
0.116964
0.117918
0.11907
0.117227
0.120846
0.121044
0.123314
0.120057
0.124103
0.122689
0.122327
0.122425
0.119958
0.123281
0.120616
0.123149
0.12282
0.124893
0.122754
0.125057
0.121373
0.123676
0.11907
0.117951
0.114102
0.088145
0.086631
0.062648
0.059194
0.054621
0.050673
0.05212
0.054719
0.042448
0.042316
0.026163
0.032052
0.024419
0.033598
0.032085
0.025604
0.019287
0.022347
0.027282
0.031822
0.032578
0.028071
0.025867
0.027676
0.020373
0.027216
0.035638
0.031558
0.029913
0.022248
0.027282
0.027446
0.029288
0.031328
0.02863
0.029453
0.035408
0.031394
0.030769
0.028236
0.021524
0.024748
0.031328
0.031229
0.033763
0.041593
0.043073
0.046692
0.049192
0.052581
0.052351
0.05393
0.054818
0.055279
0.047416
0.001916
0.005897
0.000173
-0.000748
0.002607
0.010931
0.011753
0.018761
0.022083
0.029946
0.030867
0.033039
0.042316
0.042645
0.044817
0.046527
0.053239
0.044159
0.050081
0.052548
0.052351
0.037151
0.036329
0.040474
0.013299
-2.5e-05
0.000107
-0.002295
0.007937
0.007937
0.002311
0.001489
0.001291
0.005897
0.01228
0.017642
0.00774
0.012839
0.002706
0.006522
0.011885
0.01932
0.021623
0.027084
0.030012
0.036427
0.040902
0.036
0.033861
0.041428
0.016853
0.022577
0.028795
0.013957
0.010931
0.006555
0.008628
0.00037
0.00616
0.004746
0.004746
0.011457
0.011325
0.01478
0.017839
0.017576
0.016458
0.014089
0.013365
0.006687
0.004943
0.015109
0.009812
0.01024
0.006292
0.007345
0.00945
0.007608
0.00672
0.00491
0.002969
0.007114
7.4e-05
0.000831
0.005601
0.001982
0.00797
0.000107
0.000206
-0.000387
0.00343
-0.000123
4.1e-05
-0.000189
0.000502
7.4e-05
0.000469
0.004614
0.005535
-0.000584
0.003693
0.001949
0.001061
-2.5e-05
-0.001077
0.002147
4.1e-05
0.000107
0.000107
0.000107
0.000403
7.4e-05
4.1e-05
0.000403
0.004976
0.004811
-0.000189
0.000929
0.00366
0.001028
0.005404
0.002081
0.00491
0.002903
0.001949
0.003101
0.00014
0.000897
0.000929
0.00014
0.000107
0.000173
0.000206
0.000864
0.000107
4.1e-05
8e-06
-5.8e-05
-0.000255
0.000732
4.1e-05
0.00241
0.000107
0.003002
0.004022
0.002048
0.005667
0.009615
0.008891
0.006884
0.004647
0.003496
0.00468
0.00774
0.013859
0.013069
0.017478
0.01955
0.02261
0.021491
0.024057
0.021129
0.016063
0.021294
0.020768
0.026492
0.027479
0.030341
0.02965
0.035671
0.035835
0.041231
0.036427
0.037645
0.026953
0.025801
0.024617
0.022741
0.021952
0.026788
0.023038
0.02636
0.029584
0.024617
0.025242
0.023959
0.022741
0.018859
0.016688
0.014221
0.009516
0.013431
0.012543
0.00241
0.005535
0.004746
0.001258
0.003364
0.000568
0.001423
0.004713
0.004154
0.000206
0.001785
-9e-05
0.000403
0.000304
0.000732
0.000337
0.000469
-0.001012
0.00014
-5.8e-05
0.000304
-5.8e-05
0.000107
-0.000452
0.000107
0.000206
7.4e-05
0.000699
7.4e-05
7.4e-05
8e-06
-0.000123
-5.8e-05
-9e-05
-5.8e-05
0.000107
8e-06
0.000107
0.000107
0.000107
0.00014
-2.5e-05
8e-06
-9e-05
-0.000123
-5.8e-05
0.000107
4.1e-05
0.000107
0.000107
0.000107
4.1e-05
-2.5e-05
-9e-05
-9e-05
-9e-05
8e-06
7.4e-05
0.000107
0.000173
0.000173
0.000107
7.4e-05
4.1e-05
-0.000123
-5.8e-05
-0.000156
-2.5e-05
8e-06
4.1e-05
0.000107
0.000107
0.000107
7.4e-05
-5.8e-05
-5.8e-05
-9e-05
-0.000123
-5.8e-05
4.1e-05
0.00014
7.4e-05
7.4e-05
0.000107
4.1e-05
-2.5e-05
-9e-05
-9e-05
-9e-05
-2.5e-05
8e-06
7.4e-05
7.4e-05
0.000107
0.000173
7.4e-05
8e-06
-9e-05
-9e-05
-0.000123
-9e-05
8e-06
4.1e-05
0.000107
7.4e-05
0.00014
4.1e-05
8e-06
-5.8e-05
-5.8e-05
-9e-05
-9e-05
7.4e-05
7.4e-05
0.00014
0.00014
0.00014
7.4e-05
7.4e-05
-9e-05
-0.000156
-0.000123
8e-06
4.1e-05
0.00014
0.00014
7.4e-05
0.000173
7.4e-05
8e-06
-2.5e-05
8e-06
-0.000123
-9e-05
8e-06
0.00014
0.00014
0.000206
-0.000189
0.000271
4.1e-05
-0.000123
4.1e-05
-0.000123
-0.000222
0.000206
0.00037
0.000271
0.000337
0.000173
0.000436
0.000173
-0.000354
-5.8e-05
-0.000156
-9e-05
-5.8e-05
4.1e-05
0.00014
0.00014
0.000107
0.00014
8e-06
8e-06
-0.000123
-9e-05
-0.000123
8e-06
4.1e-05
4.1e-05
0.00014
7.4e-05
0.000173
8e-06
-2.5e-05
-2.5e-05
-5.8e-05
-9e-05
8e-06
4.1e-05
7.4e-05
4.1e-05
0.000173
0.000107
-5.8e-05
-2.5e-05
-2.5e-05
-9e-05
-9e-05
-2.5e-05
4.1e-05
7.4e-05
0.000107
0.00014
7.4e-05
7.4e-05
-2.5e-05
-5.8e-05
-9e-05
-0.000123
8e-06
8e-06
0.000107
0.000107
0.000107
0.000107
8e-06
-2.5e-05
-5.8e-05
-0.000123
-5.8e-05
-5.8e-05
7.4e-05
7.4e-05
0.00014
7.4e-05
0.00014
7.4e-05
-2.5e-05
-9e-05
-5.8e-05
-9e-05
8e-06
8e-06
7.4e-05
0.000107
7.4e-05
0.000173
8e-06
-5.8e-05
-5.8e-05
-9e-05
-5.8e-05
-5.8e-05
8e-06
0.000107
7.4e-05
0.000107
7.4e-05
8e-06
4.1e-05
-5.8e-05
-9e-05
-0.000123
-9e-05
8e-06
0.000107
7.4e-05
0.000107
4.1e-05
7.4e-05
-2.5e-05
8e-06
-0.000123
-0.000156
8e-06
8e-06
7.4e-05
7.4e-05
7.4e-05
0.00014
7.4e-05
4.1e-05
-9e-05
-9e-05
-5.8e-05
-5.8e-05
4.1e-05
4.1e-05
0.000107
0.000107
0.000107
4.1e-05
-2.5e-05
-9e-05
-2.5e-05
-0.000156
-9e-05
8e-06
4.1e-05
0.000107
0.000107
0.000107
7.4e-05
8e-06
-5.8e-05
-9e-05
8e-06
-0.000123
4.1e-05
4.1e-05
0.00014
7.4e-05
0.00014
-2.5e-05
0.000403
-0.000156
-0.000189
0.000732
-0.000123
0.000107
-2.5e-05
0.002772
0.000206
0.000304
0.000107
8e-06
0.000107
0.000271
-0.000123
0.007674
4.1e-05
0.000107
7.4e-05
7.4e-05
0.000403
0.000173
4.1e-05
-2.5e-05
0.000107
0.00014
0.003825
0.000271
7.4e-05
0.000666
-0.000321
0.000239
0.000436
0.004483
0.000239
8e-06
-0.000255
-0.002328
-0.000485
7.4e-05
0.000173
0.000173
0.00014
0.00014
8e-06
-2.5e-05
-0.000123
-2.5e-05
-5.8e-05
0.00014
-2.5e-05
0.000107
0.000304
-0.000288
-0.000255
8e-06
0.000403
-0.000748
0.000107
0.000107
-0.00065
7.4e-05
0.000436
8e-06
0.000436
7.4e-05
-2.5e-05
0.000107
-2.5e-05
-0.000156
-0.000123
4.1e-05
7.4e-05
0.000239
0.000173
0.000633
0.003561
0.004252
-0.000156
0.000897
0.000239
8e-06
0.000403
0.000271
0.000502
0.001193
0.000173
0.000107
0.00014
-2.5e-05
8e-06
-9e-05
-9e-05
-0.000156
0.001225
-9e-05
0.001851
0.004713
0.009516
0.011161
0.015438
0.004581
-2.5e-05
0.000337
0.0006
-0.000123
-0.000156
0.000337
-2.5e-05
0.000206
4.1e-05
-2.5e-05
-5.8e-05
-9e-05
-9e-05
-5.8e-05
8e-06
-0.000321
0.007082
0.004779
0.000469
7.4e-05
8e-06
0.000107
7.4e-05
-5.8e-05
0.000239
0.000304
0.000699
0.006325
0.001686
0.000831
8e-06
0.00287
0.000173
0.001587
-0.000452
0.002903
0.006391
0.011128
0.008332
0.002936
0.004746
0.002311
0.005075
0.001357
-9e-05
0.000502
-0.000222
0.00014
0.000239
4.1e-05
0.000107
0.00014
0.000107
4.1e-05
4.1e-05
-9e-05
-0.000123
0.000107
-2.5e-05
-2.5e-05
0.000403
-5.8e-05
0.000304
0.000337
0.000107
0.00037
0.00014
0.003923
0.006917
0.002509
0.003989
0.004252
0.001357
0.00468
0.00366
0.000568
0.006062
0.008957
0.013596
0.015767
0.0006
0.000107
0.000502
0.003825
0.014319
0.016096
0.022807
0.020175
0.007641
0.006292
0.004943
0.003397
0.003463
0.004779
0.001752
0.00116
0.000469
0.00037
0.000271
0.000337
-0.000123
-0.000485
-2.5e-05
0.00014
7.4e-05
0.00014
0.000107
0.000173
4.1e-05
-9e-05
-0.000123
0.00014
0.00014
0.000107
0.00014
0.000173
0.001324
0.000304
-0.002525
-0.000123
0.000403
-9e-05
-2.5e-05
8e-06
-0.000518
-0.000156
0.000304
0.000239
0.00014
0.000206
0.000107
0.000107
-0.000123
7.4e-05
-9e-05
-5.8e-05
4.1e-05
0.000107
0.00014
0.00014
-5.8e-05
0.000304
8e-06
-0.000321
0.0006
-0.000222
0.001357
-9e-05
0.00162
0.000699
0.002081
0.002541
0.004252
0.001752
0.002443
0.001851
0.000271
-2.5e-05
0.00014
-0.00111
0.002212
0.001949
-0.000617
0.00162
0.000206
0.000403
-0.000485
0.001587
0.000436
0.00264
0.002443
0.00366
0.007378
0.007937
0.008595
0.009746
0.011095
0.010207
0.000206
-5.8e-05
7.4e-05
4.1e-05
0.000271
-0.000518
0.001094
0.001752
0.004614
0.002969
0.00287
0.004943
0.0057
0.011128
0.012543
0.015701
0.014879
0.01626
0.000337
0.002147
4.1e-05
0.003167
0.002344
0.01001
0.008792
0.012806
0.015405
0.013431
0.015438
0.010437
0.013464
0.012641
0.017675
0.017149
0.018399
0.009023
0.008694
0.007411
0.007246
0.009944
0.001851
0.007312
0.001587
0.005864
0.005173
0.004384
0.001456
0.00718
0.011424
0.013892
0.007312
0.010668
0.003923
0.002574
0.005206
0.002081
0.002147
0.002805
0.001982
0.00139
0.001554
0.006226
0.0057
0.004252
0.005272
0.006753
0.00468
0.005897
0.002015
0.004515
0.007312
0.004252
0.005338
0.002278
0.002739
0.005338
0.005667
0.003199
0.006062
0.00366
0.003825
0.009352
0.003792
0.001818
0.002344
0.006851
0.003002
0.004614
0.005009
-0.000518
0.00389
0.004581
0.00514
0.000469
0.00945
0.004877
0.010503
0.003693
0.008726
0.008299
0.002015
0.001719
0.008858
0.00922
0.00945
0.008759
0.00241
0.005404
0.006555
0.005766
0.000897
0.006095
0.005963
0.005469
0.001916
0.001028
0.000173
-9e-05
0.00014
0.000337
-5.8e-05
0.002081
0.001456
0.003232
0.002673
0.003199
0.002739
0.002048
0.001883
0.002377
0.00218
-0.001176
0.00241
0.00139
0.002706
0.002147
-0.000452
0.002443
0.000929
0.002739
0.002706
0.001456
0.003561
0.002476
0.001949
0.001193
0.000929
0.000337
0.000239
-0.000518
0.00037
0.000206
0.000173
8e-06
-0.000946
7.4e-05
-5.8e-05
4.1e-05
0.000206
0.000271
0.000173
-0.000222
0.004055
0.002344
0.003002
0.000732
0.0082
0.003167
0.000304
0.002838
-0.000354
0.001883
0.001423
-2.5e-05
0.000206
8e-06
0.000502
0.000206
0.000568
0.000666
0.000173
0.002278
0.000173
0.000864
0.000798
0.000206
0.002311
0.000568
-0.000716
7.4e-05
-0.000551
4.1e-05
0.000206
0.001193
0.000173
0.000831
0.002278
4.1e-05
0.001752
-0.000847
0.000107
8e-06
0.000798
0.001258
0.000633
0.000436
0.000995
0.000502
-5.8e-05
7.4e-05
4.1e-05
-0.004631
-0.001045
0.004055
0.003956
0.002212
7.4e-05
7.4e-05
8e-06
-9e-05
0.00014
-9e-05
-2.5e-05
-2.5e-05
4.1e-05
7.4e-05
0.000831
0.000107
0.004614
0.001719
-9e-05
0.000897
0.00014
-0.000156
-0.000123
-0.001209
0.002739
0.005108
0.003825
0.003002
0.006917
0.003496
0.000962
0.007937
4.1e-05
-0.000255
8e-06
0.002147
0.003331
0.001291
0.00014
4.1e-05
-9e-05
0.000732
0.004384
0.007871
0.0082
0.012872
0.010141
0.011161
0.006226
0.005996
0.012477
0.005601
0.007674
0.013596
0.015734
0.006391
0.009516
0.010371
0.005766
0.009516
0.002541
0.009253
0.008595
0.004351
0.001324
0.005831
0.007476
0.006522
0.002344
0.00139
-0.000288
0.002969
0.000107
-5.8e-05
-5.8e-05
4.1e-05
0.000173
0.001752
0.002245
0.001324
0.00014
7.4e-05
0.00162
0.003627
0.000962
-9e-05
0.00014
-0.000485
0.001818
0.001587
0.00218
0.000732
0.000995
-0.000617
0.00162
0.003068
0.004647
0.009549
0.006193
0.011227
0.008266
0.011029
0.008365
-0.000452
0.000107
-0.002262
0.001456
0.00241
0.001225
0.001225
0.001686
-0.00111
0.000239
4.1e-05
0.001851
-0.000288
0.000502
0.000337
0.002509
0.005601
0.007641
0.005272
0.002081
0.001653
0.002015
0.004713
0.005338
0.005634
-0.000354
0.007542
0.001489
0.005798
0.004811
0.003002
0.003956
0.004154
0.000864
0.00116
0.003496
-0.000584
0.004515
0.002147
0.004483
0.00468
0.001423
0.001818
0.003035
0.004285
0.007575
0.005733
0.000798
-0.001143
0.000929
-0.000288
7.4e-05
0.000173
4.1e-05
4.1e-05
0.000173
0.000107
7.4e-05
-2.5e-05
-5.8e-05
-9e-05
-9e-05
-0.000321
0.005766
0.005305
0.008036
0.016425
0.018201
0.023564
0.030308
0.031427
0.036164
0.038039
0.043139
0.041494
0.032611
0.033039
0.035934
0.037941
0.040046
0.043534
0.042316
0.030539
0.036592
0.038862
0.036493
0.041625
0.039191
0.042349
0.039224
0.042941
0.042876
0.041264
0.037908
0.034157
0.016195
0.01807
0.013694
0.014648
0.012839
0.008332
0.01024
0.008759
0.012049
0.013299
0.018201
0.019517
0.018004
0.009088
0.007378
0.005667
0.003594
0.000633
0.008825
0.010042
0.008891
0.008299
0.011227
0.005469
0.005173
0.009713
0.011951
0.021557
0.02034
0.019912
0.019484
0.019221
0.007114
0.003726
0.002673
0.003989
0.003068
0.002081
0.000107
-0.000189
-5.8e-05
0.00014
-9e-05
-0.000781
0.000765
-0.001308
0.00287
0.000633
0.000831
0.000271
0.002574
0.001587
0.000206
-5.8e-05
-0.000255
-0.000354
0.000502
4.1e-05
8e-06
0.000469
0.000206
0.000502
0.000436
-0.000913
-2.5e-05
0.000929
0.000173
0.001357
-0.000255
0.000337
-2.5e-05
0.001291
0.000732
-0.000683
0.001423
0.00162
0.003199
0.003331
0.003035
0.002015
0.004417
0.00672
0.007345
0.013661
0.01274
0.014056
0.013596
0.020044
0.021853
0.025538
0.026887
0.028466
0.031394
0.033039
0.033072
0.034881
0.035802
0.03396
0.036164
0.038204
0.037382
0.040244
0.03873
0.041033
0.041823
0.040244
0.041033
0.033664
0.019715
0.011885
0.006029
0.005437
0.005042
0.001489
0.006753
0.006818
0.01126
0.011293
0.013365
0.016524
0.017839
0.020406
0.02307
0.019715
0.015438
0.013563
0.015043
0.015076
0.010898
0.014648
0.007279
0.009779
0.008233
0.006358
0.009023
0.003397
0.003298
0.000633
0.008397
0.009582
0.013431
0.009516
0.007871
0.009088
0.010503
0.010898
0.014517
0.015438
0.014615
0.018136
0.01228
0.013859
0.013628
0.018892
0.021853
0.028663
0.025637
0.029979
0.031591
0.032973
0.032381
0.028236
0.025538
0.025538
0.017412
0.017116
0.011951
0.00922
0.010766
0.009253
0.005108
0.003199
0.003232
0.000403
0.001522
0.000304
0.000666
-0.000748
0.000107
-0.000551
0.000304
-2.5e-05
0.00014
0.00014
7.4e-05
-5.8e-05
-9e-05
-5.8e-05
-5.8e-05
-2.5e-05
7.4e-05
0.00014
0.000107
0.00014
4.1e-05
4.1e-05
-9e-05
-5.8e-05
-0.000123
-9e-05
-2.5e-05
4.1e-05
0.000107
0.000173
0.00014
0.000107
7.4e-05
-9e-05
-2.5e-05
-0.000123
0.000271
0.000107
0.001423
-0.000387
0.000206
0.000107
0.000765
0.000633
0.000173
-0.000387
8e-06
-9e-05
-5.8e-05
0.000107
8e-06
0.000173
8e-06
0.00014
4.1e-05
-9e-05
8e-06
-5.8e-05
-0.000123
-5.8e-05
-2.5e-05
0.000107
0.000107
0.000173
0.00014
7.4e-05
4.1e-05
-5.8e-05
0.000699
7.4e-05
7.4e-05
4.1e-05
0.00014
0.000173
0.000173
0.000107
-9e-05
0.000206
-0.000156
-5.8e-05
-0.000123
-2.5e-05
7.4e-05
0.00014
0.000239
0.000304
0.000206
0.000535
-0.000255
-0.000584
0.00037
0.000206
-0.000781
0.000173
8e-06
0.00014
0.000239
0.00014
0.000271
0.000699
7.4e-05
-0.000222
0.000897
-0.00065
0.000666
7.4e-05
0.000107
-2.5e-05
0.000173
4.1e-05
-5.8e-05
-2.5e-05
-9e-05
-9e-05
-9e-05
8e-06
7.4e-05
0.000107
0.000107
0.000239
7.4e-05
0.00014
0.000403
0.000337
-0.000156
-0.000387
0.000732
8e-06
0.000337
-0.000716
0.000798
0.000206
0.000239
-0.000123
-5.8e-05
-5.8e-05
-9e-05
-2.5e-05
0.000107
0.000173
4.1e-05
0.000107
7.4e-05
8e-06
-5.8e-05
-2.5e-05
-5.8e-05
-0.000156
-2.5e-05
0.000107
0.00014
0.000206
0.000107
0.000469
0.00014
0.001324
0.000699
0.00014
-0.001242
-0.001176
0.000831
0.000239
0.000666
-0.001604
0.002607
0.000502
-0.001637
0.001291
0.000929
4.1e-05
0.000502
0.000765
0.000864
4.1e-05
0.000173
0.000107
8e-06
-9e-05
-5.8e-05
-9e-05
-0.000123
8e-06
4.1e-05
0.000107
0.000107
0.000107
7.4e-05
4.1e-05
-5.8e-05
-2.5e-05
-0.000123
-9e-05
-9e-05
7.4e-05
0.000107
7.4e-05
0.000173
0.000107
8e-06
8e-06
-5.8e-05
-9e-05
-9e-05
-5.8e-05
0.000107
7.4e-05
0.000173
0.000107
0.00014
7.4e-05
-5.8e-05
-9e-05
-5.8e-05
-0.000123
-2.5e-05
4.1e-05
0.000107
0.00014
0.00014
0.000173
4.1e-05
8e-06
-9e-05
-0.000123
-9e-05
-0.000123
7.4e-05
4.1e-05
0.00014
0.000107
0.000107
7.4e-05
-2.5e-05
-9e-05
-5.8e-05
-9e-05
-2.5e-05
4.1e-05
0.000173
0.000831
0.000962
0.001916
-0.000156
0.000107
8e-06
-9e-05
-9e-05
-2.5e-05
-2.5e-05
7.4e-05
-9e-05
-2.5e-05
0.000568
0.000469
-5.8e-05
0.000304
0.00037
8e-06
0.000271
-0.000518
0.000535
0.000206
0.000337
-0.000123
0.00037
-0.000222
0.000206
0.000304
4.1e-05
-0.000518
0.000502
0.000173
0.000206
0.000403
0.001522
0.000469
0.000173
0.000173
-0.000156
-5.8e-05
0.000239
0.000568
-0.000387
0.001258
-0.000222
0.00014
-2.5e-05
-9e-05
0.000271
0.0006
0.000995
-0.000847
0.002114
-2.5e-05
0.000962
0.001028
0.001127
0.000403
0.000107
0.000107
-9e-05
-9e-05
-0.000979
0.000633
0.00037
0.00116
0.0006
0.00014
0.000304
0.000995
-0.000189
0.001686
-0.000419
0.002969
0.001127
0.000568
-0.000979
0.001851
4.1e-05
4.1e-05
0.000271
-0.000255
0.00162
0.00014
-0.002788
-0.000189
0.002476
0.001423
0.000962
0.000107
0.00014
0.00014
-5.8e-05
-0.000123
-9e-05
-0.000156
8e-06
4.1e-05
0.000107
0.000107
0.00014
0.000107
8e-06
-5.8e-05
-9e-05
-5.8e-05
-0.000123
4.1e-05
7.4e-05
7.4e-05
0.000107
0.000173
8e-06
8e-06
-2.5e-05
-5.8e-05
-9e-05
-0.000123
-9e-05
7.4e-05
0.000107
0.000107
0.00014
0.00014
4.1e-05
-9e-05
-5.8e-05
-0.000156
-0.000123
-5.8e-05
7.4e-05
4.1e-05
0.000107
0.000107
0.000206
0.00014
0.000107
0.000173
-0.000123
4.1e-05
8e-06
0.000239
0.000107
-0.000123
0.00037
0.000173
0.00014
0.00014
-0.000354
0.000403
0.000469
-0.000189
0.000765
0.000206
0.000469
7.4e-05
0.000502
7.4e-05
7.4e-05
-0.000156
-0.000156
-0.000156
-0.000189
8e-06
7.4e-05
-2.5e-05
0.00014
0.000107
8e-06
8e-06
-0.000123
7.4e-05
8e-06
0.000304
4.1e-05
0.000765
0.000502
0.000107
0.000239
-0.000255
-5.8e-05
0.000107
-9e-05
-0.000189
-9e-05
8e-06
0.000107
-5.8e-05
0.000304
0.000107
0.000436
0.000107
0.000699
0.000666
0.000271
0.000173
-0.000123
0.000107
0.001982
0.007411
0.002212
0.000403
0.00162
0.005996
0.008792
0.009319
0.015833
0.01376
0.000337
0.000995
0.001225
0.004088
0.009253
0.010865
0.012543
0.011786
0.007378
0.009154
0.009615
0.008661
0.007542
0.010635
0.009582
0.009154
0.009615
0.009154
0.007805
0.008726
0.005864
0.003101
0.003528
0.000502
0.00014
4.1e-05
-5.8e-05
4.1e-05
-5.8e-05
-0.000123
0.000206
0.003923
0.001061
0.000666
0.003232
0.000864
0.000173
0.000436
0.002805
0.000502
0.001785
0.001193
-0.003874
-0.000189
0.000239
0.000107
0.000206
0.000304
0.00014
-2.5e-05
8e-06
-9e-05
8e-06
8e-06
8e-06
-9e-05
0.000173
0.000107
0.000107
4.1e-05
-9e-05
-2.5e-05
-9e-05
-0.000123
-0.000123
8e-06
0.000107
0.000173
0.000107
0.000173
0.00014
0.000107
8e-06
-5.8e-05
-9e-05
-9e-05
8e-06
-0.000123
0.000173
7.4e-05
0.00014
7.4e-05
7.4e-05
-2.5e-05
4.1e-05
-2.5e-05
7.4e-05
8e-06
-2.5e-05
0.000173
0.000107
0.000173
0.000239
0.000239
-5.8e-05
8e-06
-0.000123
-5.8e-05
7.4e-05
7.4e-05
0.000239
0.000239
0.000271
0.000239
0.000337
-2.5e-05
-2.5e-05
-0.000123
-5.8e-05
-5.8e-05

Kurve 3

-0.000781
0.000206
-2.5e-05
4.1e-05
0.000502
-0.000485
0.001258
-0.00065
-9e-05
-0.000222
4.1e-05
-0.000452
-2.5e-05
0.002311
8e-06
7.4e-05
0.000173
0.000436
0.000469
-0.000354
7.4e-05
0.001258
0.000239
0.000666
0.000403
-0.000123
0.001061
0.00162
-0.001637
0.000173
-0.000255
-0.000387
0.00014
-0.000716
0.000403
-0.002591
0.00037
7.4e-05
0.000666
-9e-05
-0.000156
4.1e-05
0.000535
0.000436
-0.000387
-0.000156
-5.8e-05
-2.5e-05
-0.001209
0.00037
0.001357
0.003298
-0.000387
4.1e-05
-0.000288
0.000436
-5.8e-05
7.4e-05
0.00014
-0.000321
0.000271
0.003101
0.000173
-2.5e-05
-0.000387
-0.000288
-9e-05
0.000107
0.000107
-0.002755
0.000206
-0.000387
0.001489
-0.000156
4.1e-05
7.4e-05
0.004219
0.000568
0.000337
-0.000222
-9e-05
-0.000189
-0.000321
-0.000814
-0.001209
-0.00088
-0.001308
-0.000748
-0.000222
4.1e-05
-0.000683
0.000469
4.1e-05
0.00116
0.000929
-0.002064
0.002245
-0.000222
0.002212
-0.002229
0.001719
-0.001374
0.000864
-0.001703
-0.000716
-0.000123
-0.001308
0.001522
0.000666
0.000271
0.001324
-0.000123
0.002081
0.000699
8e-06
0.000798
-0.002854
0.00162
-0.003808
0.000436
-0.001374
-0.001735
0.001587
4.1e-05
-0.000452
-0.000452
-0.000617
0.000995
0.001587
0.000337
0.00116
0.000403
-0.000847
0.000699
0.000502
0.00014
0.000929
0.000107
-0.000748
-0.005124
0.000633
0.002739
-0.000584
0.000502
0.001587
0.001587
-9e-05
0.001916
-0.001143
0.002212
-0.002755
-0.001406
-0.001341
0.000798
-0.001209
-0.000222
-0.001045
-0.000781
0.000173
0.000403
0.002739
0.000206
0.001949
8e-06
0.001423
0.000798
-0.003117
-0.000321
0.000436
0.00116
-0.004433
0.003561
-0.004466
-0.001143
0.001291
-0.001439
-0.001703
0.00037
-0.001439
0.001193
0.00162
0.001785
-0.004236
0.001522
0.003199
-0.00111
0.000206
0.002377
-0.001867
-0.002459
-9e-05
-0.001045
0.000304
-0.000321
-0.00167
0.003528
0.00241
0.001851
0.004548
-0.000683
-0.000354
0.002245
-0.000387
0.000436
0.001522
0.00287
0.004186
-0.000222
-0.000189
0.004055
0.002212
0.002805
-0.000913
0.001489
-0.001209
0.001949
0.00264
0.001587
0.003068
-5.8e-05
-0.001045
8e-06
-0.000255
-0.001439
0.001851
-0.004137
0.003068
0.002509
-2.5e-05
-0.002657
-0.000748
0.000897
-2.5e-05
0.002344
4.1e-05
-5.8e-05
0.000107
0.00014
0.00037
-0.002032
-0.000255
-0.000518
-0.000518
0.001522
-0.003282
0.000469
-0.001209
0.000897
-5.8e-05
0.000535
-0.000419
0.002706
0.002344
0.006818
0.003627
-0.000189
0.001061
0.004417
0.010306
0.003364
4.1e-05
0.000535
-0.001012
7.4e-05
0.001851
0.004779
0.004186
0.004022
0.010306
0.000535
0.002706
0.008694
0.007016
0.002903
-0.000123
0.001587
-0.002163
0.001258
7.4e-05
0.000568
0.004548
0.009812
0.000304
0.003232
0.001554
0.003002
0.003561
-0.001341
0.000502
0.006851
0.005601
0.003726
0.011391
0.007509
0.00514
0.003825
-0.000946
0.003364
0.00162
0.002739
0.002607
0.008562
0.015997
0.019452
0.022182
0.027479
0.021623
0.022281
0.025604
0.027775
0.028828
0.030604
0.033039
0.020471
0.021919
0.024748
0.024814
0.028597
0.028466
0.02409
0.024715
0.019484
0.015208
0.018596
0.007378
0.009746
0.013102
0.010141
0.019386
0.021327
0.025505
0.029025
0.029157
0.006884
0.006062
0.004022
0.006983
0.009253
0.005831
0.015569
0.017511
0.023531
0.018267
0.016293
0.023235
0.02692
0.018234
0.024715
0.004186
0.000206
0.004614
0.003857
0.005897
0.000995
0.004022
0.004779
0.006818
0.002377
0.006325
0.000666
0.00287
0.002936
0.005075
0.006127
0.00343
0.001883
0.004976
-0.00088
0.001456
0.000633
0.000436
0.000765
0.001686
0.000897
0.001291
0.001554
0.000995
0.00593
-0.001209
0.001193
-0.000123
0.000239
-0.000255
0.002377
8e-06
8e-06
0.000107
4.1e-05
0.00014
0.000436
-2.5e-05
-0.000156
0.000206
0.000239
-0.000189
-0.000189
-2.5e-05
-0.000123
-2.5e-05
8e-06
0.000107
4.1e-05
0.00014
0.000206
0.00014
0.00014
-2.5e-05
-5.8e-05
-5.8e-05
-0.000123
-5.8e-05
8e-06
4.1e-05
0.000107
0.000107
0.000173
8e-06
8e-06
-9e-05
-5.8e-05
-5.8e-05
-2.5e-05
-2.5e-05
7.4e-05
0.000107
4.1e-05
0.00014
0.000107
0.00014
-0.000123
0.000107
-2.5e-05
0.000107
7.4e-05
4.1e-05
0.00014
0.00014
0.000173
0.000107
0.000107
-0.000189
8e-06
-0.000123
0.000831
-2.5e-05
-0.000222
8e-06
0.000206
0.00014
-0.000222
-0.00088
0.000535
0.000107
0.000107
-0.000354
0.000271
0.000239
0.000107
0.000173
0.000173
4.1e-05
-2.5e-05
-2.5e-05
-0.000123
-5.8e-05
-2.5e-05
4.1e-05
7.4e-05
0.000206
0.000107
0.000206
0.000206
0.000173
-5.8e-05
-9e-05
-5.8e-05
-0.000222
7.4e-05
4.1e-05
0.00014
0.000107
0.00014
0.000107
-2.5e-05
-0.000123
0.00014
-0.000255
0.00218
0.000206
0.00037
0.00014
7.4e-05
0.000173
0.000206
7.4e-05
-5.8e-05
8e-06
-9e-05
-0.000288
-2.5e-05
0.000107
7.4e-05
0.000173
0.000206
0.000107
0.00014
-5.8e-05
-2.5e-05
-9e-05
-0.000123
8e-06
4.1e-05
0.000173
0.00014
0.000107
0.000239
7.4e-05
-2.5e-05
-9e-05
-0.000123
-9e-05
-5.8e-05
4.1e-05
4.1e-05
0.00014
0.000173
0.00014
4.1e-05
-5.8e-05
-0.000156
0.000206
-0.000123
0.000206
0.001916
0.000239
0.002048
0.000995
0.005798
0.004877
0.003101
0.006555
0.008529
0.008726
0.022741
0.008134
0.001423
0.005864
0.000271
0.000239
-9e-05
-2.5e-05
-0.000123
8e-06
-9e-05
8e-06
4.1e-05
4.1e-05
0.000107
0.000107
0.00014
0.000107
-2.5e-05
-2.5e-05
-5.8e-05
-0.000123
-2.5e-05
4.1e-05
8e-06
7.4e-05
0.000568
0.000271
0.000107
8e-06
-2.5e-05
-0.000156
-2.5e-05
-9e-05
0.00014
7.4e-05
0.000173
0.000206
7.4e-05
0.00014
4.1e-05
-2.5e-05
-0.000123
-0.000156
-0.000123
8e-06
4.1e-05
0.000271
8e-06
0.001028
0.003956
0.001028
0.000436
0.000568
-0.001045
0.010536
0.014155
0.016688
0.019353
0.013892
0.019846
0.021787
0.028236
0.025538
0.027939
0.033796
0.037875
0.04054
0.043007
0.047778
0.051002
0.052614
0.053535
0.055509
0.057384
0.054061
0.04304
0.038665
0.03748
0.026262
0.020208
0.017116
0.021557
0.026558
0.03498
0.039849
0.045113
0.04939
0.054917
0.058634
0.065214
0.066826
0.07084
0.073373
0.074195
0.077847
0.070807
0.036493
0.008825
0.004746
0.002147
0.005798
0.003923
0.001456
0.000173
0.002574
8e-06
0.003035
0.003726
0.007411
0.005864
0.01001
0.015734
0.021787
0.026031
0.032743
0.038862
0.039849
0.043731
0.038961
0.004351
0.003232
0.010042
0.009154
0.011194
0.017774
0.023301
0.031427
0.036921
0.039191
0.048205
0.049587
0.052482
0.057581
0.060345
0.067945
0.066662
0.070873
0.074031
0.074195
0.076729
0.081006
0.084065
0.087059
0.088178
0.08673
0.091533
0.088276
0.090777
0.093244
0.095317
0.083736
0.086368
0.088868
0.090974
0.080644
0.077354
0.078242
0.081038
0.082552
0.084164
0.084098
0.086829
0.08821
0.086105
0.087026
0.087454
0.080677
0.079361
0.073209
0.061595
0.055311
0.041658
0.035704
0.021327
0.012477
0.015372
0.023005
0.024321
0.006062
0.000568
0.001916
0.001456
0.007542
0.014879
0.017675
0.015273
0.015569
0.016195
0.01455
0.001752
0.001818
0.00241
0.002838
0.002936
0.003759
0.006193
0.011293
0.008595
0.013628
0.013168
0.005469
0.004746
0.008365
0.0057
0.006555
0.006259
0.009713
0.006753
-0.000913
0.001258
0.003923
0.005996
0.002607
0.002476
0.000239
0.001061
0.000206
4.1e-05
-0.000123
0.001522
0.001094
0.002838
-0.000452
0.006259
-0.001176
0.004285
0.002443
0.000633
0.000798
0.001686
0.002936
0.002245
0.002673
0.00037
0.000337
-0.000485
-0.001242
0.000337
0.000897
0.002245
0.001522
0.002015
0.000897
-2.5e-05
0.001028
0.000666
0.000107
4.1e-05
0.000502
0.000798
-0.000288
0.000535
-0.000222
-0.001768
-9e-05
0.000535
0.000173
0.000403
0.000436
0.000173
-5.8e-05
0.00014
-2.5e-05
-9e-05
-0.000189
4.1e-05
-2.5e-05
0.000107
0.000239
0.000107
0.000337
4.1e-05
8e-06
8e-06
4.1e-05
8e-06
0.000633
0.000568
0.000271
0.001127
-0.000321
0.000173
8e-06
-5.8e-05
-0.000123
7.4e-05
-0.001012
-9e-05
8e-06
0.00014
0.001916
-2.5e-05
0.001423
0.000765
0.000568
7.4e-05
0.000107
-0.000551
-0.001143
0.000239
0.001258
0.00162
0.001324
-0.002328
0.002081
-0.000387
-0.000847
0.002772
0.00287
0.001225
0.001522
0.000732
0.003956
0.005075
-0.001834
0.003923
0.004022
0.002574
0.000831
0.002541
0.004219
0.002772
0.002739
0.001785
0.003825
0.001719
0.006753
0.003726
0.004515
0.007476
0.00514
0.006292
0.007378
0.006522
0.005864
0.009977
0.012148
0.00616
0.009746
0.007871
0.006983
0.012115
0.008628
0.009944
0.010404
0.011194
0.011358
0.012609
0.011095
0.014582
0.013003
0.013694
0.01501
0.017379
0.020504
0.022774
0.027117
0.031953
0.035671
0.032677
0.039553
0.038665
0.044586
0.048468
0.050377
0.051594
0.056397
0.054719
0.057581
0.060542
0.060575
0.06551
0.068603
0.067912
0.069195
0.074952
0.069984
0.072551
0.073439
0.07232
0.075117
0.076104
0.081038
0.080282
0.078472
0.079032
0.081203
0.080677
0.081302
0.080841
0.084065
0.085644
0.084592
0.088145
0.088572
0.090086
0.092389
0.093639
0.092323
0.097159
0.098804
0.100251
0.102423
0.103278
0.103377
0.106831
0.108147
0.10943
0.108937
0.108805
0.108016
0.111964
0.112062
0.111075
0.115023
0.114957
0.116142
0.11953
0.1193
0.120912
0.120221
0.119925
0.121241
0.1193
0.12078
0.118708
0.120419
0.1117
0.090645
0.075117
0.067484
0.05541
0.055279
0.015997
0.02386
0.020932
0.003792
0.00162
0.001127
0.009417
0.0082
0.006226
0.017116
0.022083
0.015866
0.017576
0.019452
0.019912
0.02919
0.035901
0.037283
0.04485
0.048468
0.049061
0.051989
0.053206
0.057121
0.062451
0.056693
0.062418
0.061464
0.058108
0.059194
0.0562
0.050673
0.035572
0.021458
0.015602
0.012609
0.012345
0.017511
0.018991
0.014879
0.010174
0.007608
0.00514
0.002706
0.005371
0.001949
0.004121
0.002278
0.004285
0.001752
0.001258
-0.000584
0.000831
4.1e-05
0.00445
0.00139
4.1e-05
0.000239
0.002081
0.009746
0.01149
0.012905
0.015076
0.021689
0.020241
0.017905
0.016589
0.022445
0.02159
0.020373
0.001094
0.002212
0.007542
0.010108
0.004252
0.004417
0.009483
0.016458
0.02409
0.027314
0.032085
0.034848
0.038401
0.040671
0.042744
0.025439
0.011161
0.01603
0.004351
0.009977
0.012938
0.021393
0.02159
0.028828
0.022116
0.007279
0.009845
0.01478
0.015964
0.017313
0.010668
0.001357
0.003561
0.003627
0.009121
0.005766
0.008299
0.002114
0.002805
-0.000189
0.008397
0.012411
0.01024
0.011128
0.010174
0.002936
0.000271
0.000206
0.000765
-5.8e-05
0.001883
-0.000419
-5.8e-05
0.002805
-0.001538
0.002278
0.002476
0.006358
0.001686
0.000206
7.4e-05
0.004417
0.003397
0.009154
0.002311
0.006127
0.012641
0.008858
0.001554
0.000699
0.000798
0.003397
0.003265
0.003627
0.004022
0.003002
0.002476
-0.000683
0.000271
0.001489
-0.000452
0.00037
0.000271
0.000337
0.000864
0.001587
0.001357
0.004252
-0.001538
0.004252
0.002838
0.003989
0.006226
0.007937
0.005667
0.01047
0.011293
0.01274
0.014254
0.013168
0.013234
0.014582
0.015701
0.009516
0.003825
0.014747
0.02238
0.019057
0.019221
0.017116
0.017445
0.010569
0.004252
0.009713
0.012609
0.014352
0.001291
0.001193
0.000864
0.004877
0.004088
0.002147
0.00241
0.002541
0.001225
0.002081
0.00162
0.000206
0.00241
0.004647
0.001785
0.003627
-0.000551
0.000864
0.000469
0.000107
0.001291
0.005897
0.005108
0.000699
0.000699
0.002443
0.005535
0.005798
0.000831
0.004022
0.008496
0.004252
0.010075
0.005535
0.001818
0.004877
0.000864
0.002147
0.003792
0.011654
0.013727
0.018892
0.015931
0.019748
0.019583
0.019024
0.022643
0.023564
0.028861
0.025439
0.025867
0.024485
0.028762
0.028861
0.031558
0.032348
0.030407
0.027874
0.02692
0.029486
0.031657
0.022412
0.023169
0.025834
0.028367
0.029584
0.020965
0.010602
0.002147
0.000897
8e-06
0.000732
-0.000781
7.4e-05
8e-06
0.000271
4.1e-05
8e-06
8e-06
0.000107
0.00014
0.00014
0.000173
4.1e-05
8e-06
-2.5e-05
-2.5e-05
8e-06
-0.000156
0.000107
0.000107
-5.8e-05
0.000633
0.000304
0.001818
0.00366
0.006029
0.009286
0.008595
0.011589
0.009681
0.011983
0.011885
0.015898
0.014023
0.014714
0.014648
0.005831
0.010042
0.011227
0.013793
0.015175
0.011194
0.013234
0.016655
0.016556
0.019781
0.022051
0.025834
0.027084
0.032545
0.032151
0.032381
0.02942
0.024617
0.024156
0.021623
0.024913
0.025735
0.015964
0.013596
0.018925
0.022248
0.018465
0.017543
0.017247
0.006851
0.007246
0.010668
0.013365
0.001061
0.004844
0.003956
0.014122
0.006193
0.008628
0.004877
0.003002
0.004746
0.006555
0.015569
0.015076
0.007707
0.007575
0.007608
0.013925
0.012641
0.003594
0.007509
0.006753
0.007312
0.011128
0.015734
0.022248
0.024156
0.0309
0.031854
0.035638
0.039948
0.041856
0.045639
0.045343
0.05291
0.05564
0.059424
0.063865
0.070577
0.072715
0.073998
0.068076
0.073768
0.074195
0.079821
0.081696
0.084592
0.087355
0.089395
0.094395
0.099824
0.098968
0.100317
0.103245
0.106371
0.111141
0.100975
0.103311
0.103476
0.10795
0.108838
0.115253
0.116536
0.118642
0.117951
0.119497
0.127393
0.121077
0.125288
0.126702
0.127623
0.122721
0.112161
0.098343
0.08423
0.083703
0.08038
0.064589
0.060871
0.049324
0.044224
0.01353
0.000929
0.000107
0.00116
4.1e-05
0.000206
0.000206
0.000271
0.000173
0.00014
8e-06
-2.5e-05
0.00037
-0.000419
0.001324
7.4e-05
0.000502
0.000864
0.000995
0.002574
0.003167
0.005173
0.0006
0.003199
-0.000913
0.00037
0.000304
0.00014
0.000436
0.000929
0.000403
0.001324
-0.000123
0.000173
0.001653
0.000469
-0.000814
0.000337
0.000173
8e-06
0.001489
-0.004762
0.001291
0.000206
0.000271
-2.5e-05
0.00014
8e-06
0.00037
0.000173
0.001094
0.000206
0.000666
-0.000979
0.000337
-0.000222
-5.8e-05
-2.5e-05
-2.5e-05
0.000107
0.00014
0.000239
0.000173
4.1e-05
-0.000123
8e-06
-9e-05
-9e-05
-9e-05
-2.5e-05
4.1e-05
0.000107
4.1e-05
0.00014
4.1e-05
4.1e-05
8e-06
-5.8e-05
-5.8e-05
-0.000419
0.000469
-2.5e-05
0.001423
-0.000288
0.000897
8e-06
0.000469
-5.8e-05
-0.000156
-0.000387
0.000469
-2.5e-05
8e-06
0.000107
0.000206
0.000107
0.00014
4.1e-05
-0.000255
0.001324
-0.000123
-0.000518
-0.000156
4.1e-05
4.1e-05
0.00014
0.000107
0.000107
4.1e-05
-0.000123
-9e-05
-5.8e-05
4.1e-05
-9e-05
0.000173
0.00014
0.000206
4.1e-05
0.000337
0.000107
4.1e-05
-0.000222
-0.000123
-0.000156
-9e-05
7.4e-05
7.4e-05
7.4e-05
0.000107
-0.000123
7.4e-05
4.1e-05
-5.8e-05
-2.5e-05
-0.000123
-2.5e-05
8e-06
7.4e-05
7.4e-05
7.4e-05
7.4e-05
8e-06
8e-06
-5.8e-05
-5.8e-05
-9e-05
-5.8e-05
7.4e-05
0.00014
7.4e-05
0.000173
0.00014
0.000173
-5.8e-05
-0.000123
-5.8e-05
-9e-05
-9e-05
7.4e-05
7.4e-05
0.000107
0.00014
0.00014
0.000173
-5.8e-05
-2.5e-05
-9e-05
-9e-05
-2.5e-05
7.4e-05
0.000403
0.000173
0.000107
0.000107
0.000107
-0.000321
0.000304
-0.000255
0.000107
-0.000189
0.00014
0.000239
0.000271
0.000271
0.000831
0.000206
4.1e-05
0.00014
-2.5e-05
-5.8e-05
-0.000716
0.000831
-2.5e-05
0.000206
0.002344
0.000502
-0.000683
0.000831
0.000304
0.000502
0.00037
0.000304
0.000173
0.000502
0.001851
-0.000321
0.000962
0.000864
-0.000156
0.000337
-2.5e-05
7.4e-05
0.000271
-0.000551
-0.000617
0.000929
0.000502
0.003035
0.001686
0.003101
8e-06
-0.000419
7.4e-05
0.000173
-0.000123
7.4e-05
0.000173
0.00014
4.1e-05
0.00014
8e-06
0.00014
-0.000189
8e-06
-2.5e-05
0.00014
0.000107
0.000107
0.000206
0.00014
7.4e-05
4.1e-05
8e-06
-5.8e-05
-9e-05
-0.000913
4.1e-05
-5.8e-05
0.00014
0.000107
0.000173
4.1e-05
-2.5e-05
4.1e-05
-2.5e-05
-5.8e-05
0.000535
8e-06
7.4e-05
4.1e-05
0.000107
0.000239
0.00014
0.00014
-9e-05
-9e-05
-9e-05
-0.000222
4.1e-05
7.4e-05
0.000107
0.000107
0.000107
0.00014
8e-06
-5.8e-05
-5.8e-05
-9e-05
-5.8e-05
-5.8e-05
4.1e-05
0.00014
7.4e-05
0.000107
0.000107
7.4e-05
-2.5e-05
-5.8e-05
-5.8e-05
-5.8e-05
-2.5e-05
4.1e-05
4.1e-05
7.4e-05
0.00014
7.4e-05
8e-06
-5.8e-05
-2.5e-05
-0.000189
-0.000123
-5.8e-05
4.1e-05
0.000107
7.4e-05
0.00014
0.00014
-2.5e-05
4.1e-05
-9e-05
0.000436
-2.5e-05
0.000107
-0.000156
8e-06
-9e-05
-0.000123
0.000568
0.000765
0.000436
-0.000255
-5.8e-05
0.000995
0.000173
0.000469
0.000897
0.000535
0.000831
0.003594
0.001423
0.001916
0.004121
0.004285
0.003857
0.005864
0.004219
0.005667
0.003528
0.005272
0.000666
0.001456
0.003397
0.003759
0.002903
0.003002
0.005075
0.00491
0.008496
-0.00088
0.000732
-0.000485
8e-06
-0.000584
0.000568
-0.000156
-9e-05
-9e-05
4.1e-05
4.1e-05
7.4e-05
7.4e-05
0.00014
8e-06
4.1e-05
-9e-05
-5.8e-05
-2.5e-05
-5.8e-05
7.4e-05
-9e-05
0.00014
-0.000123
0.000271
0.000107
7.4e-05
7.4e-05
-0.000222
-2.5e-05
-5.8e-05
-0.000354
0.000271
0.000173
0.00014
0.00014
4.1e-05
0.00014
-0.000123
8e-06
-0.000321
-0.000156
0.000107
0.00037
0.000173
0.000403
0.000107
0.000173
-5.8e-05
-2.5e-05
-5.8e-05
-0.000123
-5.8e-05
-2.5e-05
7.4e-05
7.4e-05
0.00014
7.4e-05
0.000173
8e-06
0.000206
0.000206
7.4e-05
-0.000156
0.000107
0.000239
0.00014
0.00014
0.000107
7.4e-05
-0.000123
8e-06
-0.000156
8e-06
0.000403
0.000107
0.000107
0.00014
4.1e-05
0.00014
0.000173
-2.5e-05
4.1e-05
-2.5e-05
-0.000123
-0.000321
4.1e-05
4.1e-05
0.00014
4.1e-05
0.000173
0.000107
0.000107
-2.5e-05
-5.8e-05
-5.8e-05
-0.000156
8e-06
7.4e-05
7.4e-05
0.000107
0.00014
0.000173
8e-06
-5.8e-05
-5.8e-05
-5.8e-05
-9e-05
-9e-05
8e-06
-2.5e-05
0.000173
7.4e-05
7.4e-05
7.4e-05
8e-06
-5.8e-05
-9e-05
-9e-05
-9e-05
-2.5e-05
7.4e-05
0.000107
0.000107
7.4e-05
8e-06
8e-06
-5.8e-05
-2.5e-05
-9e-05
4.1e-05
7.4e-05
7.4e-05
0.000107
0.00014
0.00014
7.4e-05
4.1e-05
-9e-05
8e-06
-0.000189
-2.5e-05
-2.5e-05
8e-06
0.000107
0.000206
0.00014
0.00014
7.4e-05
-9e-05
8e-06
-2.5e-05
8e-06
4.1e-05
0.000107
0.00014
0.00014
0.000107
0.000107
-2.5e-05
-2.5e-05
-9e-05
-9e-05
-2.5e-05
4.1e-05
7.4e-05
0.000239
8e-06
0.000239
0.000962
0.000403
0.001851
0.002443
0.00116
-0.001275
0.002114
0.004844
0.004088
0.000831
-0.001308
0.002212
0.001949
0.002574
0.00037
0.001818
-0.000617
0.002212
0.000337
0.000239
7.4e-05
0.00037
0.000962
-0.000255
4.1e-05
0.001653
0.002969
0.012345
0.015668
0.021919
0.0284
0.029683
0.036362
0.007674
0.016063
0.017247
0.022478
0.0284
0.03192
0.021327
0.012905
0.008891
0.000271
0.000633
-5.8e-05
0.000831
-0.000123
0.002278
0.002969
0.003397
4.1e-05
0.004121
0.000962
0.000962
0.000239
-2.5e-05
8e-06
-2.5e-05
-9e-05
-5.8e-05
-0.000255
8e-06
0.000107
7.4e-05
0.00014
0.00014
0.000436
4.1e-05
0.000107
8e-06
8e-06
0.000337
8e-06
4.1e-05
7.4e-05
0.000107
0.000206
7.4e-05
8e-06
-5.8e-05
-0.000156
-2.5e-05
-0.000354
8e-06
7.4e-05
0.000107
0.00014
0.00014
0.000107
8e-06
-2.5e-05
-9e-05
-9e-05
-0.000156
8e-06
-2.5e-05
0.000107
7.4e-05
0.000173
0.000239
8e-06
8e-06
-5.8e-05
-5.8e-05
-9e-05
-5.8e-05
0.000107
0.000107
7.4e-05
0.00014
4.1e-05
4.1e-05
-2.5e-05
-5.8e-05
-2.5e-05
-0.000156
8e-06
8e-06
0.000107
0.000107
0.000107
0.00014
4.1e-05
-2.5e-05
-9e-05
-5.8e-05
-9e-05
-9e-05
4.1e-05
0.000107
0.000107
0.00014
0.00014
0.000107
-2.5e-05
-5.8e-05
-2.5e-05
-9e-05
-9e-05
7.4e-05
4.1e-05
0.00014
0.000107
0.00014
0.000107
-5.8e-05
8e-06
-9e-05
-9e-05
-2.5e-05
-2.5e-05
0.00014
7.4e-05
0.000107
0.00014
7.4e-05
-5.8e-05
-5.8e-05
-5.8e-05
-9e-05
-9e-05
8e-06
7.4e-05
0.00014
0.00014
0.000107
7.4e-05
8e-06
-5.8e-05
0.002607
0.003134
0.009582
0.011654
0.019583
0.024353
0.032776
0.03294
0.028795
0.026821
0.030966
0.036822
0.037217
0.007443
0.008266
0.010766
0.014582
0.01626
0.021491
0.025011
0.029025
0.038039
0.033598
0.04258
0.041724
0.034388
0.010141
0.002936
-9e-05
0.000271
0.000995
7.4e-05
-0.000452
-2.5e-05
0.005864
0.01001
0.015471
0.023728
0.031131
0.035013
0.042415
0.021162
0.021853
0.031328
0.035737
0.042744
0.04735
0.052416
0.055608
0.063306
0.066662
0.072814
0.075018
0.079394
0.084888
0.090546
0.090875
0.099659
0.104693
0.103114
0.107785
0.109463
0.113016
0.114661
0.119497
0.119793
0.123577
0.12361
0.12486
0.125978
0.13394
0.13042
0.137164
0.137394
0.026229
0.011095
0.00264
0.003298
0.002903
-0.001077
-0.000551
7.4e-05
0.00014
7.4e-05
0.00014
0.000107
4.1e-05
4.1e-05
-9e-05
-5.8e-05
-0.000123
-5.8e-05
7.4e-05
7.4e-05
7.4e-05
0.000107
0.000107
4.1e-05
-5.8e-05
-9e-05
-9e-05
-9e-05
8e-06
8e-06
0.000107
0.000107
7.4e-05
0.000107
4.1e-05
-2.5e-05
-9e-05
-9e-05
-9e-05
8e-06
4.1e-05
7.4e-05
0.000107
0.00014
0.00014
7.4e-05
-2.5e-05
-5.8e-05
-5.8e-05
-9e-05
-9e-05
4.1e-05
7.4e-05
0.000107
0.000107
0.000107
0.00014
8e-06
-9e-05
-0.000123
-9e-05
-2.5e-05
-2.5e-05
0.000107
7.4e-05
0.00014
0.00014
8e-06
8e-06
-5.8e-05
-9e-05
-9e-05
-2.5e-05
4.1e-05
0.000568
0.002706
0.008529
0.014747
0.018037
0.028236
0.032282
0.039224
0.043205
0.049982
0.053305
0.058371
0.061266
0.069261
0.074228
0.075577
0.085184
0.083966
0.092652
0.09377
0.09887
0.099166
0.102522
0.103015
0.107456
0.113115
0.113477
0.119629
0.119826
0.123741
0.126867
0.131111
0.128972
0.133414
0.134697
0.139006
0.139138
0.140684
0.141902
0.14506
0.145422
0.146178
0.149633
0.146771
0.150817
0.153449
0.155555
0.155555
0.157035
0.157825
0.162365
0.159338
0.163681
0.164076
0.161641
0.159634
0.164503
0.166411
0.165589
0.167793
0.168879
0.170458
0.169142
0.170195
0.172399
0.171544
0.170228
0.176314
0.175261
0.172629
0.175031
0.174603
0.174735
0.177136
0.176544
0.176084
0.091599
0.04712
0.049061
0.052087
0.057647
0.059457
0.067813
0.074886
0.078834
0.082453
0.081828
0.088474
0.092849
0.092389
0.095909
0.098376
0.100054
0.106831
0.108443
0.115319
0.114003
0.116668
0.118609
0.123215
0.125353
0.128676
0.129795
0.131242
0.136309
0.133776
0.13723
0.138677
0.139697
0.139796
0.147593
0.140882
0.142132
0.145652
0.142362
0.146178
0.145915
0.145422
0.147758
0.140553
0.136868
0.139368
0.141606
0.14052
0.143119
0.144961
0.132262
0.115418
0.115944
0.121438
0.120484
0.125123
0.119761
0.021919
0.024321
0.032874
0.037908
0.045277
0.048041
0.049554
0.057154
0.054884
0.06097
0.060115
0.063931
0.064918
0.066102
0.06982
0.069392
0.070313
0.073537
0.073899
0.077584
0.079492
0.080479
0.082881
0.084197
0.088507
0.088507
0.091566
0.092586
0.097488
0.094034
0.101732
0.10012
0.103114
0.100416
0.107292
0.106634
0.108871
0.107062
0.113115
0.11295
0.10897
0.111141
0.111569
0.109891
0.112621
0.108213
0.106963
0.110187
0.100646
0.103541
0.106371
0.106765
0.109101
0.110253
0.109693
0.109759
0.110417
0.110384
0.10568
0.108049
0.114201
0.110746
0.113312
0.108707
0.115582
0.113279
0.115714
0.118938
0.121044
0.122853
0.123314
0.11851
0.121142
0.121471
0.11782
0.06199
0.058897
0.064326
0.04304
0.00774
0.012378
0.021425
0.025242
0.031394
0.035276
0.039915
0.047251
0.048205
0.0511
0.057022
0.057516
0.058305
0.0612
0.064161
0.068307
0.068142
0.068701
0.06778
0.067451
0.068932
0.067418
0.066695
0.067978
0.06551
0.069886
0.068274
0.068076
0.068668
0.065708
0.06222
0.062286
0.060542
0.060082
0.05666
0.054423
0.055344
0.051857
0.049817
0.047975
0.039355
0.023465
0.022149
0.02363
0.021195
0.025702
0.015569
0.02284
0.017346
0.016622
0.019846
0.017938
0.017675
0.020373
0.018497
0.017609
0.018201
0.014879
0.015898
0.016688
0.013135
0.011062
0.008628
0.009977
0.013826
0.010207
0.012641
0.011358
0.011654
0.008595
0.007838
0.005897

Kurve 4

0.001291
0.001916
-0.00213
0.001949
-0.000354
0.002607
0.001851
0.00116
0.001949
0.000798
0.0006
0.002377
0.003463
-0.001143
0.00593
0.001587
0.002114
0.003134
0.007082
0.007378
0.007904
0.010437
0.007147
0.001851
-0.000387
-2.5e-05
0.003528
0.006292
0.005766
0.007476
0.006226
0.008858
0.007279
0.004581
0.001357
0.002114
-0.001077
-0.001933
-0.001538
0.002706
0.003265
0.003002
0.003857
0.000568
0.00366
0.000798
-0.001505
-0.004137
-0.000452
0.00014
0.000107
0.00014
0.000107
-2.5e-05
-5.8e-05
-0.000123
-0.000123
-0.000288
4.1e-05
0.000206
0.000239
0.000798
0.000239
0.000633
0.001028
0.000995
-0.00065
4.1e-05
0.000206
-0.001045
0.004252
-0.001406
0.000699
-0.000222
-0.001143
0.003561
-0.000123
0.000897
0.000831
-0.000781
0.000502
-0.000123
0.000337
0.000403
0.000469
-0.000354
0.001061
-0.002821
-0.000979
-0.000485
0.000107
0.000337
0.000239
0.001719
-5.8e-05
0.000173
0.000897
0.000239
-5.8e-05
-9e-05
-0.000683
0.000239
0.000173
-0.000485
-0.000321
-0.002064
-0.000255
0.000962
0.001291
-9e-05
0.000271
-5.8e-05
-2.5e-05
-2.5e-05
8e-06
0.000107
7.4e-05
0.000107
0.00014
7.4e-05
-2.5e-05
-0.000189
-2.5e-05
-9e-05
-9e-05
4.1e-05
0.000107
0.000239
7.4e-05
0.000107
4.1e-05
-0.000123
-2.5e-05
-0.000123
-0.000123
-5.8e-05
4.1e-05
0.000107
7.4e-05
0.000107
0.000107
0.000107
-5.8e-05
-5.8e-05
-9e-05
-9e-05
-2.5e-05
4.1e-05
7.4e-05
0.000107
4.1e-05
-5.8e-05
0.000469
-0.000683
0.000206
0.000502
0.001028
0.000798
-0.00338
0.004121
0.000271
0.001818
0.000929
0.002377
0.000173
0.000173
-0.000551
0.001193
-0.001472
-0.000321
-0.000189
0.000535
-0.000584
0.000173
4.1e-05
0.000107
-2.5e-05
-5.8e-05
-5.8e-05
-9e-05
4.1e-05
8e-06
4.1e-05
7.4e-05
0.000107
8e-06
8e-06
-2.5e-05
-5.8e-05
-0.000123
-0.000123
8e-06
0.000107
0.000107
0.00014
0.000173
7.4e-05
7.4e-05
-0.000123
-5.8e-05
-9e-05
-0.000156
8e-06
8e-06
0.00014
0.000107
0.000107
7.4e-05
8e-06
-9e-05
-5.8e-05
-9e-05
-9e-05
-2.5e-05
4.1e-05
0.000173
0.000107
0.000173
0.000107
8e-06
-2.5e-05
-9e-05
-5.8e-05
-9e-05
8e-06
8e-06
0.000107
0.00014
0.000173
0.00014
8e-06
-5.8e-05
-5.8e-05
-9e-05
-0.000123
-5.8e-05
8e-06
0.000107
0.000107
0.00014
7.4e-05
-2.5e-05
-5.8e-05
-9e-05
-9e-05
-9e-05
-2.5e-05
7.4e-05
7.4e-05
7.4e-05
0.000107
0.000107
7.4e-05
-2.5e-05
-2.5e-05
-0.000123
-0.000123
-5.8e-05
8e-06
0.000107
7.4e-05
0.000173
0.00014
4.1e-05
-2.5e-05
-5.8e-05
-9e-05
-9e-05
-9e-05
0.000107
0.000107
0.00014
0.00014
0.00014
4.1e-05
-2.5e-05
-5.8e-05
-5.8e-05
-9e-05
-2.5e-05
7.4e-05
4.1e-05
0.000173
0.00014
0.000107
0.000107
-2.5e-05
-2.5e-05
-0.000123
-9e-05
-5.8e-05
-2.5e-05
7.4e-05
0.000107
0.000107
0.000206
8e-06
8e-06
-5.8e-05
-0.000123
-5.8e-05
-9e-05
0.000107
7.4e-05
7.4e-05
0.000107
4.1e-05
7.4e-05
-5.8e-05
-9e-05
-0.000123
-0.000123
-5.8e-05
-2.5e-05
7.4e-05
0.00014
7.4e-05
0.000173
0.000107
8e-06
-5.8e-05
-5.8e-05
-5.8e-05
-0.000156
4.1e-05
0.000107
7.4e-05
0.00014
0.000107
4.1e-05
8e-06
-5.8e-05
-5.8e-05
-5.8e-05
-9e-05
7.4e-05
4.1e-05
0.00014
7.4e-05
7.4e-05
0.00014
4.1e-05
0.002278
0.006588
0.00695
0.015668
0.018892
0.023597
0.028959
0.032874
0.035144
0.037579
0.031624
0.031986
0.030506
0.035802
0.038632
0.043139
0.044915
0.047712
0.048699
0.05722
0.056726
0.06222
0.064951
0.06778
0.069195
0.067056
0.072649
0.071925
0.076531
0.079657
0.082782
0.082815
0.082947
0.083078
0.086072
0.084986
0.079755
0.073669
0.057845
0.05268
0.033401
0.018892
0.009121
0.006029
0.0006
8e-06
0.00014
0.000304
-9e-05
0.000535
7.4e-05
0.00037
0.000271
-0.001077
0.000502
-0.00065
-0.000222
0.000271
0.000864
-0.000979
0.007213
0.011523
0.019748
0.02465
0.027775
0.035572
0.036526
0.042251
0.03827
0.026295
0.022774
0.016063
0.018596
0.026229
0.027479
0.034223
0.041165
0.045672
0.048666
0.054357
0.059917
0.067221
0.069557
0.074261
0.075709
0.076729
0.082716
0.080446
0.085217
0.084263
0.088868
0.088868
0.026558
0.030275
0.035144
0.031295
0.035342
0.041231
0.048271
0.054785
0.059884
0.064556
0.041165
0.038138
0.043205
0.042382
0.042251
0.045277
0.035276
0.023893
0.020998
0.027018
0.02386
0.001456
0.001719
0.002147
0.004417
0.012016
0.006226
0.006062
0.001883
0.001291
0.002739
0.000765
0.000699
-0.000387
0.000995
0.000535
0.000765
0.000173
0.000469
0.000831
0.000897
-0.000387
0.000173
-9e-05
7.4e-05
8e-06
0.000271
4.1e-05
-0.000222
0.000271
-9e-05
0.000337
-0.000354
0.000633
-0.000189
0.000831
4.1e-05
0.000271
0.000107
0.000337
0.000337
7.4e-05
7.4e-05
-2.5e-05
0.000337
4.1e-05
0.000304
7.4e-05
0.00037
-0.001571
0.00014
0.00037
0.00264
0.00491
0.005568
0.003199
0.00491
0.003759
0.003265
0.002081
0.000765
0.000831
0.000206
0.000732
0.00037
-0.000288
0.000271
0.000107
-0.000452
0.000535
0.000732
0.005075
0.002509
0.001752
0.001686
-0.000419
0.001423
0.002673
0.002673
-9e-05
0.002673
-2.5e-05
0.000831
0.001719
0.001949
-0.000419
-0.000452
0.0006
0.000206
-0.000189
0.000239
0.000765
0.000271
0.000271
0.000239
-0.000156
0.00014
0.000206
-0.000123
0.000173
-0.000255
0.000436
-5.8e-05
0.000206
0.000173
0.000107
0.00014
0.000304
4.1e-05
4.1e-05
-5.8e-05
-0.000156
-9e-05
-2.5e-05
4.1e-05
7.4e-05
0.00014
0.000107
0.000107
4.1e-05
-5.8e-05
-9e-05
-9e-05
-9e-05
-2.5e-05
8e-06
0.000107
0.000107
0.00014
0.000107
4.1e-05
-5.8e-05
-5.8e-05
-2.5e-05
-0.000156
-9e-05
4.1e-05
0.000107
0.000107
0.00014
0.000107
0.00014
-2.5e-05
-2.5e-05
-5.8e-05
-0.000123
-5.8e-05
7.4e-05
0.000107
0.000107
0.000107
0.000173
7.4e-05
8e-06
-2.5e-05
-0.000156
-5.8e-05
-2.5e-05
4.1e-05
4.1e-05
0.000107
0.00014
0.00014
0.000107
-2.5e-05
-2.5e-05
-9e-05
-5.8e-05
-9e-05
4.1e-05
7.4e-05
0.00014
0.000107
0.000107
8e-06
-5.8e-05
-9e-05
-5.8e-05
-9e-05
-5.8e-05
7.4e-05
0.000107
0.000107
0.00014
7.4e-05
0.000107
-5.8e-05
-9e-05
-9e-05
-0.000123
-2.5e-05
-2.5e-05
7.4e-05
0.000173
0.00014
0.000206
-0.000156
8e-06
-2.5e-05
-5.8e-05
-2.5e-05
4.1e-05
-0.000123
0.000107
0.000173
-2.5e-05
0.00139
0.00139
0.00287
0.001587
0.004746
0.004877
0.002278
0.001719
0.002903
0.002311
0.006391
0.007147
0.001522
0.005601
0.003265
0.004581
0.001324
0.001028
-0.002986
0.006127
0.005437
0.008266
0.007937
0.006753
0.010174
0.00899
0.006029
0.004384
0.008496
0.003035
0.000107
0.000107
-0.000321
0.000929
0.004647
0.001193
0.005239
0.002607
0.004713
0.003068
0.013168
0.019616
0.021689
0.028565
0.029223
0.02817
0.030111
0.030571
0.031657
0.035276
-0.000584
-5.8e-05
7.4e-05
0.000107
0.000107
0.000337
0.000107
-5.8e-05
-5.8e-05
-9e-05
-0.000123
-9e-05
4.1e-05
7.4e-05
0.000107
0.000107
-2.5e-05
0.000107
0.000864
-0.000255
0.000732
-0.000716
0.003561
0.010503
0.011325
0.022643
0.023268
0.025604
0.031986
0.034717
0.028795
0.023005
0.011885
0.006489
0.003528
0.000897
-0.000617
0.000929
0.001752
4.1e-05
0.001357
-9e-05
-2.5e-05
0.000271
0.000239
0.00116
0.000633
0.000239
0.001324
-5.8e-05
0.007213
0.002739
-5.8e-05
-0.000123
-5.8e-05
-0.000354
0.003167
0.006095
0.011753
0.018497
0.020439
0.022972
0.025571
0.035704
0.035342
0.044126
0.047284
0.052449
0.052976
0.060082
0.061858
0.069754
0.074393
0.076137
0.083243
0.086829
0.089296
0.094428
0.09785
0.097916
0.103048
0.108641
0.108772
0.11147
0.114826
0.118642
0.120813
0.124827
0.119793
0.070577
0.016392
0.007509
0.003265
0.012411
0.017214
0.009516
0.007575
0.006062
0.008496
0.00695
0.007871
0.011424
0.007575
4.1e-05
8e-06
4.1e-05
-5.8e-05
4.1e-05
0.005667
0.008595
0.013201
0.017379
0.018629
0.026295
0.03146
0.034914
0.028828
0.015701
0.007016
-0.000222
0.007509
0.000798
0.000732
0.000535
0.003463
0.00014
0.000173
0.000173
0.00014
7.4e-05
8e-06
-9e-05
-0.000123
0.000107
4.1e-05
0.000107
4.1e-05
0.00014
0.000107
0.00014
8e-06
-2.5e-05
-5.8e-05
-0.000156
-5.8e-05
8e-06
0.000304
7.4e-05
0.000173
0.000107
0.00014
-2.5e-05
0.002015
4.1e-05
-0.000123
-0.002459
0.000173
0.000239
0.000107
0.000239
-0.001768
0.000304
7.4e-05
0.000403
-0.000189
-5.8e-05
-0.000189
0.00014
7.4e-05
0.000107
0.00014
0.000107
0.000107
0.000107
-0.000156
-0.000156
-2.5e-05
-0.000123
4.1e-05
7.4e-05
0.000206
0.000436
0.000271
0.000107
0.000107
0.0006
0.000107
0.007016
0.009977
0.001916
0.000699
0.000107
0.000469
0.000403
4.1e-05
0.00241
0.000535
0.001258
0.013299
0.002805
0.001818
0.002541
0.006062
0.012049
0.019188
-0.000387
0.007147
0.012378
0.017214
0.022643
0.020274
0.027314
0.033368
0.03725
0.042481
0.050245
0.05949
0.06278
0.066201
0.072945
0.068241
-9e-05
0.001587
0.004121
0.006818
0.01376
0.021425
0.030078
0.02919
0.038401
0.026163
0.020011
0.017478
0.004318
0.002476
0.000699
0.004055
0.004088
0.007476
0.000173
-5.8e-05
-5.8e-05
-0.000156
0.0057
0.010898
0.019024
0.005404
4.1e-05
0.004713
0.007411
0.009746
0.016721
0.023728
0.019517
0.016721
0.014385
0.010898
0.012707
0.014681
0.016162
0.020866
0.024419
0.031756
0.029157
0.018465
0.013694
0.01251
0.007542
0.011293
0.016096
0.023992
0.028236
0.032118
0.035638
0.041165
0.038467
0.046462
0.048765
0.047745
0.054588
0.056989
0.058404
0.05972
0.063865
0.061628
0.066563
0.067747
0.073373
0.069425
0.009911
0.017543
0.02534
0.025702
0.033335
0.020932
0.020537
0.026327
0.033401
0.039882
0.046363
0.049521
0.053963
0.061529
0.06528
0.068241
0.072419
0.078999
0.077617
0.085809
0.084921
0.091994
0.091171
0.090711
0.095152
0.092915
0.087849
0.076893
0.082716
0.085315
0.088836
0.081269
0.078407
0.086894
0.090053
0.089526
0.092948
0.076202
0.068438
0.070215
0.073044
0.075479
0.077979
0.081236
0.06528
0.068899
0.069524
0.071925
0.07357
0.074228
0.080216
0.082223
0.062056
0.064161
0.065971
0.068438
0.011161
0.003956
0.009779
0.016096
0.019452
0.02386
0.022215
0.026953
0.036691
0.040441
0.048765
0.05041
0.058075
0.06176
0.063701
0.068965
0.078143
0.077387
0.08367
0.086105
0.089066
0.094856
0.092619
0.096501
0.09331
0.09683
0.098903
0.099034
0.100548
0.103147
0.068076
0.062286
0.005042
0.004713
0.013168
0.01853
0.027545
0.034322
0.038303
0.043303
0.050706
0.055608
0.060608
0.065411
0.069952
0.072978
0.079229
0.081499
0.083637
0.086763
0.091303
0.092027
0.090678
0.089888
0.089559
0.096106
0.096731
0.097126
0.096106
0.097488
0.090448
0.097916
0.100219
0.10443
0.102818
0.10387
0.10943
0.110384
0.114102
0.114661
0.11601
0.118412
0.11726
0.122195
0.121702
0.116964
0.111733
0.110911
0.112654
0.066826
0.058766
0.062747
0.067616
0.071596
0.075873
0.080051
0.079723
0.083901
0.081729
0.09002
0.089757
0.092125
0.092816
0.096633
0.097521
0.096271
0.096764
0.092257
0.091402
0.088934
0.08242
0.074393
0.062385
0.053305
0.04633
0.049192
0.050113
0.046429
0.04985
0.056101
0.05666
0.061332
0.0612
0.067681
0.071103
0.073998
0.076367
0.08219
0.085776
0.08821
0.09206
0.092619
0.094724
0.097718
0.0991
0.099067
0.098639
0.104857
0.10262
0.105647
0.107358
0.109003
0.108805
0.111733
0.111931
0.113806
0.114201
0.055311
-2.5e-05
0.000239
0.004318
0.004614
0.002805
0.001818
0.000666
-0.000551
0.000206
7.4e-05
0.000206
-2.5e-05
4.1e-05
-9e-05
-9e-05
-9e-05
8e-06
7.4e-05
0.000206
0.000173
-9e-05
0.007641
0.01047
0.017149
0.0158
0.019155
0.02465
0.023794
0.000929
0.000633
0.008792
0.014977
0.014451
0.020702
0.022709
0.023728
0.021327
0.020669
0.012082
0.014879
0.020866
0.019748
0.023794
0.027808
0.022676
0.024485
0.028203
0.026459
0.030637
0.035671
0.031394
0.034388
0.033927
0.036888
0.039355
0.040573
0.04054
0.038039
0.034486
0.033565
0.035375
0.032085
0.033138
0.032512
0.027709
0.025143
0.025867
0.025406
0.011325
0.010306
0.015668
0.01353
0.001193
0.001818
0.006127
0.006785
0.005733
0.012115
0.013925
0.004844
0.007838
0.009286
0.009121
0.005502
0.009746
0.017346
0.015537
0.010306
0.005963
0.000239
0.001127
0.004186
0.008562
0.008529
0.011786
0.011983
0.012938
0.001094
0.002344
0.002212
0.001028
-0.000189
0.000173
0.00037
0.000173
-5.8e-05
0.00037
-0.000123
0.000502
8e-06
0.00014
4.1e-05
-5.8e-05
-2.5e-05
-9e-05
-2.5e-05
4.1e-05
0.00014
0.000107
0.000107
8e-06
7.4e-05
-5.8e-05
-2.5e-05
-9e-05
-9e-05
-9e-05
-0.000255
4.1e-05
0.00014
0.000107
0.000304
0.000271
-0.000123
0.000502
7.4e-05
7.4e-05
-2.5e-05
7.4e-05
0.000304
0.000107
8e-06
0.000107
0.00014
8e-06
-2.5e-05
-0.000123
8e-06
-5.8e-05
4.1e-05
0.000107
0.000173
7.4e-05
0.000864
0.002081
0.000206
4.1e-05
-0.000189
-5.8e-05
0.000633
-0.000189
7.4e-05
0.000239
7.4e-05
0.000107
0.00014
8e-06
8e-06
-5.8e-05
-9e-05
-0.000222
8e-06
0.000107
4.1e-05
0.000173
0.000173
0.000107
0.000107
-0.000123
-2.5e-05
-2.5e-05
-0.000123
-2.5e-05
-5.8e-05
0.001258
0.000732
0.002772
-0.000452
0.001061
0.000403
0.000206
0.000798
0.000699
0.000239
0.000962
7.4e-05
0.001225
-0.000255
-0.000156
-0.000485
0.00264
-2.5e-05
0.000239
0.000107
0.000239
0.00014
0.000107
0.000206
0.00014
0.000239
8e-06
-2.5e-05
-2.5e-05
-9e-05
-9e-05
8e-06
8e-06
0.00014
7.4e-05
0.00014
0.00014
7.4e-05
-2.5e-05
-2.5e-05
-5.8e-05
-2.5e-05
-5.8e-05
0.000535
0.001061
-0.000387
0.002443
-9e-05
0.000633
0.002541
0.007016
0.003825
7.4e-05
0.000403
0.001489
0.004976
0.003693
0.001982
4.1e-05
0.000337
0.000107
0.001225
0.000304
0.002311
0.00241
0.002706
0.002476
0.004055
0.003002
0.002476
0.002212
0.00343
0.001818
0.004252
0.002048
-0.001012
0.000633
0.000304
0.000173
0.002377
0.001456
0.000271
0.001061
0.002015
0.002048
0.001456
-0.001472
0.001193
0.003956
0.006325
0.004779
0.006654
0.002903
0.00616
0.001719
0.002278
0.007312
0.011951
0.010437
0.010865
0.011951
0.012115
0.016589
0.010964
0.015964
0.01524
0.012609
0.013332
0.013036
0.001851
0.00718
0.00593
0.007443
0.010339
0.008759
0.003232
0.003825
0.003825
0.006654
0.0082
0.000798
0.00343
0.001423
0.000962
0.001291
0.006358
0.007213
0.007641
0.007443
0.008924
0.01126
0.006753
0.013069
0.014319
0.017642
0.018662
0.022939
0.018925
0.018399
0.01524
0.000864
-0.003841
0.001061
0.002739
0.009812
0.002706
0.003199
0.000864
0.000666
-5.8e-05
0.000765
0.003496
0.003167
0.00014
0.001851
0.001587
-0.000123
0.000633
0.000897
0.002541
0.00241
0.006851
0.010108
0.010404
0.000206
0.006062
0.012543
0.013234
0.012345
0.009681
0.011128
0.009319
0.014681
0.015767
0.015372
0.014451
0.015668
0.013398
0.012938
0.015569
0.015767
0.017116
0.013793
0.010733
0.009516
0.009088
0.008595
0.013003
0.011556
0.014122
0.010668
0.013003
0.014582
0.013135
0.001225
0.000995
0.00241
0.003923
0.003101
0.002476
0.003397
0.01024
0.016063
0.011951
0.011819
0.007838
0.009878
0.008266
0.014122
0.015372
0.007904
0.012214
0.013826
0.013925
0.00945
0.011687
0.007279
0.000502
0.001686
0.003331
0.002212
0.001061
-0.000189
0.001456
8e-06
-0.000354
-2.5e-05
0.000798
-0.000156
0.002015
0.0006
0.000436
0.000206
0.000107
0.00014
0.000173
7.4e-05
8e-06
-9e-05
-5.8e-05
-5.8e-05
-9e-05
8e-06
0.00014
4.1e-05
0.00014
0.000173
8e-06
4.1e-05
-9e-05
-2.5e-05
-9e-05
-9e-05
4.1e-05
7.4e-05
7.4e-05
0.000107
0.00014
7.4e-05
-5.8e-05
-5.8e-05
-9e-05
-9e-05
-5.8e-05
8e-06
0.000107
0.000107
0.000107
0.00014
4.1e-05
8e-06
-2.5e-05
-9e-05
-9e-05
-5.8e-05
4.1e-05
0.000107
4.1e-05
0.00014
0.000107
7.4e-05
4.1e-05
-0.000123
-2.5e-05
-0.000123
-2.5e-05
8e-06
4.1e-05
0.000107
0.00014
0.000107
7.4e-05
-5.8e-05
8e-06
-2.5e-05
-5.8e-05
-9e-05
8e-06
0.000107
0.000107
0.00014
0.000107
4.1e-05
4.1e-05
-5.8e-05
-9e-05
-9e-05
4.1e-05
8e-06
7.4e-05
7.4e-05
0.000107
0.000107
0.00014
4.1e-05
-2.5e-05
-9e-05
-0.000123
-0.000123
-2.5e-05
0.000107
7.4e-05
7.4e-05
0.000107
0.000107
7.4e-05
-5.8e-05
-9e-05
-0.000123
-9e-05
-2.5e-05
4.1e-05
7.4e-05
0.00014
7.4e-05
0.000107
4.1e-05
-5.8e-05
-9e-05
-0.000123
-5.8e-05
-9e-05
4.1e-05
4.1e-05
7.4e-05
0.00014
0.00014
8e-06
8e-06
-5.8e-05
-5.8e-05
-9e-05
-9e-05
4.1e-05
0.000107
0.00014
0.000107
0.000107
4.1e-05
-5.8e-05
-0.000123
-9e-05
-0.000123
8e-06
4.1e-05
0.000107
0.000107
0.00014
0.00014
4.1e-05
8e-06
-5.8e-05
-0.000123
-0.000156
-0.000123
4.1e-05
7.4e-05
7.4e-05
0.000107
0.00014
0.000107
4.1e-05
-9e-05
-2.5e-05
-0.000123
-5.8e-05
4.1e-05
0.000107
0.000107
7.4e-05
0.000173
0.000107
8e-06
-5.8e-05
-5.8e-05
-0.000123
-2.5e-05
8e-06
0.000107
0.000107
0.00014
0.000107
8e-06
8e-06
-0.000123
-5.8e-05
-9e-05
-9e-05
4.1e-05
7.4e-05
4.1e-05
0.000107
4.1e-05
7.4e-05
-2.5e-05
-5.8e-05
-5.8e-05
-0.000156
4.1e-05
4.1e-05
7.4e-05
7.4e-05
7.4e-05
0.000173
7.4e-05
-2.5e-05
-9e-05
-5.8e-05
-9e-05
-5.8e-05
8e-06
4.1e-05
0.000107
0.00014
0.000107
0.00014
8e-06
-9e-05
-5.8e-05
-9e-05
-0.000123
8e-06
4.1e-05
0.000107
0.000107
0.00014
4.1e-05
-2.5e-05
8e-06
-9e-05
-9e-05
-0.000123
4.1e-05
0.000107
4.1e-05
0.000107
0.000107
7.4e-05
8e-06
-5.8e-05
-0.000123
-5.8e-05
-0.000222
4.1e-05
0.000107
7.4e-05
0.00014
0.000107
0.000107
-2.5e-05
-5.8e-05
-2.5e-05
-0.000189
0.000107
-2.5e-05
0.000107
7.4e-05
0.000107
0.00014
0.000107
-2.5e-05
-5.8e-05
-9e-05
-0.000123
-0.000189
8e-06
7.4e-05
0.000107
0.000107
0.000107
0.000107
4.1e-05
-5.8e-05
-2.5e-05
-9e-05
-9e-05
-5.8e-05
8e-06
7.4e-05
0.000107
0.000107
0.000173
8e-06
-5.8e-05
-2.5e-05
-9e-05
-0.000123
-9e-05
7.4e-05
0.000107
0.000107
0.000173
4.1e-05
7.4e-05
-2.5e-05
-5.8e-05
-5.8e-05
-0.000123
-9e-05
4.1e-05
0.000107
0.00014
0.000107
0.00014
8e-06
-5.8e-05
-2.5e-05
-9e-05
-9e-05
-2.5e-05
4.1e-05
4.1e-05
0.00014
0.000107
0.00014
-2.5e-05
-2.5e-05
-5.8e-05
-5.8e-05
-9e-05
-2.5e-05
4.1e-05
7.4e-05
0.000107
4.1e-05
0.000107
4.1e-05
-5.8e-05
-5.8e-05
-5.8e-05
-9e-05
-2.5e-05
4.1e-05
7.4e-05
0.000107
0.000107
0.000107
-2.5e-05
8e-06
-2.5e-05
-5.8e-05
-0.000123
-5.8e-05
4.1e-05
7.4e-05
0.000107
0.00014
0.000107
0.000107
-2.5e-05
-2.5e-05
-9e-05
-0.000123
-5.8e-05
4.1e-05
8e-06
0.00014
0.000107
0.00014
8e-06
-2.5e-05
-5.8e-05
-0.000123
-9e-05
-5.8e-05
-2.5e-05
4.1e-05
0.000107
0.00014
0.000173
8e-06
8e-06
-9e-05
-5.8e-05
-9e-05
-5.8e-05
4.1e-05
4.1e-05
0.00014
0.000107
7.4e-05
7.4e-05
4.1e-05
-5.8e-05
-5.8e-05
-9e-05
-0.000123
8e-06
0.00014
0.000107
7.4e-05
0.000107
7.4e-05
8e-06
-0.000123
-0.000123
-9e-05
-9e-05
8e-06
0.000107
0.000107
0.00014
0.000107
0.000107
4.1e-05
-2.5e-05
-9e-05
-9e-05
-0.000156
8e-06
0.000107
0.000107
0.000239
0.003331
0.003298
0.002574
0.002081
0.003825
0.004713
0.000535
0.003167
0.006358
0.005404
0.007246
0.00514
0.006654
0.007443
0.007608
0.007641
0.004746
0.009121
0.004055
0.009121
0.008233
0.005173
0.005437
0.004318
0.002344
0.00491
0.00139
0.002147
0.002344
0.001258
0.005042
0.007411
0.006687
0.002377
0.00366
0.006588
0.007246
0.00468
0.00389
0.001258
-0.000288
-0.000189
0.000897
-2.5e-05
0.000831
0.000173
0.002443
0.000732
0.001851
0.002081
0.000831
0.002377
-0.000946
0.003825
0.001028
0.001522
-2.5e-05
0.002673
0.000206
0.002706
0.000929
0.001916
0.000699
0.000436
0.001028
0.002015
0.000798
0.001094
0.003035
0.000699
0.004614
0.005239
0.003561
0.004548
0.001127
0.001522
0.002739
0.001324
0.003035
0.001225
0.000732
0.00264
0.002673
0.000897
0.00241
0.003397
0.001883
0.006785
0.002574
0.002903
0.000666
0.003134
-0.000419
0.002245
0.002805
8e-06
0.002772
0.003759
0.006391
0.005009
0.007772
0.006456
0.011523
0.00616
0.006226
0.003825
0.0057
0.003364
0.001193
0.003331
0.000831
0.000173
-0.001439
0.000502
0.001094
0.001554
0.000962
0.000666
0.000897
0.001883
-0.000748
0.003989
-0.000518
0.002838
0.000929
0.003496
-0.000781
0.000831
0.001357
0.000206
0.005502
0.001785
0.004614
0.002311
0.003463
0.00343
0.004779
0.004351
0.009977
0.008759
0.005798
0.009121
0.007805
0.009023
0.008694
0.007443
0.009023
0.008101
0.00695
0.005996
0.002805
0.004022
0.000206
0.003331
0.002212
0.002311
0.002245
0.001324
0.004483
0.004186
0.001291
0.002344
0.000897
0.006029
0.004779
0.006029
0.008694
0.003693
0.00491
0.002212
0.000568
-0.000814
-0.00088
-2.5e-05
0.00014
0.000173
0.00014
-0.000354
0.000864
0.002443
0.001127
0.004154
-0.001176
0.004713
0.000633
0.004252
0.004548
0.006358
0.002772
0.002377
0.003101
0.002377
0.003857
0.001785
0.003627
0.001423
0.004055
0.00366
0.002772
0.003397
0.001061
0.003825
0.000929
0.001291
0.00366
0.001225
0.003825
0.000831
0.003232
0.002574
0.001225
0.002048
0.00162
-5.8e-05
-0.000387
0.0006
8e-06
0.000107
4.1e-05
0.00037
-5.8e-05
0.00116
-2.5e-05
0.000929
0.000206
8e-06
-5.8e-05
0.000107
-0.000222
-2.5e-05
0.000107
7.4e-05
0.000107
0.000304
0.000206
-5.8e-05
8e-06
7.4e-05
0.000633
8e-06
0.00139
0.000831
0.001193
0.001554
0.001653
0.000864
-0.001472
-0.00065
0.00014
0.001028
-0.000387
0.00116
-0.000321
-0.000617
0.000929
0.001851
-0.000123
0.000962
8e-06
0.000765
0.000436
-0.000156
0.00014
-0.000189
0.000535
0.000271
0.000436
-5.8e-05
0.000337
-0.000189
0.000304
-0.000518
0.002278
0.000568
0.000337
0.000699
0.000502
0.000469
0.000864
0.001258
0.000831
0.000337
-0.000321
0.001094
-0.000485
0.000633
0.000403
0.00014
0.00014
0.00014
0.001225
0.001028
0.000633
0.001094
0.000337
-0.000123
0.000271
-0.000354
8e-06
0.000173
0.000173
-9e-05
-0.000123
-0.000156
4.1e-05
-0.000123
7.4e-05
0.000107
0.000239
0.000107
0.000206
0.000107
4.1e-05
-2.5e-05
-9e-05
-5.8e-05
-0.000189
0.000107
4.1e-05
0.000239
-0.000189
0.000239
0.000699
0.001061
-0.000222
0.000271
-9e-05
0.001193
-2.5e-05
4.1e-05
7.4e-05
0.00014
0.000107
4.1e-05
8e-06
-9e-05
-9e-05
-0.000123
-0.000156
-2.5e-05
0.000107
7.4e-05
0.00014
0.000239
4.1e-05
4.1e-05
-2.5e-05
-9e-05
-9e-05
-9e-05
-2.5e-05
7.4e-05
7.4e-05
0.00014
0.000107
0.000173
8e-06
-2.5e-05
-5.8e-05
-5.8e-05
-9e-05
-5.8e-05
4.1e-05
0.00014
0.00014
0.00014
0.00014
8e-06
-2.5e-05
-5.8e-05
-5.8e-05
-5.8e-05
-2.5e-05
0.000107
7.4e-05
0.000173
0.000107
0.00014
7.4e-05
-2.5e-05
-5.8e-05
-5.8e-05
-0.000156
-2.5e-05
0.000107
0.000107
4.1e-05
0.00014
0.00014
4.1e-05
-2.5e-05
-9e-05
-9e-05
-9e-05
-5.8e-05
0.000107
7.4e-05
0.00014
0.00014
7.4e-05
7.4e-05
-5.8e-05
-5.8e-05
-9e-05
-9e-05
-9e-05
4.1e-05
7.4e-05
0.00014
0.000107
0.00014
7.4e-05
8e-06
8e-06
-9e-05
-5.8e-05
-9e-05
-2.5e-05
0.000107
0.00014
0.00014
0.000107
4.1e-05
-2.5e-05
-9e-05
-5.8e-05
-5.8e-05
-9e-05
8e-06
4.1e-05
0.00014
0.000107
0.00014
4.1e-05
8e-06
-2.5e-05
-5.8e-05
-0.000156
-2.5e-05
4.1e-05
0.000107
0.00014
0.000107
0.00014
7.4e-05
8e-06
-5.8e-05
-5.8e-05
-0.000123
-0.000123
4.1e-05
4.1e-05
0.000107
0.00014
0.00014
0.000107
-5.8e-05
-2.5e-05
-0.000123
-0.000123
-5.8e-05
7.4e-05
4.1e-05
0.000107
0.000107
0.00014
4.1e-05
8e-06
-2.5e-05
-0.000123
-5.8e-05
-5.8e-05
8e-06
4.1e-05
7.4e-05
0.000107
0.00014
7.4e-05
8e-06
-2.5e-05
-5.8e-05
-0.000123
-0.000156
7.4e-05
4.1e-05
0.00014
0.00014
0.00014
0.000107
8e-06
