Ladekurvenmessung

Zeit: 2018_05_02 15.21.41

Info: FVA3, v = 0.4106, T = 40, F = 20, h = 229.2

Ladewiderstand[Ohm]: 1012700

Störkapazität[nF]: 0.000000

Entladezeit[ms]: 100

Abtastrate[Hz]: 250000

Anzahl der Messwerte: 2500

Verzögerung [ms]: 1


Kurve 1

-0.009434
-0.012724
-0.007361
-0.011671
-0.012099
-0.01223
-0.012757
-0.011572
-0.011079
-0.01302
-0.015915
-0.013941
-0.012921
-0.011671
-0.009829
-0.009763
-0.010651
-0.008085
-0.011276
-0.008611
-0.010256
-0.011046
-0.009598
-0.01019
-0.010783
-0.008052
-0.010289
-0.011243
-0.009894
-0.011441
-0.009763
-0.008447
-0.01223
-0.009368
-0.007295
-0.009072
-0.005749
-0.011605
-0.005453
-0.009171
-0.007591
-0.008414
-0.004367
-0.002854
-0.000683
-0.00167
-0.001275
0.000337
-9e-05
-0.000814
-0.000321
-0.001999
0.000469
-0.000485
-0.004334
0.004581
0.001489
0.001193
0.00014
0.002147
-0.002624
-0.001538
0.002147
0.000337
0.002377
0.000666
0.003134
0.001818
0.003331
0.000699
0.000962
0.001851
0.0006
0.001423
0.001423
-5.8e-05
0.001324
0.000798
0.001587
0.002245
0.00116
0.003693
0.001982
0.000403
0.001456
0.002607
0.002048
0.005206
0.002607
0.003068
0.000962
0.00241
0.001587
0.003364
0.000699
0.000337
0.001324
-0.000288
0.003298
0.003035
0.001489
0.002706
0.005075
0.001949
0.006983
0.003364
0.003759
0.002114
0.002772
0.00695
-0.000551
0.005535
0.004811
0.002706
0.001653
0.003693
0.001818
0.003561
0.003298
0.004811
0.001587
0.003594
0.004318
0.004746
0.005075
0.003956
0.00445
0.000239
0.001225
-2.5e-05
0.000173
0.000535
0.002212
0.004154
0.004384
0.003167
0.005437
0.00695
0.006818
0.001028
0.00343
0.005766
0.003134
0.003496
0.005897
0.003627
0.003561
0.002706
0.001851
0.0057
0.003528
0.002344
0.003397
0.003923
0.006095
0.007279
0.004351
0.005766
0.005568
0.005535
0.003594
0.00445
0.001225
-0.002459
0.001324
-0.000189
0.006456
0.001554
0.003561
0.003726
0.00695
0.002344
0.006259
0.004121
0.00366
0.005108
0.002377
0.002212
-0.000387
0.003002
0.00116
-0.003051
-0.001077
0.00389
0.001423
0.004154
-0.000419
0.005634
0.004515
0.003923
0.003825
0.003825
0.003167
0.000206
0.003232
-0.000913
0.004417
0.002278
0.002377
-0.000321
0.001982
0.001291
0.001258
0.001719
0.00491
0.00343
0.004252
0.001686
0.005667
0.004548
0.00139
0.00287
0.003726
0.001752
0.005667
-5.8e-05
0.0006
0.00264
-5.8e-05
0.002969
0.000107
0.004252
0.002541
0.002903
0.00445
-2.5e-05
0.004022
0.003068
0.002509
0.00037
0.001949
0.00037
7.4e-05
-0.003808
0.002509
0.000469
0.00116
0.002739
0.002147
-0.000781
0.00162
0.000929
0.005897
0.002212
0.001357
0.00287
0.001785
0.00037
0.002805
0.001883
-0.00111
0.006917
0.010668
0.022741
0.026295
0.037053
0.043698
0.048238
0.053272
0.060542
0.065543
0.068833
0.076827
0.079788
0.091369
0.088408
0.095646
0.099034
0.102094
0.107325
0.108805
0.112325
0.116734
0.120024
0.125321
0.128643
0.125189
0.136934
0.137362
0.136046
0.138151
0.143744
0.143382
0.143908
0.145948
0.151903
0.152989
0.153449
0.154535
0.158318
0.160786
0.16118
0.165293
0.163319
0.166543
0.164668
0.169866
0.169208
0.169043
0.171412
0.172103
0.173978
0.174439
0.171247
0.172366
0.173847
0.169076
0.170524
0.16526
0.164733
0.163714
0.164733
0.162036
0.167267
0.166378
0.166543
0.169142
0.169866
0.169405
0.172234
0.168056
0.172695
0.173781
0.173419
0.176051
0.173583
0.173616
0.173123
0.174472
0.176676
0.178419
0.17582
0.182104
0.181249
0.182894
0.181282
0.183387
0.182302
0.179176
0.184407
0.183979
0.186118
0.183585
0.185624
0.185953
0.187467
0.186315
0.189704
0.186184
0.18977
0.188454
0.162661
0.163681
0.164108
0.16503
0.16572
0.168912
0.168451
0.172498
0.170162
0.168879
0.154239
0.155653
0.144961
0.1471
0.144764
0.130453
0.126998
0.130683
0.130288
0.077946
0.082453
0.086598
0.093606
0.099232
0.100712
0.072386
0.0663
0.033203
0.006424
0.001785
0.002673
0.002936
0.006391
0.007246
0.013069
0.009779
0.005766
0.017478
0.015208
0.020406
0.019846
0.023893
0.000173
0.000173
0.00116
0.007345
0.005338
0.016655
0.025571
0.034355
0.041066
0.046856
0.055772
0.058601
0.062516
0.067616
0.072189
0.074722
0.084032
0.085973
0.0915
0.09558
0.100712
0.099988
0.085546
0.089197
0.096501
0.101535
0.104759
0.106042
0.111964
0.115582
0.114957
0.123182
0.124037
0.127097
0.127393
0.12815
0.131209
0.135848
0.13644
0.139829
0.138908
0.143908
0.145619
0.146869
0.151969
0.15437
0.153054
0.153811
0.155588
0.156509
0.161509
0.161476
0.16503
0.166115
0.170655
0.168616
0.172563
0.171873
0.175557
0.176972
0.176544
0.183486
0.17865
0.181117
0.181183
0.18217
0.180755
0.185986
0.183519
0.18694
0.185953
0.187532
0.189967
0.191842
0.19602
0.195132
0.19125
0.192237
0.19533
0.191875
0.195395
0.197336
0.197172
0.198488
0.199277
0.196382
0.195659
0.197994
0.196744
0.197402
0.200264
0.200034
0.202337
0.204804
0.203324
0.203752
0.201547
0.203949
0.203291
0.203028
0.203686
0.206384
0.201778
0.204969
0.205166
0.20487
0.20839
0.205462
0.206449
0.208061
0.206482
0.206581
0.212601
0.206976
0.207897
0.207732
0.211022
0.206449
0.209904
0.205989
0.206153
0.208818
0.207371
0.207963
0.211516
0.210891
0.210101
0.210167
0.207305
0.21066
0.206186
0.21122
0.2102
0.208719
0.206614
0.206877
0.208785
0.207239
0.205495
0.204706
0.117885
0.091106
0.089625
0.096336
0.098672
0.069425
0.051232
0.05518
0.064063
0.063438
0.033532
0.023663
0.016787
0.017214
0.021294
0.025143
0.026755
0.015273
0.005535
0.009713
0.005371
0.009549
0.008397
0.007279
0.001554
0.004219
0.005075
0.011457
0.019649
0.027018
0.032874
0.040046
0.048962
0.054884
0.063734
0.065806
0.073077
0.075742
0.083045
0.088112
0.091994
0.098113
0.102818
0.105844
0.107423
0.106371
0.11351
0.112161
0.110648
0.110582
0.113049
0.117392
0.117622
0.117589
0.124103
0.127262
0.124399
0.123347
0.12861
0.126176
0.126965
0.128939
0.128018
0.126998
0.127525
0.129038
0.133019
0.132394
0.135914
0.139105
0.140487
0.142461
0.141704
0.139303
0.104923
0.075413
0.062385
0.051627
0.051331
0.003232
0.011687
0.015997
0.012214
0.021162
0.02636
0.034092
0.036526
0.045277
0.016129
0.015701
0.021754
0.033105
0.03169
0.039915
0.045409
0.04735
0.055311
0.059161
0.064951
0.068701
0.076202
0.081631
0.084986
0.094494
0.099922
0.100909
0.108213
0.108838
0.115878
0.115286
0.122096
0.127294
0.126735
0.129071
0.13019
0.134894
0.136868
0.139204
0.142231
0.147396
0.147692
0.152002
0.156673
0.159141
0.154666
0.158976
0.160917
0.162036
0.164536
0.163483
0.164832
0.167267
0.169438
0.169932
0.17309
0.169603
0.174208
0.174603
0.174143
0.178518
0.181841
0.181347
0.180229
0.181315
0.183946
0.183289
0.179439
0.183782
0.186019
0.18217
0.179867
0.184539
0.182499
0.185526
0.187138
0.188388
0.188322
0.188585
0.191086
0.190789
0.188421
0.19023
0.19
0.188322
0.190066
0.191184
0.186973
0.193191
0.190954
0.189835
0.193191
0.187072
0.191053
0.189704
0.192171
0.190395
0.194606
0.197172
0.193421
0.193356
0.191744
0.191579
0.189046
0.191349
0.18921
0.193915
0.186611
0.192566
0.188618
0.190789
0.189868
0.191941
0.188947
0.18977
0.186743
0.186282
0.18773
0.185427
0.188388
0.189441
0.188322
0.187927
0.188487
0.184539
0.186776
0.183716
0.186019
0.183223
0.183683
0.186842
0.185493
0.18421
0.183716
0.186085
0.182334
0.183256
0.18319
0.183683
0.179406
0.181315
0.180854
0.185953
0.179209
0.182433
0.182762
0.178814
0.180887
0.180064
0.183387
0.177597
0.178979
0.180032
0.179735
0.178979
0.181084
0.180657
0.180163
0.176544
0.180328
0.178321
0.17911
0.175261
0.182992
0.179374
0.17809
0.177136
0.181808
0.177038
0.172432
0.177794
0.175722
0.179538
0.178387
0.182631
0.180328
0.180426
0.181676
0.18342
0.179439
0.18013
0.182334
0.182104
0.1824
0.183157
0.187335
0.183716
0.18467
0.182631
0.183157
0.182828
0.184539
0.184736
0.185888
0.181347
0.188519
0.185065
0.189704
0.185295
0.186381
0.187203
0.186085
0.189901
0.188783
0.191415
0.187664
0.193553
0.191151
0.190131
0.190559
0.19306
0.190131
0.190296
0.188947
0.193421
0.190921
0.189243
0.194869
0.194244
0.18875
0.189737
0.196053
0.193553
0.193619
0.192698
0.193915
0.19148
0.191579
0.190691
0.190066
0.192895
0.189901
0.194704
0.191316
0.191711
0.19046
0.194639
0.192698
0.192467
0.192007
0.192303
0.191908
0.192895
0.190757
0.190362
0.191151
0.189342
0.190329
0.187829
0.191349
0.196514
0.137592
0.13825
0.140092
0.139368
0.144336
0.147823
0.14756
0.149666
0.149041
0.15164
0.154206
0.154535
0.157496
0.161411
0.157956
0.162727
0.160851
0.159108
0.162431
0.164635
0.164207
0.169274
0.168945
0.173583
0.174307
0.172399
0.174932
0.176972
0.175853
0.176906
0.177367
0.179341
0.18013
0.179143
0.182367
0.181676
0.184901
0.18342
0.187171
0.185394
0.188223
0.186019
0.18546
0.186611
0.186414
0.188289
0.190526
0.192138
0.187565
0.189243
0.189539
0.190395
0.191217
0.192303
0.190724
0.193619
0.19227
0.195659
0.193685
0.189671
0.198258
0.194639
0.193816
0.192303
0.19375
0.192599
0.191349
0.193685
0.195527
0.197764
0.19829
0.200297
0.199771
0.196613
0.200363
0.199179
0.198488
0.198718
0.200889
0.201284
0.199277
0.19908
0.200528
0.201745
0.199376
0.2001
0.200396
0.201383
0.201449
0.203456
0.201876
0.202534
0.202205
0.204311
0.202107
0.198554
0.199245
0.200462
0.200824
0.199606
0.200396
0.200231
0.200199
0.201383
0.195527
0.199672
0.201547
0.201186
0.202436
0.20362
0.200429
0.202567
0.201021
0.201449
0.198817
0.197797
0.198784
0.202041
0.199047
0.021754
0.030111
0.03952
0.040704
0.051166
0.058174
0.06278
0.069524
0.069458
0.0789
0.083703
0.087256
0.089954
0.096698
0.096304
0.105055
0.10568
0.109628
0.113707
0.118675
0.117425
0.123741
0.125123
0.127887
0.132262
0.132821
0.139204
0.137625
0.139961
0.141507
0.145685
0.140059
0.144994
0.146047
0.147922
0.150719
0.151311
0.155127
0.157265
0.156969
0.156673
0.158022
0.159535
0.159864
0.162496
0.162694
0.158548
0.16549
0.165391
0.16503
0.164799
0.165359
0.169932
0.163812
0.168977
0.171346
0.170425
0.170688
0.172202
0.172169
0.174011
0.17286
0.176182
0.174439
0.174373
0.169932
0.175886
0.176182
0.17434
0.174801
0.17865
0.177729
0.178748
0.178156
0.17809
0.17865
0.182631
0.181183
0.178551
0.180657
0.181347
0.181413
0.180262
0.181479
0.179308
0.180821
0.179867
0.181183
0.182828
0.181446
0.181907
0.181347
0.183782
0.180788
0.184835
0.18296
0.184604
0.181644
0.18092
0.180657
0.179604
0.180492
0.177761
0.183749
0.184506
0.186184
0.183157
0.185657
0.182598
0.1824
0.183223
0.184308
0.183124
0.182598
0.18569
0.182631
0.18365
0.182005
0.182203
0.178814
0.179538
0.176248
0.175886
0.05268
0.058141
0.057121
0.064984
0.068175
0.070708
0.075643
0.026558
0.039915
0.04304
0.04837
0.054818
0.062582
0.069392
0.073373
0.073143
0.082782
0.077518
0.08798
0.090842
0.092619
0.094395
0.100745
0.103114
0.107555
0.105746
0.111503
0.112325
0.116372
0.119859
0.123544
0.129005
0.12917
0.133808
0.135256
0.134993
0.141375
0.142889
0.143941
0.148909
0.148284
0.151738
0.153252
0.153811
0.156278
0.158252
0.157956
0.162003
0.16276
0.163582
0.168254
0.169537
0.168517
0.169109
0.171774
0.171116
0.172958
0.172892
0.180657
0.177367
0.180262
0.175853
0.182005
0.179966
0.180591
0.180295
0.181084
0.183946
0.181446
0.186085
0.182828
0.184703
0.184999
0.18875
0.186447
0.183979
0.18819
0.189375
0.189408
0.190888
0.192237
0.1925
0.187894
0.190131
0.194014
0.192369
0.191711
0.19375
0.195691
0.194606
0.188618
0.190296
0.191809
0.192533
0.191283
0.194079
0.191513
0.193454
0.190789
0.192303
0.190757
0.195757
0.194672
0.195724
0.19556
0.197698
0.196185
0.198225
0.197468
0.199639
0.199606
0.199146
0.200528
0.199672
0.198619
0.200297
0.202304
0.198916
0.197172
0.199902
0.199837
0.200067
0.200429
0.198685
0.200857
0.199935
0.199047
0.203554
0.202502
0.204936
0.201876
0.205298
0.20135
0.205594
0.203159
0.204607
0.202205
0.205002
0.203258
0.205594
0.204673
0.206087
0.204837
0.205627
0.20691
0.204443
0.206153
0.206153
0.20668
0.203785
0.204179
0.201515
0.205232
0.203982
0.204508
0.204048
0.206384
0.207535
0.205824
0.209016
0.206976
0.210562
0.204903
0.20566
0.205199
0.206186
0.203719
0.208358
0.204212
0.204015
0.201712
0.200791
0.196843
0.19329
0.192994
0.184407
0.109628
0.107423
0.107588
0.102522
0.102193
0.098903
0.095744
0.092356
0.087092
0.080709
0.061694
0.051462
0.050706
0.049784
0.015931
0.00037
0.000732
-0.000222
8e-06
-0.000255
-9e-05
0.00014
7.4e-05
-5.8e-05
4.1e-05
8e-06
-9e-05
-9e-05
-0.000123
-2.5e-05
-0.000551
0.002147
0.004252
0.012312
0.017576
0.021787
0.026755
0.027413
0.03169
0.030637
0.033467
0.026064
0.017807
0.01682
0.015866
0.006193
0.000633
0.003364
0.008957
0.012609
0.003792
0.007575
0.013925
0.018794
0.027216
0.038862
0.040507
0.047843
0.052153
0.059917
0.062089
0.070577
0.06778
0.044323
0.04554
0.015142
0.012938
0.010404
0.00037
-0.002525
-0.000156
0.002015
0.003035
0.003331
0.000337
0.002541
0.006753
-0.001045
0.000107
0.000469
-0.005979
0.003002
0.005535
0.000337
0.005173
0.007082
0.002081
0.009121
0.010964
0.005173
0.000206
0.007805
0.015537
0.021261
0.013135
0.00343
0.005766
0.012312
0.005437
0.009549
0.018629
-5.8e-05
0.000239
0.000568
0.000897
0.00014
0.000403
-9e-05
-5.8e-05
0.00162
-0.00236
0.00241
0.000995
0.000107
0.003397
0.000239
0.001752
-2.5e-05
0.002377
-5.8e-05
4.1e-05
0.003463
0.003726
0.007049
0.006062
0.017971
0.024979
0.026788
0.032973
0.038599
0.038039
0.046988
0.052614
0.051298
0.056331
0.057976
0.062319
0.06449
0.066004
0.06505
0.068043
0.066004
0.068438
0.072649
0.07459
0.076301
0.081927
0.085348
0.08367
0.08446
0.08571
0.088342
0.002706
0.014714
0.023334
0.029453
0.036197
0.044586
0.043797
0.053897
0.061793
0.063865
0.067188
0.070708
0.077222
0.078439
0.085151
0.088112
0.088046
0.08877
0.095975
0.096764
0.101831
0.106206
0.109167
0.11045
0.114497
0.114859
0.116833
0.118478
0.118675
0.123281
0.126209
0.12588
0.12634
0.133216
0.127985
0.133315
0.131835
0.134697
0.136506
0.1395
0.139237
0.139566
0.141934
0.140915
0.143876
0.140158
0.146376
0.144237
0.144994
0.145191
0.149435
0.15085
0.153844
0.153186
0.156114
0.15743
0.15868
0.160292
0.163056
0.164141
0.160983
0.163878
0.162562
0.165852
0.165128
0.164766
0.164733
0.166971
0.161838
0.163779
0.003101
0.013398
0.015701
0.023301
0.036789
0.035539
0.043303
0.04781
0.049291
0.056496
0.060082
0.062747
0.068339
0.069886
0.079953
0.079558
0.08423
0.087651
0.091467
0.093968
0.097817
0.098376
0.100284
0.103673
0.106009
0.106765
0.108213
0.116833
0.117096
0.120057
0.118412
0.123281
0.122031
0.124103
0.125715
0.127064
0.131209
0.132624
0.132986
0.134466
0.134499
0.133973
0.139006
0.137
0.139928
0.141704
0.141606
0.143777
0.146211
0.116569
0.118905
0.122656
0.121866
0.125584
0.130453
0.127229
0.130782
0.133611
0.133381
0.068866
0.071761
0.079854
0.082322
0.049488
0.04031
0.040046
0.046495
0.052252
0.059884
0.06528
0.068997
0.073307
0.078176
0.077354
0.087585
0.091073
0.094099
0.094823
0.032414
0.006884
0.012872
0.019287
0.027479
0.033532
0.039323
0.044981
0.052022
0.060279
0.062747
0.068274
0.070478
0.078176
0.080973
0.086302
0.087158
0.086368
0.084164
0.087487
0.085908
0.088671
0.088276
0.007641
0.008924
0.019945
0.029387
0.035572
0.04383
0.049159
0.052745
0.057154
0.001522
0.014056
0.021623
0.025669
0.035243
0.042514
0.040441
0.046198
0.054193
0.060937
0.062056
0.070708
0.073801
0.078078
0.084756
0.086138
0.085809
0.090119
0.087421
0.091204
0.094494
0.092389
0.049784
0.049982
0.058832
0.058207
0.063503
0.051462
0.021096
0.002739
0.000929
0.001752
0.001258
0.000107
0.000107
4.1e-05
0.000271
0.000864
0.00218
0.005798
0.013267
0.020899
0.02488
0.033072
0.036263
0.042316
0.042514
0.045573
0.048633
0.056397
0.054028
0.058667
0.059161
0.05745
0.027808
0.025571
0.033697
0.031164
0.035177
0.043863
0.048896
0.053009
0.061727
0.062681
0.066892
0.071103
0.070379
0.075906
0.081565
0.08525
0.091073
0.09604
0.092125
0.095481
0.098278
0.100942
0.106338
0.108213
0.109266
0.11624
0.112753
0.119333
0.114003
0.106469
0.062253
0.045837
0.048567
0.024847
0.031032
0.017774
0.012477
0.001851
-0.000387
-9e-05
-2.5e-05
0.004121
0.005996
0.00695
0.013299
0.01728
0.005996
0.01626
0.022939
0.032611
0.039981
0.046067
0.050212
0.060542
0.06097
0.000239
0.011622
-0.000683
-0.000913
0.009911
0.012707
0.019846
0.019649
0.010898
0.004186
0.008726
0.010141
0.018794
0.025604
0.027775
0.040967
0.041132
0.047712
0.04962
0.002574
0.002212
0.012444
0.008792
0.016293
0.023696
0.000535
0.000239
0.007871
0.011029
0.001225
-9e-05
-0.000189
-9e-05
0.000107
0.00139
0.000633
0.005239
0.010306
0.01853
-0.000419
-0.001045
-0.000156
-0.000189
-0.000156
8e-06
8e-06
7.4e-05
8e-06
7.4e-05
-2.5e-05
-9e-05
-0.000123
-0.000189
-0.000123
-0.000123
0.000403
0.002048
-0.001275
0.004252
0.00218
0.000568
-2.5e-05
0.012839
0.018662
-0.000551
0.015142
0.007674
0.004483
0.010042
0.006226
0.014319
0.020044
0.024781
0.02817
0.035473
0.033138
0.035375
0.039158
0.047449
0.052943
0.058667
0.064786
0.071169
0.072419
0.072814
0.068405
0.068965
0.070346
0.06982
0.068701
0.065905
0.065905
0.039915
0.020537
0.029091
0.033861
0.005042
0.014582
0.024452
0.027808
0.036263
0.039158
0.045968
0.048962
0.050015
0.056595
0.057779
0.057055
0.057516
0.060674
0.060773
0.068076
0.067747
0.072057
0.070873
0.063997
0.060575
0.061365
0.058338
0.057022
0.058272
0.051627
0.048436
0.04735
0.035967
0.019846
0.019254
0.004713
0.009845
0.013003
0.019353
0.015076
0.018794
0.010437
0.02261
0.023136
0.011885
0.014944
0.02386
0.023696
0.010898
0.000897
0.00139
0.007213
0.00014
0.00014
0.003199
0.00264
0.009812
0.014582
0.000403
0.00343
0.000271
0.015306
0.010437
0.022116
0.009977
0.016063
0.006095
0.004548
0.000502
0.000568
0.006358
0.00343
0.006095
0.024419
0.035079
0.000962
0.019649
0.029848
0.044915
0.049126
0.038566
0.042382
0.046166
0.044027
0.003989
0.021327
0.021261
0.013694
0.016326
0.028532
0.009417
0.001851
0.000732
0.006226
0.026525
0.020669
0.030736
0.032085
0.020768
0.005371
0.006424
0.018761
0.035408
0.029486
0.039981
0.00899
0.021261
0.030999
0.014977
0.010371
0.004713
0.00922
0.000271
0.000535
0.000436
-0.000123
-0.000156
-5.8e-05
4.1e-05
0.000239
0.000271
0.00014
0.000173
0.006095
0.004976
0.006522
0.002574
0.011885
0.010569
0.021524
0.025077
0.026591
0.013267
0.003167
0.001456
0.020241
0.017511
0.013563
0.023827
0.007443
0.007016
0.018267
0.007542
0.006095
0.0082
0.013826
0.025373
0.01705
0.017543
0.018103
0.020142
0.015734
0.020471
0.017543
0.014451
0.016754
0.010371
0.011128
0.012773
0.010536
0.013497
0.003167
0.001522
0.000535
0.009055
0.004285
0.000206
0.002147
0.000403
0.000929
0.007049
0.000633
-5.8e-05
-0.00111
0.004647
0.002772
0.000962
0.00264
0.013826
0.019748
0.022182
0.013859
0.000436
0.013793
-0.002426
0.010207
0.018267
0.001061
0.006785
0.020142
0.023103
0.025275
0.026591
0.019649
0.017478
0.020208
0.018201
0.00468
0.009121
0.011753
0.000173
-5.8e-05
-9e-05
-9e-05
-0.000123
-0.000123
-5.8e-05
8e-06
4.1e-05
8e-06
0.000173
7.4e-05
4.1e-05
-5.8e-05
-0.000123
-9e-05
4.1e-05
-9e-05
-2.5e-05
4.1e-05
7.4e-05
7.4e-05
-0.000222
7.4e-05
-0.000617
-0.000288
-0.000156
-0.000387
-0.000156
4.1e-05
0.000206
7.4e-05
0.000107
8e-06
-2.5e-05
-5.8e-05
-0.000156
-9e-05
-0.000156
-0.000123
7.4e-05
-2.5e-05
4.1e-05
8e-06
0.00014
0.00014
-2.5e-05
-9e-05
-5.8e-05
-9e-05
-0.000123
-5.8e-05
-2.5e-05
0.000107
8e-06
0.000206
4.1e-05
8e-06
-0.000189
-9e-05
-9e-05
-9e-05
-5.8e-05
0.000107
8e-06
0.000173
-2.5e-05
4.1e-05
-9e-05
-9e-05
-0.000156
-0.000189
-2.5e-05
-5.8e-05
-2.5e-05
7.4e-05
8e-06
4.1e-05
8e-06
-0.000123
-2.5e-05
-9e-05
-9e-05
-5.8e-05
-2.5e-05
0.000107
8e-06
0.000107
7.4e-05
7.4e-05
-0.000156
-5.8e-05
-9e-05
-0.000123
-0.000156
8e-06
-2.5e-05
7.4e-05
0.000107
7.4e-05
7.4e-05
-9e-05
-9e-05
-9e-05
8e-06
0.005108
0.013596
0.023334
0.032085
0.037513
0.045639
0.053568
0.058536
0.06676
0.071629
0.079657
0.084953
0.088309
0.090546
0.099232
0.101107
0.107456
0.11022
0.111108
0.118675
0.122491
0.121767
0.129334
0.130617
0.130354
0.137822
0.138579
0.138579
0.141211
0.147725
0.147758
0.149699
0.152265
0.154864
0.154732
0.153811
0.157562
0.160358
0.161411
0.161608
0.165622
0.16345
0.168056
0.16674
0.172662
0.16957
0.171544
0.173254
0.175327
0.172136
0.176281
0.179176
0.176972
0.179735
0.174998
0.17911
0.178781
0.178584
0.17809
0.182071
0.181413
0.184901
0.186381
0.187993
0.184999
0.187072
0.179012
0.186348
0.188289
0.183289
0.18921
0.187467
0.188322
0.190921
0.190559
0.18898
0.195165
0.189835
0.189342
0.189803
0.192369
0.191217
0.195395
0.195593
0.193388
0.190428
0.19454
0.197205
0.193487
0.192632
0.191546
0.195494
0.191316
0.192566
0.194606
0.193257
0.191842
0.192829
0.190921
0.194145
0.192533
0.191118
0.190888
0.188388
0.186414
0.184933
0.185131
0.185427
0.183782
0.181907
0.180788
0.179933
0.177926
0.133216
0.001456
0.009352
0.016359
0.004351
0.010339
0.018267
0.024057
0.03067
0.002147
0.009615
0.016655
0.01626
0.001061
0.001423
0.00241
0.008661
0.013267
0.018596
0.021754
0.008365
0.005897
0.0107
0.005009
0.001291
0.002509
0.003167
-0.00644
0.001785
-0.001472
0.000206
0.006325
0.000271
0.00116
0.000798
0.001489
0.000271
0.00014
0.000239
-2.5e-05
-5.8e-05
-0.001472
0.001127
0.000765
0.000995
0.000897
-0.000189
-0.000189
-0.009203
-0.002722
0.00037
0.001258
0.003068
0.016195
0.001061
0.003825
-0.000222
0.000206
-0.001012
0.001719
4.1e-05
0.002541
-0.000222
-5.8e-05
0.003956
-2.5e-05
7.4e-05
7.4e-05
0.000206
0.000173
8e-06
4.1e-05
-5.8e-05
-5.8e-05
-0.000123
-5.8e-05
-0.000452
0.000173
-9e-05
-0.000156
0.00014
-0.000123
4.1e-05
-0.000551
-0.000288
-0.000321
-0.006045
0.002739
0.001324
0.000206
7.4e-05
0.000173
-5.8e-05
-2.5e-05
-0.000123
8e-06
-0.000123
0.010865
-0.002097
-0.000452
0.006753
0.007476
0.000666
0.004055
0.018728
0.022873
0.030835
0.035473
0.041066
0.044751
0.058075
0.060115
0.067122
0.072222
0.078012
0.083012
0.085282
0.090415
0.097291
0.098047
0.101732
0.110121
0.113477
0.114135
0.11828
0.125222
0.123741
0.126571
0.129038
0.133348
0.138118
0.135026
0.138612
0.143053
0.140191
0.146738
0.15164
0.147823
0.15539
0.15164
0.157956
0.155884
0.159108
0.160325
0.162398
0.162595
0.164997
0.169668
0.167004
0.17003
0.171412
0.172004
0.171544
0.176972
0.169997
0.178156
0.176807
0.176215
0.179505
0.176906
0.178946
0.181545
0.183354
0.183848
0.183223
0.182565
0.182992
0.182696
0.184835
0.186282
0.186052
0.186546
0.191908
0.186381
0.188158
0.18875
0.188552
0.187203
0.190164
0.189572
0.190329
0.188487
0.188947
0.192204
0.190822
0.191711
0.191744
0.192829
0.190296
0.195922
0.186151
0.190395
0.192105
0.192731
0.191809
0.189901
0.188783
0.192928
0.190789
0.18977
0.192928
0.193454
0.190954
0.192105
0.193783
0.193224
0.195362
0.190987
0.191151
0.190033
0.189506
0.190724
0.192763
0.191316
0.192829
0.194573
0.192402
0.194441
0.193092
0.194803
0.193783
0.195395
0.197896
0.195691
0.19125
0.191842
0.195165
0.196152
0.195988
0.195428
0.196909
0.195856
0.195198
0.198126
0.198948
0.197632
0.196284
0.197961
0.198422
0.196547
0.197632
0.194935
0.193027
0.191283
0.189803
0.191744
0.190197
0.194244
0.195494
0.191415
0.190888
0.190658
0.195264
0.190131
0.192303
0.192566
0.189737
0.192928
0.190066
0.194737
0.194672
0.197007
0.196218
0.198587
0.195724
0.196711
0.197468
0.199047

Kurve 2

0.010635
0.016195
0.014648
0.016754
0.018826
0.018695
0.012181
0.015109
0.014615
0.014254
0.015602
0.016326
0.017872
0.016227
0.018201
0.015339
0.019386
0.015833
0.018004
0.017346
0.01955
0.018136
0.015767
0.017576
0.014352
0.017807
0.018103
0.021853
0.015043
0.018004
0.018004
0.020373
0.018596
0.019813
0.021129
0.02182
0.022347
0.022149
0.021031
0.02182
0.017609
0.020307
0.022116
0.020899
0.024025
0.021228
0.022807
0.021425
0.026887
0.026459
0.025439
0.023301
0.010404
0.00899
0.008726
0.014122
0.014714
0.01274
0.013036
0.013892
0.015076
0.016063
0.015504
0.015372
0.017478
0.020274
0.017675
0.022281
0.021064
0.023005
0.022018
0.020504
0.006555
-0.007394
-0.007361
-0.004038
-0.001341
-0.004992
0.002081
-0.003051
0.002805
0.005272
0.002607
0.005239
0.013135
0.007871
0.010964
0.013069
0.012378
0.014648
0.01455
0.015569
0.015471
0.015537
0.014879
0.017774
0.017576
0.019517
0.017379
0.020373
0.024189
0.023202
0.022083
0.023893
0.022939
0.020669
0.022018
0.022347
0.022709
0.023235
0.023728
0.022643
0.025669
0.024781
0.026525
0.026985
0.025768
0.026558
0.028663
0.026689
0.028334
0.025011
0.026262
0.026196
0.02761
0.027479
0.023103
0.024518
0.025143
0.029584
0.028137
0.028762
0.03021
0.029683
0.030637
0.034059
0.03192
0.032644
0.034026
0.031558
0.031525
0.032315
0.031854
0.030539
0.031229
0.031262
0.034026
0.033368
0.030999
0.032118
0.032743
0.032776
0.032512
0.036855
0.036493
0.035638
0.032644
0.03544
0.032019
0.033499
0.036756
0.033236
0.033631
0.035144
0.033138
0.035408
0.034125
0.037283
0.035309
0.036987
0.034223
0.039454
0.039092
0.034421
0.036296
0.035835
0.032052
0.035177
0.038204
0.035111
0.036888
0.034717
0.037414
0.035835
0.037118
0.038434
0.039553
0.038862
0.038895
0.03702
0.038138
0.036756
0.037809
0.039191
0.036756
0.037809
0.036
0.039487
0.040507
0.037217
0.038039
0.039487
0.037678
0.038632
0.042283
0.038237
0.036526
0.036592
0.036691
0.038368
0.036427
0.03748
0.039948
0.035704
0.038994
0.037974
0.035276
0.036592
0.037579
0.037349
0.036296
0.037217
0.040079
0.037316
0.033894
0.035079
0.036197
0.033894
0.032447
0.030736
0.032809
0.033368
0.031394
0.033861
0.033927
0.033631
0.034453
0.029387
0.029453
0.030177
0.032907
0.0309
0.032183
0.032545
0.032447
0.028301
0.029091
0.028268
0.031624
0.026327
0.028729
0.033039
0.040408
0.04735
0.05722
0.063372
0.06505
0.078045
0.080282
0.087618
0.090415
0.098442
0.100778
0.107259
0.111207
0.119103
0.124531
0.12463
0.130749
0.131275
0.138513
0.143547
0.145455
0.149008
0.151442
0.151376
0.156213
0.157923
0.160654
0.15947
0.168681
0.169537
0.174504
0.172827
0.176248
0.177597
0.177432
0.183223
0.180755
0.186052
0.186052
0.189704
0.190131
0.194178
0.192434
0.194408
0.193915
0.192698
0.196678
0.198126
0.197139
0.198883
0.201975
0.200791
0.204706
0.206713
0.203357
0.205035
0.20566
0.205331
0.208292
0.210035
0.210924
0.209147
0.210068
0.210858
0.210233
0.207634
0.209476
0.209476
0.210331
0.216319
0.210463
0.213259
0.2127
0.215201
0.211944
0.214575
0.20997
0.215858
0.217536
0.216056
0.214115
0.214707
0.214279
0.21224
0.213621
0.214543
0.215102
0.213095
0.213917
0.213259
0.21576
0.213227
0.21678
0.216056
0.215694
0.213885
0.215266
0.213161
0.213161
0.209772
0.213523
0.209344
0.212338
0.215826
0.211022
0.21168
0.20941
0.213029
0.209575
0.211944
0.20941
0.209016
0.211483
0.208489
0.210989
0.208983
0.209114
0.207765
0.208752
0.211746
0.209312
0.201876
0.206515
0.205002
0.203817
0.207305
0.2077
0.208555
0.211516
0.207502
0.204607
0.204969
0.204706
0.204541
0.20464
0.204245
0.204245
0.206022
0.204015
0.20487
0.197402
0.203587
0.204179
0.206548
0.204508
0.204377
0.204969
0.204278
0.203094
0.201449
0.203094
0.201251
0.203061
0.200889
0.201383
0.200528
0.201087
0.199475
0.202008
0.20135
0.202436
0.201515
0.200692
0.199672
0.199409
0.201515
0.200001
0.200791
0.198323
0.19931
0.20056
0.198652
0.199738
0.202271
0.199245
0.198126
0.193816
0.200166
0.195988
0.196678
0.196777
0.195856
0.198027
0.195527
0.200429
0.20112
0.197534
0.19681
0.200429
0.196547
0.198652
0.194836
0.198784
0.196909
0.197929
0.198521
0.200396
0.199837
0.197764
0.198751
0.1976
0.198685
0.197139
0.197567
0.194968
0.198587
0.193421
0.196185
0.195297
0.193685
0.197139
0.195724
0.195856
0.196843
0.19704
0.19556
0.197567
0.195066
0.195001
0.191316
0.194277
0.192698
0.194836
0.18819
0.19046
0.193224
0.189901
0.191612
0.193652
0.190526
0.191776
0.192237
0.1925
0.1925
0.193948
0.192829
0.192632
0.193323
0.19046
0.192204
0.193027
0.184736
0.188125
0.188421
0.190164
0.189046
0.190789
0.19204
0.192994
0.190789
0.193487
0.191283
0.189638
0.189079
0.189112
0.164635
0.166049
0.164306
0.167201
0.168813
0.169471
0.171182
0.172794
0.171116
0.174373
0.177498
0.173452
0.178781
0.175327
0.174702
0.177071
0.175788
0.176051
0.181709
0.175393
0.17865
0.180722
0.181973
0.185164
0.183124
0.189145
0.188585
0.189704
0.187861
0.191744
0.188256
0.18898
0.188125
0.191776
0.18977
0.191546
0.191513
0.191415
0.194244
0.191184
0.192467
0.193619
0.192731
0.194408
0.198258
0.195461
0.197863
0.195593
0.19681
0.198027
0.195264
0.191579
0.194244
0.198817
0.193882
0.197994
0.195691
0.20033
0.195757
0.199146
0.198159
0.199541
0.19658
0.198751
0.198422
0.196843
0.196349
0.195132
0.198192
0.190987
0.195297
0.197106
0.198027
0.196843
0.198751
0.200297
0.199902
0.196744
0.19931
0.198784
0.197797
0.198587
0.199738
0.198422
0.198587
0.200396
0.199902
0.199146
0.199475
0.199442
0.197139
0.199212
0.200297
0.195856
0.201218
0.201679
0.20135
0.20237
0.203817
0.200955
0.196744
0.196514
0.197402
0.197896
0.200231
0.19783
0.199804
0.201087
0.201515
0.19987
0.203061
0.201251
0.20283
0.204377
0.20714
0.209608
0.20283
0.202469
0.202962
0.202929
0.203192
0.205298
0.205627
0.208358
0.202765
0.208555
0.206745
0.205495
0.205462
0.209246
0.20589
0.208127
0.207897
0.207403
0.206351
0.207403
0.211022
0.208489
0.208884
0.208029
0.210989
0.207371
0.209608
0.208884
0.210101
0.209542
0.208358
0.213523
0.211318
0.210068
0.210924
0.210759
0.208522
0.207042
0.211483
0.207502
0.208423
0.207634
0.210167
0.210595
0.211055
0.210364
0.210134
0.207502
0.211088
0.21293
0.20918
0.210858
0.210134
0.21043
0.212667
0.20543
0.210397
0.212075
0.207009
0.20714
0.211483
0.209081
0.204475
0.207996
0.21145
0.210101
0.211286
0.208226
0.209147
0.210068
0.208423
0.210266
0.209213
0.209608
0.2077
0.212108
0.208719
0.21043
0.20793
0.211845
0.208884
0.208588
0.208687
0.209443
0.210035
0.209739
0.211121
0.208226
0.21043
0.208588
0.200725
0.210002
0.209706
0.206482
0.208325
0.208259
0.209904
0.208226
0.204936
0.204508
0.204146
0.208292
0.206581
0.205857
0.203982
0.209344
0.209739
0.208884
0.205199
0.208687
0.204212
0.208687
0.204508
0.205857
0.206581
0.205923
0.209509
0.205462
0.20612
0.204607
0.208621
0.20566
0.208785
0.205923
0.208522
0.205791
0.204245
0.203061
0.204772
0.204015
0.199442
0.20135
0.202403
0.202798
0.20237
0.204146
0.201515
0.203225
0.20112
0.203456
0.202238
0.202732
0.199343
0.203521
0.201515
0.201712
0.200922
0.200725
0.203061
0.200626
0.198192
0.196974
0.200462
0.19783
0.200922
0.199508
0.205791
0.200626
0.199968
0.198718
0.197698
0.199442
0.197303
0.199146
0.201186
0.203028
0.200725
0.201547
0.201942
0.199277
0.199113
0.199804
0.198751
0.201317
0.19806
0.201909
0.200199
0.20033
0.198948
0.20112
0.198883
0.202107
0.200824
0.198685
0.201745
0.197402
0.200626
0.200297
0.200922
0.198521
0.202962
0.199672
0.201449
0.201317
0.200659
0.19931
0.198916
0.200824
0.200133
0.204245
0.198554
0.200231
0.196711
0.199639
0.201054
0.202337
0.198948
0.201547
0.204508
0.198225
0.202107
0.200889
0.200758
0.200067
0.198751
0.199639
0.198817
0.199475
0.198521
0.200067
0.199212
0.199245
0.197567
0.201811
0.200396
0.19908
0.198488
0.200264
0.198323
0.198751
0.200067
0.199639
0.198652
0.197369
0.200264
0.197139
0.197007
0.197238
0.195428
0.196678
0.199738
0.200659
0.196514
0.197665
0.198883
0.188158
0.195132
0.196547
0.19658
0.196316
0.198948
0.196514
0.192895
0.198093
0.192434
0.193224
0.195099
0.195593
0.197369
0.197863
0.194606
0.199606
0.199541
0.195626
0.197632
0.201909
0.19454
0.198685
0.196218
0.198488
0.196053
0.19658
0.197698
0.199639
0.19658
0.199902
0.199014
0.200495
0.201317
0.19829
0.201054
0.198981
0.199639
0.198817
0.201515
0.197698
0.200692
0.198587
0.19908
0.199804
0.202962
0.200626
0.201416
0.202107
0.203061
0.202534
0.200725
0.202962
0.200791
0.20339
0.20056
0.202863
0.197172
0.198488
0.198258
0.20033
0.197336
0.200462
0.200133
0.2026
0.203982
0.202337
0.205495
0.201054
0.20362
0.200297
0.203817
0.201811
0.20283
0.198817
0.204475
0.198652
0.201021
0.199508
0.200396
0.202107
0.196843
0.201613
0.200396
0.200922
0.201021
0.203488
0.200824
0.201317
0.200922
0.198587
0.197698
0.201679
0.197501
0.199113
0.196448
0.201679
0.201547
0.200462
0.200429
0.20112
0.200889
0.198455
0.201021
0.197501
0.197468
0.197402
0.197896
0.197632
0.200396
0.199935
0.201975
0.199245
0.198916
0.199541
0.199343
0.199902
0.198258
0.201712
0.200857
0.200857
0.199409
0.200659
0.198225
0.198619
0.197896
0.199343
0.196119
0.196777
0.206351
0.199672
0.206055
0.201218
0.202041
0.201153
0.20112
0.19987
0.202502
0.197435
0.201153
0.200133
0.202469
0.199837
0.199245
0.20237
0.197106
0.199705
0.202765
0.200528
0.201416
0.201811
0.201186
0.203291
0.198455
0.202567
0.188914
0.1976
0.197402
0.198225
0.197468
0.196744
0.203554
0.20112
0.199738
0.199179
0.201416
0.199475
0.198817
0.199014
0.199705
0.1976
0.199179
0.198225
0.197172
0.201317
0.197271
0.197632
0.199442
0.198356
0.194639
0.198126
0.193882
0.19
0.194869
0.19477
0.193948
0.196974
0.194112
0.195856
0.195724
0.193388
0.193553
0.193685
0.192467
0.195001
0.189868
0.192369
0.1925
0.190625
0.193619
0.192237
0.190164
0.191086
0.187993
0.190921
0.192303
0.187697
0.191513
0.188618
0.186776
0.186315
0.184966
0.18694
0.188026
0.18898
0.186447
0.190164
0.186611
0.187763
0.188223
0.188848
0.189145
0.189243
0.187236
0.190493
0.188092
0.186842
0.187565
0.184407
0.185789
0.187171
0.185197
0.186348
0.191349
0.186874
0.18773
0.188256
0.184637
0.187171
0.188289
0.188552
0.188322
0.1875
0.187203
0.188158
0.185328
0.186184
0.186611
0.18671
0.184835
0.185986
0.181117
0.184506
0.182433
0.180459
0.179012
0.182433
0.1799
0.180328
0.185197
0.181249
0.18013
0.181841
0.17865
0.181315
0.181315
0.181413
0.181775
0.177432
0.181676
0.180591
0.180624
0.17967
0.182367
0.181282
0.181347
0.180426
0.179045
0.178321
0.17911
0.179472
0.17763
0.181578
0.176149
0.181249
0.177761
0.176281
0.175919
0.178156
0.17536
0.175656
0.176939
0.174011
0.176478
0.17286
0.176446
0.175195
0.175064
0.173254
0.17763
0.169866
0.172761
0.170557
0.170951
0.171642
0.172366
0.169109
0.167694
0.164931
0.16901
0.160654
0.167069
0.16674
0.164766
0.166247
0.163681
0.168023
0.160062
0.163418
0.159042
0.161016
0.159963
0.158943
0.158746
0.158746
0.157594
0.155785
0.158219
0.15312
0.155291
0.153021
0.149304
0.14608
0.14325
0.141671
0.145389
0.143119
0.144928
0.145323
0.141342
0.141178
0.116471
0.031394
0.00514
0.003199
0.005173
0.007575
0.007082
0.001324
0.003726
0.00593
0.009384
0.01455
0.01807
0.023597
0.029124
0.030144
0.038434
0.042185
0.047876
0.055279
0.062451
0.065905
0.069754
0.073044
0.077156
0.080841
0.085282
0.085908
0.090382
0.094001
0.094132
0.101864
0.101535
0.111536
0.10772
0.113411
0.116142
0.123708
0.121274
0.123577
0.127722
0.127952
0.129795
0.133545
0.137362
0.13417
0.137526
0.139072
0.139204
0.14098
0.144205
0.145093
0.146968
0.14812
0.151607
0.151475
0.156311
0.154864
0.158614
0.153844
0.160325
0.15868
0.160819
0.162365
0.161641
0.163812
0.165655
0.168583
0.165951
0.166049
0.17082
0.174504
0.171412
0.176182
0.174801
0.174537
0.177597
0.176873
0.177531
0.178617
0.179933
0.181282
0.177729
0.180689
0.18319
0.180821
0.185164
0.185855
0.186611
0.186282
0.185657
0.187401
0.186907
0.188914
0.186052
0.18523
0.190197
0.18467
0.190428
0.191447
0.188585
0.192369
0.190329
0.190789
0.191875
0.193586
0.193816
0.19375
0.19477
0.196349
0.196942
0.196053
0.192007
0.193421
0.194046
0.191776
0.194902
0.193685
0.198093
0.198356
0.199738
0.20056
0.201054
0.199343
0.193816
0.197896
0.201186
0.200133
0.198619
0.199376
0.200988
0.200988
0.198323
0.200495
0.19908
0.201449
0.198488
0.198422
0.199771
0.203752
0.197501
0.200626
0.198751
0.200297
0.2001
0.200297
0.198521
0.199212
0.201021
0.198948
0.201284
0.197501
0.199738
0.196349
0.200758
0.200396
0.200231
0.200166
0.201745
0.197929
0.198225
0.199837
0.195724
0.19023
0.174537
0.143283
0.125222
0.123906
0.129696
0.134335
0.131506
0.13848
0.138184
0.143678
0.145784
0.149732
0.152034
0.152692
0.156607
0.155259
0.159601
0.159239
0.162069
0.161345
0.16401
0.167694
0.166609
0.164339
0.168517
0.172004
0.171774
0.174077
0.174439
0.17434
0.176775
0.180755
0.174406
0.179374
0.18092
0.178946
0.179374
0.179801
0.178617
0.182565
0.179834
0.180755
0.184243
0.182236
0.18342
0.184407
0.184111
0.18592
0.188289
0.186776
0.185822
0.184539
0.185789
0.182631
0.185394
0.184802
0.183979
0.184966
0.186513
0.187203
0.187697
0.187664
0.186907
0.186973
0.188651
0.186315
0.185526
0.192138
0.187072
0.189079
0.189112
0.190987
0.186513
0.185822
0.186217
0.187763
0.186019
0.186513
0.192171
0.18898
0.189638
0.192698
0.191974
0.185032
0.189605
0.188322
0.189572
0.187894
0.186578
0.184736
0.186743
0.189835
0.186578
0.184407
0.184144
0.187532
0.184868
0.183519
0.186809
0.187664
0.184539
0.18546
0.185427
0.185164
0.184933
0.182367
0.181051
0.185624
0.182696
0.086269
0.017017
0.023794
0.031295
0.034289
0.041461
0.041099
0.050442
0.056298
0.06222
0.067484
0.070248
0.077321
0.078867
0.079295
0.085973
0.089296
0.090119
0.093935
0.097751
0.103114
0.104463
0.107456
0.107456
0.10693
0.114234
0.116997
0.119464
0.123511
0.12407
0.12509
0.126275
0.12815
0.130584
0.133512
0.131308
0.132328
0.13802
0.135453
0.138579
0.139895
0.138809
0.142132
0.143316
0.144797
0.146113
0.148054
0.150488
0.153712
0.151673
0.150949
0.154305
0.152791
0.152298
0.154206
0.153548
0.156969
0.154337
0.161049
0.158121
0.160029
0.159667
0.162233
0.162069
0.158779
0.160062
0.161312
0.1597
0.161904
0.163286
0.162595
0.166839
0.163648
0.165227
0.162134
0.167826
0.165589
0.168254
0.168319
0.167727
0.169043
0.169504
0.169109
0.169537
0.168879
0.169471
0.171905
0.170557
0.172925
0.168385
0.167365
0.171346
0.171675
0.173221
0.17684
0.17536
0.173748
0.181512
0.175788
0.178748
0.174801
0.174998
0.176643
0.176182
0.174373
0.178255
0.176051
0.17661
0.177564
0.176775
0.177268
0.179505
0.17638
0.185559
0.179999
0.178748
0.179209
0.176314
0.178419
0.177301
0.17967
0.177959
0.18013
0.176511
0.180689
0.182992
0.181907
0.180689
0.181874
0.177827
0.180986
0.181644
0.179406
0.181216
0.178419
0.182334
0.183124
0.181808
0.181051
0.184637
0.177696
0.179637
0.179341
0.180262
0.178683
0.181808
0.186217
0.186315
0.184275
0.18036
0.181676
0.179439
0.184637
0.182663
0.182532
0.18444
0.185559
0.185295
0.18671
0.185164
0.186052
0.183683
0.185164
0.186184
0.191382
0.18819
0.185065
0.189572
0.185197
0.186644
0.18569
0.185624
0.182269
0.183486
0.176084
0.179308
0.174274
0.173518
0.174932
0.169175
0.17082
0.170622
0.16901
0.163977
0.162069
0.152923
0.150324
0.143744
0.138645
0.132558
0.1269
0.124531
0.12407
0.123149
0.12157
0.123182
0.123939
0.124235
0.12407
0.130453
0.130354
0.134861
0.135519
0.136177
0.137559
0.139171
0.138579
0.142395
0.141507
0.141869
0.143908
0.144731
0.148679
0.152002
0.148712
0.152692
0.153811
0.144501
0.140915
0.092619
0.06778
0.032414
0.011095
0.000239
0.000173
-0.000288
0.000699
-0.000123
-2.5e-05
4.1e-05
0.000107
4.1e-05
0.00014
7.4e-05
7.4e-05
-5.8e-05
-5.8e-05
-9e-05
-0.000123
-2.5e-05
0.00037
0.003956
0.001028
0.008463
0.01603
0.023597
0.031887
0.032447
0.040178
0.043402
0.051166
0.050969
0.06097
0.061365
0.06676
0.071366
0.07413
0.079459
0.086072
0.085875
0.091369
0.097258
0.096665
0.104101
0.103245
0.106634
0.11147
0.113477
0.121998
0.121603
0.127196
0.130617
0.132789
0.133644
0.134039
0.137756
0.138217
0.140849
0.145619
0.147955
0.15266
0.151738
0.158154
0.162003
0.159601
0.161246
0.16345
0.165227
0.167694
0.164733
0.168813
0.170162
0.169438
0.171116
0.178321
0.175064
0.1774
0.182762
0.180821
0.181841
0.181512
0.187927
0.185197
0.188355
0.187138
0.183453
0.189177
0.187006
0.190757
0.191776
0.19227
0.194902
0.197534
0.19533
0.199442
0.19533
0.197073
0.197205
0.199508
0.198323
0.205627
0.199804
0.205759
0.202567
0.203752
0.205331
0.204739
0.204212
0.207831
0.206647
0.205824
0.211483
0.209147
0.21066
0.20691
0.213194
0.21043
0.21293
0.210331
0.213983
0.212207
0.209641
0.211286
0.211351
0.210331
0.210693
0.215529
0.211088
0.215529
0.212766
0.217076
0.214411
0.215957
0.217273
0.216747
0.215826
0.217306
0.219642
0.217931
0.217602
0.215497
0.218951
0.216056
0.217668
0.217306
0.220267
0.217767
0.218852
0.219543
0.219181
0.219247
0.218556
0.217964
0.217306
0.218655
0.217109
0.219576
0.217273
0.219675
0.220596
0.219938
0.218754
0.221089
0.219971
0.214115
0.218161
0.217569
0.216681
0.218523
0.217767
0.21905
0.217701
0.21622
0.21599
0.215398
0.214773
0.215069
0.216878
0.215365
0.215135
0.214872
0.216747
0.216418
0.216714
0.215858
0.217339
0.215694
0.215036
0.217964
0.213062
0.21701
0.214082
0.216418
0.216155
0.215793
0.210529
0.212799
0.212536
0.213128
0.213621
0.21474
0.213128
0.213852
0.213128
0.2127
0.215431
0.212766
0.215529
0.211055
0.215694
0.211351
0.209246
0.206976
0.210266
0.21247
0.209871
0.209739
0.209279
0.213161
0.209904
0.210035
0.200692
0.205166
0.207305
0.207897
0.207732
0.210364
0.210068
0.20918
0.208489
0.20997
0.206811
0.203982
0.208456
0.206153
0.207601
0.210068
0.207107
0.206844
0.206943
0.200725
0.205133
0.203817
0.205331
0.2026
0.203291
0.203324
0.204673
0.200692
0.19704
0.202699
0.200725
0.199245
0.199738
0.200264
0.200067
0.203061
0.200264
0.200988
0.198751
0.201745
0.200824
0.200166
0.197534
0.201153
0.196645
0.198126
0.198488
0.195691
0.197632
0.198981
0.199902
0.195922
0.198027
0.198685
0.198751
0.196185
0.197271
0.198981
0.196185
0.191283
0.197106
0.195922
0.193553
0.194737
0.195264
0.194606
0.192698
0.19681
0.192105
0.195988
0.190921
0.195922
0.19329
0.193783
0.193421
0.192204
0.190164
0.192665
0.191053
0.194869
0.193092
0.189967
0.193487
0.190066
0.191809
0.189737
0.192369
0.188848
0.19227
0.191316
0.189539
0.19148
0.189177
0.189112
0.191447
0.188585
0.188421
0.193224
0.185493
0.186447
0.181479
0.188092
0.187598
0.183815
0.188421
0.195297
0.189868
0.192632
0.191316
0.189013
0.189309
0.189375
0.189638
0.188158
0.187565
0.191678
0.189408
0.189835
0.189276
0.191908
0.190757
0.189539
0.194145
0.189605
0.189638
0.191184
0.19102
0.191908
0.187072
0.187467
0.188125
0.189506
0.188092
0.190757
0.190658
0.190033
0.188585
0.193224
0.192434
0.193586
0.192303
0.196382
0.19329
0.191217
0.192862
0.192961
0.191283
0.191151
0.192895
0.188355
0.192599
0.191513
0.194573
0.19046
0.194277
0.194343
0.195231
0.194178
0.19352
0.197468
0.195066
0.194869
0.194178
0.188059
0.192829
0.19431
0.192632
0.195823
0.193191
0.192599
0.196514
0.193652
0.198554
0.196185
0.193849
0.19477
0.195165
0.196613
0.198751
0.198751
0.195198
0.198652
0.196744
0.193816
0.196942
0.195231
0.193882
0.194211
0.194244
0.195494
0.196218
0.196711
0.198027
0.197929
0.19579
0.19783
0.196876
0.197764
0.191184
0.196053
0.192895
0.192731
0.196218
0.19204
0.197172
0.198948
0.199442
0.199409
0.198455
0.198488
0.199902
0.197797
0.200593
0.199212
0.197435
0.19987
0.19931
0.199014
0.199672
0.198356
0.198883
0.198981
0.20112
0.199639
0.200363
0.201284
0.200264
0.201449
0.197632
0.201021
0.200001
0.197435
0.199837
0.198422
0.198521
0.199343
0.198718
0.196448
0.199376
0.199442
0.200067
0.202074
0.199705
0.201021
0.200528
0.199376
0.200659
0.198389
0.20158
0.200626
0.196415
0.196053
0.200001
0.19454
0.194704
0.198455
0.196119
0.195955
0.198159
0.195922
0.199376
0.197402
0.194507
0.198323
0.195132
0.197468
0.194737
0.196316
0.19329
0.194573
0.19477
0.19352
0.198027
0.193421
0.195955
0.193191
0.194902
0.195856
0.197205
0.193849
0.196942
0.192829
0.193948
0.194046
0.191842
0.194639
0.19023
0.189474
0.191447
0.190329
0.191184
0.191579
0.190428
0.190197
0.191809
0.193224
0.190197
0.193224
0.189704
0.187467
0.189112
0.18671
0.185526
0.183124
0.189079
0.186151
0.185723
0.186546
0.184999
0.185493
0.185262
0.187796
0.187302
0.18194
0.187203
0.185986
0.18467
0.185295
0.176511
0.180689
0.181808
0.182532
0.181644
0.179999
0.179439
0.181413
0.178288
0.182663
0.179571
0.181117
0.178551
0.183387
0.179801
0.179406
0.180064
0.179472
0.178321
0.178419
0.17809
0.177367
0.178189
0.174899
0.177761
0.178551
0.17661
0.17638
0.181742
0.175228
0.174537
0.174406
0.176051
0.176643
0.17332
0.175886
0.177235
0.17434
0.173945
0.172234
0.168451
0.174504
0.170129
0.17128
0.171445
0.173879
0.169635
0.169997
0.163615
0.163911
0.162102
0.152396
0.148481
0.147165
0.142099
0.139862
0.140224
0.134861
0.132821
0.129367
0.125156
0.120813
0.115615
0.116931
0.12134
0.122031
0.124005
0.124465
0.122524
0.123939
0.12509
0.127459
0.129071
0.129005
0.131407
0.133808
0.132558
0.133348
0.133808
0.130584
0.134434
0.139171
0.136736
0.143152
0.145027
0.145718
0.144468
0.148909
0.151212
0.150291
0.152232
0.152956
0.159667
0.156147
0.159437
0.160193
0.16322
0.165655
0.167201
0.168681
0.169109
0.169274
0.170655
0.172761
0.169603
0.173879
0.175557
0.177005
0.177268
0.177959
0.178617
0.179308
0.180032
0.177926
0.17911
0.18013
0.182466
0.183519
0.185262
0.184539
0.186513
0.186019
0.189112
0.184703
0.187763
0.185526
0.188947
0.187072
0.185427
0.189177
0.191382
0.193191
0.192533
0.19329
0.190888
0.19431
0.19102
0.196744
0.194112
0.191842
0.19375
0.195988
0.19329
0.20158
0.192138
0.193092
0.198093
0.195001
0.198225
0.198619
0.195297
0.199475
0.201186
0.19908
0.200758
0.195494
0.196613
0.196942
0.198784
0.196843
0.201712
0.197961
0.201745
0.200725
0.200264
0.198192
0.200791
0.200034
0.200297
0.2026
0.200791
0.203488
0.202173
0.204508
0.202502
0.201054
0.20158
0.202008
0.201778
0.204146
0.204837
0.203159
0.20385
0.035144
0.017609
0.028071
0.036954
0.041296
0.04939
0.057055
0.063339
0.067418
0.0713
0.07788
0.085019
0.090119
0.089987
0.100383
0.104594
0.105844
0.115582
0.11828
0.114299
0.124399
0.127196
0.133249
0.130848
0.138085
0.13973
0.142395
0.143941
0.149008
0.149238
0.15289
0.152265
0.154601
0.157331
0.158647
0.163023
0.164306
0.167629
0.169339
0.17309
0.172498
0.174932
0.174472
0.176413
0.178123
0.181183
0.18444
0.181973
0.179143
0.181018
0.183058
0.180689
0.161904
0.119497
0.099857
0.060312
0.037382
0.030506
0.026887
0.025768
0.01626
0.004746
0.003035
0.00514
0.014714
0.02488
0.031427
0.038401
0.04837
0.053502
0.059588
0.069392
0.072978
0.081433
0.083835
0.088145

Kurve 3

0.011589
0.011029
0.013332
0.008694
0.012378
0.011589
0.012345
0.008397
0.01399
0.009977
0.013135
0.011358
0.009944
0.01126
0.008529
0.009055
0.008957
0.011424
0.007707
0.00843
0.009286
0.011457
0.005042
0.009681
0.00797
0.0082
0.007443
0.004943
0.007838
0.00797
0.008101
0.008957
0.009483
0.00445
0.011029
0.007114
0.009055
0.007542
-0.001341
0.010931
0.006818
0.005634
0.006193
0.005568
0.003857
0.004515
0.001719
0.008134
0.003989
0.005634
0.001851
-0.001077
0.001028
0.003594
0.000995
0.003035
0.001818
0.002969
-0.000222
0.000732
0.00343
0.00139
0.001554
0.003002
0.001982
-9e-05
0.002805
0.004877
0.005601
0.001522
0.006029
0.003331
0.007575
0.00616
0.006424
0.000469
0.002805
0.003068
-0.000617
0.001522
-0.000584
0.003134
0.000962
0.002838
0.002476
0.005568
-0.000485
0.004877
0.001883
-0.001999
0.003134
0.001489
0.00116
0.002969
0.001258
0.001522
0.0057
-0.001077
0.002147
0.001193
-0.000913
-0.000913
0.001916
0.000732
0.003331
0.000962
0.002443
-0.00723
-0.000946
-0.001768
-0.001406
-0.000683
-0.000847
-0.004236
-0.000255
0.000403
-0.002624
-0.001242
-0.000156
0.001324
-0.000617
0.004614
0.000469
0.001028
0.003265
0.001357
0.000337
-0.001505
-0.001077
-0.000716
-0.001439
0.0006
0.001686
-0.002393
0.00037
-0.001012
0.000831
-0.001439
0.001094
-0.003808
-0.002986
-0.003611
-0.002459
-0.002393
-0.002953
0.000535
-0.001406
-0.000946
-0.003578
-0.000518
-0.002262
-0.000551
-0.000255
0.000239
-0.000288
0.000403
-0.001341
-0.001308
-0.00496
-0.000748
-0.000551
-0.00519
-0.002788
0.000206
0.002015
-0.007328
-0.003479
-0.003709
-0.002755
-0.004631
-0.001538
-0.00167
-0.001439
-0.001242
-0.000387
-0.000946
-0.000222
0.000535
0.000568
8e-06
-0.001242
0.002212
0.000403
0.002574
0.00037
0.002311
-0.000617
-0.001834
0.000633
0.006983
0.002311
0.00264
0.003693
0.003167
0.004877
0.003364
0.005634
0.0006
0.005239
-0.001275
0.005239
0.001258
0.005108
0.007411
0.00672
0.00445
0.010174
0.009055
0.006193
0.006358
0.004943
0.007049
0.004844
0.005601
0.005009
0.003857
0.002903
0.003496
0.001094
0.003101
0.001489
0.001949
0.007509
0.005568
0.005963
0.007147
0.008759
0.005963
0.007707
0.006818
0.005897
0.005996
0.008003
0.005108
0.00718
0.000798
0.005469
0.004844
0.005601
0.006456
0.007246
0.005897
0.005338
0.007312
0.004088
0.005831
0.002245
0.005502
0.003035
0.004417
0.001818
0.009483
0.011391
0.019912
0.024353
0.032578
0.044126
0.05166
0.056924
0.063372
0.067616
0.072024
0.072485
0.080446
0.087026
0.088868
0.095382
0.096994
0.100778
0.104989
0.113049
0.117885
0.118741
0.12055
0.125913
0.129893
0.130848
0.133118
0.135782
0.142494
0.141836
0.146836
0.147758
0.148547
0.150521
0.150719
0.153811
0.156377
0.157956
0.160424
0.160358
0.1622
0.166675
0.166477
0.170491
0.169899
0.174373
0.170655
0.173682
0.170162
0.173649
0.17513
0.175195
0.175228
0.175294
0.173485
0.177071
0.181742
0.183453
0.182433
0.181545
0.184473
0.184308
0.182236
0.184966
0.180492
0.177926
0.182729
0.185591
0.187236
0.187105
0.189079
0.188519
0.187861
0.189013
0.18921
0.190526
0.19204
0.189342
0.190921
0.191349
0.187697
0.191217
0.188881
0.192402
0.186842
0.190691
0.19046
0.18921
0.19125
0.189276
0.190855
0.191349
0.189441
0.191283
0.197369
0.190559
0.190822
0.188717
0.189079
0.188355
0.188717
0.187236
0.187401
0.186184
0.186743
0.188519
0.186348
0.188158
0.187401
0.187335
0.187664
0.188684
0.179538
0.185624
0.185559
0.189506
0.187302
0.184901
0.188684
0.185526
0.187598
0.186447
0.188421
0.184736
0.187697
0.186282
0.186776
0.185953
0.187434
0.184012
0.188816
0.189309
0.185262
0.190592
0.185953
0.184078
0.187006
0.186973
0.185328
0.186184
0.186809
0.190855
0.184308
0.186973
0.181907
0.186151
0.184966
0.186217
0.185065
0.187664
0.186447
0.187072
0.186249
0.186447
0.185657
0.188059
0.184868
0.182861
0.187171
0.183058
0.184012
0.181282
0.184604
0.18342
0.187236
0.182696
0.176577
0.181051
0.181347
0.18138
0.179966
0.183946
0.180525
0.182663
0.18013
0.183749
0.178913
0.18013
0.177761
0.179406
0.180032
0.179999
0.179637
0.180821
0.18013
0.178716
0.179242
0.176972
0.180953
0.172991
0.174735
0.174998
0.17434
0.176084
0.172925
0.170359
0.171774
0.171873
0.1774
0.17184
0.171905
0.171412
0.169964
0.170787
0.168418
0.170655
0.166576
0.166839
0.16424
0.164832
0.161575
0.16174
0.158252
0.154633
0.148448
0.154041
0.152824
0.144073
0.143316
0.136704
0.132361
0.121702
0.12384
0.116306
0.115484
0.115517
0.117359
0.119859
0.118774
0.122952
0.126275
0.127459
0.128512
0.13042
0.130683
0.133512
0.132756
0.135388
0.136177
0.136013
0.138217
0.139401
0.139237
0.140125
0.142428
0.145849
0.142
0.146442
0.147988
0.148087
0.148547
0.150488
0.152495
0.151837
0.153844
0.157101
0.158121
0.152989
0.156575
0.153482
0.157167
0.154337
0.156969
0.156904
0.155719
0.160161
0.159206
0.161805
0.165062
0.165786
0.165062
0.16855
0.165227
0.16957
0.16799
0.170787
0.167004
0.17059
0.169537
0.170261
0.172531
0.172629
0.174932
0.173682
0.174537
0.176117
0.178946
0.176511
0.180426
0.176117
0.179308
0.179308
0.180196
0.18296
0.1824
0.181315
0.183025
0.182532
0.182762
0.185986
0.183979
0.183815
0.184604
0.18569
0.187072
0.1875
0.187302
0.189441
0.188026
0.189112
0.190789
0.187236
0.187302
0.192928
0.191151
0.19148
0.192369
0.195889
0.19352
0.193092
0.194573
0.188125
0.193421
0.195395
0.195856
0.195626
0.196251
0.196284
0.19783
0.196744
0.196316
0.199902
0.19602
0.200199
0.197665
0.19908
0.198718
0.200199
0.200462
0.201745
0.201449
0.202699
0.199771
0.201646
0.200297
0.198356
0.198455
0.197435
0.202173
0.201317
0.202337
0.202633
0.200922
0.202041
0.206351
0.201975
0.204443
0.201218
0.204673
0.202732
0.203817
0.20283
0.202173
0.205594
0.201712
0.202008
0.20237
0.199606
0.201218
0.202732
0.199343
0.203817
0.200889
0.205824
0.204508
0.206087
0.203061
0.204772
0.202173
0.199968
0.202765
0.198027
0.185197
0.174472
0.175689
0.173057
0.171741
0.174702
0.174932
0.171544
0.173945
0.174965
0.177926
0.178551
0.176281
0.1824
0.178354
0.177235
0.182499
0.184177
0.180558
0.18342
0.183716
0.185197
0.185328
0.187006
0.188092
0.188158
0.188355
0.19204
0.189737
0.189276
0.189506
0.186052
0.19148
0.189638
0.187565
0.192961
0.195494
0.187993
0.189441
0.19306
0.193553
0.191316
0.19352
0.192862
0.194672
0.19102
0.194672
0.193586
0.19306
0.19375
0.192073
0.191809
0.191184
0.192566
0.19046
0.191349
0.191415
0.194178
0.192303
0.191941
0.192105
0.192928
0.190789
0.191316
0.195856
0.192171
0.191546
0.190033
0.191744
0.188322
0.192895
0.190526
0.19204
0.190559
0.192895
0.190526
0.192434
0.190658
0.190033
0.192566
0.186743
0.190855
0.187434
0.193586
0.190263
0.192895
0.188223
0.18523
0.188125
0.187401
0.187467
0.190954
0.190197
0.189737
0.183124
0.187565
0.192434
0.187796
0.187532
0.185624
0.187467
0.187302
0.185295
0.185657
0.187467
0.181479
0.182499
0.183617
0.189605
0.183091
0.182367
0.183683
0.183683
0.181907
0.179834
0.182598
0.180064
0.179439
0.178683
0.177992
0.177696
0.17888
0.179735
0.176906
0.178748
0.178387
0.17786
0.177169
0.175491
0.172498
0.176281
0.176577
0.173649
0.176149
0.175491
0.174833
0.17536
0.175162
0.177531
0.175327
0.175064
0.175656
0.172563
0.176248
0.174241
0.172761
0.173616
0.174406
0.174274
0.17661
0.173814
0.173847
0.174241
0.172432
0.17332
0.173583
0.169932
0.171346
0.174866
0.173814
0.176413
0.178814
0.171017
0.170392
0.173781
0.170886
0.173945
0.171083
0.175491
0.174077
0.173945
0.174175
0.172596
0.172267
0.172794
0.173287
0.1723
0.173485
0.17184
0.171576
0.174669
0.179012
0.172958
0.174274
0.171873
0.175491
0.174439
0.178058
0.178354
0.175788
0.175162
0.176643
0.176182
0.176182
0.179308
0.174472
0.177926
0.176544
0.1774
0.178979
0.178288
0.179374
0.17967
0.179966
0.179374
0.181051
0.178255
0.175689
0.177531
0.181413
0.177794
0.181018
0.17888
0.179801
0.177794
0.17888
0.180689
0.179604
0.183321
0.182992
0.178913
0.181545
0.179143
0.182532
0.181282
0.181282
0.180492
0.182696
0.18138
0.180163
0.181775
0.182729
0.184506
0.18092
0.18296
0.182992
0.184243
0.184308
0.184539
0.178584
0.181775
0.183683
0.181183
0.184506
0.183091
0.184045
0.163549
0.137394
0.132525
0.13394
0.131538
0.135585
0.135782
0.138743
0.139862
0.141671
0.143876
0.142461
0.141079
0.14325
0.140421
0.146573
0.148317
0.146804
0.149501
0.149929
0.157627
0.154568
0.158581
0.158055
0.159897
0.160259
0.158022
0.159141
0.158417
0.159141
0.159075
0.160226
0.156476
0.161213
0.160555
0.15789
0.153647
0.156706
0.152758
0.151903
0.152923
0.152429
0.150422
0.149501
0.154798
0.154272
0.153581
0.157134
0.158187
0.155522
0.157562
0.156213
0.159272
0.15868
0.158055
0.162398
0.163878
0.164372
0.165655
0.168352
0.164865
0.168155
0.167925
0.169899
0.169932
0.172728
0.169405
0.169668
0.163911
0.164898
0.170787
0.165786
0.169109
0.170195
0.170721
0.168879
0.166773
0.164766
0.165819
0.164536
0.167563
0.165293
0.166609
0.165194
0.171708
0.00139
0.001258
0.014155
0.022643
0.024584
0.026821
0.017182
0.013431
0.021064
0.025867
0.036098
0.04031
0.047778
0.052054
0.059128
0.064457
0.070346
0.071925
0.080348
0.082914
0.087092
0.0915
0.099692
0.098245
0.101896
0.109299
0.112194
0.118313
0.118708
0.12384
0.125288
0.129038
0.128216
0.132394
0.133907
0.138349
0.142757
0.144928
0.151048
0.149501
0.153482
0.15539
0.156673
0.156936
0.162332
0.161674
0.162102
0.167069
0.166576
0.167398
0.174439
0.171938
0.172432
0.174768
0.177071
0.179637
0.180064
0.182532
0.182762
0.186184
0.186578
0.186151
0.188256
0.191875
0.189177
0.191151
0.191513
0.193257
0.191842
0.196086
0.196645
0.195132
0.201186
0.203357
0.197501
0.199343
0.201811
0.20056
0.205857
0.20385
0.206416
0.20339
0.204015
0.204081
0.200758
0.206416
0.206713
0.207436
0.207338
0.208818
0.212141
0.211088
0.21043
0.213786
0.212536
0.213325
0.212634
0.21293
0.210562
0.209739
0.210825
0.213424
0.211845
0.212009
0.216187
0.216155
0.216352
0.215497
0.216714
0.216187
0.218227
0.212634
0.217865
0.217536
0.221616
0.221813
0.2178
0.22007
0.223063
0.214641
0.219477
0.219148
0.219806
0.221287
0.21701
0.220958
0.219609
0.22132
0.22053
0.223919
0.220004
0.220037
0.222076
0.220201
0.220728
0.219181
0.219839
0.218425
0.218392
0.218556
0.221188
0.21849
0.217306
0.219675
0.218754
0.218227
0.218096
0.217174
0.218819
0.216845
0.214181
0.21349
0.215694
0.217372
0.215826
0.218458
0.215398
0.2178
0.217109
0.216549
0.21678
0.217174
0.219839
0.219181
0.216155
0.217668
0.215069
0.214839
0.215431
0.213457
0.211582
0.216582
0.219379
0.212799
0.216648
0.215168
0.212174
0.215266
0.217273
0.212437
0.218458
0.21349
0.217635
0.214904
0.213885
0.212733
0.20895
0.212207
0.212503
0.212042
0.209608
0.214115
0.211516
0.213753
0.209739
0.212865
0.212338
0.211713
0.210595
0.210266
0.210989
0.206844
0.209476
0.207042
0.207831
0.209608
0.209016
0.209772
0.207502
0.20612
0.209443
0.208687
0.209443
0.210989
0.208358
0.207831
0.207535
0.209608
0.205101
0.205627
0.203324
0.203061
0.204311
0.204607
0.202732
0.207371
0.202567
0.203488
0.206055
0.202502
0.202896
0.20237
0.20362
0.198718
0.20283
0.202502
0.20056
0.20056
0.201778
0.192763
0.199014
0.198192
0.200396
0.199245
0.197139
0.200462
0.199541
0.19579
0.198159
0.195922
0.197303
0.197205
0.196481
0.196974
0.195593
0.196942
0.195132
0.193783
0.193388
0.195165
0.192796
0.19579
0.19454
0.193487
0.189605
0.193027
0.191776
0.19329
0.191908
0.193915
0.192303
0.191086
0.193816
0.192336
0.191086
0.190164
0.191086
0.189539
0.193487
0.186644
0.191941
0.188158
0.191151
0.190855
0.1925
0.191908
0.189079
0.192961
0.189309
0.192632
0.191744
0.189901
0.190822
0.192105
0.189671
0.190822
0.190131
0.188717
0.187763
0.189112
0.188487
0.184111
0.189539
0.190428
0.193586
0.190329
0.193421
0.193323
0.192105
0.191184
0.193257
0.191382
0.191744
0.19102
0.188256
0.191447
0.193224
0.193882
0.193915
0.200133
0.195297
0.194375
0.195988
0.195297
0.19431
0.195955
0.194672
0.19556
0.196251
0.193882
0.195033
0.193224
0.198685
0.196645
0.197073
0.19533
0.19806
0.196678
0.19602
0.194606
0.196876
0.197073
0.195362
0.195198
0.195297
0.19352
0.192237
0.196547
0.193915
0.195099
0.197007
0.196152
0.194507
0.197764
0.195066
0.197698
0.193553
0.19908
0.197435
0.196053
0.196777
0.195856
0.193388
0.196744
0.192731
0.194408
0.196876
0.196185
0.201054
0.197402
0.202502
0.196514
0.20135
0.196711
0.198027
0.197435
0.197929
0.198323
0.19477
0.19783
0.197896
0.196744
0.194606
0.198488
0.19533
0.199113
0.197271
0.198718
0.198587
0.2026
0.201942
0.19987
0.201284
0.19931
0.198027
0.196974
0.194869
0.197007
0.199771
0.194704
0.200231
0.20056
0.203686
0.20056
0.200791
0.202238
0.199935
0.199277
0.200758
0.201515
0.199376
0.199508
0.197896
0.199771
0.198916
0.200462
0.196514
0.200725
0.197567
0.199212
0.199343
0.199541
0.199277
0.196974
0.196053
0.20112
0.198192
0.196547
0.199804
0.195001
0.19477
0.193553
0.196711
0.194112
0.19556
0.197567
0.195461
0.194244
0.196481
0.196218
0.19681
0.196613
0.197632
0.195494
0.194014
0.196744
0.193224
0.19556
0.19329
0.189441
0.192434
0.193454
0.190888
0.189408
0.189539
0.18773
0.191283
0.194211
0.194145
0.195132
0.194211
0.19046
0.194737
0.192105
0.19148
0.192171
0.192073
0.188717
0.192566
0.19023
0.190789
0.178847
0.179308
0.177761
0.175393
0.174044
0.176182
0.180229
0.178847
0.179439
0.175031
0.177169
0.173912
0.177367
0.172629
0.177005
0.173847
0.175261
0.176018
0.174241
0.176478
0.177761
0.176149
0.176906
0.177235
0.174702
0.175985
0.171116
0.173189
0.173221
0.169964
0.170557
0.170853
0.171905
0.172234
0.173781
0.169734
0.174899
0.172563
0.169306
0.171642
0.172136
0.170096
0.173057
0.171675
0.172498
0.173583
0.171017
0.167892
0.171741
0.171478
0.171412
0.170853
0.173254
0.174274
0.17434
0.169043
0.174241
0.173682
0.172169
0.175393
0.171116
0.174406
0.161674
0.166543
0.166971
0.166872
0.165326
0.163878
0.168155
0.168879
0.168616
0.16901
0.169964
0.170721
0.171313
0.168023
0.170886
0.168319
0.169471
0.168221
0.170918
0.115319
0.119464
0.119004
0.122425
0.124992
0.126307
0.129433
0.130749
0.133743
0.135453
0.138381
0.137526
0.142066
0.142428
0.145323
0.14381
0.147527
0.148054
0.151376
0.148843
0.153811
0.153679
0.155226
0.156476
0.159338
0.164766
0.158614
0.164503
0.162398
0.166115
0.16572
0.171247
0.170129
0.167892
0.170162
0.171708
0.172432
0.172333
0.17763
0.176577
0.177498
0.177893
0.179604
0.177005
0.180722
0.179999
0.181841
0.179801
0.182795
0.185756
0.184835
0.184637
0.187796
0.188848
0.184407
0.184243
0.187631
0.18977
0.188552
0.189506
0.189868
0.191842
0.190329
0.194211
0.192467
0.194375
0.193586
0.191776
0.194112
0.193882
0.193092
0.194474
0.194869
0.195264
0.199146
0.195001
0.195691
0.196974
0.197764
0.19533
0.19806
0.199245
0.197238
0.198389
0.198258
0.197435
0.199113
0.195889
0.196974
0.199738
0.198323
0.199541
0.197698
0.20112
0.198093
0.200264
0.200824
0.200922
0.197896
0.200462
0.200922
0.200396
0.198619
0.199179
0.20283
0.202633
0.200626
0.201646
0.203192
0.198652
0.201251
0.200791
0.202205
0.202436
0.200495
0.203653
0.205364
0.202633
0.202929
0.20543
0.200922
0.201515
0.202074
0.20339
0.198981
0.202863
0.207305
0.201416
0.202699
0.205068
0.207042
0.202238
0.204903
0.204969
0.205397
0.203949
0.203752
0.205594
0.208522
0.204739
0.202896
0.195494
0.207107
0.202271
0.206186
0.205133
0.206384
0.20668
0.20691
0.206844
0.206647
0.20839
0.207634
0.208588
0.206384
0.210233
0.212963
0.209147
0.209937
0.210463
0.207042
0.208489
0.209246
0.209213
0.208259
0.20997
0.209312
0.210134
0.212042
0.210496
0.210101
0.211154
0.210299
0.210529
0.211154
0.20839
0.208654
0.204739
0.210266
0.211944
0.212207
0.210825
0.214082
0.213852
0.21395
0.214773
0.214773
0.216813
0.213095
0.214575
0.215003
0.215365
0.208226
0.213753
0.212865
0.213227
0.2127
0.214641
0.214575
0.216418
0.216352
0.212898
0.216385
0.214345
0.218556
0.214181
0.21951
0.216089
0.217109
0.215332
0.216056
0.215562
0.214806
0.216286
0.214608
0.218063
0.217602
0.216944
0.217109
0.220399
0.213819
0.216747
0.215431
0.216714
0.218063
0.21576
0.215135
0.217273
0.213654
0.211417
0.213852
0.212075
0.211351
0.211845
0.213786
0.212898
0.21451
0.211812
0.215529
0.210693
0.211615
0.215233
0.208193
0.209443
0.208588
0.207338
0.207107
0.206515
0.209871
0.212371
0.210726
0.210364
0.2102
0.212536
0.207634
0.206877
0.205331
0.2077
0.206943
0.208654
0.207436
0.208752
0.20691
0.209377
0.206153
0.205298
0.208423
0.206976
0.208654
0.207009
0.209937
0.206285
0.210726
0.212174
0.212338
0.208752
0.206976
0.205528
0.204837
0.205133
0.205199
0.208917
0.207469
0.20895
0.20691
0.213128
0.206548
0.209641
0.208983
0.209739
0.208621
0.208917
0.208752
0.208456
0.208358
0.212141
0.201679
0.203456
0.207272
0.20793
0.212437
0.209904
0.211779
0.211845
0.21168
0.209114
0.209871
0.208423
0.211121
0.208884
0.205726
0.212503
0.210331
0.211779
0.210792
0.211055
0.210266
0.211384
0.210628
0.211088
0.208522
0.210463
0.212601
0.211976
0.210891
0.211417
0.211845
0.210002
0.210101
0.211944
0.211647
0.209838
0.210759
0.207535
0.209937
0.2077
0.207634
0.208917
0.210693
0.209476
0.210101
0.210529
0.209213
0.208851
0.205364
0.206548
0.20487
0.203456
0.203094
0.205331
0.204146
0.205199
0.205561
0.203554
0.203883
0.203949
0.203752
0.202041
0.201844
0.203028
0.202567
0.202238
0.201778
0.20112
0.196843
0.199047
0.199902
0.195231
0.199902
0.195001
0.197106
0.196119
0.197961
0.191645
0.195001
0.194408
0.19329
0.193849
0.191974
0.196349
0.188881
0.193027
0.189934
0.190954
0.188421
0.19306
0.18796
0.188388
0.187401
0.188026
0.187829
0.188454
0.189013
0.189145
0.188158
0.182532
0.187105
0.186842
0.185559
0.183256
0.184473
0.185197
0.184374
0.185328
0.182236
0.184308
0.18819
0.181051
0.184572
0.182894
0.183683
0.185197
0.183519
0.184407
0.182663
0.18319
0.182795
0.184111
0.183782
0.183289
0.179867
0.184045
0.182038
0.181347
0.179374
0.186217
0.180821
0.185262
0.185559
0.180722
0.181808
0.179308
0.18194
0.181051
0.18296
0.180558
0.184473
0.184506
0.183354
0.182992
0.178683
0.183256
0.181907
0.182334
0.183881
0.182861
0.18115
0.183552
0.186151
0.187105
0.185822
0.185065
0.180624
0.186019
0.182729
0.184769
0.186874
0.181841
0.186513
0.185526
0.187697
0.185888
0.18921
0.183749
0.187236
0.184572
0.187697
0.186578
0.188454
0.187236
0.187598
0.188552
0.185526
0.185756
0.187664
0.187368
0.186184
0.18694
0.188585
0.192862
0.186513
0.189474
0.192467
0.189605
0.18819
0.190263
0.189177
0.189013
0.187598
0.18796
0.188355
0.187631
0.187269
0.188914
0.189868
0.188125
0.190131
0.182861
0.190625
0.190757
0.191711
0.193487
0.190822
0.191908
0.194869
0.190526
0.194277
0.191447
0.19148
0.192829
0.192895
0.194573
0.19352
0.195066
0.196152
0.197007
0.193553
0.199277
0.198455
0.196152
0.195165
0.198027
0.196974
0.19579
0.196284
0.198258
0.19931
0.196547
0.197534
0.197698
0.19908
0.201778
0.202008
0.198718
0.201679
0.197369
0.197896
0.201679
0.199738
0.201054
0.19908
0.201054
0.197961
0.198652
0.199475
0.20033
0.199014
0.199277
0.199639
0.204048
0.202469
0.205791
0.200067
0.202238
0.2026
0.198883
0.198718
0.199639
0.20214
0.199771
0.202732
0.200363
0.203225
0.203094
0.203159
0.202666
0.205199
0.202732
0.204212
0.208193
0.202436
0.203554
0.207074
0.205002
0.202699
0.202534
0.200791
0.204081
0.202502
0.201876
0.203094
0.207996
0.202534
0.204804
0.207239
0.202567
0.205002
0.205331
0.204804
0.204837
0.204541
0.202534
0.206318
0.2026
0.205331
0.196514
0.206384
0.205923
0.209279
0.208621
0.205232
0.203587
0.21122
0.209377
0.208029
0.203488
0.202666
0.204936
0.206778
0.206351
0.206515
0.207403
0.208029
0.209542
0.20543
0.209016
0.209509
0.210891
0.206614
0.209213
0.20895
0.208193
0.209312
0.212371
0.209805
0.208687
0.207601
0.205759
0.208851
0.205791
0.205857
0.20714
0.204574
0.205824
0.209608
0.20793
0.208358
0.208719
0.207502
0.207897
0.209081
0.207667
0.205923
0.205956
0.199146
0.205956
0.205462
0.202995
0.204114
0.206877
0.205298
0.207601
0.204377
0.207107
0.20691
0.202929
0.205923
0.2001
0.206153
0.207107
0.20543
0.204508
0.205331
0.203653
0.204673
0.203686
0.205002
0.205462
0.208522
0.205331
0.206449
0.208785
0.203653
0.211417
0.205561
0.205627
0.205232
0.204443
0.204739
0.203488
0.203554
0.203817
0.20441
0.206087
0.208752
0.205923
0.205956
0.206449
0.206778
0.203686
0.207239
0.205857
0.203653
0.204015
0.202534
0.200264
0.201646
0.200824
0.20283
0.206515
0.203159
0.202666
0.204739
0.202765
0.203225
0.205331
0.208884
0.204146
0.202041
0.204015
0.20056
0.203094
0.199639
0.203554
0.199409
0.197632
0.201515
0.201317
0.201844
0.199179
0.199343
0.199179
0.199179
0.197106
0.20543
0.198521
0.201416
0.198389
0.201317
0.195362
0.198225
0.196251
0.196777
0.199212
0.198258
0.196876
0.196448
0.197369
0.197271
0.201811
0.19477
0.199212
0.196185
0.19885
0.195757
0.194079
0.194672
0.193849
0.194343
0.194014
0.187829
0.193619
0.195988
0.194343
0.197303
0.198093
0.196185
0.196119
0.198685
0.194507
0.19477
0.194573
0.192237
0.19431
0.19204
0.192829
0.192402
0.193816
0.19329
0.194375
0.192698
0.194573
0.187039
0.189901
0.189737
0.193454
0.190526
0.192796
0.192862
0.191053
0.190888
0.191711
0.190395
0.188322
0.190724
0.186052
0.186874
0.189112
0.187894
0.190888
0.18875
0.187894
0.191118
0.192204
0.19
0.19023
0.190395
0.188783
0.188618
0.190428
0.188585
0.18773
0.188519
0.191382
0.188717
0.190197
0.189934
0.189901
0.188355
0.190526
0.189835
0.19227
0.186776
0.192566
0.192171
0.189145
0.189572
0.190526
0.189441
0.190724
0.192171
0.189605
0.192007
0.18796
0.190131
0.189638
0.192994
0.189671
0.193717
0.191415
0.190131
0.191776
0.190493
0.191809
0.190789
0.190691
0.187171
0.195198
0.191809
0.194639
0.192138
0.19046
0.189474
0.194902
0.191579
0.192632
0.195527
0.194573
0.195395
0.194277
0.196777
0.194244
0.192928
0.192237
0.195724
0.189934
0.193158
0.194803
0.195757
0.196711
0.198389
0.198159
0.196053
0.196481
0.194112
0.196777
0.196119
0.194343
0.196185
0.197534
0.193027
0.197369
0.195593
0.197567
0.196349
0.196613
0.1925
0.195988
0.194408
0.195691
0.196645
0.194968
0.195593
0.195889
0.195198
0.194244
0.200264
0.193421
0.198981
0.192665
0.196415
0.191678
0.192467
0.195395
0.198488
0.189539
0.19658
0.195231
0.193092
0.195001
0.196744
0.198817
0.196974
0.196876
0.195165
0.1925
0.19602
0.195659
0.196119
0.195395
0.197731
0.196777
0.198685
0.197501
0.198587
0.196843
0.199442
0.19658
0.199212
0.197303
0.19829
0.196876
0.200166
0.19908
0.200495
0.198883
0.200462
0.197797
0.197961
0.198455
0.19908
0.201218
0.199146
0.20339
0.198817
0.203357
0.198587
0.204541
0.202238
0.202534
0.20135
0.202929
0.198455
0.199113
0.205693
0.197764
0.199804
0.202173
0.201218
0.203752
0.207897
0.20237
0.203127
0.203094
0.205956
0.204048
0.20362
0.203456
0.203357
0.202567
0.20283
0.206087
0.200857
0.202436
0.201909
0.205495
0.203127
0.204475
0.204541
0.205923
0.203456
0.204278
0.203159
0.203192
0.200659
0.203488
0.20237
0.200593
0.203357
0.203949
0.202173
0.20339
0.204344
0.201942

Kurve 4

0.001752
0.006621
0.006753
0.006621
0.006917
0.005535
-0.003578
0.003331
-0.001604
0.003956
0.003068
0.003528
0.007838
0.005601
0.004614
0.007871
0.006654
0.00116
0.004088
0.004581
0.005437
0.003561
0.006259
0.004351
0.004022
0.003989
0.002739
0.002015
0.001324
0.004811
0.008792
0.006259
0.005798
0.006489
0.00366
0.00491
0.006095
0.007838
0.005864
0.006193
0.001193
0.007641
0.002443
0.003693
0.006325
0.006325
0.0057
0.008924
0.008266
0.006818
0.007542
0.01024
0.007345
0.00797
0.008266
0.008167
0.009977
0.007805
0.011523
0.007641
0.006358
0.007871
0.009549
0.008562
0.007345
0.007509
0.008595
0.009549
0.007378
0.011951
0.008924
0.009878
0.009516
0.008726
0.008332
0.005831
0.003035
0.012641
0.006785
0.009845
0.008397
0.007805
0.008726
0.007937
0.012082
0.009615
0.010042
0.00718
0.010766
0.009779
0.007016
0.008628
0.008003
0.005766
0.007279
0.009812
0.005075
0.010141
0.00718
0.009384
0.00843
0.009911
0.009187
0.011786
0.009582
0.007575
0.010371
0.00797
0.008694
0.007345
0.009483
0.009088
0.006489
0.007378
0.008365
0.007707
0.008759
0.009582
0.009352
0.008068
0.009878
0.008858
0.009384
0.006851
0.009384
0.008825
0.013267
0.006424
0.007608
0.004351
0.001785
0.009319
0.005042
0.008101
0.006358
0.008529
0.005897
0.008726
0.007674
0.009681
0.005469
0.004351
0.005173
0.007082
0.001028
0.002114
0.00616
0.003397
0.007575
0.004614
0.005502
0.004713
0.006127
0.005535
0.008792
0.005009
0.007476
0.007509
0.001719
0.004877
0.003792
-0.004696
0.000107
0.00389
0.004022
0.000897
0.00218
0.003989
0.001061
0.004219
0.002969
0.004384
0.002509
0.000831
0.002212
0.000831
-0.001209
-0.002393
0.000568
-0.003018
0.002509
0.002772
0.001489
-0.00065
-0.000485
-0.003018
0.001094
-0.00167
-0.004828
-0.002953
-0.003249
-0.000452
-0.003808
-0.003051
-0.002887
-0.000716
-0.001768
-0.001242
-0.003775
-0.001143
-0.001538
-0.003808
-0.003545
-0.006243
0.000436
-0.003841
-0.001077
-0.001966
-0.002821
-0.008019
-0.004631
-0.004565
-0.003347
-0.003413
-0.003117
-0.005223
-0.002328
-0.004466
-0.005453
-0.003018
-0.003578
-0.001012
-0.004269
-0.004071
-0.00394
-0.006506
-0.007953
-0.004729
-0.006868
-0.004598
-0.004499
-0.005486
-0.009006
-0.003249
-0.00644
-0.004598
-0.003775
-0.002986
-0.004236
-0.004565
-0.007855
-0.005223
-0.005354
-0.007328
-0.002887
-0.003841
-0.002196
-0.003973
-0.002229
-0.004466
-0.002689
0.001127
0.010174
0.01455
0.022577
0.029025
0.036066
0.043731
0.050607
0.04962
0.062352
0.066431
0.069491
0.076334
0.080644
0.084526
0.088178
0.093244
0.098212
0.102489
0.104956
0.1092
0.113839
0.113608
0.115813
0.118313
0.120978
0.12917
0.129005
0.132756
0.137756
0.138184
0.144764
0.143678
0.145882
0.145619
0.147955
0.149337
0.150422
0.152429
0.153778
0.155555
0.1572
0.159535
0.160457
0.16345
0.16424
0.167102
0.165984
0.16957
0.1673
0.171017
0.173189
0.172629
0.173057
0.1774
0.174801
0.174044
0.176906
0.177696
0.177301
0.177893
0.182203
0.17967
0.186085
0.181775
0.172333
0.182828
0.181808
0.18217
0.18365
0.18319
0.185197
0.184966
0.182762
0.182992
0.187829
0.187861
0.184341
0.190296
0.185262
0.18921
0.0284
0.001883
-0.000781
0.002706
-0.000222
-0.000814
0.002311
-0.000814
0.001554
0.00366
0.001456
0.002114
0.003397
0.000666
0.004088
0.001686
0.002673
0.005009
0.009549
0.011128
0.016556
0.025242
0.031657
0.037645
0.041757
0.052285
0.055772
0.063076
0.064786
0.074853
0.07459
0.082716
0.085842
0.09048
0.09479
0.097159
0.101535
0.107127
0.108312
0.112095
0.115615
0.117984
0.120748
0.121307
0.132657
0.130354
0.132525
0.137131
0.140092
0.141013
0.14404
0.143711
0.143908
0.145652
0.149337
0.151475
0.150422
0.15539
0.151936
0.159042
0.158055
0.162266
0.166017
0.164997
0.166181
0.168813
0.168846
0.172629
0.170886
0.171182
0.172531
0.172004
0.174373
0.17457
0.175294
0.176906
0.178255
0.177202
0.176939
0.178847
0.182236
0.182631
0.186282
0.185032
0.18444
0.184506
0.184243
0.185131
0.184802
0.185986
0.184868
0.188651
0.183979
0.18523
0.188585
0.188487
0.184736
0.190329
0.191579
0.189441
0.187927
0.188487
0.189868
0.191875
0.192796
0.191349
0.190855
0.189408
0.189506
0.189243
0.190855
0.188848
0.191711
0.194803
0.19454
0.19375
0.192434
0.196251
0.195724
0.196119
0.193454
0.195132
0.193027
0.193685
0.196382
0.196547
0.192763
0.19431
0.194474
0.193849
0.194639
0.194704
0.197139
0.195264
0.19783
0.198916
0.197632
0.19783
0.198258
0.188519
0.19602
0.196284
0.194408
0.192204
0.198488
0.198784
0.198652
0.196974
0.198389
0.198488
0.199245
0.197106
0.200758
0.200758
0.197271
0.201383
0.19931
0.194704
0.197961
0.199771
0.196843
0.198883
0.196086
0.2001
0.197139
0.196974
0.199475
0.1976
0.199672
0.201021
0.201547
0.199376
0.199738
0.202205
0.200824
0.199277
0.19908
0.194836
0.199179
0.196942
0.198751
0.199343
0.200396
0.200067
0.20214
0.198587
0.199837
0.200922
0.200199
0.201251
0.198619
0.201153
0.198751
0.196744
0.195231
0.197238
0.190296
0.190263
0.190395
0.189638
0.191415
0.194046
0.194836
0.191184
0.191316
0.191316
0.194672
0.192928
0.1925
0.19306
0.192895
0.190559
0.188585
0.19533
0.195362
0.194244
0.194507
0.197007
0.193783
0.193981
0.197139
0.195922
0.197797
0.197303
0.200297
0.198126
0.194343
0.196251
0.193027
0.194639
0.19579
0.193092
0.196152
0.192862
0.196218
0.194935
0.195856
0.193948
0.195132
0.190625
0.191875
0.190263
0.192138
0.183914
0.179209
0.177893
0.176149
0.1622
0.152725
0.144336
0.139829
0.134697
0.134565
0.132854
0.134434
0.141277
0.135223
0.141803
0.138974
0.14098
0.14098
0.144961
0.141309
0.143119
0.147034
0.148021
0.146343
0.146771
0.152363
0.148777
0.150949
0.153416
0.156706
0.155588
0.162102
0.159239
0.158581
0.164174
0.159601
0.166049
0.167267
0.162233
0.16674
0.170886
0.164701
0.169208
0.17184
0.170228
0.17128
0.174735
0.173748
0.173978
0.17309
0.176577
0.167036
0.173616
0.173682
0.175393
0.176709
0.177893
0.182203
0.179867
0.182334
0.178814
0.182334
0.183946
0.181709
0.181282
0.18523
0.180788
0.181676
0.184868
0.180986
0.184604
0.18523
0.186611
0.18421
0.183881
0.182598
0.18467
0.181117
0.183782
0.185131
0.182992
0.183354
0.185624
0.187697
0.187927
0.187697
0.1875
0.18569
0.185723
0.185789
0.185855
0.182532
0.185131
0.184078
0.18592
0.185295
0.187335
0.184243
0.180097
0.18467
0.18365
0.185427
0.180525
0.177038
0.176643
0.173221
0.172563
0.171083
0.167859
0.162233
0.166938
0.161312
0.164635
0.162233
0.161279
0.163056
0.162595
0.16049
0.161641
0.163681
0.161049
0.164207
0.166707
0.167267
0.166609
0.169603
0.169109
0.175294
0.17207
0.175228
0.1723
0.174307
0.178913
0.180492
0.180064
0.179176
0.181742
0.183256
0.18523
0.184933
0.187697
0.18342
0.187829
0.184637
0.189375
0.187467
0.183749
0.189572
0.188223
0.191086
0.190493
0.192961
0.191513
0.191941
0.189803
0.192105
0.189901
0.183124
0.18342
0.188421
0.182598
0.183749
0.186118
0.181479
0.181973
0.182104
0.183979
0.185328
0.184473
0.187927
0.184802
0.188322
0.192303
0.189276
0.189474
0.189835
0.191316
0.18875
0.188322
0.18796
0.190855
0.191513
0.192369
0.189704
0.193619
0.190954
0.19227
0.19375
0.193454
0.194343
0.191447
0.194902
0.195362
0.194606
0.192698
0.198027
0.192237
0.191447
0.195494
0.195297
0.193717
0.191908
0.196843
0.196974
0.19681
0.196152
0.191875
0.194112
0.197567
0.195231
0.195527
0.19533
0.197303
0.191382
0.191349
0.1976
0.193717
0.194672
0.196251
0.197238
0.19533
0.197567
0.195988
0.198784
0.195165
0.197435
0.195099
0.197073
0.196876
0.191217
0.18977
0.190658
0.189046
0.19046
0.193685
0.189342
0.196843
0.193421
0.19658
0.194408
0.1976
0.192434
0.195001
0.193619
0.194606
0.195066
0.19454
0.194211
0.196119
0.195132
0.195823
0.196974
0.190658
0.192763
0.193191
0.19806
0.198159
0.196349
0.19329
0.198389
0.198258
0.195889
0.196086
0.195395
0.196645
0.193915
0.197106
0.196251
0.201284
0.202633
0.198027
0.199705
0.200725
0.196349
0.199047
0.196909
0.199475
0.197369
0.196251
0.197534
0.197369
0.198159
0.200626
0.202534
0.196415
0.198455
0.19704
0.197632
0.192862
0.189638
0.187203
0.18773
0.187565
0.187335
0.188355
0.188552
0.187368
0.187006
0.187171
0.186874
0.187434
0.18921
0.194046
0.18773
0.191447
0.188618
0.192698
0.190724
0.192073
0.190987
0.191974
0.192731
0.189309
0.192862
0.187598
0.190263
0.190757
0.190987
0.182894
0.186184
0.187039
0.184736
0.187631
0.187006
0.188552
0.18875
0.189539
0.190395
0.189474
0.188322
0.188881
0.188289
0.170622
-0.000321
0.01228
0.018596
0.027347
0.02692
0.00797
0.020406
0.007509
0.013398
0.023926
0.029025
0.036855
0.042777
0.048074
0.053667
0.057746
0.064852
0.070906
0.071958
0.075281
0.083637
0.08752
0.091764
0.099725
0.102258
0.10341
0.109693
0.106634
0.11068
0.117425
0.118642
0.123577
0.122491
0.125584
0.133216
0.136375
0.13417
0.137888
0.13927
0.142625
0.144073
0.143678
0.145981
0.150258
0.151179
0.154765
0.154173
0.155324
0.157693
0.157167
0.160687
0.158713
0.162102
0.159864
0.162365
0.16095
0.164207
0.161509
0.165819
0.168616
0.166378
0.169372
0.171609
0.168319
0.167168
0.067254
0.067517
0.07538
0.074919
0.082058
0.084723
0.092652
0.09433
0.101633
0.101304
0.102456
0.107851
0.112194
0.117063
0.119596
0.122425
0.125452
0.129696
0.127196
0.133644
0.133776
0.139796
0.139796
0.142296
0.144632
0.14608
0.150784
0.151738
0.155884
0.152166
0.155588
0.159404
0.154765
0.162233
0.164174
0.165128
0.165852
0.1673
0.167958
0.171938
0.171247
0.172333
0.171971
0.174472
0.174011
0.17684
0.177597
0.177564
0.179275
0.18138
0.179045
0.183486
0.182598
0.181709
0.182104
0.184374
0.183617
0.185394
0.18546
0.183848
0.183749
0.187368
0.188388
0.188158
0.189671
0.187434
0.18921
0.188881
0.190658
0.188125
0.193323
0.19375
0.192105
0.19329
0.190724
0.19306
0.19329
0.19352
0.194178
0.197106
0.195724
0.200001
0.198192
0.19829
0.196218
0.198981
0.195691
0.197501
0.195922
0.192632
0.195955
0.197303
0.195494
0.199837
0.199179
0.195593
0.201218
0.19704
0.197534
0.196909
0.199146
0.198027
0.197863
0.199573
0.201251
0.199014
0.200857
0.202863
0.197435
0.200955
0.194902
0.200231
0.198751
0.202271
0.200889
0.199475
0.197896
0.199343
0.195297
0.197863
0.197632
0.197632
0.186184
0.188223
0.190954
0.190066
0.190954
0.19329
0.195264
0.190559
0.188585
0.190789
0.189342
0.189803
0.194639
0.192796
0.194178
0.194869
0.195988
0.194902
0.194046
0.197665
0.194211
0.195626
0.196514
0.197238
0.195395
0.193421
0.19783
0.193619
0.198192
0.198093
0.199902
0.198159
0.197501
0.196876
0.198916
0.19806
0.201416
0.200593
0.20362
0.201317
0.197665
0.200758
0.199146
0.195659
0.195691
0.198817
0.19783
0.198389
0.198751
0.197534
0.199573
0.201251
0.201778
0.200462
0.198126
0.200264
0.196777
0.19987
0.195988
0.199968
0.20158
0.20158
0.200692
0.201942
0.200528
0.200264
0.199968
0.201186
0.204245
0.200462
0.200264
0.200593
0.201416
0.200889
0.20112
0.197369
0.200692
0.198587
0.199672
0.199014
0.197501
0.19931
0.202666
0.201844
0.079525
0.006687
-0.000321
0.000173
-0.001045
0.012016
0.018103
0.026031
0.032315
0.039323
0.043994
0.051133
0.054982
0.046659
0.005733
0.008233
0.01626
0.022215
0.028433
0.036427
0.04327
0.045639
0.047745
0.055673
0.044981
0.051331
0.059654
0.005404
0.012181
0.000995
-0.000683
0.007378
0.015142
0.018925
0.016326
-0.001801
0.00037
0.006654
0.007904
0.008957
-5.8e-05
0.011293
0.01728
0.025735
0.029979
0.039816
0.043534
0.051035
0.058141
0.062385
0.072156
0.071235
0.085809
0.084394
0.086927
0.091764
0.094001
0.100317
0.104463
0.105482
0.110483
0.113937
0.118412
0.122327
0.123676
0.129762
0.131012
0.132821
0.133249
0.139171
0.140257
0.144205
0.146475
0.155489
0.151146
0.152133
0.152956
0.152396
0.155028
0.157002
0.158746
0.160226
0.163187
0.163582
0.166049
0.164207
0.169208
0.169701
0.173649
0.170491
0.174373
0.171807
0.17582
0.170951
0.173518
0.174636
0.172103
0.177136
0.175228
0.178222
0.177235
0.182532
0.179505
0.181676
0.180426
0.181282
0.181282
0.182302
0.184078
0.183716
0.18365
0.181676
0.184473
0.186052
0.18467
0.183552
0.187532
0.186118
0.187138
0.187039
0.188355
0.189112
0.192467
0.190131
0.190296
0.189177
0.189901
0.192336
0.191316
0.190658
0.194737
0.189506
0.189342
0.191151
0.190263
0.190197
0.189605
0.191612
0.190066
0.192336
0.192928
0.193092
0.191053
0.192171
0.191415
0.191842
0.190855
0.192796
0.19227
0.190658
0.193816
0.19125
0.192928
0.192698
0.196053
0.194408
0.195001
0.192895
0.193849
0.193717
0.19
0.193849
0.192632
0.193257
0.190625
0.193191
0.193553
0.197435
0.192237
0.194441
0.194507
0.200264
0.196349
0.197205
0.19829
0.196316
0.197073
0.195593
0.197961
0.19227
0.198356
0.191809
0.197007
0.193454
0.195461
0.194704
0.19658
0.195066
0.196974
0.199508
0.197106
0.194145
0.195922
0.197172
0.196218
0.196678
0.196185
0.196942
0.195955
0.197139
0.199113
0.195724
0.194211
0.196876
0.198685
0.198883
0.195395
0.199113
0.195593
0.19454
0.197534
0.185756
0.194737
0.195264
0.197271
0.200067
0.194803
0.197632
0.19829
0.195395
0.199935
0.198027
0.197435
0.196053
0.196876
0.196382
0.197172
0.198751
0.19681
0.194737
0.197797
0.195626
0.017379
0.015866
0.02011
0.027972
0.034618
0.044619
0.050048
0.056035
0.060674
0.069228
0.073866
0.07913
0.082552
0.089362
0.091599
0.092849
0.098541
0.104199
0.10772
0.10795
0.116635
0.118149
0.121274
0.12861
0.131538
0.130913
0.132032
0.133545
0.138316
0.139664
0.137723
0.144961
0.146343
0.150324
0.151705
0.153844
0.153383
0.156344
0.158483
0.162661
0.157956
0.162233
0.165457
0.167333
0.161345
0.022939
0.029782
0.037283
0.04781
0.050212
0.058141
0.062483
0.067813
0.071432
0.079723
0.08117
0.089263
0.092751
0.017346
0.021722
0.030999
0.040112
0.040441
0.051166
0.059852
0.064885
0.067352
0.074097
0.078209
0.085315
0.090349
0.09252
0.097685
0.104989
0.106338
0.111273
0.116898
0.115714
0.118971
0.123643
0.127294
0.126307
0.091764
0.098278
0.102752
0.107522
0.112325
0.114628
0.120978
0.122721
0.125288
0.127492
0.128775
0.134466
0.134335
0.139895
0.14075
0.146211
0.146869
0.149106
0.150488
0.154502
0.155719
0.157594
0.156739
0.159897
0.161838
0.15641
0.161707
0.155785
0.156311
0.160226
0.000633
0.001752
0.003101
0.01603
0.023531
0.027808
0.004943
0.01024
0.013694
0.022906
0.023926
0.037743
0.037842
0.045606
0.050771
0.058042
0.060641
0.063832
0.076367
0.079953
0.082289
0.088013
0.085546
0.098804
0.103541
0.107818
0.113016
0.1168
0.117754
0.120945
0.125419
0.127031
0.131209
0.131835
0.134302
0.13644
0.139039
0.140454
0.146047
0.150126
0.15062
0.154469
0.153712
0.158088
0.158548
0.157627
0.160062
0.161641
0.161378
0.16526
0.164076
0.163418
0.167102
0.169438
0.168023
0.172728
0.176215
0.175755
0.178354
0.175097
0.178551
0.179571
0.177367
0.126143
0.129301
0.129564
0.133545
0.136144
0.136704
0.140651
0.144369
0.146475
0.148448
0.148514
0.154897
0.154568
0.157496
0.159601
0.157265
0.1597
0.159568
0.162727
0.160555
0.164898
0.164404
0.167102
0.164931
0.170754
0.171873
0.173353
0.170853
0.172958
0.173189
0.171017
0.174504
0.173649
0.177794
0.174373
0.176972
0.174439
0.179308
0.174636
0.175524
0.176084
0.177794
0.178946
0.180986
0.181084
0.180295
0.182927
0.182302
0.184078
0.180032
0.186151
0.180097
0.030966
0.04304
0.044159
0.052844
0.058141
0.066069
0.069491
0.075051
0.081894
0.084723
0.088605
0.094823
0.099067
0.104364
0.103245
0.110648
0.112918
0.115221
0.117852
0.122162
0.121406
0.125814
0.131308
0.133381
0.134565
0.137263
0.138645
0.139566
0.146442
0.146244
0.146705
0.149041
0.150126
0.151113
0.153877
0.157233
0.159404
0.157594
0.159963
0.16322
0.163845
0.164372
0.165852
0.166938
0.167661
0.171774
0.171182
0.174044
0.173254
0.174373
0.172958
0.177761
0.172925
0.174899
0.175064
0.176347
0.174307
0.180558
0.182992
0.180953
0.182565
0.182861
0.178123
0.182795
0.188125
0.183749
0.188059
0.186052
0.190395
0.18569
0.188388
0.185723
0.188552
0.18796
0.184736
0.188092
0.189112
0.189046
0.189441
0.194704
0.193652
0.195527
0.189408
0.194375
0.190954
0.191513
0.193092
0.192303
0.190987
0.190164
0.192829
0.190263
0.193948
0.193816
0.195889
0.195395
0.194935
0.192105
0.196185
0.194211
0.195395
0.193125
0.190329
0.193257
0.194639
0.192434
0.194079
0.197303
0.196316
0.195033
0.19431
0.196777
0.191908
0.197961
0.193027
0.197172
0.196843
0.196316
0.196382
0.192369
0.196152
0.194046
0.191842
0.192928
0.18875
0.192204
0.19704
0.192731
0.194474
0.19329
0.161575
0.162792
0.165128
0.162398
0.162496
0.163944
0.164733
0.166148
0.166675
0.168188
0.170655
0.170557
0.169701
0.171511
0.17184
0.172169
0.172136
0.175788
0.17763
0.177432
0.174768
0.17911
0.177465
0.17763
0.179242
0.179768
0.18092
0.179374
0.181907
0.183157
0.184604
0.183091
0.183815
0.180821
0.183585
0.183453
0.186842
0.186151
0.188322
0.188355
0.184473
0.185328
0.181907
0.183716
0.180821
0.185394
0.182433
0.186414
0.183025
0.186776
0.185591
0.184802
0.18648
0.184111
0.184341
0.183519
0.184012
0.184078
0.183683
0.18569
0.1824
0.184506
0.185624
0.183387
0.18365
0.181676
0.185197
0.183617
0.183848
0.183848
0.182598
0.181446
0.184111
0.18421
0.182992
0.185822
0.187105
0.182532
0.180229
0.180755
0.179275
0.182269
0.179834
0.182663
0.178551
0.17786
0.179406
0.141244
0.147396
0.148745
0.151541
0.149929
0.152627
0.152528
0.15539
0.151409
0.153679
0.150653
0.151311
0.145882
0.138184
0.139862
0.13394
0.134368
0.132624
0.127854
0.124136
0.121504
0.11907
0.120024
0.11022
0.111898
0.010964
0.00774
0.014319
0.011325
0.006522
0.018136
0.024386
0.030275
0.028729
0.033138
0.033861
0.040441
0.044586
0.047449
0.057285
0.059292
0.069688
0.070149
0.075051
0.013497
-0.000123
7.4e-05
4.1e-05
8e-06
8e-06
8e-06
4.1e-05
-5.8e-05
-5.8e-05
-0.000123
-0.000156
-9e-05
-5.8e-05
7.4e-05
-2.5e-05
7.4e-05
7.4e-05
4.1e-05
-2.5e-05
8e-06
-0.000222
-5.8e-05
-0.000156
8e-06
7.4e-05
0.000107
0.000107
8e-06
0.000107
0.000304
-0.000123
-0.000814
0.003792
0.007937
0.016984
0.023169
0.029881
0.036098
0.043007
0.0486
0.055048
0.062187
0.066859
0.072287
0.07515
0.081894
0.087388
0.0915
0.094231
0.099429
0.100548
0.106634
0.103147
0.109463
0.116273
0.118412
0.122327
0.12486
0.127755
0.129433
0.134236
0.135157
0.141375
0.139368
0.142987
0.143218
0.143941
0.145093
0.149205
0.149205
0.151015
0.154666
0.153581
0.159371
0.158548
0.159864
0.162102
0.164964
0.164076
0.167431
0.168056
0.167333
0.170622
0.171182
0.172103
0.172629
0.17309
0.173156
0.179045
0.173353
0.174669
0.174274
0.179242
0.177301
0.17888
0.181315
0.182532
0.183025
0.184275
0.187335
0.183058
0.18115
0.185065
0.182631
0.183946
0.18671
0.187697
0.19023
0.187401
0.189835
0.178288
0.185624
0.187993
0.189408
0.18796
0.18921
0.190592
0.185065
0.185986
0.189506
0.188092
0.187302
0.187269
0.185131
0.190164
0.187039
0.186874
0.186677
0.187072
0.189803
0.19102
0.190131
0.192073
0.190033
0.191086
0.189967
0.191579
0.189605
0.188651
0.188026
0.188848
0.192533
0.189276
0.192796
0.193257
0.192862
0.192237
0.195494
0.1925
0.19375
0.19227
0.191447
0.195132
0.193454
0.194606
0.196415
0.191349
0.191645
0.193454
0.19227
0.187335
0.184572
0.18671
0.184078
0.185526
0.185262
0.188026
0.186447
0.185427
0.188059
0.186085
0.187532
0.18671
0.188289
0.187598
0.188421
0.186842
0.191908
0.187203
0.190493
0.189375
0.190428
0.189868
0.189967
0.192961
0.191447
0.193388
0.190855
0.189408
0.189276
0.191842
0.189375
0.191809
0.184144
0.183979
0.182334
0.18296
0.186546
0.187269
0.186578
0.187138
0.188355
0.186315
0.18819
0.188223
0.188092
0.186217
0.189967
0.186513
0.190625
0.188717
0.190296
0.191612
0.189177
0.189671
0.19329
0.19204
0.195593
0.194935
0.193717
0.194836
0.194211
0.19477
0.193619
0.19477
0.191974
0.194902
0.192007
0.193586
0.200067
0.198488
0.196547
0.198356
0.197665
0.196613
0.198718
0.195955
0.199902
0.194704
0.196744
0.196185
0.198422
0.194178
0.196547
0.195527
0.198126
0.19579
0.197501
0.200034
0.197797
0.20135
0.197863
0.201975
0.198323
0.204146
0.20158
0.201876
0.203028
0.202502
0.201284
0.203225
0.200462
0.198883
0.200133
0.202238
0.194869
0.202765
0.200725
0.200396
0.202929
0.199837
0.2077
0.2026
0.202732
0.202403
0.20214
0.202436
0.200889
0.203061
0.201778
0.20158
0.200067
0.203456
0.199541
0.204015
0.205627
0.20339
0.198948
0.203159
0.201646
0.202304
0.200528
0.202962
0.200593
0.200528
0.203159
0.20339
0.204541
0.203883
0.206186
0.201251
0.203686
0.203028
0.206087
0.201317
0.203225
0.203719
0.202633
0.205068
0.206285
0.206022
0.201646
0.203225
0.201679
0.203159
0.203028
0.205133
0.205298
0.203258
0.205462
0.204541
0.204245
0.205199
0.202008
0.20441
0.204508
0.200034
0.196909
0.201317
0.201515
0.203192
0.203587
0.204114
0.203423
0.202995
0.203949
0.201811
0.203159
0.200231
0.20464
0.201383
0.205002
0.204475
0.202995
0.206416
0.203192
0.202271
0.203094
0.202567
0.200659
0.205923
0.202008
0.203456
0.203488
0.207897
0.200955
0.203094
0.203028
0.199277
0.202567
0.20237
0.202765
0.202534
0.20237
0.20339
0.20441
0.199738
0.204179
0.2026
0.20112
0.202929
0.202798
0.20362
0.203719
0.202929
0.203488
0.201383
0.204212
0.201416
0.205397
0.205791
0.204048
0.202732
0.202271
0.207634
0.204081
0.203225
0.203291
0.201087
0.203061
0.205166
0.202074
0.202436
0.201844
0.205068
0.206186
0.203324
0.209377
0.205923
0.203357
0.202074
0.206219
0.20385
0.202205
0.202238
0.206219
0.205364
0.207864
0.207305
0.20612
0.202304
0.202008
0.20214
0.200199
0.20135
0.203883
0.205331
0.197205
0.197994
0.195001
0.196514
0.192105
0.197468
0.198356
0.192336
0.184901
0.186151
0.17967
0.181051
0.181446
0.180426
0.179242
0.182598
0.185131
0.18648
0.187598
0.187598
0.188651
0.18569
0.190131
0.193421
0.18921
0.192763
0.192105
0.196843
0.195198
0.198619
0.197698
0.19931
0.197205
0.200955
0.198389
0.202337
0.20487
0.200396
0.199902
0.201383
0.203423
0.206384
0.207535
0.205923
0.208654
0.206055
0.207009
0.205627
0.211187
0.207305
0.207239
0.204443
0.207206
0.205627
0.206416
0.209937
0.208687
0.210463
0.213753
0.212141
0.21168
0.210299
0.210792
0.214312
0.216582
0.212404
0.213983
0.214345
0.211121
0.214181
0.212305
0.209509
0.213983
0.212832
0.213292
0.214872
0.214181
0.215497
0.216911
0.214411
0.216155
0.215135
0.216582
0.21372
0.214806
0.214937
0.216878
0.213786
0.215562
0.216451
0.215233
0.216747
0.222537
0.21395
0.215694
0.216714
0.215694
0.217273
0.214082
0.219346
0.214575
0.215398
0.214148
0.216286
0.213062
0.213095
0.211845
0.208687
0.200462
0.170524
0.156147
0.154305
0.158779
0.159009
0.161411
0.158516
0.162628
0.165062
0.166477
0.165589
0.164898
0.167004
0.17207
0.171741
0.17355
0.174801
0.175623
0.17559
0.178946
0.182927
0.181907
0.183321
0.18365
0.185427
0.185032
0.182894
0.187006
0.186809
0.18648
0.188947
0.186973
0.188322
0.189934
0.192007
0.19227
0.192369
0.194145
0.19454
0.196547
0.19329
0.19579
0.195001
0.193553
0.195001
0.195395
0.196119
0.193586
0.193652
0.190855
0.190954
0.193027
0.193553
0.196316
0.19602
0.195428
0.195231
0.196744
0.197929
0.197106
0.194277
0.192632
0.192829
0.192402
0.1925
0.192698
0.191349
0.191184
0.194474
0.195955
0.195724
0.19102
0.19431
0.195165
