Ladekurvenmessung

Zeit: 2018_05_04 09.53.30

Info: FVA3, v = 0.14, T = 23, F = 20, h = 43

Ladewiderstand[Ohm]: 1012700

Störkapazität[pF]: 0.000000

Entladezeit[ms]: 200

Abtastrate[Hz]: 250000

Anzahl der Messwerte: 2500.000000

Verzögerung[ms]: 3

Ladespannung[V]: 0.200000


Kurve 1

-0.005771
-0.000676
-0.003799
0.000803
-0.000512
-0.002813
-0.000183
-0.001005
-0.002977
0.00146
-0.002155
0.000967
-0.000512
-1.9e-05
-0.001827
-0.003799
-0.002155
-0.004128
-0.001662
-0.004785
-0.001334
-0.002977
-0.002155
-0.002155
-0.003799
-0.003635
0.002447
-0.004128
-0.000347
-0.000512
-0.004785
-0.002484
-0.002813
-0.00232
-0.004621
-0.004456
-0.00347
-0.001334
-0.00347
-0.003799
-0.005278
-0.004292
-0.003799
-0.003799
-0.002484
-0.003635
-0.001005
-0.002155
-0.002977
-0.003142
-0.001005
-0.001662
-0.003306
-0.004128
-0.00347
-0.005443
-0.004128
-0.006757
-0.001498
0.00031
-0.003306
-0.000512
-0.001827
0.001296
-0.002813
0.000967
0.00031
-0.002977
-0.001991
-0.003635
-0.003635
-0.002155
-0.004292
-0.003963
-0.003799
-0.007086
-0.003142
-0.004949
-0.001662
-0.003142
-0.000512
-0.003963
-0.004456
-0.001498
0.000474
-0.006593
-0.004785
-0.004292
-0.004785
-0.003306
-0.007908
-0.005278
-0.004292
-0.001827
-0.002813
-0.00232
-0.00347
-0.002648
-0.001662
-0.001169
0.000639
-0.003142
-0.002648
-0.001827
-0.00347
-0.004292
-0.003306
-0.005278
-0.002977
-0.002813
-0.002484
-0.002977
-0.008237
-0.001827
-0.00232
0.001132
-0.000841
-0.0061
-0.003142
-0.00232
-0.00347
-0.001991
-0.00347
-0.005114
-0.005771
-0.006593
-0.004128
-0.002484
-0.00347
-0.007086
-0.004785
-0.002484
-0.002977
-0.005278
-0.005114
-0.001991
-0.000841
-0.003306
-0.001827
-0.000841
-0.006429
-0.001169
-0.004128
-0.0061
-0.001991
-0.004949
-0.001498
-0.002977
-0.001498
-0.002484
-0.000183
-0.005936
-0.001334
-0.002813
-0.004456
-0.001662
-0.003635
-0.003799
-0.001498
-0.001662
-0.005607
0.000639
-0.004621
-0.004785
-0.00725
-0.0061
-0.004456
-0.004949
-0.002484
-0.002813
-0.001334
-0.002648
-0.000676
-0.003142
-0.001334
-0.005771
-0.001334
-0.003963
-0.003635
-0.002813
-0.003799
-0.003799
-0.006429
-0.002977
-0.005443
-0.0061
-0.005114
-0.00347
-0.001334
-0.001334
-0.003306
-0.003963
-0.004292
-0.002484
-0.003142
-0.00347
-0.004949
-0.004456
-0.000183
-0.004456
-0.004621
-0.005443
-0.004128
-0.003635
-0.001498
-0.002813
-0.001169
-0.00347
-0.002155
-0.000676
-0.004785
-0.002648
-0.002977
-0.004128
-0.005114
-0.004785
-0.006922
-0.001498
-0.004949
-0.005114
-0.004128
0.000474
-0.004949
-0.000183
-0.002155
-1.9e-05
0.001789
-0.00347
-0.002977
-0.003635
-0.006593
-0.005936
-0.002977
-0.007579
-0.003799
-0.006922
-0.00232
-0.003635
-0.001662
-0.002813
0.00146
-0.002155
-0.002484
0.000474
-0.005771
-0.001169
-0.003963
-0.001662
-0.004128
-0.002813
-0.005114
-0.005443
-0.008072
-0.001991
-0.003799
-0.003963
-0.001169
-0.001005
-0.003306
-0.001005
-0.001005
-0.001334
-0.001005
-0.001991
-0.0061
-0.001991
-0.003963
-0.005278
0.000146
-0.002977
-0.00347
-0.003142
-0.003306
-0.001827
0.000146
-1.9e-05
-0.002484
-0.004128
-0.004292
-0.000512
-0.004292
-0.000512
-0.00347
-0.005607
-0.004785
-0.005443
-0.004621
-0.003963
-0.002813
-0.002648
-0.000183
0.002447
-0.000347
-0.001334
-0.001498
-0.00347
-0.000841
-0.003306
-0.00232
-0.00232
-0.001827
-0.00232
-0.001662
-1.9e-05
-0.001827
-0.002484
-0.003142
-0.000347
-0.002648
-0.004949
-0.004292
-0.000183
-0.002155
-0.000676
-0.004128
-0.000512
-0.002155
0.00031
0.00031
0.00031
-0.000512
-0.000841
-0.000183
-0.001005
0.000146
-0.00232
-0.00347
-0.001498
-0.000841
-0.003799
-0.002813
-0.002648
-0.002155
-0.000347
-0.001827
-1.9e-05
-0.001827
-0.002813
-0.001169
-0.001991
-0.004785
-0.004128
-0.001991
-0.001991
-0.000841
-0.000841
-0.001991
-0.001662
-0.000841
-0.001991
-0.001005
-0.001991
-0.001005
-0.000676
0.000474
-0.001334
-1.9e-05
-0.003963
-0.001991
-0.003963
-0.007415
-0.001169
-0.002484
-0.001334
-0.001169
-0.00232
-0.000183
-1.9e-05
-0.002813
0.000967
-0.003963
-0.001169
-0.001662
-0.004785
-0.009058
-0.00232
-0.005771
-0.004292
-0.002155
-0.005114
-0.003142
-0.001005
-0.000676
-0.004292
-0.001827
-0.002813
0.000474
-0.001827
-0.000512
-0.001169
-0.003635
-0.005607
-0.003963
-0.005771
-0.003799
-0.00347
-0.003306
-0.000512
-0.001827
-0.000841
-0.001005
0.000146
-0.004621
0.003926
-0.001991
-0.005278
-0.003799
-0.003306
-0.005443
-0.003306
-0.007086
-0.003142
-0.003306
-0.004621
-0.001991
-0.005114
-0.002977
-0.002484
-0.000183
-0.004949
0.00031
-0.002813
-0.002813
-0.001005
0.002447
0.001954
-0.003142
-0.002155
-0.003306
-0.00232
-0.003635
-0.001005
-0.002484
-0.003799
-0.003963
-0.001005
-0.001827
-0.004785
-0.004292
-0.002648
-0.00347
-0.000841
-0.001991
-0.00347
-0.001169
-0.005114
-0.001498
-0.002484
-0.001991
-0.004456
-0.00232
-0.001991
-0.001991
-0.00347
-0.001334
-0.004949
-0.00347
-0.002484
-0.005771
-0.000676
-0.007415
-0.002813
-0.00347
-0.003142
-0.004949
-0.001169
-0.003963
-0.004292
-0.00232
-0.005114
-0.003306
-0.001662
-0.00232
-0.003306
0.00031
-0.002813
-0.001662
-0.002977
-0.002484
-0.001662
-0.001827
-0.005771
-0.003799
-0.003963
-0.004621
-0.010209
-0.003635
-1.9e-05
-0.002155
-0.001498
-0.001827
-0.001662
-0.005771
0.001625
-1.9e-05
-0.00232
-0.001334
-0.00347
-0.003142
-0.000676
-0.004292
-0.003306
-0.003799
-0.005771
-0.002484
-0.004949
-0.004621
-0.002977
0.000639
-0.000841
-0.001169
0.000146
-0.000512
-0.002484
-0.003306
-0.004621
-0.001334
-0.004292
-0.005114
-0.003635
-0.003963
-0.002155
-0.005278
-0.001662
-0.000347
-0.005607
-0.002155
-0.000676
-0.00347
-0.002977
-0.001827
-0.003963
-0.004949
-0.005771
-0.004949
0.00031
-0.00232
-0.006922
-0.000841
-0.003635
-0.003306
0.000474
-1.9e-05
-0.00725
-0.000347
-0.002648
-0.001662
-0.002977
-0.00232
-0.00347
-0.004292
-0.006429
-0.003963
-0.002648
-0.004456
-0.000347
-0.003306
0.001625
-0.007908
-0.002484
-0.003306
-0.000841
-0.002813
-0.001334
-0.000841
-0.0061
-0.002813
-0.001498
0.000803
-0.000347
0.000146
-0.004128
-0.001662
-0.002648
-0.004292
-0.001334
-0.001169
-0.002484
-0.000841
-0.001991
-0.004949
-0.002813
-0.004785
-0.004785
-0.004456
-0.00347
-0.00347
-0.001334
-0.003799
-0.002977
-0.000183
-0.004949
0.001296
-0.003635
-0.000841
-0.000512
0.002611
0.003926
0.003433
-0.00232
0.001132
0.002611
-0.000676
0.00146
0.00294
-0.002648
0.003104
0.000146
-0.003142
-0.000183
-0.001498
0.002118
-0.000347
-0.002155
-0.001005
0.002611
-0.000676
0.00409
0.000146
0.000474
-0.001991
-0.000676
-0.00347
-0.001498
-0.001991
0.002611
0.001132
-0.000347
0.001132
-0.001498
0.001132
-0.000183
0.001296
-0.000183
0.002282
-0.000841
0.001625
0.000474
-1.9e-05
-0.001334
-0.000841
-0.000183
-0.002484
-0.000183
-0.000512
0.002447
-0.002155
0.00294
0.008199
0.001954
0.000146
0.002775
-0.001005
0.000474
0.00031
-0.001005
-0.000841
-0.000841
-0.001005
-0.000512
-0.004621
0.000639
0.002447
-0.006429
0.001954
-0.001991
0.001132
0.00146
-0.005443
-0.002484
-0.000183
0.000803
-0.001005
0.000803
0.002611
-0.000512
-1.9e-05
-0.000512
0.000803
-0.000676
-0.001334
-0.001827
0.000803
-0.000347
-0.001005
0.001296
0.000967
-0.001498
0.000803
0.004748
-0.001169
-1.9e-05
0.000967
-0.001005
0.000474
-0.003306
-0.001498
-0.004456
-0.002813
-1.9e-05
0.010171
-0.00232
0.001296
0.000967
0.004748
0.000639
-0.001991
0.00031
-0.001005
0.000146
-0.002648
0.005898
-0.002977
-0.001005
-0.001334
-0.004128
-0.000841
-0.004128
0.002118
0.003761
0.000803
-0.001498
0.005569
-0.000347
0.001296
-0.001334
-0.000183
-0.000183
-0.000347
-0.002155
0.000146
-0.001334
-0.002813
-0.000841
0.000146
0.000146
0.000474
-1.9e-05
0.000474
0.000639
-0.000183
0.001789
-0.001169
0.000639
-0.003799
-0.001169
0.002282
0.000474
-0.002155
-0.002648
-0.001662
0.000967
0.003104
0.002775
0.002447
-0.007908
0.004419
0.002447
0.003268
0.003761
0.00672
0.002447
0.001296
0.002611
0.001789
0.001954
-0.003306
0.002447
0.001789
0.006391
-0.004128
0.004419
0.00146
0.004255
0.003268
0.003761
0.001954
-0.006593
0.001789
0.001625
0.005241
0.004583
0.00031
-1.9e-05
0.004419
0.001132
0.004255
-0.000183
-0.006922
0.000146
0.002611
0.002775
0.005241
0.003597
-1.9e-05
0.002118
0.002447
0.002118
0.001625
-0.001334
-0.000841
0.001954
0.000803
0.002447
0.00031
0.00031
0.002282
0.001954
0.001789
0.00294
-0.002813
-0.000512
0.005405
0.000639
0.00294
0.00146
0.002775
-0.000841
0.001132
-0.000183
0.001954
-0.001498
-0.001334
0.003926
0.003761
0.002611
0.002611
0.000967
0.001625
0.002447
0.000639
0.002611
-0.001334
-0.001498
0.002447
0.002282
0.000967
-0.000676
-0.001498
0.002282
-0.000183
0.000474
0.001625
0.000803
0.000146
0.002611
0.002775
0.001296
0.003926
-0.000841
0.004583
0.001132
0.00146
0.00031
0.000967
-0.002155
0.00031
0.000967
0.001296
0.001954
0.000474
0.00146
-1.9e-05
0.00146
0.001132
-0.001005
-0.001498
0.000967
0.002447
0.002282
-0.000183
-0.002813
0.001625
0.002282
-0.000347
0.00146
0.003926
-0.001005
0.003268
0.001789
0.00031
0.000146
0.005076
0.002447
0.001625
0.002118
0.000967
0.001132
-1.9e-05
0.006391
0.002611
0.002118
0.002611
0.003104
0.003104
0.003926
0.003104
0.002775
0.002118
-1.9e-05
0.000474
0.003268
0.00294
0.002118
0.004583
0.008035
0.007706
0.008035
0.009021
0.010336
0.017732
0.022827
0.02973
0.035975
0.042221
0.047152
0.057835
0.057671
0.058985
0.063094
0.068682
0.075585
0.078544
0.082653
0.084461
0.087584
0.090871
0.09613
0.095308
0.091692
0.066875
0.03729
0.016417
0.011158
0.003761
0.006556
0.010993
0.011651
0.017239
0.02332
0.026278
0.032688
0.034496
0.038605
0.045508
0.043865
0.052247
0.060465
0.058328
0.066053
0.06408
0.070162
0.030059
0.002282
0.000967
0.011322
0.017567
0.025457
0.033674
0.040249
0.000146
0.001789
-0.000512
-0.000183
0.003761
0.0105
0.021183
0.02595
0.032524
0.039098
0.041399
0.035811
0.043371
0.044522
0.051754
0.059643
0.05915
0.067532
0.071148
0.072627
0.076407
0.068518
0.05389
0.055863
0.03992
0.040413
0.035975
0.042385
0.000803
0.000474
0.00031
0.00146
0.000474
0.000639
-0.000676
-0.000512
-1.9e-05
-0.000841
0.001789
0.007706
0.021676
0.024799
0.028579
0.000474
0.00146
0.004583
0.013952
0.017239
0.02595
0.034168
0.037619
0.045344
0.048138
0.053726
0.061944
0.069011
0.074271
0.075914
0.078708
0.084954
0.090049
0.094651
0.09613
0.098267
0.10517
0.1101
0.115524
0.117003
0.120948
0.117825
0.122756
0.125386
0.128015
0.128015
0.132946
0.135083
0.13952
0.139849
0.141657
0.145602
0.146752
0.146588
0.149053
0.149053
0.149875
0.156613
0.153655
0.156449
0.15875
0.163516
0.162695
0.16516
0.16253
0.167132
0.165489
0.166968
0.169762
0.170584
0.170091
0.173871
0.177487
0.171899
0.173378
0.175843
0.179459
0.17798
0.176172
0.176665
0.177815
0.178802
0.179788
0.181431
0.177487
0.184061
0.18439
0.18817
0.185212
0.184061
0.183239
0.18554
0.182746
0.185869
0.186855
0.183239
0.185869
0.18439
0.187677
0.186198
0.187348
0.186526
0.188992
0.191128
0.187513
0.189978
0.190471
0.186691
0.191621
0.19195
0.188663
0.19195
0.193101
0.191786
0.192115
0.193758
0.18554
0.162695
0.149875
0.15119
0.153655
0.152505
0.154312
0.155627
0.158586
0.161873
0.165653
0.16894
0.164503
0.162695
0.165489
0.165817
0.166968
0.169433
0.170748
0.170419
0.176829
0.171241
0.172063
0.174035
0.170913
0.173049
0.178966
0.174857
0.176501
0.178966
0.179952
0.182089
0.181924
0.179788
0.181596
0.18439
0.178966
0.184061
0.181431
0.181596
0.184554
0.182582
0.186526
0.187184
0.184718
0.187513
0.188499
0.188334
0.1908
0.186855
0.184554
0.188006
0.188992
0.187348
0.189814
0.187841
0.189156
0.189156
0.188499
0.190964
0.191786
0.191786
0.187677
0.191128
0.190471
0.193594
0.190307
0.193429
0.191293
0.190142
0.191293
0.182417
0.187184
0.193101
0.188499
0.192772
0.194087
0.188663
0.1908
0.194416
0.192772
0.190964
0.19458
0.193265
0.194416
0.192936
0.192115
0.193429
0.19458
0.191621
0.193594
0.194744
0.193758
0.193101
0.192608
0.197045
0.195073
0.197703
0.195895
0.196223
0.194909
0.194909
0.194744
0.194909
0.19458
0.193594
0.19458
0.192936
0.195073
0.192443
0.195566
0.195402
0.196552
0.19458
0.196552
0.19458
0.196223
0.193758
0.192936
0.196881
0.195566
0.192279
0.195402
0.19721
0.194416
0.193594
0.189814
0.19458
0.193429
0.188334
0.194416
0.194744
0.193758
0.195237
0.196223
0.19573
0.192608
0.19195
0.194744
0.191457
0.193922
0.195073
0.193758
0.193101
0.194909
0.194416
0.195895
0.195566
0.194251
0.193922
0.192936
0.194251
0.195073
0.19458
0.193265
0.195237
0.191457
0.194087
0.193101
0.193594
0.18932
0.192608
0.193922
0.193922
0.19195
0.19195
0.193265
0.192279
0.19195
0.193101
0.192772
0.190471
0.194416
0.194251
0.194909
0.190142
0.191128
0.189978
0.19195
0.189814
0.190471
0.189814
0.187184
0.192443
0.104184
0.090049
0.082982
0.094651
0.09613
0.100732
0.103197
0.091035
0.04896
0.00409
0.011651
0.023484
0.022498
0.031538
0.040577
0.043536
0.052575
0.057671
0.065724
0.067532
0.074928
0.07838
0.085118
0.089556
0.092186
0.097609
0.101061
0.103526
0.106649
0.109279
0.110922
0.116017
0.116839
0.122592
0.121441
0.122263
0.124728
0.127522
0.132782
0.134754
0.132617
0.13574
0.135904
0.128837
0.13196
0.133768
0.137384
0.140178
0.140506
0.143958
0.149382
0.144615
0.148067
0.151025
0.147574
0.149875
0.154312
0.153984
0.156449
0.157928
0.154641
0.158586
0.15612
0.159408
0.158914
0.162366
0.088898
0.060629
0.013952
0.013623
0.012144
0.00409
-0.000676
0.002775
0.00294
0.003104
0.003433
-0.000183
-0.000676
0.001296
0.001132
0.00031
0.002118
-0.001334
0.000803
0.00031
0.001296
0.000967
0.001789
0.001132
-0.001662
0.000474
-0.000183
-0.000347
-0.000512
-0.000512
-1.9e-05
0.00031
0.000474
0.000803
0.000639
0.00146
-1.9e-05
-0.000347
-0.000183
-0.000512
-0.000347
0.000146
0.00031
0.00031
0.000474
0.000474
-1.9e-05
-0.000183
-0.000347
-0.000347
-0.000676
-0.000183
-1.9e-05
0.00031
0.000474
0.000474
0.00031
0.000146
-0.000183
-0.000347
-0.000512
-0.000183
-0.000512
-1.9e-05
0.000146
0.000474
0.00031
0.000474
0.00031
-0.000183
-0.000347
-0.000512
-0.000512
-0.000183
-1.9e-05
0.000146
0.000474
0.00031
0.000146
0.00031
-1.9e-05
-0.000183
-0.000512
-0.000512
-1.9e-05
0.000146
-1.9e-05
0.000474
0.00031
0.000474
0.000146
-0.000183
-0.000347
-0.000347
-0.000512
-0.000183
0.000146
0.000146
0.00031
0.000474
0.000474
0.00031
-0.000347
-0.000347
-0.000512
-0.000347
-0.000183
0.000146
-1.9e-05
0.000474
0.000146
0.000474
0.000639
-1.9e-05
-0.000183
-0.000347
-0.000347
-0.000347
0.000146
0.000146
0.00031
0.000474
0.00031
0.000474
-0.000183
-0.000183
-0.000347
-0.000183
-0.000183
0.000146
-1.9e-05
0.000474
0.00031
0.000639
0.00031
-0.000183
-0.000183
-0.000183
-0.000512
-0.000676
-1.9e-05
0.00031
0.000146
0.00031
0.00031
0.000146
-0.000183
-0.000183
-0.000183
-0.000347
-0.000512
-1.9e-05
0.000474
-1.9e-05
0.000474
0.00031
0.000146
-0.000183
-0.000676
-0.000183
-0.000512
-0.000347
-1.9e-05
0.000474
0.00031
0.000146
0.000474
0.000146
-1.9e-05
-0.000512
0.00031
-0.001005
-0.000512
0.000146
0.00031
0.000146
0.000474
0.000474
0.000146
-0.000183
-0.000347
-0.000183
-0.000512
-0.000347
-1.9e-05
0.000146
0.000474
0.00031
0.000474
0.000146
-1.9e-05
-0.000512
-0.000347
-0.000512
0.000146
-1.9e-05
0.000474
0.000146
0.00146
0.001132
0.000967
0.000146
0.001132
-0.000347
0.001625
0.001132
0.000474
0.001132
-1.9e-05
0.001132
0.000639
-0.000512
-0.001169
-0.002648
-0.001169
-0.001005
-0.001662
0.000803
0.000803
0.002118
0.001954
0.004748
0.001132
-0.000512
0.003597
-0.001662
0.003761
0.001132
-0.001334
0.003926
0.006391
-1.9e-05
0.004583
0.00031
0.003268
0.007213
0.012144
0.015595
0.023813
0.028744
0.02447
0.009021
0.00031
0.002611
0.000474
0.001625
-0.000841
-1.9e-05
-0.000512
0.002611
0.00031
0.001789
0.006391
0.013952
0.02332
0.028908
0.036304
0.045837
0.050603
0.052904
0.062766
0.063423
0.074106
0.077886
0.08216
0.085447
0.088241
0.091528
0.094322
0.061451
0.007542
0.01576
0.02069
0.018718
0.022991
0.028908
0.035482
0.046001
0.048302
0.053562
0.061779
0.057342
0.01691
0.017403
0.016581
0.012144
0.000803
0.001296
0.000639
-0.000183
0.000967
0.000803
0.002447
0.000803
0.000146
0.000146
0.000639
0.000146
0.001296
-1.9e-05
0.000639
-0.000841
-0.001991
0.002282
0.004255
0.006227
0.006391
0.008363
0.015102
0.020855
0.026771
0.035975
0.041399
0.047645
0.052575
0.059314
0.061944
0.063916
0.075585
0.077229
0.080352
0.087255
0.093993
0.09498
0.100732
0.105334
0.110922
0.110758
0.115031
0.115524
0.121277
0.123413
0.124071
0.128673
0.130316
0.136398
0.137712
0.138863
0.139849
0.145602
0.149217
0.146588
0.151025
0.152011
0.156285
0.157107
0.158586
0.159243
0.160229
0.159079
0.163845
0.163845
0.165817
0.166639
0.169105
0.169105
0.170584
0.17157
0.170748
0.172227
0.173214
0.17535
0.176336
0.176665
0.175186
0.178802
0.178637
0.179623
0.176994
0.180938
0.177322
0.178802
0.182417
0.184225
0.179788
0.183404
0.183568
0.186526
0.182911
0.185047
0.186855
0.186033
0.190307
0.185869
0.190635
0.187348
0.188992
0.189978
0.190307
0.189649
0.194087
0.190142
0.191457
0.191786
0.18817
0.192443
0.186855
0.189649
0.190307
0.193594
0.1908
0.192115
0.193265
0.194251
0.191457
0.191786
0.192115
0.180938
0.177487
0.175021
0.177158
0.174693
0.177322
0.175021
0.174035
0.172556
0.173049
0.176172
0.179623
0.180938
0.182417
0.181267
0.17913
0.178144
0.177651
0.180116
0.176008
0.180281
0.1742
0.176665
0.177158
0.176994
0.182582
0.180445
0.17913
0.183568
0.181596
0.183568
0.172227
0.005898
0.009843
0.015595
0.023484
0.029237
0.036304
0.042714
0.049781
0.05537
0.060465
0.065231
0.073284
0.078873
0.081174
0.08331
0.092514
0.097281
0.098595
0.10517
0.105992
0.109114
0.112894
0.116017
0.118154
0.123413
0.124235
0.126865
0.130809
0.131796
0.136069
0.135904
0.141164
0.143136
0.146916
0.146752
0.150532
0.149217
0.151518
0.154312
0.154477
0.154641
0.161873
0.157435
0.161873
0.165489
0.164831
0.167625
0.169926
0.167461
0.169433
0.170913
0.169269
0.176501
0.172885
0.176336
0.176172
0.17913
0.176008
0.177815
0.179623
0.179459
0.18061
0.182253
0.183075
0.182089
0.182582
0.183732
0.184883
0.183897
0.187677
0.183404
0.184718
0.186033
0.186526
0.186855
0.186033
0.187513
0.18932
0.189814
0.187019
0.190142
0.186198
0.186362
0.189156
0.1908
0.188663
0.187513
0.187513
0.191457
0.190142
0.188992
0.18932
0.191786
0.192279
0.192443
0.192115
0.191128
0.189156
0.189814
0.194744
0.191293
0.197045
0.193758
0.194744
0.192936
0.194909
0.195237
0.193101
0.193265
0.194087
0.193429
0.194744
0.194744
0.193265
0.175021
0.140671
0.14478
0.146752
0.14856
0.149217
0.152176
0.153819
0.15497
0.157928
0.157435
0.16138
0.160229
0.160887
0.161544
0.170748
0.167297
0.170419
0.166968
0.168283
0.171241
0.170748
0.174857
0.172392
0.174693
0.176008
0.181103
0.174528
0.179623
0.177815
0.181431
0.179623
0.182089
0.182089
0.187184
0.182911
0.184061
0.186855
0.179623
0.186855
0.186362
0.186362
0.186855
0.18817
0.186855
0.189978
0.18932
0.188499
0.192443
0.188992
0.187019
0.189485
0.189978
0.189485
0.189814
0.190635
0.192115
0.191128
0.192443
0.195237
0.192115
0.194087
0.194251
0.191293
0.192608
0.193429
0.192608
0.194909
0.197374
0.195073
0.190964
0.191128
0.189814
0.19195
0.188992
0.187841
0.000803
0.000146
0.00031
0.00672
0.011815
0.015924
0.028086
0.034825
0.040906
0.045672
0.055041
0.056356
0.064409
0.075257
0.076407
0.079366
0.0769
0.086433
0.0935
0.097445
0.101718
0.107635
0.106978
0.112401
0.11536
0.118647
0.12177
0.113881
0.123413
0.12933
0.129001
0.13574
0.135083
0.13837
0.141164
0.144615
0.147409
0.147409
0.140342
0.151025
0.153655
0.153819
0.160065
0.160065
0.160065
0.161051
0.164996
0.160887
0.165653
0.154806
0.163188
0.169269
0.169433
0.172556
0.170255
0.168283
0.170913
0.171734
0.168118
0.173542
0.162859
0.171899
0.17535
0.174364
0.171899
0.175186
0.17535
0.175679
0.179952
0.178802
0.181103
0.175186
0.179623
0.181924
0.184554
0.182582
0.185212
0.182089
0.186855
0.183075
0.184883
0.187184
0.183075
0.186033
0.184061
0.183404
0.187348
0.187513
0.185376
0.190635
0.189814
0.188827
0.188992
0.18932
0.187184
0.187184
0.188006
0.186691
0.187513
0.185212
0.188499
0.187348
0.190964
0.187184
0.191128
0.188499
0.192115
0.188499
0.189814
0.190471
0.192936
0.194087
0.192936
0.191457
0.18932
0.191128
0.192936
0.191128
0.192115
0.192608
0.191621
0.194744
0.196552
0.193101
0.193922
0.195237
0.19573
0.195073
0.194087
0.194909
0.196552
0.193758
0.192936
0.197703
0.19573
0.191457
0.192279
0.137384
0.059314
0.030716
0.030059
0.031702
0.040084
0.045672
0.052247
0.05652
0.063259
0.066875
0.071312
0.078215
0.081831
0.087584
0.091857
0.097116
0.09876
0.105334
0.107306
0.108457
0.111415
0.119304
0.118154
0.123085
0.126865
0.130152
0.132946
0.141
0.139849
0.138041
0.147409
0.143794
0.14856
0.148724
0.147903
0.151025
0.151354
0.138534
0.12818
0.129823
0.136398
0.134425
0.137219
0.141986
0.138534
0.145273
0.147245
0.150368
0.151354
0.152011
0.154477
0.157271
0.15612
0.1576
0.158586
0.159243
0.164174
0.161873
0.166311
0.164996
0.166146
0.168283
0.171406
0.170748
0.17272
0.174693
0.173871
0.174857
0.176008
0.174364
0.173871
0.177322
0.176665
0.180774
0.178309
0.181103
0.182582
0.178966
0.17272
0.159901
0.146095
0.140342
0.140506
0.142807
0.145108
0.145273
0.135576
0.130152
0.127029
0.123742
0.13196
0.132124
0.135576
0.137877
0.142643
0.143301
0.150368
0.14593
0.151354
0.151847
0.154641
0.155956
0.151683
0.144615
0.145273
0.14971
0.149875
0.149382
0.149875
0.151683
0.157764
0.155956
0.156778
0.160229
0.159243
0.163352
0.164503
0.164503
0.165982
0.163516
0.165489
0.168118
0.168447
0.168776
0.171406
0.170419
0.1742
0.170913
0.172063
0.155792
0.09876
0.072627
0.073284
0.080352
0.079366
0.088734
0.089885
0.0935
0.098595
0.098595
0.102376
0.107635
0.108128
0.11158
0.105992
0.08972
0.039591
0.024799
0.031373
0.029237
0.027593
0.031867
0.034332
0.039756
0.052411
0.050932
0.05652
0.0603
0.067039
0.06934
0.076079
0.082982
0.084954
0.091364
0.095637
0.101061
0.100075
0.105827
0.106649
0.104512
0.106156
0.109443
0.111087
0.112894
0.117661
0.119633
0.12177
0.120784
0.122756
0.118318
0.126043
0.125714
0.124893
0.126536
0.12818
0.128015
0.130481
0.126865
0.127029
0.130152
0.127029
0.118811
0.103197
0.088077
0.067368
0.058164
0.050274
0.046001
0.036633
0.032031
0.030716
0.031209
0.028251
0.028251
0.029894
0.025457
0.022169
0.020526
0.019704
0.01691
0.013623
0.006062
0.005241
0.002775
0.003104
0.003104
0.001625
-0.000512
0.002118
-0.001498
-0.000183
0.000474
0.000146
0.00031
0.000803
-0.002813
0.007542
0.012472
0.021019
0.027758
0.03614
0.044029
0.044358
0.052082
0.058328
0.064574
0.068847
0.073778
0.082817
0.083146
0.08857
0.090871
0.100403
0.10139
0.105827
0.110593
0.109279
0.11158
0.122098
0.119797
0.124564
0.126536
0.128344
0.137219
0.137219
0.137712
0.137055
0.144122
0.145273
0.14593
0.147574
0.152998
0.146095
0.158257
0.15612
0.157435
0.158421
0.158586
0.162202
0.164831
0.166311
0.164831
0.166968
0.167625
0.171734
0.172392
0.173378
0.17272
0.173049
0.177487
0.178144
0.17535
0.174364
0.178473
0.175021
0.179459
0.181924
0.181267
0.181103
0.182089
0.18176
0.184554
0.180774
0.187019
0.182417
0.184883
0.188006
0.187677
0.184883
0.187184
0.185869
0.187841
0.186526
0.189649
0.190307
0.188006
0.1908
0.188663
0.192443
0.18932
0.188663
0.188334
0.190471
0.189814
0.188663
0.193594
0.188006
0.192115
0.194416
0.195237
0.195566
0.192279
0.192772
0.192608
0.194744
0.19573
0.192443
0.19458
0.194416
0.19458
0.193758
0.190142
0.192936
0.192443
0.192443
0.196717
0.195237
0.193429
0.19573
0.193429
0.192443
0.192936
0.190964
0.192608
0.192608
0.192279
0.169269
0.045344
0.011322
0.018389
0.025457
0.03236
0.039427
0.044522
0.046659
0.055698
0.060958
0.066875
0.068518
0.076572
0.08216
0.085611
0.088898
0.095144
0.098267
0.100403
0.106978
0.109114
0.11799
0.116839
0.12555
0.124399
0.124071
0.123906
0.120126
0.119633
0.126372
0.12933
0.128673

Kurve 2

0.000639
-0.000347
0.00294
0.000474
0.000639
0.000639
0.002282
-0.000512
-0.000841
-0.001827
-0.001169
-0.001005
0.002611
-1.9e-05
-0.001827
0.000474
0.000639
0.003761
0.001954
-0.007908
-0.002813
-0.000183
-0.002484
-0.000676
-0.004785
-0.000676
0.000474
-0.001169
-0.000841
-0.000841
-0.008237
-0.004128
-1.9e-05
-0.001334
-0.000183
-0.001498
-0.002155
0.001625
-0.001005
-0.001991
-0.001169
-0.00988
-0.002813
-0.001498
-0.001991
-0.000841
-0.001827
-0.000676
-0.000841
0.000146
-0.000347
-1.9e-05
-0.010538
-0.002977
-0.002484
0.000803
-0.002977
0.001789
-0.003963
0.000967
0.001625
-0.000676
0.001789
-0.008401
-0.002813
-0.001498
0.00031
0.000474
0.00146
-0.000512
0.001132
-0.003306
-1.9e-05
-0.001169
-0.005771
-0.003799
-0.000676
0.00031
-0.002977
-0.000512
-0.001498
-0.001334
0.000639
-0.001334
-0.003963
-0.004456
-0.008237
-0.003142
-0.002813
-0.005443
-0.005114
-0.003799
0.00031
-0.003306
-0.004292
0.000967
-0.001827
-0.005114
0.000474
-0.002484
-0.001169
-0.00347
-0.002813
-0.002155
-0.001991
-0.001169
-0.001827
-0.001498
-0.00232
-0.000676
0.00146
0.00031
-0.002648
0.002118
-0.001169
-0.000841
-0.00232
-0.005114
-0.005114
-0.007086
-0.002813
-0.002813
-0.00232
-0.002813
-0.001169
-0.001169
-0.000183
-1.9e-05
0.000803
-0.002977
0.003104
-0.00347
0.000474
-0.004128
-0.003306
-0.002813
0.000474
0.000803
-0.001005
-0.001334
0.000803
-0.001991
-0.001169
-0.000512
-0.003963
-0.001991
-0.000512
0.001954
-0.001005
-0.000183
-0.001662
-0.001827
-0.001991
-0.00232
-0.002484
-0.001662
-0.001662
-0.002813
0.001296
-0.00232
0.000146
-0.001334
-0.000512
-0.002813
-0.001827
-0.000183
-0.000183
-0.000347
0.00146
0.003926
-0.002484
-0.00347
-0.000183
-0.001334
-0.004785
-0.001005
-0.00347
-0.001498
-0.002813
0.000639
-0.001498
-0.000841
-0.001498
-0.001498
-0.000676
-0.004128
0.001954
-0.004292
-0.000841
-0.002648
-0.005443
-0.005114
-0.001169
-0.003799
-0.000512
-0.000841
-0.000676
-0.003963
0.000803
0.000474
-0.006264
0.000146
0.001132
-0.00232
0.00146
-0.000347
-0.000841
-0.000676
-0.00347
-0.000841
-0.002155
-0.001334
-0.001498
-0.000841
-0.001005
-0.003306
-0.000841
-0.000676
-0.000841
-0.000183
0.006556
-0.003306
0.000803
0.000146
-0.000841
-0.000183
-0.001005
-0.003635
-0.003142
-0.002484
-0.002484
-0.001498
-0.001169
-0.000841
-0.001169
0.000474
-0.004949
-0.000183
-0.002648
-0.001498
-0.001662
0.000639
-0.0061
-0.001005
-0.002813
-0.002977
-0.002813
-0.002648
0.00146
-0.002155
-0.000512
-0.001827
0.000474
-0.000183
-0.000676
-0.001662
0.002775
-0.000676
-0.000676
-0.002484
-0.000676
-0.003306
-0.003635
-0.001662
-0.000841
-0.001498
-0.004128
-0.00232
0.000146
-0.001827
-0.004785
-1.9e-05
-0.001169
0.000967
-0.000676
-0.001498
-0.001991
-0.002648
-0.002155
-0.001169
-0.000841
-0.001662
-0.001334
-0.001991
-0.001334
0.00031
0.00031
0.001789
0.00031
-0.001827
0.003104
0.001954
-0.005114
-0.003635
-0.0061
-0.001991
-0.001662
-0.002648
-0.002977
-0.001498
-0.002648
0.00031
-0.001827
-0.001005
-0.000512
0.00031
0.000146
-0.001169
-0.000347
-0.006429
0.001296
0.002118
-0.002977
-1.9e-05
0.00031
-0.001827
0.002282
-0.002484
-0.000841
-0.001498
-0.004128
0.000474
-0.001334
0.000146
-0.002648
0.000639
-0.002813
-0.001169
-0.001498
-0.000676
-0.001169
-0.001662
-0.005114
0.000803
-0.001005
0.000146
0.00409
-0.000676
-0.000183
0.001789
-0.004456
-0.004949
-0.001662
-0.004456
-0.002813
-0.000512
0.00146
0.00031
-0.000676
0.001625
0.000146
-0.003635
-0.001498
-0.000512
-0.001169
0.002775
-0.000512
-0.001498
-0.000841
-0.000676
-0.00232
0.001625
-0.000347
-0.001169
-0.006429
-0.000512
0.000146
-1.9e-05
-0.001005
0.002118
-1.9e-05
-0.007415
0.003268
-0.004621
-0.002648
-0.002484
-0.000841
-0.000183
-0.000183
0.000474
0.001954
-0.000183
-0.001169
0.001132
-0.002813
0.001954
0.000146
-0.002484
-0.002977
-0.001169
-0.003963
-0.001991
-0.000183
-0.001662
0.001625
0.002282
-0.001827
0.00146
0.002447
0.000146
0.000967
-0.000347
0.00031
0.00146
-0.003306
-0.000841
-0.001827
-0.002484
-0.001334
-0.000347
0.001789
0.000967
0.001954
0.00146
-0.000347
0.00031
0.001132
-0.000512
-0.001662
0.002118
-0.000512
-0.000676
-0.001498
-1.9e-05
-0.003963
-0.001662
-0.00232
0.000803
-0.003799
0.00031
0.001296
-0.001334
0.003104
-0.000841
-1.9e-05
0.002775
-0.002813
-0.003635
-0.001498
-0.006757
-0.001827
-0.004949
-0.001334
-0.003799
0.000803
0.002611
-0.000183
0.000474
-0.000512
0.002447
0.000967
-0.001169
-0.00232
-0.000841
0.00031
0.000474
-0.002484
0.00031
-0.004621
-0.001498
0.002282
-0.00232
0.000639
0.002775
0.000639
0.001954
0.002447
-0.000676
0.001132
0.000146
0.001296
0.00031
-0.001662
-0.002648
-0.003635
-0.001005
-0.001498
-0.000183
-0.000841
-1.9e-05
-0.000676
0.000639
0.000474
-1.9e-05
-0.001498
-0.000183
-0.005443
0.000474
-0.001005
-0.002648
-0.000841
-1.9e-05
-0.004621
-0.003799
-0.004128
-0.006429
-0.001498
-0.004785
0.001954
-0.003799
0.000803
-0.001005
-1.9e-05
0.000474
0.000803
0.00146
-0.00232
-0.000183
-0.002484
-0.000347
-0.000676
-0.001334
-0.00232
0.000967
-0.002155
0.001625
-0.001498
-0.001334
0.000639
-0.001334
0.001789
0.002282
0.001132
-0.000841
-0.000183
-0.001662
0.000474
-0.002484
-0.001005
-0.001991
0.000146
-0.001169
-0.001169
-0.001498
0.004419
-0.000183
-0.00347
-0.001662
-0.000347
-0.001662
-0.004128
-0.00232
-0.000183
-0.003963
-0.005278
0.001296
-0.001005
-0.000512
0.000474
-0.003799
-0.001991
0.000146
-0.002155
0.00146
0.000803
0.000146
0.000803
-0.000512
0.001625
-1.9e-05
-0.000841
-0.004128
-0.001827
-0.001169
-0.000512
-0.00347
-0.00232
-0.001169
-0.002155
0.000146
0.003433
0.001132
-0.001169
-0.001498
-0.002155
0.000803
-0.00232
0.000146
0.00031
-0.001169
-0.002813
-0.000676
0.00031
-0.002648
-0.001334
-0.003963
-0.00232
-0.003799
-0.002484
-0.00347
0.000474
-0.002484
-0.001005
-0.001334
0.001954
0.00409
0.000146
-0.001991
-0.004456
-1.9e-05
-0.001334
-0.000841
-1.9e-05
0.001296
-0.001169
-0.002155
0.002775
-0.000183
-0.000841
0.001789
0.002282
0.00146
-0.001498
-0.000676
-0.001827
-0.002648
-0.001827
-0.002484
-0.001005
-1.9e-05
0.000967
-0.001169
-0.000676
-0.000347
-0.000841
-0.001827
0.000474
-0.000676
0.00146
0.001296
0.00031
0.001132
-1.9e-05
0.001625
0.000967
0.002775
-0.004621
-0.001169
-0.000347
-0.004128
-0.001991
-0.001827
-0.001991
-1.9e-05
0.002447
-0.000841
-0.002648
-0.002813
-0.000841
-0.002813
0.000803
0.000474
0.000146
-0.001662
0.000803
-1.9e-05
-0.000841
0.001954
-0.000841
0.001296
0.000474
0.000474
0.001132
-0.000347
-0.001991
0.001789
-0.001662
-1.9e-05
-0.000676
0.00146
-0.001005
-0.001662
-0.00347
-0.002155
-0.001662
-0.002155
0.00031
-0.001498
-0.000676
-0.001334
0.001954
-0.00232
-0.001169
-0.000347
0.000146
0.00294
-0.001169
-0.002813
0.000803
-0.004292
-0.001827
-0.000512
-0.005607
-0.004128
-0.001827
-0.002813
-0.004292
-0.000676
-0.000676
0.00146
-1.9e-05
0.001789
0.001954
-0.000512
-0.001498
-0.000512
-0.003142
-0.00232
-0.003799
-0.004292
-0.000512
-0.002977
-0.00232
0.000639
-0.003306
-0.000676
-0.000183
-0.00347
0.001132
-0.00232
-1.9e-05
-0.001662
-0.002155
-0.002813
-0.003963
-0.002648
-0.003635
-0.002155
-0.003963
-0.001498
-0.00232
-0.000841
0.000474
0.001296
-0.000841
0.001625
0.000803
-0.001005
-0.001169
-0.001005
-0.003142
-0.003635
-0.001334
-0.004456
-0.002813
-0.002648
-0.002977
-0.003963
0.000639
-0.001991
0.002447
0.004255
0.011979
0.021676
0.024142
0.033346
0.036469
0.042221
0.045508
0.026114
0.032031
0.036633
0.039427
0.048467
0.055041
0.020033
0.022991
0.022334
0.028579
0.031867
0.04255
0.046494
0.045344
0.058328
0.061451
0.061122
0.058328
0.060465
0.068189
0.068682
0.074928
0.079201
0.078873
0.085611
0.088898
0.093007
0.101554
0.100075
0.100896
0.105663
0.095801
0.099582
0.10254
0.106649
0.110265
0.114374
0.116017
0.122592
0.126536
0.072298
0.051589
0.048467
0.044851
0.052082
0.057671
0.060793
0.071477
0.071312
0.079366
0.081995
0.08709
0.089885
0.09613
0.098431
0.102376
0.10632
0.108786
0.115524
0.115853
0.118154
0.120948
0.1267
0.127194
0.132453
0.130645
0.13837
0.137219
0.13574
0.143794
0.140178
0.147574
0.146259
0.15119
0.151354
0.154641
0.154641
0.156449
0.154477
0.15497
0.15612
0.159079
0.1576
0.160722
0.163023
0.16516
0.165489
0.163352
0.168118
0.168776
0.167132
0.161709
0.157271
0.154641
0.156778
0.159572
0.163023
0.163188
0.164174
0.164667
0.165982
0.164667
0.166311
0.166804
0.168283
0.169433
0.169926
0.171406
0.169433
0.171899
0.171241
0.176172
0.174857
0.175021
0.175843
0.176994
0.17913
0.169762
0.162366
0.148724
0.149875
0.096788
0.100732
0.093665
0.093007
0.094322
0.096623
0.088405
0.007542
0.01576
0.018225
0.028415
0.037126
0.042714
0.048631
0.055041
0.059972
0.067861
0.071148
0.07953
0.079201
0.079859
0.087748
0.093665
0.094815
0.100896
0.105334
0.110922
0.116182
0.117003
0.121112
0.123085
0.12818
0.127851
0.132946
0.132782
0.137219
0.131631
0.11651
0.115853
0.120784
0.120126
0.124071
0.128837
0.129823
0.134425
0.135083
0.138699
0.140506
0.143301
0.14478
0.149875
0.149217
0.151847
0.15497
0.153162
0.156449
0.154806
0.154641
0.151518
0.152505
0.154806
0.158093
0.158421
0.160394
0.157764
0.16516
0.16516
0.167625
0.168118
0.16779
0.168447
0.172227
0.173542
0.174035
0.171241
0.173542
0.174693
0.175186
0.178309
0.178309
0.180281
0.178802
0.183239
0.182911
0.183404
0.182089
0.184883
0.184883
0.182911
0.182417
0.184883
0.184718
0.186526
0.187677
0.185705
0.188334
0.18554
0.189485
0.187841
0.186855
0.187019
0.184225
0.162859
0.153491
0.123578
0.019868
0.008857
0.00935
0.013623
0.010007
0.006391
0.006062
0.0105
0.00294
0.001789
0.004419
0.006556
0.004255
0.005405
0.009021
0.010829
0.014938
0.010336
0.017239
0.013459
0.015595
0.016581
0.01954
0.022827
0.031373
0.03614
0.041892
0.046166
0.056191
0.060793
0.066053
0.069176
0.016581
0.003268
0.001954
0.005241
0.005405
0.013623
0.020855
0.028415
0.034661
0.041399
0.046166
0.052082
0.057999
0.063752
0.061779
0.047973
0.041235
0.028086
0.015431
0.010336
0.01691
0.022005
0.028579
0.036469
0.042221
0.045672
0.054219
0.055863
0.064245
0.072298
0.07049
0.080681
0.083968
0.08972
0.095473
0.102211
0.106485
0.107964
0.108457
0.112566
0.115195
0.117168
0.118811
0.121934
0.121441
0.1267
0.128673
0.132289
0.138205
0.136233
0.141986
0.143794
0.146588
0.145437
0.150368
0.150861
0.153984
0.156285
0.156613
0.159572
0.156285
0.159408
0.159901
0.164174
0.16253
0.166639
0.163845
0.16779
0.167625
0.170091
0.173707
0.17272
0.171077
0.1742
0.175186
0.173542
0.177487
0.177651
0.18061
0.180116
0.181103
0.181924
0.180281
0.179952
0.184554
0.181431
0.184061
0.183404
0.18554
0.188334
0.18554
0.183404
0.182253
0.182582
0.182417
0.185869
0.184718
0.179952
0.18176
0.180281
0.181431
0.182746
0.182746
0.18439
0.183568
0.183404
0.18554
0.184225
0.184554
0.185047
0.187348
0.136398
0.071312
0.071641
0.075092
0.074271
0.080845
0.083639
0.089556
0.094815
0.097116
0.104677
0.10895
0.105992
0.112401
0.119304
0.115524
0.118483
0.12292
0.128673
0.131796
0.135576
0.136562
0.13952
0.141164
0.142643
0.146095
0.146423
0.152011
0.146588
0.154312
0.153819
0.156613
0.159079
0.161215
0.161544
0.164996
0.167625
0.165982
0.167461
0.170748
0.169762
0.169433
0.172556
0.170913
0.172885
0.172885
0.176008
0.172227
0.176172
0.176008
0.177651
0.179295
0.180938
0.18061
0.183732
0.180774
0.180281
0.184225
0.185705
0.182582
0.179295
0.182582
0.182582
0.181267
0.180445
0.191457
0.18817
0.188499
0.190471
0.191457
0.189649
0.188499
0.191128
0.188663
0.189485
0.123578
0.065724
0.021676
0.008528
0.012965
0.024964
0.02595
0.037126
0.042057
0.045837
0.054548
0.059314
0.066381
0.069669
0.073449
0.070326
0.07838
0.078215
0.084954
0.085283
0.092514
0.095308
0.099089
0.105005
0.107799
0.112894
0.116839
0.124235
0.122098
0.128015
0.12555
0.133275
0.130481
0.121441
0.117332
0.114702
0.115524
0.117825
0.12555
0.120455
0.127851
0.129988
0.135083
0.136891
0.139849
0.142807
0.145273
0.146259
0.147738
0.15234
0.15234
0.150039
0.153984
0.153984
0.147903
0.128837
0.1267
0.129166
0.132289
0.13952
0.141493
0.133932
0.137384
0.0105
0.000967
0.003104
0.004912
0.004748
0.00294
0.00935
0.016746
0.000474
0.003268
0.00787
0.016088
0.023649
0.032031
0.035975
0.04633
0.049781
0.057835
0.060465
0.068189
0.072134
0.075914
0.080187
0.084132
0.082817
0.086433
0.094651
0.093829
0.098431
0.103691
0.105005
0.109607
0.114702
0.11914
0.121441
0.123413
0.126536
0.131631
0.133932
0.136233
0.138041
0.132453
0.139356
0.144122
0.147409
0.130645
0.061615
0.002282
0.011158
0.018554
0.019868
0.031045
0.027265
0.042714
0.04633
0.054548
0.059643
0.063094
0.07049
0.075421
0.082324
0.084625
0.090871
0.084461
0.096294
0.102704
0.104019
0.107964
0.111744
0.114867
0.120455
0.12177
0.124399
0.127687
0.118154
0.128344
0.128344
0.136726
0.134918
0.137548
0.136562
0.146095
0.144615
0.142807
0.097938
0.007542
0.013294
0.022663
0.028908
0.03729
0.04255
0.046166
0.059643
0.0603
0.067861
0.070819
0.070983
0.076736
0.083639
0.085118
0.089227
0.095801
0.09876
0.038769
0.005898
0.006391
0.00935
0.016417
0.020855
0.03088
0.026936
0.01313
0.018225
0.014445
0.013623
0.002447
-0.000512
-0.000512
-0.001827
0.000474
0.00031
0.002282
0.000803
0.005734
0.013952
0.020033
0.028086
0.034661
0.043371
0.047152
0.048631
0.047809
0.000474
-0.000183
0.000639
0.001296
0.000474
-0.000347
0.000474
0.002611
-0.000841
0.002447
0.009514
0.016581
0.021348
0.027593
0.034496
0.03992
0.046659
0.050603
0.059643
0.064902
0.063916
0.069833
0.072956
0.07575
0.082488
0.08709
0.094158
0.095801
0.103526
0.103197
0.107635
0.10254
0.100896
0.100075
0.101883
0.107635
0.109772
0.114374
0.117003
0.120784
0.11914
0.121605
0.126372
0.131138
0.132124
0.136398
0.140178
0.143958
0.146588
0.145602
0.150532
0.146916
0.150039
0.151025
0.153819
0.154148
0.156942
0.156778
0.158093
0.162695
0.162859
0.163845
0.163023
0.167625
0.167297
0.169433
0.16894
0.170091
0.169598
0.17157
0.17157
0.173871
0.17157
0.174528
0.174364
0.173871
0.176665
0.179788
0.176501
0.177158
0.18061
0.180281
0.181267
0.18061
0.18176
0.182253
0.181924
0.181924
0.181267
0.178473
0.182089
0.180445
0.181924
0.180445
0.178802
0.181924
0.178802
0.175679
0.179952
0.185212
0.183075
0.187184
0.184225
0.185212
0.183404
0.183897
0.183404
0.181596
0.183732
0.183404
0.185047
0.181596
0.189485
0.187677
0.189978
0.189156
0.189978
0.187677
0.187513
0.187348
0.188499
0.192279
0.187841
0.190142
0.189485
0.187677
0.188992
0.191786
0.189814
0.189978
0.187513
0.189978
0.189485
0.192608
0.191786
0.192608
0.193594
0.193429
0.193429
0.195566
0.19573
0.18932
0.1908
0.192772
0.191457
0.187513
0.190142
0.191457
0.192443
0.193594
0.194744
0.195237
0.196881
0.194251
0.194087
0.196059
0.192936
0.19458
0.193758
0.193758
0.189485
0.190964
0.187677
0.190142
0.184225
0.188006
0.186855
0.187513
0.187677
0.189814
0.188663
0.187677
0.184718
0.184883
0.187184
0.181431
0.185376
0.183075
0.188006
0.185212
0.184061
0.183897
0.185376
0.181596
0.181103
0.182582
0.180116
0.153655
0.153491
0.151025
0.152011
0.157764
0.157271
0.159243
0.160887
0.162037
0.167132
0.163023
0.164174
0.166475
0.168776
0.169762
0.173871
0.173378
0.17535
0.174364
0.174693
0.176501
0.179295
0.176336
0.17913
0.181267
0.182253
0.180116
0.181924
0.18061
0.180938
0.183404
0.183404
0.185212
0.18176
0.184061
0.182089
0.18554
0.183404
0.185869
0.184718
0.187348
0.18554
0.188499
0.187841
0.186526
0.185705
0.186526
0.188334
0.186691
0.184883
0.184225
0.186362
0.18061
0.180281
0.178637
0.174857
0.17272
0.166311
0.163845
0.166146
0.165489
0.163023
0.164338
0.164996
0.165982
0.167297
0.169926
0.167625
0.170091
0.171406
0.172885
0.173049
0.173707
0.174364
0.175186
0.180281
0.174528
0.175679
0.177651
0.177487
0.179623
0.181924
0.178637
0.181924
0.177487
0.178473
0.184061
0.181596
0.182746
0.183897
0.18439
0.186691
0.187841
0.187019
0.189485
0.186033
0.185869
0.188992
0.188499
0.185705
0.188334
0.190142
0.188334
0.187513
0.185376
0.184883
0.186198
0.186855
0.186691
0.189649
0.183239
0.181924
0.179623
0.182417
0.146916
0.071641
0.070819
0.077558
0.082488
0.088241
0.094322
0.093993
0.100732
0.105005
0.110429
0.114867
0.115853
0.118154
0.121605
0.124564
0.130645
0.12818
0.132453
0.133768
0.135904
0.141493
0.14478
0.145108
0.146095
0.150861
0.149875
0.153984
0.153326
0.156613
0.155792
0.161709
0.161215
0.161873
0.164338
0.160887
0.163023
0.165324
0.167297
0.16779
0.169762
0.168283
0.170255
0.168612
0.168776
0.175021
0.171899
0.170091
0.172885
0.1742
0.175021
0.175021
0.177815
0.176994
0.179952
0.177651
0.178309
0.181924
0.177815
0.183404
0.181431
0.179952
0.174528
0.179623
0.18061
0.179623
0.174693
0.174364
0.175186
0.173214
0.177651
0.177815
0.162859
0.14856
0.150861
0.151683
0.155792
0.154477
0.15612
0.153162
0.148067
0.147903
0.15234
0.153819
0.15497
0.154477
0.154641
0.159901
0.15612
0.160887
0.161215
0.163845
0.163023
0.167461
0.166639
0.169433
0.168612
0.168776
0.171899
0.170913
0.178637
0.176172
0.177487
0.177158
0.18176
0.177487
0.174857
0.180445
0.181431
0.180445
0.182582
0.184061
0.186033
0.169433
0.15497
0.150861
0.150368
0.150697
0.151847
0.153326
0.155956
0.1576
0.158257
0.161215
0.158257
0.16253
0.16253
0.164667
0.164338
0.166146
0.167297
0.167625
0.171406
0.170255
0.173707
0.171899
0.175021
0.176336
0.176336
0.175515
0.177815
0.178144
0.178309
0.178473
0.181103
0.178144
0.179952
0.181431
0.183732
0.184554
0.183568
0.18554
0.186033
0.187184
0.18932
0.187677
0.186855
0.190307
0.188334
0.189485
0.186691
0.188992
0.190142
0.189649
0.189978
0.189814
0.190964
0.18932
0.194087
0.189649
0.193429
0.190635
0.192115
0.187677
0.188663
0.19195
0.190142
0.190142
0.190964
0.191621
0.189485
0.192443
0.189814
0.193265
0.193265
0.192936
0.193101
0.194087
0.193594
0.196552
0.192443
0.192936
0.194087
0.190142
0.192443
0.191786
0.19458
0.196881
0.193594
0.194087
0.196881
0.194416
0.195073
0.195073
0.194909
0.196552
0.196388
0.197045
0.196223
0.19458
0.193101
0.195895
0.185376
0.192115
0.19195
0.191293
0.19195
0.193101
0.190964
0.192608
0.194251
0.196388
0.193429
0.192936
0.193429
0.195402
0.193594
0.194909
0.194416
0.193758
0.194251
0.193101
0.195073
0.194087
0.196717
0.195895
0.196717
0.192772
0.194087
0.195566
0.192772
0.192443
0.192936
0.194744
0.192608
0.197045
0.196552
0.197867
0.195237
0.195566
0.195073
0.197374
0.195895
0.194416
0.19721
0.195402
0.197538
0.196552
0.19836
0.19458
0.196881
0.196717
0.198853
0.194251
0.195237
0.196881
0.198196
0.197867
0.196552
0.19836
0.196059
0.196059
0.194909
0.196717
0.194087
0.196552
0.200332
0.198689
0.195895
0.200004
0.195895
0.194909
0.197045
0.197703
0.197867
0.19721
0.195402
0.196388
0.198524
0.195566
0.198689
0.193594
0.194909
0.195073
0.194909
0.193758
0.196717
0.196223
0.19836
0.19836
0.197374
0.199182
0.197045
0.19836
0.196388
0.196717
0.194744
0.198524
0.19458
0.197374
0.197045
0.197867
0.200661
0.202305
0.200825
0.19836
0.200497
0.197538
0.200004
0.197867
0.199511
0.199675
0.200661
0.195073
0.197703
0.198689
0.198031
0.198689
0.196552
0.200332
0.196881
0.196223
0.196223
0.199346
0.193429
0.202305
0.196717
0.194744
0.199675
0.194909
0.19458
0.195566
0.195402
0.196388
0.199511
0.193758
0.20099
0.200497
0.198689
0.200332
0.200497
0.198031
0.198031
0.197703
0.198689
0.19836
0.200168
0.196881
0.196552
0.197374
0.197538
0.199511
0.196223
0.193758
0.19836
0.198853
0.197703
0.201976
0.19573
0.198196
0.198853
0.198524
0.197538
0.192936
0.195073
0.198689
0.200661
0.200168
0.197538
0.197703
0.198689
0.195073
0.197538
0.196881
0.198031
0.195566
0.200168
0.198031
0.198196
0.199346
0.198031
0.19573
0.196881
0.196881
0.196717
0.199018
0.198524
0.199511
0.198031
0.199346
0.197703
0.199839
0.201483
0.199346
0.197703
0.200004
0.199182
0.196881
0.199839
0.199018
0.198689
0.198524
0.202633
0.199018
0.200661
0.197045
0.198853
0.197867
0.196388
0.199675
0.199018
0.198031
0.199346
0.198689
0.197538
0.198689
0.19836
0.197374
0.19721
0.199346
0.196881
0.200004
0.195895
0.197703
0.200004
0.195895
0.19721
0.199018
0.19721
0.199018
0.195895
0.19721
0.199839
0.195895
0.19573
0.195402
0.19836
0.196717
0.196388
0.196717
0.19721
0.196059
0.195402
0.198689
0.194087
0.196552
0.199018
0.200004
0.197867
0.198031
0.198689
0.197867
0.199346
0.200332
0.196717
0.196223
0.194744
0.193265
0.193594
0.191128
0.19458
0.194416
0.196059
0.195237
0.199182
0.196388
0.197867
0.196223
0.196881
0.196223
0.193429
0.195566
0.193594
0.195237
0.193594
0.194087
0.19573
0.197045
0.196552
0.199675
0.195895
0.194416
0.192936
0.197867
0.199182
0.197045
0.196223
0.196223
0.197045
0.197538
0.197703
0.196388
0.197045
0.194909
0.199346
0.197045
0.197374
0.197867
0.199182
0.199182
0.19836
0.199346
0.19721
0.197867
0.197045
0.196717
0.196552
0.196552
0.201812
0.199018
0.199839
0.200168
0.198524
0.196059
0.198853
0.197538
0.198853
0.199675
0.196552
0.19836
0.199346
0.198524
0.196552
0.200661
0.192608
0.1908
0.194909
0.195402
0.188827
0.186362
0.191786
0.1908
0.192608
0.192115
0.194416
0.190964
0.195895
0.19573
0.19195
0.19721
0.191786
0.195895
0.19573
0.196388
0.193922
0.196881
0.193758
0.195566
0.19573
0.196223
0.196717
0.195237
0.19836
0.195073
0.196388
0.195237
0.199675
0.192936
0.196059
0.194087
0.198689
0.196552
0.196223
0.196059
0.193429
0.197374
0.196223
0.196552
0.19573
0.198031
0.196552
0.197867
0.19458
0.198853
0.197045
0.200497
0.198031
0.197538
0.195237
0.197703
0.192279
0.193265
0.195566
0.192936
0.19573
0.196059
0.195402
0.197538
0.197045
0.195402
0.197538
0.196388
0.197374
0.199346
0.197374
0.195402
0.198196
0.196552
0.196717
0.196881
0.194744
0.197703
0.195895
0.196552
0.195566
0.19836
0.195566
0.203455
0.199511
0.197538
0.193594
0.196059
0.19573
0.19195
0.200332
0.193758
0.19573
0.195237
0.196881
0.195895
0.197045
0.197045
0.197538
0.196717
0.198031
0.19573
0.198853
0.199511
0.200168
0.195073
0.192115
0.197045
0.196552
0.196223
0.192608
0.197374
0.197045
0.199346
0.19721
0.199018
0.200004
0.20099
0.19836
0.19836
0.202305
0.19836
0.198031
0.195402
0.196388
0.198524
0.194744
0.19573
0.197703
0.196388
0.196552
0.199346
0.196388
0.195402
0.197703
0.200825
0.200004
0.195402
0.197045
0.199018
0.197045
0.198031
0.199018
0.197538
0.195073
0.198853
0.195895
0.200825
0.199018
0.197374
0.202305
0.197867
0.204441
0.197538
0.194744
0.193101
0.200004
0.198031
0.19836
0.200332
0.200497
0.200497
0.198689
0.198031
0.199346
0.19836
0.200332
0.200825
0.199675
0.198524
0.199511
0.200825
0.199511
0.201319
0.198196
0.200661
0.198524
0.200825
0.198031
0.198031
0.196059
0.199675
0.202633
0.200497
0.200332
0.196881
0.199182
0.200004
0.200497
0.197374
0.199675
0.196881
0.19721
0.199182
0.195237
0.188992
0.189485
0.18932
0.187019
0.187348
0.188334
0.187841
0.180281
0.181924
0.187513
0.189814
0.182582
0.184554
0.187019
0.187841
0.189156
0.184061
0.187348
0.184061
0.185705
0.187348
0.187513
0.183897
0.187841
0.184883
0.174035
0.097281
0.100239
0.104677
0.10632
0.110265
0.109114
0.115853
0.117496
0.119633
0.124235
0.123085
0.128344
0.132946
0.132617
0.136562
0.132782
0.138699
0.143958
0.144122
0.148724
0.151518
0.151354
0.154641
0.155956
0.157271
0.159736
0.159079
0.163845
0.159572
0.15875
0.158093
0.165489
0.166146
0.164667
0.165489
0.16779
0.168776
0.175021
0.167625
0.140178
0.138534
0.135576
0.142314
0.141
0.14593
0.144451

Kurve 3

-0.000183
-0.000347
-0.000347
-0.000512
-0.000512
-0.000183
0.000146
0.000146
0.000146
0.000474
0.00031
-0.000183
-0.000183
-0.000347
-0.000347
-0.000347
-0.000347
0.00031
0.00031
0.000474
0.00031
0.000474
-0.000183
-0.000347
-0.000512
-0.000512
-0.000512
-0.000183
0.000146
0.00031
0.000474
0.000474
0.00031
-1.9e-05
-1.9e-05
-0.000347
-0.000183
-0.000676
-0.000347
0.000639
0.000639
-0.000347
0.000146
0.000146
0.000146
-0.000183
-0.000347
-0.000347
-0.000676
-0.000183
0.000146
0.00031
0.00031
0.000474
0.00031
-1.9e-05
-0.000347
-0.000347
-0.000841
-0.000512
0.002447
-0.000347
-0.001005
-0.002484
0.000146
0.000146
-1.9e-05
-0.002648
-0.002484
-0.001005
-0.002977
0.000639
0.000639
0.00031
-0.001005
0.002118
0.001789
0.003268
-0.000512
0.000146
-0.00232
0.000639
-0.001334
-0.000841
0.000474
0.000803
0.000639
0.00294
0.002282
0.001625
0.001296
0.000639
0.002447
-0.001169
0.00031
-0.000183
0.000639
-0.002155
0.001296
0.000639
-0.001334
-0.000676
-0.001991
0.000803
0.000803
0.00031
-0.001005
0.000639
0.000967
0.00031
0.000146
-0.000183
-0.000512
-0.000347
-0.000512
-0.000347
0.000146
0.000146
0.00031
0.00031
0.00031
0.000146
-0.000183
-0.000183
-0.000676
-0.000347
-0.000347
-1.9e-05
0.000146
0.000474
0.000474
0.000474
0.000146
-0.000183
-0.000512
-0.000512
-0.000347
-0.000347
0.000146
0.00031
0.000474
0.000474
0.00031
-1.9e-05
-0.000183
-0.000512
-0.000347
-0.000512
-0.000347
0.000146
0.000146
0.00031
0.00031
0.00031
0.000146
-0.000183
-0.000347
-0.000512
-0.000512
-0.000347
-1.9e-05
0.000146
0.00031
0.000474
0.000474
-1.9e-05
-0.000183
-0.000512
-0.000347
-0.000347
-0.000183
0.000146
0.00031
0.00031
0.00031
0.00031
0.000146
-0.000183
-0.000512
-0.000512
-0.000676
-0.000347
0.000146
0.00031
0.00031
0.00031
0.00031
0.000146
-0.000347
-0.000183
-0.000512
-0.000676
-0.000183
-1.9e-05
0.000146
0.000474
0.00031
0.000474
0.00031
-0.000183
-0.000512
-0.000347
-0.000676
-0.000183
0.000146
0.00031
0.00031
0.000474
0.00031
-1.9e-05
-0.000183
-0.000347
-0.000512
-0.000347
-0.000347
0.000146
0.00031
0.00031
0.000639
0.000639
-1.9e-05
-0.000183
-0.000676
-0.000347
-0.000512
-0.000183
0.000146
0.00031
0.00031
0.00031
0.000474
0.000146
-0.000183
-0.000347
-0.000512
-0.000512
-0.000183
0.000146
-1.9e-05
0.000146
0.000474
0.000474
0.000146
-0.000347
-0.000347
-0.000347
-0.000512
-0.000512
0.000146
0.00031
0.00031
0.000474
0.000474
0.000146
-0.000347
-0.000347
-0.000512
-0.000512
-0.000512
0.000146
0.000474
0.00031
0.00031
0.00031
0.000146
-0.000347
-0.000347
-0.000512
-0.000512
-0.000347
-1.9e-05
0.00031
0.00031
0.000474
0.000639
0.00031
-0.000347
-0.000347
-0.000512
-0.000512
-0.000183
-1.9e-05
0.00031
0.000146
0.00031
0.00031
0.000146
-0.000183
-0.000512
-0.000676
-0.000347
-0.000512
0.000146
0.00031
0.00031
0.00031
0.00031
0.000146
-0.000183
-0.000183
-0.000676
-0.000512
-0.000347
0.000146
0.000146
0.00031
0.000474
0.00031
0.000146
-0.000183
-0.000347
-0.000676
-0.000512
-0.000347
0.000146
0.000146
0.00031
0.000474
0.000639
0.000146
-0.000347
-0.000183
-0.000347
-0.000512
-0.000347
0.000146
0.000146
0.000474
0.000474
0.00031
-1.9e-05
-0.000183
-0.000347
-0.000347
-0.000512
-0.000347
0.000146
0.00031
0.000146
0.000474
0.000474
0.00031
-0.000347
-0.000512
-0.000347
-0.000676
-0.000183
-1.9e-05
0.000474
0.00031
0.00031
0.000639
0.000474
-0.000183
-0.000347
-0.000512
-0.000512
-0.000183
-0.000183
0.000146
0.000146
0.00031
0.000474
0.00031
-0.000183
-0.000676
-0.000512
-0.000512
-0.000347
-1.9e-05
0.000146
0.00031
0.000146
0.000474
0.000146
-0.000183
-0.000183
-0.000347
-0.000512
-0.000512
-1.9e-05
0.00031
0.00031
0.00031
0.000474
0.000146
-0.000183
-0.000347
-0.000512
-0.000512
-0.000183
-1.9e-05
0.00031
0.00031
0.000474
0.000474
0.00031
-0.000347
-0.000512
-0.000512
-0.000512
-0.000347
-0.000183
0.00031
0.000474
0.000474
0.000474
0.000146
-0.000183
-0.000347
-0.000512
-0.000512
-0.000512
-1.9e-05
0.000146
0.000146
0.000146
0.000474
0.00031
-0.000183
-0.000512
-0.000347
-0.000512
-0.000512
0.000146
0.000146
0.00031
0.00031
0.000639
0.000146
-0.000183
-0.000347
-0.000512
-0.000512
-0.000512
-1.9e-05
0.00031
0.000146
0.00031
0.000474
0.000146
-0.000183
-0.000183
-0.000676
-0.000512
-0.000347
0.00031
0.00031
0.000474
0.000474
0.000146
0.00031
-0.000183
-0.000512
-0.000347
-0.000512
-0.000347
0.000146
0.000146
0.000474
0.000474
0.000146
0.000146
-0.000183
-0.000512
-0.000512
-0.000512
-0.000183
-1.9e-05
0.00031
0.00031
0.00031
0.000474
-1.9e-05
-1.9e-05
-0.000347
-0.000347
-0.000347
-0.000512
0.000146
0.00031
0.00031
0.00031
0.00031
0.000146
-0.000183
-0.000347
-0.000183
-0.000512
-0.000512
0.000146
0.00031
0.000474
0.000474
0.000474
0.000146
-1.9e-05
-0.000183
-0.000183
-0.000512
-0.000347
-1.9e-05
0.000146
0.00031
0.000474
0.00031
0.00031
-0.000183
-0.000347
-0.000512
-0.000676
-0.000183
-1.9e-05
0.000146
0.00031
0.000474
0.00031
0.000146
-0.000183
-0.000183
-0.000347
-0.000512
-0.000347
-0.000183
0.000146
0.000474
0.000474
0.00031
0.00031
-1.9e-05
-0.000347
-0.000347
-0.000676
-0.000347
0.000146
0.00031
0.000474
0.00031
0.00031
0.000146
-0.000347
-0.000183
-0.000347
-0.000347
-0.000347
-1.9e-05
0.00031
0.000146
0.000474
0.00031
0.00031
-1.9e-05
-0.000183
-0.000347
-0.000512
-0.000183
-1.9e-05
0.00031
0.000474
0.000639
0.00031
0.00031
-0.000183
-0.000347
-0.000347
-0.000512
-0.000512
-1.9e-05
0.00031
0.00031
0.00031
0.000474
0.000146
-0.000347
-0.000512
-0.000183
-0.000512
-0.000347
0.000146
0.000146
0.00031
0.00031
0.000474
0.000146
-1.9e-05
-0.000183
-0.000512
-0.000676
-0.000347
-0.000183
0.000146
0.00031
0.00031
0.000474
0.00031
-0.000183
-0.000512
-0.000347
-0.000512
-0.000512
0.000146
0.00031
0.000146
0.000474
0.000639
0.000146
-0.000347
-0.000347
-0.000347
-0.000512
-0.000347
-0.000183
0.000146
0.00031
0.000474
0.000474
0.000146
-0.000347
-0.000347
-0.000347
-0.000512
-1.9e-05
-1.9e-05
0.000146
0.00031
0.000474
0.000639
0.000146
-1.9e-05
-0.000183
-0.000512
-0.000347
-0.000512
0.000146
0.00031
0.00031
0.00031
0.000474
0.00031
-0.000183
-0.000512
-0.000512
-0.000347
-0.000512
-1.9e-05
0.00031
0.00031
0.00031
0.000474
0.00031
-0.000183
-0.000347
-0.000347
-0.000347
-0.000512
0.000146
0.000146
0.000474
0.00031
0.000474
0.00031
-0.000183
-0.000512
-0.000347
-0.000676
-0.000512
-1.9e-05
0.00031
0.00031
0.000474
0.000474
0.000474
-0.000347
-0.000347
-0.000676
-0.000512
-0.000512
-1.9e-05
0.00031
0.00031
0.00031
0.00031
0.00031
-0.000183
-0.000183
-0.000183
-0.000676
-0.000512
0.000146
0.00031
0.000474
0.00031
0.000474
0.00031
-0.000183
-0.000347
-0.000512
-0.000512
-0.000512
0.000146
0.00031
0.00031
0.00031
0.00031
-1.9e-05
-0.000183
-0.000347
-0.000512
-0.000512
-0.000512
-1.9e-05
0.000146
0.00031
0.000474
0.000474
0.00031
-1.9e-05
-0.000183
-0.000347
-0.000512
-0.000347
-1.9e-05
0.00031
0.00031
0.000474
0.000474
0.00031
-1.9e-05
-0.000347
-0.000347
-0.000347
-0.000347
-0.000183
0.00031
0.000146
0.000146
0.000639
0.00031
-1.9e-05
-0.000183
-0.000512
-0.000347
-0.000347
-1.9e-05
0.00031
0.00031
0.000474
0.00031
0.000146
-0.000183
-0.000676
-0.000512
-0.000512
-0.000347
0.000146
0.000146
0.00031
0.000474
0.000146
0.000146
-0.000183
-0.000183
-0.000347
-0.000512
-0.000183
-0.000183
0.000146
0.000474
0.000474
0.000474
0.000146
-1.9e-05
-0.000512
-0.000512
-0.000512
-0.000512
-1.9e-05
0.000146
0.00031
0.000474
0.000146
0.000474
-1.9e-05
-0.000512
-0.000512
-0.000512
-0.000183
-0.000183
0.00031
0.000474
0.000474
0.000474
0.000146
-0.000183
-0.000183
-0.000512
-0.000347
-0.000347
-0.000183
0.00031
0.000474
0.000474
0.000474
0.000146
0.000146
-0.000512
-0.000347
-0.000676
-0.000512
0.000146
0.00031
0.00031
0.000474
0.00031
0.000146
-1.9e-05
-0.000183
-0.000512
-0.000676
-0.000512
-0.000183
0.00031
0.00031
0.00031
0.00031
0.00031
-0.000183
-0.000347
-0.000347
-0.000512
-0.000512
0.000146
0.00031
0.00031
0.000474
0.00031
0.00031
-0.000183
-0.000347
-0.000512
-0.000347
-0.000347
-1.9e-05
0.000146
0.000474
0.000474
0.00031
0.00031
0.000146
-0.000347
-0.000512
-0.000512
-0.000512
-1.9e-05
0.000146
0.00031
0.00031
0.00031
0.00031
-0.000183
-0.000183
-0.000347
-0.000512
-0.000183
-1.9e-05
0.000146
0.000474
0.000474
0.000474
0.00031
0.000146
-0.000183
-0.000512
-0.000676
-0.000347
-1.9e-05
0.00031
0.00031
0.000639
0.00031
0.00031
-0.000183
-0.000512
-0.000347
-0.000512
-0.000841
0.002775
0.010829
0.021512
0.026771
0.029894
0.014116
0.018061
0.020197
0.030387
0.032524
0.038441
0.042385
0.049124
0.052575
0.055863
0.06408
0.066053
0.072627
0.07575
0.08331
0.085611
0.093007
0.090378
0.09876
0.100403
0.077229
0.023484
0.002282
-0.001005
0.004583
0.006556
0.011322
-1.9e-05
-1.9e-05
0.000146
0.000474
0.001954
0.000967
0.013787
0.017239
0.025457
0.029566
0.035811
0.045672
0.049124
0.054383
0.052247
0.039263
0.038112
0.037126
0.037126
0.046823
0.05274
0.058328
0.064902
0.066217
0.073284
0.074764
0.026443
0.001132
0.00031
-0.000183
-0.000183
-0.000512
0.003926
-0.001334
0.000146
-0.000183
0.001296
-0.000183
0.000803
0.002118
-0.000183
-0.000347
-0.000183
-0.000347
-0.000676
-0.000183
0.000146
0.00031
0.00031
0.000146
0.000146
-1.9e-05
-0.000183
-0.000183
-0.000676
-0.000676
-0.000183
0.000474
0.000146
0.002118
0.002611
0.000967
0.000146
-0.001334
0.000146
-0.000676
0.003268
-0.000183
0.000146
0.001789
0.000967
0.00031
0.000146
-0.000183
-0.000183
-0.000347
-0.000347
-0.000183
-1.9e-05
0.000146
0.00031
0.001132
0.00146
0.000146
-0.000676
-1.9e-05
-0.001005
0.000474
0.007706
0.000146
0.000146
0.000474
0.000474
0.000474
0.004255
0.003104
0.001132
-0.000841
0.000803
0.002611
0.000146
-0.000183
0.000474
0.00031
0.000474
0.000474
0.000146
-0.000347
0.005898
0.015924
0.015595
-1.9e-05
0.000146
0.000474
0.000146
0.000474
0.000474
0.000146
-0.000512
-0.000347
-0.000347
-1.9e-05
-0.000183
-1.9e-05
0.000146
0.00031
0.000474
0.00031
-1.9e-05
-0.000347
0.001296
0.006227
0.006884
0.020197
0.000803
0.000639
0.00031
0.00031
0.000639
0.004912
0.010993
0.011651
0.011486
-0.002648
-0.000512
0.002118
0.007706
0.012308
0.019868
0.018225
0.025785
0.034168
0.042221
0.042057
0.042714
0.054219
0.061122
0.068354
0.07197
0.074764
0.078215
0.086762
0.06293
0.030223
0.032853
0.025457
0.035482
0.019211
0.002282
0.005241
0.002611
0.000967
0.004255
0.0105
0.017403
0.024142
0.025128
0.033839
0.041235
0.050274
0.054219
0.060629
0.068025
0.074106
0.077065
0.08216
0.087912
0.086597
0.093829
0.09613
0.103691
0.106978
0.005405
0.000474
-1.9e-05
-0.000183
-0.000512
-0.000676
-0.000841
0.001789
0.00935
0.013623
0.02069
0.028744
0.033346
0.045015
0.048631
0.055205
0.057013
0.061286
0.061286
0.068682
0.075092
0.077558
0.084625
0.083968
0.098431
0.098102
0.100568
0.105498
0.106485
0.110429
0.116839
0.118483
0.122427
0.124728
0.128015
0.130645
0.129823
0.133275
0.134918
0.138699
0.138863
0.144944
0.142643
0.148724
0.151683
0.153819
0.155299
0.161051
0.158586
0.160558
0.164174
0.160558
0.164667
0.166475
0.167132
0.168283
0.171241
0.168118
0.17157
0.170091
0.173214
0.173871
0.174857
0.176665
0.186198
0.179952
0.178802
0.184061
0.181431
0.183568
0.180281
0.183732
0.182911
0.18061
0.181596
0.182582
0.183404
0.183239
0.187019
0.185376
0.191293
0.186526
0.188663
0.185212
0.179788
0.173707
0.164338
0.160887
0.165982
0.164667
0.166968
0.166311
0.170091
0.169105
0.172885
0.171899
0.173542
0.174364
0.174857
0.176665
0.178802
0.182089
0.180281
0.183075
0.181596
0.181924
0.182746
0.181431
0.181267
0.183239
0.18439
0.184554
0.186526
0.181924
0.183404
0.186198
0.187841
0.187348
0.189649
0.18817
0.188827
0.189485
0.191786
0.189649
0.191293
0.190964
0.188663
0.1908
0.189978
0.191457
0.1908
0.194909
0.190964
0.19195
0.196717
0.19458
0.194087
0.194087
0.193429
0.192443
0.192115
0.192772
0.195237
0.19195
0.192936
0.194416
0.195073
0.190471
0.192772
0.192772
0.193101
0.192443
0.19195
0.193265
0.194087
0.193758
0.194087
0.197374
0.196717
0.193758
0.194416
0.193265
0.19458
0.194909
0.196223
0.193265
0.193429
0.198196
0.194251
0.194087
0.194087
0.196388
0.196388
0.19721
0.198853
0.193429
0.196552
0.197045
0.198524
0.196388
0.19721
0.195073
0.200661
0.197867
0.197045
0.195402
0.197867
0.197374
0.196717
0.197867
0.196881
0.198524
0.19573
0.197538
0.199675
0.197374
0.197703
0.199182
0.196552
0.200332
0.19836
0.194087
0.180116
0.102869
0.021676
0.005076
0.001789
0.002775
0.005569
-0.000183
0.00146
0.00031
-0.000183
-0.000841
-0.000512
-0.001005
0.000146
-0.000347
0.000639
0.000474
0.00031
0.00031
-1.9e-05
-0.000347
-0.000183
-0.000347
-0.000512
-0.000347
0.000146
0.000146
0.00031
0.00031
0.000146
-0.000183
-0.000183
-0.000512
-0.000512
-0.000512
-0.000183
-0.000183
0.000474
0.000474
0.000474
0.000474
0.000146
-0.000183
-0.000347
-0.000183
-0.000512
-0.000676
0.00031
0.000474
0.00031
0.000474
0.00031
0.000146
-1.9e-05
-0.000347
-0.000347
-0.000512
-0.000512
0.000146
0.00031
0.00031
0.000639
0.000474
-1.9e-05
-0.000183
-0.000347
-0.000512
-0.000512
-0.000183
-1.9e-05
0.00031
0.00031
0.000474
0.00031
-1.9e-05
-0.000347
-0.000347
-0.000676
-0.000512
-0.000347
0.00031
0.000146
0.000146
0.000146
0.00031
0.000146
-0.000183
-0.000347
-0.000183
-0.000676
-0.000183
-1.9e-05
0.00031
0.000474
0.000474
0.000474
0.00031
-0.000183
-0.000347
-0.000347
-0.000512
-0.000512
-0.000183
0.000146
0.000146
0.000474
0.000639
0.000146
-0.000183
-0.000347
-0.000512
-0.000512
-0.000512
0.000146
0.000146
0.000474
0.00031
0.00031
0.00031
-0.000183
-0.000183
-0.000512
-0.000512
-0.000183
-0.000183
0.00031
0.000146
0.00031
0.000474
0.000146
-0.000347
-0.000347
-0.000512
-0.000512
-0.000183
-0.000183
0.000146
0.00031
0.00031
0.00031
0.000146
-0.000183
-0.000347
-0.000512
-0.000512
-0.000347
0.000146
0.000146
0.000474
0.000474
0.00031
0.000146
-0.000347
-0.000347
-0.000347
-0.000347
-0.000512
-0.000183
0.000146
0.000146
0.000474
0.000474
0.000146
-1.9e-05
-0.000347
-0.000512
-0.000347
-0.000347
-1.9e-05
0.000146
0.00031
0.000474
0.00031
-1.9e-05
-0.000183
-0.000347
-0.000347
-0.000512
-1.9e-05
0.000146
0.00031
0.00031
0.00031
0.000639
0.000146
-0.000183
-0.000347
-0.000512
-0.000676
-0.000512
-0.000183
0.000146
0.000474
0.000474
0.000146
0.000146
0.000146
-0.000512
-0.000347
-0.000676
-1.9e-05
-1.9e-05
0.000146
0.00031
0.00031
0.000474
0.000146
-0.000183
-0.000347
-0.000512
-0.000676
-0.000347
-1.9e-05
0.000146
0.000474
0.000474
0.000639
0.000146
-1.9e-05
-0.000347
-0.000512
-0.000347
-0.000512
-0.000183
-1.9e-05
0.00031
0.00031
0.00031
-1.9e-05
-0.000347
-0.000512
-0.000512
-0.000512
-0.000183
-1.9e-05
0.000474
0.000474
0.00031
0.000474
0.000146
-0.000183
-0.000183
-0.000347
-0.000676
-0.000183
-1.9e-05
0.000146
0.00031
0.00031
0.000474
0.000146
-0.000183
-0.000183
-0.000347
-0.000512
-0.000347
-0.000183
0.000474
0.00031
0.00031
0.000474
-1.9e-05
-0.000183
-0.000183
-0.000347
-0.000676
-0.000183
-0.000183
0.000474
0.000474
0.000474
0.000639
0.00031
-0.000183
-0.000347
-0.000512
-0.000676
-0.000183
-1.9e-05
-1.9e-05
0.000146
0.000474
0.000474
0.00031
-0.000347
-0.000347
-0.000347
-0.000676
-0.000347
-1.9e-05
0.000146
0.000474
0.000474
0.000474
0.00031
-0.000183
-0.000512
-0.000347
-0.000347
-0.000347
-1.9e-05
0.00031
0.00031
0.000474
0.000474
0.000146
-1.9e-05
-0.000347
-0.000512
-0.000347
-0.000347
0.000146
0.000146
0.00031
0.000474
0.000639
0.000146
-0.000347
-0.000347
-0.000512
-0.000512
-0.000347
0.000146
0.00031
0.00031
0.000146
0.000474
0.000146
-0.000183
-0.000183
-0.000512
-0.000347
-0.000512
0.000146
0.000146
0.00031
0.000474
0.000474
0.00031
-0.000183
-0.000183
-0.000676
-0.000512
-0.000347
-1.9e-05
0.00031
0.00031
0.00031
0.00031
0.000146
-0.000183
-0.000512
-0.000512
-0.000183
-0.000183
0.000146
-1.9e-05
0.000474
0.000474
0.000474
0.000474
-0.000347
-0.000347
-0.000512
-0.000512
-0.000347
-1.9e-05
0.00031
0.00031
0.000474
0.00031
0.000146
-1.9e-05
-0.000347
-0.000512
-0.000512
-0.000347
-1.9e-05
0.000474
0.000146
0.00031
0.000639
0.00031
-0.000183
-0.000512
-0.000347
-0.000512
-0.000347
-1.9e-05
0.000146
0.00031
0.00031
0.00031
0.000146
-0.000183
-0.000347
-0.000347
-0.000512
-0.000183
-1.9e-05
0.00031
0.00031
0.00031
0.000474
0.00031
-0.000183
-0.000512
-0.000512
-0.000512
-0.000183
-0.000183
0.00031
0.000474
0.000474
0.000474
0.000146
-0.000183
-0.000347
-0.000512
-0.000347
-0.000347
0.000146
0.000146
0.000474
0.000474
0.00031
0.000146
-0.000183
-0.000347
-0.000347
-0.000347
-0.000512
-0.000183
0.00031
0.000474
0.000474
0.000146
0.000146
-0.000347
-0.000183
-0.000512
-0.000512
-0.000347
0.000146
0.000146
0.00031
0.000474
0.00031
0.00031
-0.000347
-0.000512
-0.000512
-0.000512
-0.000183
-1.9e-05
0.000146
0.000146
0.00031
0.000474
-1.9e-05
-0.000183
-0.000347
-0.000512
-0.000512
-0.000183
-1.9e-05
0.00031
0.00031
0.000474
0.000474
-1.9e-05
-0.000347
-0.000512
-0.000347
-0.000512
-0.000183
-0.000183
0.000146
0.00031
0.00031
0.000474
0.00031
-1.9e-05
-0.000183
-0.000347
-0.000512
-0.000347
-1.9e-05
0.00031
0.000639
0.000474
0.00031
0.00031
-0.000183
-0.000347
-0.000347
-0.000512
-0.000512
-0.000183
0.000146
0.00031
0.000474
0.00031
0.000146
-0.000183
-0.000347
-0.000512
-0.000512
-0.000512
-1.9e-05
0.000146
0.00031
0.000146
0.000474
0.000146
-0.000183
-0.000347
-0.000512
-0.000183
-0.000183
-1.9e-05
0.000146
0.000474
0.00031
0.00031
-1.9e-05
-0.000183
-0.000512
-0.000512
-0.000512
-0.000183
-0.000183
0.000146
0.00031
0.000474
0.000474
0.000146
0.000146
-0.000183
-0.000347
-0.000347
-0.000183
-1.9e-05
0.000146
0.000146
0.00031
0.000639
0.00031
-0.000183
-0.000347
-0.000512
-0.000183
-0.000347
-1.9e-05
0.00031
0.00031
0.00031
0.00031
-1.9e-05
-0.000347
-0.000183
-0.000347
-0.000512
-0.000183
-0.000183
0.00031
0.00031
0.000474
0.00031
0.00031
-1.9e-05
-0.000183
-0.000347
-0.000347
-1.9e-05
-0.000183
0.000639
0.000146
0.000474
0.00031
0.000146
-0.000183
-0.000347
-0.000183
-0.000512
-0.001005
0.000146
0.000146
0.00031
0.00031
0.000803
0.00031
-0.000183
-0.000183
-0.000347
-0.000347
-0.000512
0.000146
0.000146
0.000146
0.00031
0.000474
0.000146
0.000146
-0.000183
-1.9e-05
-0.000347
-0.000676
0.000146
0.000146
0.000803
0.000474
0.001132
0.00031
0.000474
-0.000676
-0.000183
-0.000512
0.000146
0.000967
0.000639
0.000639
0.000474
-0.000676
0.000803
0.002447
-0.003306
0.000967
0.008035
0.017732
0.014116
0.022663
0.030716
0.033674
0.04107
0.026443
0.010007
0.011979
0.018882
0.022991
0.023977
0.032524
0.032524
0.042057
0.040906
0.043536
0.049617
0.056356
0.060629
0.068682
0.069176
0.076736
0.074435
0.079366
0.082653
0.087584
0.08857
0.081174
0.081995
0.084789
0.082488
0.079694
0.0769
0.07953
0.082653
0.079694
0.004255
0.009843
0.015102
0.021512
0.025621
0.028579
0.034825
0.036797
0.043536
0.048302
0.051425
0.058164
0.0603
0.067039
0.067696
0.065231
0.062601
0.061286
0.054876
0.051754
0.051096
0.05537
0.053562
0.060629
0.061122
0.06556
0.058985
0.058821
0.062273
0.057835
0.054055
0.058492
0.062108
0.063916
0.069997
0.07049
0.068518
0.07049
0.064574
0.039427
0.030552
0.03088
0.036633
0.041728
0.019211
0.000474
0.00031
0.000146
-0.000512
-0.000347
-0.000512
-0.000512
-0.000183
0.000146
0.00031
0.000146
0.000474
0.000146
-1.9e-05
-0.000347
-0.000347
-0.000183
-0.000512
-0.000183
0.000146
0.000146
0.000146
0.00031
0.00031
-1.9e-05
-0.000183
-0.000183
-0.000512
-0.000347
-1.9e-05
0.00031
0.000146
0.000146
0.00031
0.000474
0.000146
-0.000183
-0.000347
-0.000183
-0.000347
-1.9e-05
-1.9e-05
0.00031
0.00031
0.00031
0.000474
-0.000183
-0.000183
-0.000347
-0.000347
-0.000347
-0.000183
0.000146
-1.9e-05
0.00031
0.000474
0.000146
-0.000183
-0.000183
-0.000512
-0.000512
-0.000512
-1.9e-05
0.000146
0.00031
0.00031
0.00031
0.00031
-0.000183
-0.000183
-0.000676
-0.000512
-0.000512
-1.9e-05
0.000146
0.000474
0.00031
0.00031
0.000146
-1.9e-05
-0.000512
-0.000183
-0.000512
-0.000347
0.000146
0.000639
0.000474
0.000803
-0.000841
0.001296
0.00409
0.001625
0.002775
0.003104
0.00409
0.00146
0.004255
0.002282
0.00294
0.002775
0.005241
0.004583
0.002775
0.003761
0.000967
0.001296
0.000967
0.002447
0.001625
0.001954
0.003433
0.002775
0.002118
0.004255
0.002118
0.002118
0.005898
-0.000183
0.003926
0.003926
0.005241
0.005076
0.004583
0.004748
0.005569
0.001789
0.00294
0.003433
0.003597
0.004255
0.004748
0.002611
0.006556
0.00672
0.000474
0.003268
0.005241
0.002447
0.003926
0.002118
0.001625
0.00409
0.002775
0.003761
0.003104
0.003761
0.004419
0.007049
0.008857
0.011979
0.011815
0.00935
0.015102
0.019704
0.023484
0.028251
0.03351
0.03729
0.045344
0.049946
0.061779
0.063587
0.067039
0.074106
0.078873
0.084954
0.086104
0.093829
0.092514
0.097445
0.095473
0.111251
0.107635
0.112237
0.115689
0.118811
0.003597
0.000474
0.000146
0.005076
0.014609
0.021183
0.034332
0.032031
0.039427
0.048795
0.054219
0.057835
0.064409
0.071312
0.074106
0.076736
0.083803
0.091528
0.075914
0.078708
0.084625
0.089063
0.0935
0.094158
0.098102
0.105005
0.105498
0.108621
0.10895
0.10139
0.103197
0.104348
0.110429
0.110758
0.112566
0.117332
0.119962
0.123085
0.127851
0.127522
0.126536
0.126207
0.137055
0.134918
0.137548
0.139685
0.141164
0.140178
0.138699
0.139027
0.138041
0.147409
0.145273
0.150697
0.152011
0.154312
0.152998
0.1576
0.158093
0.16138
0.16138
0.157928
0.163845
0.162695
0.169598
0.169598
0.168776
0.168776
0.170091
0.169598
0.171406
0.169105
0.161873
0.169433
0.174693
0.173707
0.175186
0.177487
0.17798
0.177487
0.181431
0.182253
0.179952
0.172556
0.182253
0.18439
0.182417
0.183239
0.18176
0.185212
0.184718
0.185212
0.187184
0.187019
0.177487
0.184225
0.189814
0.188334
0.188992
0.186033
0.196059
0.192443
0.195402
0.191128
0.190635
0.184225
0.191786
0.188827
0.190142
0.193265
0.191786
0.192279
0.194416
0.196552
0.194416
0.197045
0.187348
0.19573
0.191457
0.196223
0.19195
0.192279
0.192936
0.19458
0.19195
0.193922
0.194744
0.192772
0.194416
0.19458
0.195073
0.195402
0.197703
0.194744
0.200004
0.196552
0.197045
0.197374
0.193922
0.194251
0.19836
0.196388
0.195402
0.194251
0.193101
0.199182
0.196223
0.193922
0.193758
0.190635
0.195895
0.198196
0.196223
0.196223
0.199018
0.196059
0.200661
0.197538
0.197045
0.198031
0.201154
0.192279
0.198853
0.19721
0.193758
0.200825
0.199839
0.199511
0.199018
0.195895
0.19836
0.20214
0.198853
0.200168
0.200332
0.19573
0.195566
0.200168
0.196552
0.200004
0.197374
0.197374
0.199675
0.19836
0.198689
0.199018
0.198524
0.198689
0.198853
0.19836
0.199839
0.196388
0.198524
0.195402
0.194909
0.196717
0.197867
0.198031
0.200825
0.198689
0.196223
0.199018
0.199511
0.198853
0.199182
0.199346
0.195895
0.19836
0.199511
0.20099
0.197703
0.199182
0.198196
0.197538
0.199839
0.197538
0.196717
0.192608
0.200004
0.195073
0.199018
0.195895
0.199182
0.198524
0.200004
0.197538
0.199018
0.197045
0.197045
0.196717
0.196059
0.19836
0.195402
0.198196
0.19836
0.199511
0.198524
0.199018
0.196223
0.197867
0.198689
0.200661
0.198196
0.198524
0.198524
0.197703
0.196717
0.192443
0.192115
0.194251
0.200168
0.194744
0.200168
0.196388
0.197374
0.199675
0.201319
0.193758
0.185705
0.166804
0.147245
0.125879
0.107142
0.0935
0.078544
0.055205
0.030716
0.028086
0.015924
0.003926
0.001625
0.00672
-0.000841
-1.9e-05
-0.000512
0.000639
0.00031
0.00031
-1.9e-05
0.000967
0.000639
-1.9e-05
0.002775
0.008035
0.016417
0.018882
0.027922
0.034332
0.044358
0.045672
0.038934
0.026936
0.029401
0.034661
0.039263
0.044851
0.050603
0.032031
0.030059
0.024306

Kurve 4

0.00031
0.00031
0.00031
-0.000183
-0.000347
-0.000512
-0.000512
-0.000183
0.000146
0.00031
0.000474
0.000474
0.00031
-1.9e-05
-0.000347
-0.000183
-0.000347
-0.000512
-0.000347
0.000146
0.00031
0.00031
0.00031
0.00031
0.00031
-0.000183
-0.000347
-0.000676
-0.000512
-0.000512
0.000146
0.00031
-1.9e-05
0.000639
0.000474
0.000146
-0.000512
0.000803
0.000967
-0.000347
0.00146
-0.000347
0.000967
0.000146
0.000639
0.000474
0.000803
-0.000676
-1.9e-05
-0.000841
-0.001169
0.000639
-0.000512
-0.000512
0.00146
0.001296
0.000474
0.002118
-0.000347
0.00146
-0.001005
0.00031
0.00031
0.002118
0.000967
-0.000676
-0.001005
-0.001169
0.001296
0.001954
-0.000841
-0.004456
-0.001498
0.002611
-0.000841
-0.000512
0.000639
0.000474
0.000474
0.002611
-0.001169
0.000967
-0.000512
-0.002813
0.002118
-0.000183
-0.000347
0.004255
0.003104
-0.000183
0.003104
0.000803
0.001296
-0.001005
-0.00347
0.000639
-0.000512
-0.002813
0.001954
-0.003142
0.000639
0.001132
-0.000183
-0.00232
-0.000512
-0.001662
-0.000841
-0.001991
-0.001991
-0.000347
-0.003963
0.001625
-0.001991
0.001132
-0.000183
0.002611
0.000146
0.000967
0.00031
0.000803
0.001789
-0.004785
-0.006593
-0.003963
-0.001334
-0.003963
-0.004456
-0.000676
-0.001169
-0.001498
0.000146
-0.001005
0.000803
0.001954
-0.001005
-0.001005
0.002447
0.001296
-0.000676
-0.005443
-0.001169
-0.001005
-0.003306
-0.001827
-0.000347
0.001954
0.000639
0.000803
-0.000676
0.003104
-0.001334
0.000474
-0.000841
-0.000676
-0.001991
-0.000512
-0.002484
-0.00347
-0.004785
-0.006264
0.000146
-0.00232
-0.001334
-0.001498
-0.002484
-0.002155
0.001132
-0.002813
0.005076
-0.001827
-0.000347
-0.000676
-0.00873
-0.006429
-0.004128
-0.002155
-0.005771
0.00031
-0.003142
0.000474
-0.002813
0.00146
-0.001498
0.001789
-0.000512
0.000146
0.00294
-0.000512
-0.002813
-0.001498
-0.002155
-0.002648
-0.002484
-0.002484
0.001132
0.00031
-0.003142
-0.004456
-0.000512
-0.001005
0.001789
0.001789
-0.001334
0.000146
-0.001005
0.001296
-0.002977
-0.002484
-0.002813
-0.002155
-0.004785
-0.001498
-0.002813
-0.000347
-0.000841
-0.001991
0.000474
-0.001498
-0.000512
-0.000347
-0.001005
-0.001827
-0.005443
-0.004621
-0.00232
-0.001827
-0.000841
-0.005278
-0.001005
-0.003306
-0.002155
-0.002813
-0.001498
0.000146
-0.000676
-0.000347
0.000639
0.000803
-0.004292
-0.001498
-0.00347
-0.000676
-0.001498
-0.001005
-0.003799
-0.002484
-0.006264
-0.002813
-0.000841
-0.002648
-1.9e-05
-0.001169
0.001132
-0.001662
-0.000841
-0.003963
0.002775
-0.001827
-0.002648
-0.000676
-0.002484
-0.001498
-0.000347
0.003104
-0.001827
-0.001169
-0.00232
0.001296
-0.001169
0.000803
-0.004128
-0.000841
-0.004128
-0.000512
-0.00232
-0.004128
-0.000347
-0.001827
0.000474
-0.001498
-0.001169
-0.000676
-0.002813
-0.000347
-0.000347
-0.002484
-0.001334
0.002447
-0.004456
0.00031
-0.000841
-0.002648
0.00031
0.000803
-0.004128
-0.002155
-0.001334
0.000639
-1.9e-05
-0.001498
-0.001334
0.001789
-0.005114
-0.001334
-0.002155
-0.002813
-0.000676
-0.000347
0.001789
-0.001991
-0.004456
-0.004128
-0.001827
0.000146
-0.001005
-1.9e-05
-0.001005
-0.002648
-0.000841
-0.003799
-0.004456
-0.003963
-0.004456
-0.003799
0.002118
-0.001334
-0.001827
-0.000183
-0.001005
0.000639
-0.001991
0.000639
-0.001662
-0.000183
-0.002813
-0.001334
-1.9e-05
0.000803
-0.00232
-0.004128
-0.00232
0.000146
-0.001169
-0.002977
-1.9e-05
-0.00347
0.005241
0.001132
0.00146
0.000474
-0.000676
-0.00232
-0.002813
-0.003306
-0.005607
-0.000183
-0.001005
-0.000841
-0.002155
0.000474
-0.000183
-0.001991
-0.001991
-0.000512
-0.00232
-0.003306
0.000146
-0.000347
-0.005278
-0.004949
-0.004128
-0.003799
-0.005936
-0.005936
-0.000347
-0.001169
-0.001662
0.00031
0.001132
-0.001169
0.001296
-0.000183
-0.001334
-0.001991
-0.001498
-0.00232
-1.9e-05
0.000474
-1.9e-05
-0.000676
-0.001662
0.000474
-0.003142
-0.001498
-0.001662
-0.000676
0.00031
0.000967
-0.001827
-0.00232
-0.000347
0.000803
-0.004456
-0.000841
-0.001498
-0.003142
-0.000347
-0.00347
-0.001005
-0.004128
0.001132
0.000967
0.00031
-0.000347
-0.002484
-0.002648
-0.000841
0.00146
-0.002977
-0.001662
-0.004456
-0.003799
-0.005771
-0.00232
-0.003799
-1.9e-05
-0.000183
-0.001827
-0.001169
-0.000676
-0.001662
-0.001827
-0.001498
-0.000841
0.000474
-0.001827
-0.000183
-0.001991
0.003761
0.000146
-0.000676
-0.001169
-0.001662
-0.001662
-0.001498
-0.001662
-0.00232
-0.000676
-0.003142
-0.004456
-0.002484
-0.001169
-0.002484
0.006227
-0.002977
-0.001991
0.000639
-0.006593
-0.001169
0.001132
-0.001498
0.00031
-0.00232
-0.001827
-0.000676
-0.00232
-0.001005
-0.000183
0.001789
0.00031
-0.001827
-0.002977
-0.001991
-0.000841
-0.003142
-0.00232
-0.002484
0.000146
-0.004785
-0.002648
-0.001169
-0.001334
-0.002977
-0.001498
-0.001334
0.000474
-0.000841
-0.001827
-0.00232
0.000967
-0.000183
0.000146
-0.001334
-0.001827
-0.002813
-0.002484
-0.001498
-0.004456
0.000146
-0.002484
0.001296
0.00031
0.00031
-0.000841
0.000967
-0.001662
-0.000512
-0.000841
-0.005936
-0.002484
-0.000512
-0.003799
-0.00232
-0.000676
-0.004785
0.001954
-0.004456
0.000146
-0.001169
-0.002813
-0.000512
-0.001498
-0.000676
-0.000183
-0.000841
-0.003799
-0.003306
-0.00347
0.003104
-0.002648
-0.001991
-0.001827
-0.000347
-0.001991
-0.00232
-0.000183
-0.001005
-0.002648
-0.004456
-0.001991
-0.001662
-0.000183
-0.001827
-0.000183
-0.003635
-0.001005
-0.001169
-0.002155
-0.001827
-0.000676
-0.001169
0.001132
-0.001662
0.000639
-0.000841
-0.001991
-0.000347
-0.001005
-0.004785
-0.005278
-0.001334
-0.004621
-0.001498
-0.000512
-0.00347
-0.002813
0.00409
-0.003635
0.000474
-0.006429
-0.003799
0.00146
-0.001005
-0.00232
-0.003142
-0.001005
-0.002155
0.001132
-0.00232
0.005076
-0.001169
-0.001334
-0.001498
-0.000841
-0.002648
-0.001498
-0.001005
0.00031
0.003104
-0.002813
-0.000512
-0.006429
-0.000183
-0.001662
-1.9e-05
-0.001662
-0.001334
0.000803
0.001625
-0.000512
0.001296
0.00294
-0.004785
-0.001991
-0.003799
-0.002648
-0.005278
-0.002155
-0.003963
-0.002484
-0.002484
-0.002155
0.000146
-0.000841
-0.000841
-0.002155
0.000803
-0.00347
-0.001991
-0.004621
-0.003799
-0.004292
-0.004949
-0.001991
-0.004456
-0.00347
-0.001662
-0.001827
-0.000183
0.002282
0.000146
0.000639
-0.001334
-0.000347
-0.001662
-0.002484
-0.002977
-0.003799
0.000474
-0.001005
-0.003635
-0.000512
-0.002648
-0.001498
-0.001169
-0.001334
-0.001498
-0.002813
0.003597
-0.00232
-0.001991
-0.002484
-0.004128
-0.003306
-0.003142
-0.005936
-0.001662
-0.003142
-0.003799
-0.001991
-0.002484
-0.001827
-0.002155
0.000146
-0.000183
0.000146
-0.001005
-0.001169
-0.002484
-0.004785
-0.006264
-0.004128
-0.005278
-0.004128
-0.00347
-0.002977
-0.001498
-0.001334
-0.002648
-0.001005
-0.002813
-0.003142
0.000146
-0.000512
0.00031
-0.000841
-0.002813
-0.000183
-0.006922
-0.002977
-0.003799
-0.003306
-0.003306
-0.001334
-0.002484
-0.00232
-0.000841
-0.002155
-0.001827
0.001132
0.000639
0.000639
-0.005771
-0.001498
-0.002977
-0.00232
-0.001334
-0.000347
0.001296
-0.001827
-0.002155
0.000639
-0.001827
-0.001662
-0.001005
-0.001662
-0.000347
-0.002155
-1.9e-05
-0.001334
0.00146
-0.000183
-0.000183
-0.003306
-0.005278
-0.002648
-0.003142
-0.00347
-0.004292
-0.000183
-0.001991
-0.002977
-0.002155
0.000639
-0.005114
-0.002155
-0.000841
-0.001827
-0.001005
-0.002484
-0.00232
-0.002484
-0.001991
-0.005936
0.000803
-0.003306
-0.002813
-0.004128
-0.001005
-0.001334
-0.00232
0.003597
0.011322
0.017896
0.024799
0.031538
0.034661
0.045015
0.049453
0.056849
0.060958
0.067861
0.071641
0.076079
0.081502
0.086269
0.089227
0.09235
0.097445
0.105005
0.103362
0.108621
0.112237
0.115195
0.121934
0.12292
0.127358
0.129659
0.131467
0.136726
0.13837
0.138534
0.140013
0.143465
0.143465
0.147081
0.151683
0.149875
0.153655
0.156285
0.157928
0.159736
0.158586
0.16401
0.165982
0.168447
0.16779
0.168283
0.166475
0.167954
0.167954
0.166804
0.173542
0.170913
0.173707
0.173378
0.178637
0.175186
0.180116
0.179952
0.181924
0.178966
0.181431
0.179623
0.174693
0.179952
0.180281
0.183075
0.179459
0.182253
0.183568
0.187513
0.182089
0.187513
0.188334
0.190635
0.188992
0.189156
0.191786
0.18932
0.188827
0.188499
0.192608
0.188499
0.1908
0.189156
0.192772
0.190307
0.189978
0.192772
0.194251
0.193922
0.193101
0.200168
0.194416
0.196059
0.194251
0.192608
0.194251
0.192443
0.193594
0.195402
0.192936
0.195237
0.197867
0.192936
0.19458
0.195566
0.191786
0.197045
0.194251
0.197867
0.197538
0.196059
0.196388
0.20099
0.19721
0.196223
0.19721
0.19458
0.194416
0.193429
0.195073
0.195073
0.195566
0.195237
0.205921
0.195402
0.19721
0.198689
0.196059
0.199182
0.194416
0.199511
0.19836
0.197538
0.19836
0.203455
0.196223
0.196059
0.197538
0.19836
0.199346
0.198524
0.19836
0.197045
0.198853
0.197045
0.203455
0.194251
0.199182
0.199346
0.198853
0.195402
0.197538
0.197045
0.197374
0.197867
0.198524
0.199018
0.196059
0.198031
0.197045
0.20099
0.195566
0.19195
0.198196
0.198689
0.197045
0.198853
0.192608
0.197045
0.196388
0.196881
0.196059
0.198196
0.198689
0.197538
0.199346
0.198524
0.196059
0.191457
0.199182
0.199182
0.200825
0.198524
0.197867
0.196059
0.200332
0.199018
0.197703
0.19721
0.183568
0.195402
0.194909
0.20099
0.199346
0.200004
0.198853
0.201812
0.199018
0.199675
0.197538
0.183897
0.188499
0.18554
0.181103
0.162695
0.115689
0.069011
0.045508
0.028744
0.019704
0.013787
0.001789
0.009678
0.012144
0.008363
0.00409
0.006062
0.003926
0.010171
0.009021
0.011158
0.010993
0.00146
0.004583
0.00409
0.000803
0.001296
0.001789
0.001789
0.004255
0.002611
0.000146
0.00409
-0.003142
-0.000183
0.003761
0.001954
0.002447
0.001954
0.003268
0.002611
0.004255
-0.001827
0.000639
0.000474
-0.000676
0.003104
0.001132
0.003926
0.001789
0.001789
0.000967
0.000967
0.000639
0.000474
-0.001662
-0.001169
-1.9e-05
0.000474
0.001296
0.001296
0.000146
-0.000347
0.001296
0.001296
0.000146
0.000639
0.000474
0.000474
0.000474
-1.9e-05
0.000146
-0.000347
0.000474
-0.000347
-0.000183
-0.000347
-0.001498
-0.000512
0.000803
-1.9e-05
0.000639
0.000803
-1.9e-05
0.000967
0.000474
-0.000183
-1.9e-05
0.000146
-0.000676
0.001625
0.001296
0.00146
-0.000676
-0.000347
0.000146
-0.000347
0.00031
-1.9e-05
-0.000347
-0.000347
0.001132
0.000146
0.001625
0.000639
0.00031
0.000639
-0.000512
-0.000512
-1.9e-05
-0.001334
-0.001334
0.000803
-0.000183
0.00146
0.00031
0.000474
-0.000512
0.000803
0.000967
0.000474
0.00146
0.001296
0.004255
0.000639
0.002775
0.002775
0.002447
0.002611
0.003926
0.00294
0.004419
0.004748
0.008857
0.0105
0.023484
0.030059
0.035318
0.045015
0.04896
0.056191
0.058821
0.067861
0.072298
0.070819
0.081667
0.085447
0.087255
0.095473
0.095637
0.101554
0.104348
0.107964
0.113388
0.115524
0.120291
0.122756
0.1267
0.128673
0.133439
0.134261
0.137877
0.139849
0.142479
0.140835
0.141657
0.141821
0.142972
0.150368
0.150204
0.153984
0.156285
0.157928
0.159572
0.165817
0.163681
0.165324
0.165653
0.169598
0.168776
0.170913
0.170091
0.170913
0.17272
0.173049
0.174528
0.174035
0.177815
0.18061
0.179623
0.181596
0.181596
0.181103
0.189814
0.185705
0.186198
0.186855
0.183897
0.183239
0.184883
0.184554
0.184061
0.184718
0.185376
0.188827
0.188992
0.188006
0.188827
0.190964
0.186855
0.190635
0.191293
0.190142
0.1908
0.186033
0.187841
0.195895
0.189156
0.191128
0.19195
0.191786
0.196223
0.193101
0.193429
0.193101
0.195566
0.19573
0.196552
0.195895
0.196552
0.197538
0.195237
0.198689
0.194416
0.19573
0.195895
0.195073
0.191786
0.197867
0.195073
0.195237
0.19573
0.19573
0.200168
0.199839
0.200661
0.200004
0.198853
0.198031
0.196223
0.198031
0.199346
0.193594
0.198524
0.196059
0.198853
0.196881
0.196059
0.194251
0.19721
0.199839
0.19836
0.197703
0.198689
0.199346
0.199675
0.203784
0.196388
0.196881
0.197538
0.197374
0.198031
0.194744
0.198524
0.198853
0.198524
0.199018
0.19721
0.198853
0.19721
0.198853
0.199182
0.198031
0.200661
0.197867
0.201647
0.201483
0.200825
0.19721
0.197538
0.198031
0.199511
0.200004
0.197867
0.201319
0.200004
0.201976
0.200661
0.202305
0.197867
0.200332
0.19836
0.199182
0.201812
0.200168
0.199346
0.200661
0.197867
0.19721
0.19721
0.19721
0.202469
0.195073
0.200497
0.199511
0.200168
0.197538
0.197374
0.197538
0.196881
0.200168
0.198689
0.200004
0.199346
0.199346
0.199182
0.20099
0.196223
0.19836
0.200168
0.197867
0.201319
0.200661
0.198689
0.200004
0.201319
0.203455
0.203455
0.200004
0.201483
0.198853
0.200661
0.200332
0.198031
0.198196
0.201319
0.198689
0.20477
0.202962
0.199018
0.199018
0.200661
0.199675
0.202469
0.200661
0.198524
0.201154
0.198196
0.201483
0.198524
0.200825
0.202305
0.195566
0.196059
0.203455
0.196059
0.196881
0.195895
0.199511
0.200332
0.199346
0.20099
0.199346
0.200332
0.196881
0.200661
0.197867
0.198524
0.198196
0.199346
0.199839
0.199018
0.200004
0.200825
0.201154
0.197374
0.202469
0.19836
0.200661
0.201483
0.201319
0.198689
0.200497
0.197703
0.201319
0.199346
0.200332
0.200661
0.202305
0.200332
0.197374
0.200004
0.199839
0.201483
0.200168
0.200661
0.198524
0.200661
0.200332
0.199018
0.20214
0.199675
0.200004
0.200497
0.197045
0.197867
0.199018
0.198031
0.201647
0.202469
0.201319
0.198689
0.19573
0.199018
0.202305
0.19836
0.20099
0.200661
0.199511
0.199839
0.199675
0.199018
0.197703
0.19836
0.197538
0.200497
0.199182
0.196881
0.19836
0.199839
0.20099
0.200332
0.199018
0.200332
0.200661
0.201976
0.202305
0.199182
0.200497
0.201812
0.201154
0.196717
0.20099
0.19721
0.196388
0.19721
0.199839
0.199182
0.19836
0.197538
0.202962
0.201483
0.198689
0.202633
0.19721
0.198031
0.198196
0.198196
0.198689
0.194087
0.199839
0.199018
0.197045
0.19573
0.200332
0.200004
0.199018
0.199839
0.202633
0.196223
0.201647
0.199346
0.202469
0.20099
0.200661
0.19836
0.199018
0.196881
0.198524
0.19721
0.197374
0.20099
0.197867
0.200661
0.20214
0.202962
0.204441
0.200825
0.198689
0.202469
0.199839
0.197703
0.195073
0.199675
0.19721
0.197538
0.198853
0.199018
0.198853
0.19573
0.200661
0.199182
0.201319
0.198196
0.202305
0.200332
0.199346
0.199018
0.196552
0.194087
0.194087
0.196223
0.19458
0.197867
0.199511
0.199839
0.199839
0.199839
0.199675
0.199346
0.199346
0.201319
0.197867
0.200825
0.200825
0.19836
0.198689
0.197045
0.200497
0.196552
0.199018
0.196717
0.200004
0.200825
0.201319
0.199346
0.202962
0.197867
0.202798
0.19836
0.199182
0.199346
0.19836
0.197867
0.198031
0.200661
0.198524
0.19836
0.197538
0.197703
0.196388
0.199511
0.198689
0.199182
0.200661
0.199839
0.19573
0.196881
0.199346
0.197374
0.198524
0.201812
0.20099
0.200332
0.199839
0.197703
0.201483
0.197703
0.199346
0.195566
0.201812
0.198853
0.194087
0.199018
0.197538
0.201154
0.19836
0.200332
0.199346
0.201154
0.197867
0.199018
0.198689
0.203455
0.199675
0.199018
0.201483
0.19721
0.199839
0.19836
0.198524
0.198524
0.201154
0.197703
0.20099
0.199839
0.20099
0.199182
0.202633
0.193922
0.196552
0.19721
0.197538
0.197374
0.195402
0.197538
0.199346
0.19836
0.196552
0.200004
0.200332
0.206249
0.200332
0.201319
0.199675
0.198689
0.199182
0.200332
0.20099
0.195402
0.200332
0.198524
0.197045
0.197703
0.196223
0.199511
0.20099
0.199346
0.201647
0.204934
0.200004
0.200497
0.200004
0.20099
0.197538
0.196223
0.199018
0.198689
0.197867
0.199511
0.198031
0.20099
0.198196
0.199839
0.200332
0.199839
0.197703
0.201319
0.203291
0.197538
0.197045
0.197045
0.197867
0.199018
0.199018
0.195566
0.20099
0.196388
0.198689
0.199346
0.202305
0.20099
0.199018
0.197867
0.201154
0.20099
0.199018
0.200168
0.197867
0.201483
0.20099
0.201319
0.198031
0.201483
0.199511
0.19836
0.201976
0.200332
0.202305
0.197374
0.201319
0.202962
0.201483
0.198031
0.198196
0.198031
0.202633
0.197538
0.201319
0.19721
0.198689
0.198689
0.198031
0.199839
0.199675
0.199018
0.20099
0.201976
0.201154
0.205099
0.197374
0.199346
0.198853
0.200004
0.200661
0.199346
0.197045
0.197045
0.198689
0.197703
0.198853
0.20099
0.197867
0.19836
0.201647
0.198853
0.20214
0.199839
0.201976
0.20214
0.202798
0.201812
0.201812
0.200825
0.200497
0.199675
0.200825
0.202469
0.201154
0.201647
0.200497
0.197045
0.19836
0.200004
0.199675
0.202962
0.200661
0.201647
0.199675
0.201319
0.199675
0.200004
0.196717
0.199511
0.199839
0.198689
0.202305
0.200168
0.200168
0.200168
0.2074
0.200825
0.201647
0.202305
0.201483
0.201483
0.200825
0.200661
0.200168
0.198031
0.197867
0.203455
0.194251
0.196059
0.198689
0.200497
0.202633
0.201812
0.197045
0.202305
0.200497
0.202633
0.201154
0.202305
0.19836
0.198689
0.201319
0.199839
0.201483
0.197703
0.201976
0.199511
0.201812
0.202798
0.201319
0.201483
0.202305
0.199182
0.200661
0.201812
0.199675
0.201812
0.199675
0.20099
0.200004
0.200168
0.198031
0.199839
0.199018
0.196881
0.197703
0.200661
0.20099
0.201154
0.199675
0.198196
0.200825
0.196717
0.200661
0.200332
0.20099
0.199018
0.200168
0.201976
0.205263
0.199839
0.200497
0.201319
0.194416
0.199839
0.199182
0.200497
0.201812
0.203291
0.199675
0.202633
0.200168
0.198853
0.201319
0.196717
0.19721
0.200661
0.197374
0.196223
0.200332
0.198196
0.201812
0.198031
0.200004
0.19836
0.199511
0.199346
0.200661
0.198689
0.197374
0.201647
0.199511
0.200168
0.198853
0.200825
0.198196
0.196388
0.196717
0.19836
0.194416
0.197374
0.199182
0.198031
0.197538
0.199675
0.200661
0.199346
0.199018
0.198853
0.202305
0.203948
0.201976
0.201812
0.199018
0.198031
0.202798
0.19836
0.198031
0.199346
0.199511
0.198689
0.200332
0.199018
0.199346
0.199675
0.199182
0.197867
0.201154
0.200825
0.199511
0.201319
0.196881
0.199839
0.198853
0.199839
0.198524
0.199018
0.198031
0.202469
0.197867
0.199675
0.199839
0.198689
0.200825
0.195237
0.201154
0.203784
0.201812
0.199839
0.203126
0.195073
0.19836
0.197867
0.197703
0.198853
0.196552
0.201319
0.198853
0.201319
0.200168
0.199511
0.193594
0.196388
0.199675
0.197703
0.198853
0.20099
0.200168
0.198853
0.199182
0.200825
0.201647
0.202469
0.197374
0.199182
0.200004
0.19721
0.201319
0.202305
0.199839
0.199182
0.203455
0.195895
0.198031
0.200332
0.19836
0.197867
0.197538
0.199675
0.197867
0.197538
0.199346
0.201319
0.198196
0.199839
0.199346
0.200168
0.199182
0.201154
0.198853
0.20099
0.192608
0.197045
0.199675
0.193429
0.199018
0.199182
0.199018
0.199839
0.201812
0.200825
0.202305
0.199839
0.201647
0.200168
0.199346
0.19836
0.201319
0.197045
0.199511
0.199675
0.192608
0.19458
0.197374
0.199675
0.195402
0.201812
0.199182
0.203126
0.198524
0.199511
0.200497
0.198524
0.19836
0.198196
0.199675
0.197703
0.200004
0.19573
0.199839
0.197538
0.197045
0.200332
0.19836
0.200332
0.202469
0.201647
0.199182
0.202962
0.198196
0.201812
0.201154
0.199346
0.197867
0.199346
0.196552
0.20099
0.196881
0.200168
0.203291
0.198853
0.199675
0.200497
0.201483
0.199839
0.20099
0.201647
0.201647
0.199346
0.200661
0.201647
0.201647
0.201647
0.201976
0.199018
0.200004
0.198031
0.199511
0.202469
0.199346
0.198689
0.201812
0.198689
0.197374
0.201483
0.19836
0.198689
0.199346
0.201154
0.197538
0.200497
0.197703
0.200168
0.199018
0.196717
0.200004
0.20099
0.19836
0.197703
0.197045
0.196552
0.201647
0.199511
0.20214
0.199675
0.20099
0.199182
0.19836
0.199182
0.198031
0.20362
0.198689
0.200332
0.199182
0.201647
0.199018
0.201647
0.199675
0.200497
0.199346
0.207071
0.203455
0.200332
0.197374
0.199182
0.198853
0.197867
0.200661
0.199839
0.198689
0.199182
0.199182
0.199511
0.200168
0.199018
0.200497
0.199675
0.199346
0.200332
0.198853
0.199675
0.198524
0.201319
0.198196
0.201154
0.198853
0.199182
0.199675
0.200661
0.196388
0.194251
0.195566
0.197045
0.195566
0.198524
0.200332
0.199346
0.200004
0.200004
0.199675
0.197374
0.200168
0.197867
0.200661
0.197703
0.200168
0.199675
0.19836
0.20099
0.202798
0.199675
0.199346
0.199839
0.200332
0.20477
0.198031
0.200497
0.200168
0.202469
0.200661
0.201812
0.197867
0.198031
0.200004
0.199018
0.199675
0.198853
0.201976
0.200168
0.201319
0.200497
0.204606
0.195402
0.200004
0.198853
0.198689
0.199182
0.19836
0.197538
0.198689
0.200168
0.198524
0.202798
0.198524
0.192936
0.197703
0.201647
0.198031
0.201154
0.199182
0.201483
0.200004
0.199675
0.205099
0.198853
0.199839
0.199182
0.200332
0.199018
0.198689
0.19573
0.200332
0.201647
0.200332
0.204934
0.197867
0.199346
0.201319
0.20099
0.199839
0.197867
0.201812
0.200168
0.198853
0.201647
0.203291
0.199511
0.198689
0.201154
0.200825
0.200168
0.199839
0.201647
0.201812
0.200497
0.201154
0.20362
0.198689
0.196552
0.195895
0.199018
0.196717
0.196552
0.202798
0.198031
0.200168
0.199346
0.201154
0.20214
0.202305
0.200661
0.200497
0.198524
0.20214
0.200004
0.200497
0.200497
0.200661
0.196717
0.195073
0.200825
0.199018
0.199839
0.201812
0.198524
0.201154
0.202305
0.200168
0.203948
0.193429
0.198524
0.200825
0.199346
0.202798
0.198689
0.200332
0.200497
0.199675
0.200168
0.201154
0.1908
0.19721
0.200497
0.200497
0.200825
0.200661
0.20099
0.20099
0.205263
0.201483
0.200825
0.190142
0.197867
0.202962
0.199182
0.197867
0.197867
0.199182
0.202633
0.201812
0.201319
0.200168
0.188334
0.200661
0.200332
0.199346
0.198853
0.205756
0.197538
0.199675
0.203784
0.202962
0.199018
0.19195
0.200661
0.201154
0.202962
0.199018
0.204113
0.198689
0.202633
0.200661
0.200497
0.203948
0.194087
0.199346
0.198853
0.198689
0.199346
0.200497
0.198689
0.198689
0.201319
0.201976
0.199018
0.197374
0.196881
0.19721
0.199839
0.200168
0.197374
0.199346
0.201483
0.197867
0.200497
0.199839
0.200004
0.196881
0.200497
0.199346
0.201319
0.18554
0.058164
0.006556
0.002611
0.000639
0.000967
0.000803
0.000803
0.000803
0.000803
0.000146
-0.001334
-0.001334
0.001132
-0.000676
0.00031
-0.000841
-0.001169
0.000474
0.000146
0.00146
-0.000183
0.000803
0.000146
-1.9e-05
-0.000183
0.000474
-0.001005
-0.000512
-0.000183
0.000146
0.000639
0.000474
0.000803
-1.9e-05
0.00031
-0.000512
-0.000183
-0.000183
-0.000347
-0.000183
0.000474
0.000146
0.000639
0.00031
0.00031
0.000146
-0.000183
-0.000183
-0.000347
-0.000347
-1.9e-05
0.000146
0.000474
0.000474
0.000474
0.00031
-0.000183
-1.9e-05
-0.000512
-0.000183
-0.000512
-1.9e-05
0.000146
0.00031
0.000474
0.00031
0.000474
-1.9e-05
-0.000183
-0.000512
-0.000347
-0.000512
-1.9e-05
0.000146
0.00031
0.00031
0.000474
0.000146
-1.9e-05
-1.9e-05
-0.000512
-0.000676
-0.000347
-0.000183
-1.9e-05
0.00031
0.00031
0.00031
0.000474
-1.9e-05
-1.9e-05
-0.000347
-0.000512
-0.000676
-0.000183
-1.9e-05
0.000146
0.00031
0.000474
0.000474
-0.000183
-0.000183
-0.000347
-0.000347
-0.000512
-0.000183
0.000146
0.000146
0.00031
0.000639
0.00031
-1.9e-05
-0.000183
-0.000183
-0.000512
-0.000347
-0.000183
-1.9e-05
0.000146
0.00031
0.000474
0.000474
0.000146
-0.000183
-0.000347
-0.000512
-0.000512
-0.000183
0.000146
0.00031
0.00031
0.000474
0.000474
0.000146
-1.9e-05
-0.000512
-0.000512
-0.000347
-0.000183
0.000146
0.00031
0.000146
0.000474
0.000474
-0.000183
-0.000183
-0.000347
-0.000347
-0.000347
-0.000183
0.000146
0.000146
0.00031
0.000474
0.000146
-0.000183
-0.000183
-0.000347
-0.000512
-0.000512
-0.000183
0.000146
0.000146
0.000474
0.000474
0.00031
-1.9e-05
-0.000183
-0.000512
-0.000512
-0.000512
-0.000347
0.000146
0.000474
0.000146
0.000474
0.000639
-0.000183
-0.000347
-0.000512
-0.000347
-0.000347
-0.000347
-1.9e-05
0.000146
0.000474
0.000146
0.000146
0.000146
-0.000347
-0.000183
-0.000347
-0.000512
-0.000347
-1.9e-05
0.000146
0.00031
0.000474
0.00031
-1.9e-05
-1.9e-05
-0.000347
-0.000347
-0.000347
-0.000183
0.000146
0.000146
0.00031
0.00031
-1.9e-05
-1.9e-05
-0.000183
-0.000183
-0.000347
-0.000347
-0.000183
0.00031
0.000474
0.00031
0.000474
