Ladekurvenmessung

Zeit: 2018_05_04 11.34.12

Info: FVA3, v = 0.272, T = 80, F = 20, h = 97.8

Ladewiderstand[Ohm]: 1012700

Störkapazität[pF]: 0.000000

Entladezeit[ms]: 200

Abtastrate[Hz]: 250000

Anzahl der Messwerte: 2500.000000

Verzögerung[ms]: 3

Ladespannung[V]: 0.200000


Kurve 1

-0.000347
-0.000183
-0.000183
-0.000183
0.00031
-0.000183
-1.9e-05
-0.000183
-0.000347
-0.000347
-0.000512
-0.000183
-0.000183
-0.000183
-0.000183
-1.9e-05
-1.9e-05
-1.9e-05
-0.000183
-1.9e-05
-0.000183
-0.000347
-0.000183
-0.000183
-0.000183
-0.000183
-0.000183
-0.000183
-0.000183
-0.000183
0.000639
0.000803
0.000474
-0.000183
-0.000183
-0.000183
-0.000183
-0.000347
-1.9e-05
0.000146
-1.9e-05
-0.000347
-0.000347
-0.000841
-1.9e-05
-0.001169
-0.000676
-0.000183
-0.000183
-0.000183
-0.000183
-0.000183
0.000474
-1.9e-05
-0.001991
-1.9e-05
-0.000183
-0.000183
-0.000347
0.00031
0.000146
0.000146
0.001625
-0.000512
0.00146
-1.9e-05
-0.000512
-0.000512
-0.000183
-0.000183
-1.9e-05
0.000146
0.000146
-0.000183
0.000146
-0.000512
0.000474
0.001132
-0.001169
-0.001005
-1.9e-05
-0.001005
-0.001991
0.001625
-0.001991
0.001625
-0.001498
0.002282
0.000146
0.003433
0.002611
0.00409
0.003433
0.003597
0.003104
0.00146
0.004912
-1.9e-05
-0.000512
-0.000183
0.000146
-0.000183
-1.9e-05
-1.9e-05
0.00031
-1.9e-05
0.00031
-0.000676
0.001296
0.00031
-0.000347
-0.000841
-0.000183
-0.000347
-1.9e-05
0.001789
0.000639
0.001296
0.001625
0.002118
0.000146
-1.9e-05
0.004583
0.001132
0.001296
0.001789
-1.9e-05
0.000474
0.003268
-0.000183
-0.000676
0.000146
-0.000676
0.001625
0.000146
-0.001827
-0.000512
-0.001169
-1.9e-05
0.000639
0.001296
-0.000841
0.000146
-1.9e-05
-0.000512
0.000474
0.000967
0.002775
0.002611
0.006391
0.005898
-0.000183
0.000146
0.002447
0.00294
0.008363
0.003597
0.005898
0.008035
0.008035
0.004748
0.004255
0.008528
0.000146
0.003104
0.002775
0.007706
0.006391
0.006227
0.008363
0.006391
0.00294
0.000146
-1.9e-05
0.000146
0.001296
0.001132
-0.004785
0.000146
-0.000183
0.000146
0.000146
-0.000183
0.000146
-0.000512
-1.9e-05
-0.000841
-0.000347
-0.00232
-0.001334
-0.000676
-1.9e-05
-1.9e-05
0.001132
0.000146
0.000146
0.004419
0.000146
-0.001662
0.001132
0.001132
-0.000183
0.001954
0.000967
0.002775
-0.000183
0.000967
-0.001005
-0.002977
0.002611
0.002611
0.000639
0.00409
0.004419
0.001132
0.001132
0.00031
0.002775
0.003104
0.000803
-0.001169
0.000146
-0.000676
-0.000183
-0.000676
-0.006429
-0.000183
0.003268
0.003433
0.004748
0.005076
-0.002648
0.001132
-0.001498
0.003104
0.004748
0.007706
0.006884
0.008528
0.011651
0.00935
0.011158
0.010336
0.013623
-1.9e-05
-0.000676
0.002118
0.004255
0.001954
0.007213
0.00672
0.00672
0.010664
0.00935
0.006062
0.010007
0.010336
0.009185
0.011158
0.015431
0.015924
0.011651
0.008692
0.00031
0.001296
-0.000512
0.004419
0.000146
-0.000676
0.002282
0.002447
0.007049
0.003433
0.006391
0.006556
0.008692
0.008199
0.011651
0.007706
0.012965
0.014116
0.010664
0.0105
0.007706
0.010007
0.003268
0.008528
0.001954
-0.000183
0.000803
0.00031
-0.001005
0.001132
0.001789
0.003104
0.002118
0.004583
-0.000841
0.000967
0.000967
0.001296
-0.000183
0.005241
0.000639
0.000639
0.002282
-1.9e-05
-1.9e-05
-0.000676
-0.000841
-0.003799
-0.000183
-0.001169
0.002118
0.002447
0.00294
0.001132
-0.000676
-0.000347
0.002282
0.003104
0.002447
0.003433
0.001296
0.003268
0.001132
0.003761
-0.002484
-0.001662
-0.000841
0.00031
-0.000183
0.000639
-0.001169
-0.000512
-0.000183
0.000146
-0.000347
-0.000183
-0.000183
-0.000347
-1.9e-05
-0.000676
0.001789
-0.000512
-1.9e-05
-0.000183
-1.9e-05
-0.000183
0.000146
-0.000512
0.000146
0.000474
-0.000841
-0.001005
-0.001498
0.000639
-0.001827
-1.9e-05
-0.00232
-0.000347
-0.001827
0.000967
-0.003142
0.000474
-0.000512
0.00031
-1.9e-05
-0.000347
0.000146
0.000146
-0.000347
-0.000183
-0.000183
-0.000512
-0.000183
-0.001169
-1.9e-05
-0.000183
-1.9e-05
-0.000183
-0.000183
-0.000347
-1.9e-05
-0.000512
-0.000183
-0.000347
-0.000347
-0.000183
-0.000183
-1.9e-05
-0.000183
-1.9e-05
-0.000183
-0.000183
-0.000347
-0.000347
-0.000512
-0.000347
-0.000183
-0.000183
-0.000183
0.000146
-0.000183
-0.000183
-0.000183
-0.000347
-0.000512
-0.000183
-0.000183
-0.000347
-1.9e-05
-0.000183
-1.9e-05
-1.9e-05
-1.9e-05
-0.000183
-0.000183
-0.000347
-0.000347
-0.000347
-1.9e-05
-0.000183
-0.000183
-1.9e-05
-1.9e-05
-1.9e-05
-0.000512
-1.9e-05
-0.000512
-0.000347
-0.000183
-0.000183
-1.9e-05
0.000146
-1.9e-05
-0.000183
-0.000183
-0.000183
-0.000347
-0.000347
-0.000347
-0.000512
0.000146
-0.000347
-0.000183
-0.000183
0.000146
-0.000183
-0.000347
-0.000512
-0.000183
-0.000347
-0.000347
-0.000183
-0.000183
-0.000183
-0.000183
-1.9e-05
0.000146
-0.000183
-0.000512
-0.000512
-0.000183
-0.000183
-0.000183
-0.000183
-0.000183
-1.9e-05
-1.9e-05
-0.000183
-0.000347
-0.000183
-0.000347
-0.000183
0.000146
-0.000512
-1.9e-05
-1.9e-05
-1.9e-05
0.000146
0.000146
-0.000347
-1.9e-05
-0.000347
-0.000183
-0.000676
-1.9e-05
-0.000183
0.000146
-1.9e-05
-0.000183
0.00031
-0.000183
-0.000183
-0.000347
-0.000347
-0.000512
-0.000347
0.000146
-0.001005
-0.000183
-1.9e-05
-1.9e-05
-0.000183
-0.000183
-0.000183
-1.9e-05
-0.000512
0.00031
-0.000183
-0.000512
-0.000512
0.001954
-0.002648
-0.000183
-0.000347
-0.000512
-0.000183
-0.001169
-1.9e-05
-0.001991
-1.9e-05
-1.9e-05
-0.000183
-1.9e-05
-0.000347
-0.000512
-0.000183
-0.000183
-0.000183
-0.000512
-0.000183
-0.000183
-0.000183
-1.9e-05
-0.000347
-0.000183
-0.000183
-0.000512
-0.000183
-0.000183
-0.000512
-0.000183
-0.000183
-0.000183
-0.000183
-0.000183
-0.000183
-0.000347
-0.000347
-0.000347
-0.000183
-0.000347
-0.000183
-1.9e-05
-0.000183
-1.9e-05
-0.000183
-0.000183
-0.000183
-0.000347
-0.000347
-0.000347
-0.000347
-0.000183
-0.000183
-0.000183
-1.9e-05
-0.000347
-0.000183
-0.000183
-0.000347
-0.000183
-0.000512
-0.000183
-0.000347
0.000146
-0.000183
-1.9e-05
-0.000183
-1.9e-05
-0.000347
-0.000347
-0.000512
-0.000183
-0.000512
-0.000183
-1.9e-05
-0.000183
-0.000183
-1.9e-05
-0.000512
-0.000347
-0.000183
-0.000183
-0.000183
-0.000183
-0.000183
-0.000183
-0.000183
0.00031
0.001625
0.003926
-0.000183
-0.000841
-0.001005
0.001789
-0.000841
0.001296
-0.001991
0.001954
0.000803
-0.000841
0.000146
-0.000676
-0.000347
-0.000512
-0.000347
-0.000347
-0.000183
-0.000183
-0.000347
-0.000183
-1.9e-05
-0.000183
-0.000183
-0.000347
-0.000183
-0.000183
-0.000347
-0.000183
-0.000183
-0.000183
-1.9e-05
0.000146
-0.000183
-0.000347
-0.000347
-0.000347
-0.000347
-0.000183
-0.000347
-0.000183
-0.000183
-0.000183
-1.9e-05
-0.000183
-0.000183
-0.000347
-0.000347
-1.9e-05
-0.000183
-0.000347
-0.000183
-0.000183
-1.9e-05
-0.000183
-0.000183
-0.000183
-0.000183
-0.000347
-0.000347
-0.000183
-0.000347
-0.000183
-0.000183
-0.000183
-0.000347
-0.000183
-0.000183
-0.000347
-0.000512
-0.000512
-0.000347
-0.000183
-0.000347
-0.000183
-0.000183
-1.9e-05
-0.000183
-0.000183
-0.000347
-0.000512
-0.000347
-0.000347
-0.000347
-0.000183
-1.9e-05
-1.9e-05
-1.9e-05
-0.000183
-0.000183
-0.000183
-0.000183
-0.000512
-0.000347
-0.000183
-0.000183
-0.000183
-0.000183
-0.000347
-0.000183
-0.000183
-0.000512
-0.000512
-0.000347
0.000639
-0.001005
-0.000347
-1.9e-05
-0.001334
0.000474
-0.001005
-0.000676
-0.00347
-0.000512
-0.000347
0.000967
-0.001827
0.002447
0.004255
0.000803
-0.002648
0.002282
0.003926
0.001296
0.00294
0.002118
0.005569
0.000639
0.002611
0.003433
0.005076
0.004255
0.004912
0.006391
0.006556
0.00787
0.005898
0.008363
0.001625
0.000639
0.000474
-0.001498
0.00031
0.001954
-0.000347
-1.9e-05
-1.9e-05
0.000639
0.003597
0.006062
-0.000183
0.000146
0.004419
0.002611
0.005405
0.008692
0.008035
0.000639
0.010993
0.020033
0.024306
0.029401
0.035154
0.03614
0.009185
0.000803
0.006556
0.004255
0.000146
-1.9e-05
0.002447
0.001954
0.001132
0.007706
0.009514
0.012308
0.00146
0.010336
0.011651
0.008857
0.00294
-0.00232
0.005076
0.008857
0.002118
0.006884
0.00146
-0.000676
-1.9e-05
-0.000347
-0.000183
0.000474
-0.005607
-0.000841
0.001789
0.00294
0.00672
0.002118
0.003761
0.002447
0.012308
0.01428
0.016088
0.019211
0.019211
0.031373
0.034168
0.040084
0.043207
0.045837
0.046823
0.039263
-0.000512
0.006391
0.012144
0.000967
0.003597
0.001132
-1.9e-05
-1.9e-05
0.000639
0.001132
0.005734
0.011651
0.019211
0.024306
0.02595
0.023484
0.033017
0.03236
0.01576
-1.9e-05
-0.000183
-0.000183
0.000474
-0.000347
-0.000183
-0.000347
-1.9e-05
-1.9e-05
-0.000347
0.000146
-1.9e-05
-0.000183
-0.000347
-0.000183
-0.000512
-0.000347
-0.000347
-0.000183
-1.9e-05
-1.9e-05
-0.000183
-1.9e-05
-1.9e-05
-0.000183
-1.9e-05
-0.000347
-0.000183
-0.000512
-1.9e-05
-1.9e-05
0.000146
-1.9e-05
0.000146
0.000146
-0.000512
0.000474
-0.000183
0.00146
-0.000183
-0.000183
-1.9e-05
-0.000347
-1.9e-05
-0.000183
0.000146
-1.9e-05
-0.000512
0.000146
-0.000347
-0.000347
0.000146
0.000146
0.000474
-1.9e-05
0.00031
0.00031
-1.9e-05
-0.000183
-0.000183
-0.000183
-1.9e-05
-0.000347
-0.000347
-1.9e-05
-1.9e-05
-1.9e-05
-1.9e-05
-0.000183
-0.000183
-0.000512
-1.9e-05
-0.000183
-1.9e-05
-1.9e-05
-0.000183
-0.000183
-0.000183
-0.000183
-0.000183
-0.000347
-0.000512
-0.000512
-0.000183
-0.000347
-0.000183
-1.9e-05
-0.000183
0.000146
-0.000183
-1.9e-05
-1.9e-05
-0.000183
-0.000512
-0.000183
-0.000183
-1.9e-05
-1.9e-05
-0.000183
-1.9e-05
-0.000183
-0.000183
-0.000183
-0.000183
-0.000347
-0.000347
-0.000183
-1.9e-05
-1.9e-05
-1.9e-05
-1.9e-05
-0.000183
-0.000347
-0.000183
-0.000183
-0.000347
-0.000512
-0.000183
-0.000183
-0.000183
-0.000183
-0.000183
-1.9e-05
-0.000347
-0.000347
-0.000512
-0.000347
-0.000183
-0.000347
-0.000183
-0.000183
-0.000183
-0.000183
-0.000183
-0.000183
-0.000183
-0.000347
-0.000183
-0.000347
-0.000183
-0.000183
-1.9e-05
-1.9e-05
-0.000183
-0.000183
-1.9e-05
-0.000512
-0.000347
-0.000347
-0.000512
-1.9e-05
-1.9e-05
-1.9e-05
-0.000183
-1.9e-05
-0.000183
-0.000183
-0.000347
-0.000347
-0.000512
-0.000183
-0.000347
-1.9e-05
-0.000183
-0.000183
-1.9e-05
-1.9e-05
-1.9e-05
-0.000183
-0.000512
-0.000512
-0.000183
-0.000347
-0.000347
-0.000183
-1.9e-05
-0.000183
-0.000183
-0.000183
-0.000183
-0.000347
-0.000183
-0.000512
-0.000183
-1.9e-05
-0.000183
-0.000183
-0.000183
-0.000347
-0.000183
-0.000183
-0.000347
-0.000183
-0.000347
-1.9e-05
-0.000183
-1.9e-05
-0.000183
-0.000183
-0.000183
-0.000347
-0.000183
-0.000347
-0.000347
-0.000183
-0.000183
-1.9e-05
-0.000183
-0.000183
-0.000183
-1.9e-05
-0.000347
-1.9e-05
-0.000183
-1.9e-05
-0.000347
-0.000183
-1.9e-05
-1.9e-05
-1.9e-05
-0.000183
-0.000183
-0.000347
-0.000183
-0.000347
-0.000347
-0.000183
-0.000347
-0.000183
0.000146
-1.9e-05
-1.9e-05
-1.9e-05
-0.000347
-0.000183
-0.000512
-0.000512
-0.000347
-0.000183
-1.9e-05
0.000146
-0.000183
-0.000183
-1.9e-05
-0.000347
-0.000183
-0.000512
-0.000183
-0.000347
-1.9e-05
-0.000183
-0.000183
-0.000183
-1.9e-05
-1.9e-05
-0.000347
-0.000512
-0.000347
-0.000183
-1.9e-05
-0.000347
-1.9e-05
-1.9e-05
-1.9e-05
-1.9e-05
-0.000183
-0.000183
-0.000347
-0.000347
-0.000183
-0.000183
-0.000183
-0.000183
-0.000183
-0.000183
-0.000183
-0.000183
-0.000183
-0.000347
-0.000347
-0.000347
-0.000512
-0.000183
-0.000183
-0.000183
-0.000183
-1.9e-05
-0.000183
-0.000183
-0.000347
-0.000512
-0.000512
-0.000512
-0.000183
-1.9e-05
-1.9e-05
-0.000183
-0.000183
-0.000183
-0.000183
-0.000183
-0.000347
-0.000183
-0.000347
-0.000183
-1.9e-05
-0.000183
-1.9e-05
-1.9e-05
-1.9e-05
-0.000183
-0.000183
-0.000347
-0.000347
-0.000183
-0.000347
-0.000183
-0.000183
-0.000183
-1.9e-05
-1.9e-05
-0.000347
-1.9e-05
-0.000512
-0.000347
-0.000347
-0.000347
-0.000183
-0.000183
-0.000183
-1.9e-05
-1.9e-05
-1.9e-05
-0.000183
-0.000183
-0.000512
-0.000183
-0.000347
-1.9e-05
-0.000183
-0.000183
-0.000183
0.000146
-1.9e-05
-0.000183
-0.000347
-0.000183
-0.000512
-0.000183
-1.9e-05
0.00031
0.000474
-0.000183
0.000146
0.00031
-0.000183
-0.000183
-0.000347
-0.000512
-0.000183
0.00031
-1.9e-05
-1.9e-05
-1.9e-05
0.000146
0.001296
-0.000676
0.000803
0.001296
-1.9e-05
0.005898
0.003268
0.002282
-0.000347
-1.9e-05
-1.9e-05
-0.000183
-0.000183
-0.000347
-0.000347
-0.000512
-0.000512
-1.9e-05
-0.000183
-0.000183
0.000146
-1.9e-05
-1.9e-05
-0.000183
-0.000183
-0.000347
-0.000347
-0.000512
-0.000347
-0.000183
-0.000347
0.004748
-1.9e-05
-1.9e-05
-1.9e-05
0.000474
-0.000183
-0.000183
-0.000512
-0.000183
-0.000183
0.000146
-0.000183
-0.000183
-0.000183
-0.000183
-0.000183
-0.000512
-0.000347
-0.000183
-1.9e-05
-0.000183
-0.000183
-0.000183
-0.000183
-1.9e-05
-1.9e-05
-0.000183
-0.000512
-0.000512
-0.000183
-0.000183
-1.9e-05
-0.000183
-1.9e-05
-0.000183
-1.9e-05
-0.000183
-0.000347
-0.000347
-0.000347
-0.000183
-0.000183
0.000146
0.00031
0.00031
0.007706
0.000146
0.010007
0.010007
0.018718
0.025785
0.030387
0.035975
0.044686
0.047973
0.031538
0.006884
0.012144
0.022005
0.027429
0.032688
0.038276
0.041892
0.04107
0.04633
0.043536
0.031209
0.027429
0.028908
0.031373
0.028415
0.031538
0.035482
0.038112
0.038605
0.044851
0.04633
0.047316
0.052247
0.05652
0.054383
0.056191
0.049781
0.049617
0.051261
0.044686
0.035318
0.00146
0.005076
0.011486
0.018061
0.023484
0.027922
0.022663
0.00146
0.007049
0.013952
0.017074
0.024142
0.015924
0.021348
0.022663
0.017074
0.018882
-0.003306
0.003761
0.01428
0.018882
0.023156
0.019047
0.008692
0.000639
0.001132
0.004583
0.004583
0.005241
0.00672
0.005898
0.004255
0.002118
-0.000347
0.00031
-1.9e-05
-1.9e-05
-0.000183
0.00031
-0.000183
0.000474
0.00146
0.001132
0.003104
0.009514
0.014938
0.002611
0.006391
0.005241
0.000803
-0.000183
0.003597
0.002611
0.00031
-0.000347
0.000803
0.001296
0.00031
0.000146
-0.000183
-1.9e-05
-0.000347
-0.000183
-0.000183
-1.9e-05
-1.9e-05
-1.9e-05
-1.9e-05
-1.9e-05
0.000639
-0.000183
0.000146
-0.000347
-0.000183
-0.000512
0.000474
0.00031
0.003597
0.003268
0.003597
0.000146
-0.000183
-0.000347
-0.000183
-0.000183
0.002118
-0.000347
-0.001498
0.001954
0.002611
0.00031
0.00031
0.001789
-0.000676
0.000474
-0.001169
0.007049
0.00031
0.000967
0.000474
-0.000183
0.00031
0.001132
0.009514
0.012965
0.017239
0.011815
0.001789
-0.000676
0.003268
0.002611
-1.9e-05
-0.000183
0.000474
-0.000347
-0.000512
-0.000347
-1.9e-05
-0.001169
-0.000183
-0.000512
-0.000183
-1.9e-05
-0.000183
-1.9e-05
-0.000347
-0.000347
-0.000183
-0.000183
-0.000347
-0.000183
-0.000347
-1.9e-05
-0.000183
0.000146
-1.9e-05
0.000146
-0.000512
-0.000676
-0.000347
-1.9e-05
-1.9e-05
-0.000183
-0.000183
-0.000183
0.000146
0.000146
-0.000183
-0.000183
-0.000183
-0.000347
-0.000183
-0.000512
-1.9e-05
-0.000183
0.000146
0.000639
0.001625
0.000146
0.000146
-0.000183
-0.000183
0.000146
-0.000676
0.000146
-1.9e-05
-1.9e-05
-1.9e-05
-1.9e-05
-0.000347
-0.000183
-0.000347
-0.000347
-0.000183
-0.000183
-0.000183
0.00031
-1.9e-05
0.00031
-1.9e-05
-1.9e-05
-1.9e-05
-1.9e-05
-0.000183
-0.000183
0.000803
-0.000183
-1.9e-05
-1.9e-05
-0.000183
0.000639
-1.9e-05
-1.9e-05
-0.000183
-0.000347
-0.001498
-1.9e-05
-1.9e-05
0.00031
0.000146
0.00031
-1.9e-05
0.000146
-0.000183
-0.000512
-0.000512
-0.000347
0.000474
-0.000183
0.00146
-0.000676
-1.9e-05
0.00031
0.000146
-0.000347
0.002447
0.001625
0.000967
0.003926
-1.9e-05
0.002118
-0.001005
0.001132
0.001296
0.003761
0.003433
0.003268
0.008035
0.005405
0.008528
0.007542
0.007706
0.007049
0.005405
0.011322
0.012472
0.010007
0.009843
0.011651
0.01313
0.007213
0.002118
0.001625
0.00031
0.00146
-0.000183
-1.9e-05
-1.9e-05
-0.000347
-1.9e-05
0.002118
0.003268
0.002611
-1.9e-05
0.00146
0.00146
0.002282
0.001954
0.000967
0.001789
0.005569
0.002447
0.005405
0.010336
0.000639
0.005076
0.009021
0.009843
0.008199
0.008692
0.00935
-0.000512
0.000474
0.004419
0.002118
0.00146
0.006884
0.012801
0.00409
0.009021
0.007049
0.001625
0.002118
0.00146
0.005734
-0.000841
0.00409
0.002118
0.003597
0.000803
-1.9e-05
-0.000183
-0.000347
-0.000347
-0.000183
-0.000347
-0.000183
-1.9e-05
-1.9e-05
0.000146
-0.000183
-0.000183
-0.000347
-0.000183
-0.000347
-0.000183
-0.000183
0.00031
-0.000183
0.00031
0.00031
0.003597
-0.000512
-0.000183
-0.000347
-0.000512
-0.000347
0.00031
-1.9e-05
-1.9e-05
-0.000183
-0.000183
-1.9e-05
-0.000183
-0.000347
0.000803
-0.000183
0.000146
-0.000512
0.000146
0.001132
0.001132
0.000146
-1.9e-05
0.00294
0.001954
0.004583
-0.000183
-0.000183
-0.000347
-0.000347
-1.9e-05
-0.000183
0.000146
-0.000512
-1.9e-05
-0.000347
-0.000183
-0.000183
-0.000347
-0.000183
-0.000183
-0.000183
-0.000676
0.002611
0.001625
0.001132
0.00146
0.003926
0.003104
0.004748
0.00294
0.00294
0.00294
0.001789
0.001789
0.002447
0.003433
0.002118
0.002775
0.004419
0.002118
0.00409
0.003268
0.002611
0.005734
0.003761
0.003761
0.003433
0.003268
0.002282
0.002775
0.002447
0.002775
0.00294
0.002611
0.003268
0.002118
0.001625
0.001954
0.002611
0.001789
0.002282
0.003597
-0.001991
0.003104
0.00146
0.002775
0.004255
0.00146
0.00146
0.00294
-0.001005
0.001954
0.002611
0.002447
0.00146
0.003597
0.00146
0.002447
0.001789
-0.001662
0.003761
0.002611
0.002775
0.002447
0.005898
0.000639
0.001625
0.000967
0.001132
-0.000183
-0.000347
0.004748
0.003926
0.00031
0.000639
0.002775
0.000474
0.001296
-0.000512
0.000146
-0.001005
-0.000676
0.002447
0.002118
0.000146
0.000146
-0.00347
-1.9e-05
0.000474
0.000967
0.000146
-1.9e-05
-0.000183
-0.000183
-0.000183
-0.000183
-0.000347
-0.000841
-1.9e-05
-1.9e-05
-1.9e-05
-1.9e-05
-1.9e-05
-0.000183
-0.000183
-0.000347
-0.000183
-0.000183
-0.000347
-0.000183
-1.9e-05
-1.9e-05
-0.000183
-1.9e-05
-1.9e-05
-0.000183
-0.000347
-1.9e-05
-0.000347
-1.9e-05
-0.001498
0.001625
0.003433
0.00146
0.000474
0.000146
0.004748
-0.000183
-1.9e-05
-0.000512
-0.000183
-0.000841
-1.9e-05
-1.9e-05
-1.9e-05
0.000146
-0.000347
0.000639
0.000146
0.00031
0.003597
0.009021
0.005405
0.009843
0.008692
0.008363
0.004912
0.004583
0.003761
0.000146
0.003104
0.004255
0.006556
0.008363
0.001789
0.001132
0.002611
0.001132
0.000639
-1.9e-05
-0.000183
-0.000512
0.000967
0.001789
0.002611
0.001954
-0.002484
0.002447
0.002775
0.003268
0.000639
0.004583
0.003597
0.001625
0.00146
0.005734
0.001954
0.000474
0.000803
0.005405
0.005241
0.002282
0.003104
0.003433
0.002611
0.002611
0.003761
0.001625
0.003104
0.001625
0.003597
0.003268
-0.000183
0.002447
0.001132
-0.000512
-0.000183
-0.000512
0.000474
-0.000183
0.000146
-0.000183
0.000474
0.000639
0.004419
0.008528
-0.001662
0.005405
0.002611
0.003104
0.008035
0.004748
0.001625
0.008857
0.010171
0.015102
0.017567
0.017732
0.02069
0.026936
0.028744
0.028415
0.035647
0.036469
0.044522
0.049453
0.05537
0.007049
0.006227
0.004255
0.010007
0.015102
0.022498
0.029401
0.033017
0.03992
0.042714
0.04896
0.004912
0.011815
0.019211
0.023484
0.027922
0.035154
0.03992
0.04748
0.050274
0.057506
0.061122
0.066053
0.071477
0.074928
0.079694
0.080516
0.084461
0.08594
0.08709
0.06671
0.000474
0.000474
-0.004949
-0.001498
0.002611
-0.001827
0.002118
0.001789
0.000967
0.000146
0.002118
0.003104
0.004748
0.004255
0.003104
0.005898
0.008035
0.001954
0.006556
0.012637
0.012965
0.004748
0.002282
0.013459
0.021183
0.027593
0.023813
0.029072
0.031209
0.035811
0.025128
0.023649
0.019375
0.020855
0.025457
0.022005
0.002118
0.007213
0.012308
0.018718
0.000474
-0.000183
0.000146
-0.000183
0.000639
0.00031
-0.000347
-0.000183
-0.000347
-0.000347
-0.000183
-0.000183
-0.000183
-1.9e-05
-1.9e-05
-0.000183
-1.9e-05
-0.000347
-0.000183
0.001132
0.007542
-0.000347
0.009678
0.014116
0.021183
0.023813
0.032195
0.034989
0.034661
0.041892
0.046494
0.050932
0.057013
0.063916
0.068682
0.069669
0.078873
0.083968
0.06934
0.056027
0.061451
0.065724
0.070983
0.072134
0.077393
0.082488
0.085611
0.089556
0.092843
0.097774
0.101061
0.100732
0.109443
0.107306
0.034003
0.014116
0.022334
0.014609
0.005569
0.006227
0.002447
0.007049
0.000639
-0.000676
0.007049
0.000146
0.00031
0.00031
-1.9e-05
0.003104
0.004748
0.010007
0.01576
0.022663
0.027265
0.038112
0.039591
0.045672
0.05011
0.055205
0.060465
0.062601
0.07312
0.074106
0.081667
0.083146
0.090706
0.094158
0.094322
0.100075
0.10139
0.101554
0.105005
0.106978
0.109607
0.1101
0.112894
0.115195
0.117496
0.121605
0.122756
0.125714
0.128837
0.129659
0.132946
0.132782
0.13459
0.137712
0.130481
0.13837
0.140342
0.139356
0.14215
0.141164
0.145766
0.145108
0.144615
0.148396
0.147409
0.133603
0.128673
0.114867
0.015924
0.016417
0.023484
0.026771
0.01954
0.020033
0.023977
0.028251
0.032853
0.037783
0.044029
0.049453
0.05389
0.062108
0.063916
0.070162
0.068189
0.076736
0.07953
0.085283
0.086926
0.089063
0.094158
0.093336
0.091199
0.080681
0.05537
0.055698
0.043536
0.033674
0.019868
0.012144
0.009678
0.010171
0.006884
0.004419
0.006062
0.003104
0.004583
0.002282
0.006227
0.002118
0.001789
0.002611
0.001625
-0.000676
-0.001334
0.004583
0.001625
0.000803
0.002447
0.001625
0.000474
0.002775
0.002775
0.001789
0.002775
0.000967
0.002447
0.002118
0.001625
0.001625
0.000474
0.002282
0.000967
-0.000512
0.002611
0.001625
0.001132
0.000146
0.00294
0.002447
0.000474
0.002611
-1.9e-05
0.002447
-0.000512
0.000146
0.000803
-1.9e-05
-0.000347
0.000474
-0.000841
-0.000183
-0.000183
-0.000183
0.000474
-0.000183
-0.000183
-1.9e-05
-0.000183
-1.9e-05
-0.000347
-0.000183
-0.000183
-0.000183
-0.000347
-0.000183
-0.000183
0.000146
-1.9e-05
-1.9e-05
-1.9e-05
-0.000183
-0.000512
-0.000183
-0.000183
-0.000183
-0.000183
-1.9e-05
-1.9e-05
-1.9e-05
-0.000183
-1.9e-05
-1.9e-05
-0.000347
-0.000512
-0.000347
-0.000347
-0.000183
-0.000183
-1.9e-05
-0.000183
-0.000183
-1.9e-05
-0.000183
-0.000347
-0.000183
-0.000347
-0.000183
-0.000347
-0.000183
-0.000183
-0.000183
0.000146
-1.9e-05
0.000146
-0.000347
-0.000183
-0.000512
-0.000347
-0.000183
-0.000347
-0.000183
0.000146
-0.000183
-1.9e-05
-0.000347
-0.000183
-0.000347
-0.000183
-0.000512
-0.000347
-0.000183
-0.000183
-0.000183
-0.000183
-0.000183
-0.000183
-0.000183
-0.000347
-0.000347
-0.000183
-0.000347
-0.000183
-0.000183
0.000146
-0.000183
-1.9e-05
-1.9e-05
-0.000512
-0.000512
0.00031
0.000803
-1.9e-05
0.001132
-1.9e-05
0.000146
0.000146
-0.000183
-0.000512
-0.000183
-0.000347
-0.000347
-0.000183
-0.000183
-0.000347
-0.000183
-0.000183
-0.000512
0.000474
0.000474
-0.000347
0.000474
0.000146
0.000803
0.001132
0.00294
0.002611
-0.000512
0.001296
0.000639
-1.9e-05
0.002282
-0.001169
0.000967
0.000474
0.002282
0.000146
0.000803
0.000146
0.000146
0.00031
0.000146
0.001132
0.002118
-0.000841
-0.000841
0.001296
-1.9e-05
-0.000183
-1.9e-05
0.000639
0.000639
0.000474
-0.000183
-0.000512
-0.000347
-0.000512
-0.000347
-0.000183
-1.9e-05
-0.000347
-0.000183
-1.9e-05
-0.000183
-0.000183
-0.000183
-0.000347
-0.000347
-0.000512
-1.9e-05
-0.000183
-0.000347
-0.000183
-0.000183
-0.000183
-1.9e-05
-0.000347
-0.000183
-0.000347
-0.000347
-0.000347
-0.000183
-1.9e-05
-0.000183
-0.000183
-0.000183
-0.000183
-0.000183
-0.000183
-0.000183
-0.000676
-0.000183
0.000146
-0.000183
-1.9e-05
-1.9e-05
-1.9e-05
-0.000347
-0.000183
-0.000347
-0.000347
-0.000512
-0.000183
-0.000347
-1.9e-05
-1.9e-05
0.000146
0.000146
0.000146
-0.000183
-0.000347
-0.000347
0.002447
0.000146
-0.000347
-0.000183
-1.9e-05
-0.000183
-0.000512
-0.000347
-0.000183
-0.000347
-0.000347
-0.000183
-0.000347
-0.000183
-0.000183
-0.000183
-1.9e-05
-0.000183
-1.9e-05
-0.000347
-0.000183
-0.000183
-0.000512
-0.000183
-0.000183
-0.000347
-1.9e-05
-0.000183
-1.9e-05
-0.000183
-0.000347
-0.000183
-0.000347
-0.000183
-0.000347
-1.9e-05
-0.000183
-0.000183
-1.9e-05
-0.000183
-0.000183
-0.000183
-0.000183
-0.000183
-0.000183
-0.001005
0.001789
0.00031
0.004255
0.012144
0.014773
0.014938
0.00787
0.011815
0.012965
0.003268
0.000146
0.002282
0.00294
0.005241
0.002775
0.002118
0.001954
0.00031
-1.9e-05
0.003104
-0.000183
0.000639
-0.000347
-0.000512
0.000146
-1.9e-05
0.000967
-0.000347
0.000146
-0.000183
-1.9e-05
-0.000183
0.00031
-0.000183
-0.000183
-1.9e-05
-1.9e-05
0.000146
-0.000183
-0.000183
-0.000183
-0.000183
-0.000347
-0.000183
-0.000183
-1.9e-05
-0.000183
-1.9e-05
-0.000347
0.000803
-1.9e-05
0.000146
-0.000183
0.000146
-0.000183
-1.9e-05
0.000474
-0.000512
0.000474
0.00031
0.000639
-0.000347
-1.9e-05
0.001625
0.003433
0.006062
0.00146
0.006227
0.014609
0.020855
0.028086
0.032688
0.038934
0.045837
0.002282
0.007049
0.013294
0.01954
0.02595
0.035154
0.030059

Kurve 2

-0.000347
-1.9e-05
-0.000183
-0.000347
0.000146
-1.9e-05
0.000146
-0.000512
-0.000183
-0.000347
-0.000183
-0.000347
-0.000183
-0.000183
-1.9e-05
-1.9e-05
0.000146
-1.9e-05
-0.000183
-1.9e-05
-0.000183
-0.000183
-0.000183
-0.000183
-1.9e-05
-0.000183
-1.9e-05
-1.9e-05
-0.000512
-0.000183
-0.000347
-0.000512
-0.000347
-0.000347
-0.000183
-0.000183
-1.9e-05
-0.000183
-0.000183
-0.000183
-0.000347
-0.000183
-0.000347
-0.000183
-0.000347
-0.000183
-0.000183
-0.000183
-0.000183
-1.9e-05
-0.000183
-0.000183
-0.000347
-0.000512
-0.000512
-0.000183
-0.000183
-1.9e-05
-1.9e-05
-1.9e-05
-0.000183
-1.9e-05
-0.000183
-0.000183
-0.000183
-0.000183
-0.000183
-0.000183
-1.9e-05
-1.9e-05
-1.9e-05
0.000146
-1.9e-05
-0.000183
-0.000183
-0.000512
-0.000183
-0.000183
-0.000183
-1.9e-05
-0.000183
-1.9e-05
-0.000183
-1.9e-05
-0.000347
-1.9e-05
-0.000347
-0.000512
-0.000183
-1.9e-05
-0.000183
-0.000183
0.000146
-0.000183
-1.9e-05
-0.000347
-0.000347
-0.000183
-0.000347
-0.000347
-0.000183
-0.000183
-1.9e-05
0.000146
-0.000183
-1.9e-05
-0.000183
-0.000347
-0.000183
-0.000183
-0.000676
-0.000347
-1.9e-05
-0.000183
-0.000183
-0.000183
-1.9e-05
-0.000183
-0.000183
-1.9e-05
-0.000512
-0.000183
-0.000347
-0.000183
-1.9e-05
-1.9e-05
-1.9e-05
-1.9e-05
-1.9e-05
-0.000676
-0.000347
-0.000347
-0.000183
-0.000347
-1.9e-05
-0.000512
-0.000183
-0.000512
-0.000183
-0.000183
-0.000347
0.00031
-0.000841
-0.000183
0.000474
-1.9e-05
-0.000347
0.00031
-0.000512
-0.000512
-0.000183
-0.001334
-0.000676
-0.000512
-0.000512
-0.000512
-0.000512
-0.000841
0.000803
-0.000183
0.000146
-0.000183
-0.000512
-0.000347
-1.9e-05
-0.000512
0.000474
0.00031
-0.000347
-0.001991
0.000474
-0.000841
-0.000676
0.001132
-0.000512
0.000967
-0.001169
0.000146
0.000146
0.000639
-0.000183
0.000146
-0.000512
0.000639
-0.000183
-0.000183
-0.001005
0.000146
-0.000347
-0.000183
-0.000512
-0.000676
0.000474
-0.001991
-0.000676
-0.000841
-0.001498
0.000146
0.000146
-0.000676
-0.000512
-0.000841
-0.001991
0.000474
-0.002484
0.000803
-0.000676
-0.002155
-0.001662
0.000146
-0.001991
-0.000676
0.000146
-0.000676
0.000803
0.000967
-1.9e-05
0.000146
0.001789
-0.001991
0.001132
-0.001334
0.000639
0.000967
-1.9e-05
0.000146
0.003761
-0.002813
-0.001334
-0.000347
-0.000183
-1.9e-05
-0.000183
-0.000347
0.003433
0.00031
-0.000183
-0.000183
-0.000183
-0.000512
-0.000183
-0.000347
-0.000676
-1.9e-05
-1.9e-05
-1.9e-05
-0.000183
0.000146
-0.000841
0.00031
-0.000347
-0.000183
-0.000347
0.002775
-0.000676
-0.000183
-1.9e-05
-0.001005
-0.000347
-0.000183
-1.9e-05
-0.000347
-0.000347
-0.000183
0.00294
-0.000183
-1.9e-05
-0.000183
0.000474
-0.000347
-1.9e-05
-0.000347
-0.000347
-0.000347
-0.000347
-0.000347
-0.000183
-1.9e-05
-0.000183
-1.9e-05
-1.9e-05
-1.9e-05
-0.000183
-0.000183
-0.000512
-0.000183
-0.000841
-0.000347
-0.000183
-0.000183
-1.9e-05
-0.000347
-0.001169
-0.001334
-0.001169
-0.001991
-0.000512
-0.000676
-0.003799
-0.000841
0.000639
0.00031
-0.000347
0.000803
-0.002484
-0.000183
-0.001334
-0.000183
-0.000676
-0.002155
-0.001991
-0.001498
-0.001662
-0.00232
-0.004128
-0.001498
-0.001334
-0.003142
-0.001169
-0.000183
-0.002813
-0.002155
0.003433
-0.002155
-0.000676
-0.001662
0.001132
-0.000676
-0.000841
0.000967
-0.000512
-0.001498
-0.000512
0.000474
-0.001334
0.00031
0.000474
0.000474
-0.000512
-0.000512
-0.000512
-0.000183
-0.000183
-0.001334
-0.001498
-0.000347
-0.001334
-0.002155
0.001296
-0.001498
-0.000512
-0.001827
0.000474
-0.000512
0.00031
0.00031
0.000639
0.000146
0.001132
0.001296
-0.000512
-0.001498
-0.000347
-0.000347
0.001132
-0.001498
-0.002977
-0.001169
-0.002155
-0.000512
0.001625
0.001954
-0.000676
-0.000183
-0.000676
-0.000183
0.003104
0.000967
0.000146
-0.001334
0.00031
-1.9e-05
-0.000512
-0.001334
-1.9e-05
-0.000676
-0.001827
-0.000841
0.001789
-0.001334
0.001625
0.000639
0.002611
-1.9e-05
-0.001498
0.000146
-0.002813
-0.000841
0.001132
-0.000676
-0.001662
0.000639
-0.000841
-0.000512
-0.001498
0.000639
-0.001662
0.000967
-0.001991
0.000639
-0.000183
-0.000841
-0.000841
0.000474
0.000803
-1.9e-05
-0.001334
-0.001005
-0.000512
-0.000841
0.00031
-0.000512
0.001296
-0.000183
0.00031
0.000639
0.000639
-1.9e-05
-0.000676
0.000474
-0.000676
0.000639
0.000474
-0.000841
-0.000183
0.000639
-0.001334
-0.000347
0.00031
-0.000183
-0.000676
0.00031
0.000146
0.00031
-0.000347
-1.9e-05
-0.000183
0.000474
0.00031
-0.001991
0.001789
-0.001991
-1.9e-05
-0.001498
-0.000841
-0.001005
0.00031
0.000803
0.00031
0.00031
-0.000183
0.000146
-0.001005
0.001789
-0.004292
0.001625
-0.000841
0.000803
-0.001169
0.000639
-0.001498
-0.00347
0.000967
-0.000512
-0.000512
0.000803
0.000639
0.000639
-0.000347
-0.000676
-1.9e-05
-0.001662
0.002118
-0.000347
-0.0061
-0.00347
0.001296
-0.004621
-0.001498
-0.000183
0.002611
0.000967
0.001954
-0.000183
0.000639
0.001789
0.000146
-0.000841
-0.001991
-0.000183
-0.000841
-0.001005
-0.000676
-0.000347
-0.003635
0.001789
0.001789
-0.002977
0.000803
-0.001827
0.000967
-0.000183
-0.000183
-0.000183
0.000803
-0.003963
-0.001005
-0.000676
-0.000841
-0.002155
0.000146
-0.001334
-0.001005
0.00031
-0.001334
0.002447
0.001789
-0.000347
-0.001827
0.002118
-0.000841
0.000474
0.000146
0.000803
-1.9e-05
-0.000676
-0.000841
0.000639
-0.000841
-0.001991
-0.000512
0.000967
0.000474
0.004255
0.00031
-0.000183
-0.000512
-0.000183
0.002447
0.000639
0.003104
0.003104
0.00031
0.00031
0.002282
0.000803
-1.9e-05
-0.000183
0.000146
0.00294
0.000474
0.001296
0.002611
0.000967
-0.000841
0.003268
-0.001169
-0.000183
-0.000183
-0.001334
-0.002155
0.000474
-0.002155
-0.001005
-0.001005
0.000803
0.000639
0.00146
-0.001498
0.001132
0.000146
-0.000347
-0.000183
-0.000841
-0.003963
-0.000183
-0.000512
-1.9e-05
0.000474
-0.000841
-0.000183
-0.001662
-0.000676
0.000803
-0.001498
-0.001169
-0.001334
0.002611
-1.9e-05
0.001132
0.001954
0.000639
0.000967
0.001625
0.000639
0.000474
-0.000347
-0.000347
-1.9e-05
-0.001662
0.000803
0.00031
-0.000512
0.000639
0.000146
0.001132
0.002775
0.004419
0.00031
0.001132
-0.000347
0.00031
0.001132
0.00031
-0.000676
0.001625
-0.001662
0.00031
-0.00232
-0.001005
0.000967
0.002775
0.001625
0.001625
-0.001169
0.000639
-0.001005
0.000146
0.000474
0.003104
0.002118
-0.000841
-0.000183
-0.001662
0.000639
-1.9e-05
-0.000347
-0.000183
-0.000183
-0.000347
-0.000183
-0.000183
-0.000183
-0.000347
-0.000183
-0.000183
-1.9e-05
-1.9e-05
-0.000347
-0.000183
-0.002484
0.000803
0.00031
-1.9e-05
-0.000183
0.002447
0.003104
0.003268
0.000146
0.003597
0.006391
0.000967
-0.000841
-0.000512
-0.000347
-0.000183
-0.000183
-0.000347
0.000967
-0.001005
-0.000676
-0.000347
0.000146
-0.000183
0.000803
0.001789
0.00031
0.001296
0.00146
0.003268
0.00294
0.005898
0.003433
0.002447
0.000474
0.003597
-0.003142
-0.000183
-1.9e-05
-1.9e-05
-1.9e-05
-1.9e-05
-0.000183
-0.000347
-0.000347
-0.000512
-0.000347
-0.000183
-0.000183
-1.9e-05
-0.000183
0.000146
-1.9e-05
-1.9e-05
-0.000183
-0.000512
-0.000347
-0.000183
-1.9e-05
-1.9e-05
-0.000183
-1.9e-05
-1.9e-05
-0.000183
-0.000183
-0.000347
-0.000347
-0.000183
-0.000512
-0.000183
-0.000183
-0.000183
-1.9e-05
-1.9e-05
0.000146
-0.000183
-1.9e-05
-0.000183
0.00146
-1.9e-05
0.000967
0.001132
0.002118
0.001789
0.001132
-1.9e-05
0.003761
0.001954
0.002282
0.003268
0.002611
0.003597
0.003433
0.002447
0.000146
0.004912
0.002611
0.001954
0.001789
-0.000347
-0.000512
-0.000512
-0.000183
-1.9e-05
-0.000183
-0.000183
-1.9e-05
-0.000183
-0.000183
-1.9e-05
-0.000347
-1.9e-05
0.00146
-0.001169
0.000146
0.000803
0.003104
0.007706
0.001132
0.000803
0.003433
-0.000676
0.000967
0.001132
0.003268
0.001789
-0.000183
-0.000183
-0.000183
-1.9e-05
-0.000347
-0.000512
-0.000183
-0.000183
-0.000347
-0.000183
-0.000183
-1.9e-05
-1.9e-05
-1.9e-05
-0.000183
-0.000183
-1.9e-05
-0.000183
-1.9e-05
-0.000512
-0.000347
-0.000183
-0.000183
-0.000183
-1.9e-05
-1.9e-05
-0.000183
-0.000183
-0.000183
-0.000347
-1.9e-05
-0.000183
-0.000183
-0.000183
-1.9e-05
-1.9e-05
-1.9e-05
-1.9e-05
-0.000183
-0.000512
-0.000183
-0.000347
-0.000183
-0.000183
0.000146
-0.000183
-0.000183
-0.000183
-1.9e-05
-0.000512
-0.000512
-0.000183
-0.000183
-0.000183
-1.9e-05
-1.9e-05
-1.9e-05
-1.9e-05
-1.9e-05
-0.000183
-0.000183
-0.000512
-0.000347
-1.9e-05
-0.000183
-0.000183
-1.9e-05
-1.9e-05
-1.9e-05
-1.9e-05
-1.9e-05
-0.000347
-0.000347
-0.000183
-0.000676
-0.000183
-1.9e-05
-0.000347
-1.9e-05
-1.9e-05
-0.000183
-1.9e-05
-0.000347
-0.000347
-1.9e-05
-0.000841
-0.000183
0.000474
0.000639
0.00031
0.000639
-1.9e-05
0.000803
0.000803
-0.000183
-0.000347
0.002447
-0.000183
-0.000512
0.000803
0.000474
-1.9e-05
-0.001169
0.001625
0.000146
-0.000183
-0.000841
-1.9e-05
-0.000347
0.001296
-0.000676
0.000474
-0.000512
-0.001169
-0.000183
-0.000676
-0.000512
-0.000347
-0.000347
-0.000183
-1.9e-05
-1.9e-05
-1.9e-05
-0.000183
-0.000183
-0.000183
-0.000183
-1.9e-05
-1.9e-05
-0.000347
-0.000183
-1.9e-05
-0.000183
-1.9e-05
-0.000183
0.000146
-1.9e-05
-0.000183
-0.000183
-0.000347
-0.000183
-0.000183
-0.000347
-0.000183
-1.9e-05
-1.9e-05
-0.000183
-0.000183
-0.000183
-0.000347
-0.000183
-0.000347
-0.000183
-0.000347
-0.000183
-0.000183
-1.9e-05
-0.000183
-0.000183
-1.9e-05
-0.000183
-1.9e-05
-0.000183
-0.000347
-0.000183
-0.000183
-0.000183
-1.9e-05
-1.9e-05
-0.000183
-0.000183
-1.9e-05
-0.000512
-0.000347
-1.9e-05
-0.000347
-0.000183
-0.000347
-0.000183
-0.000183
-0.000183
-0.000347
-0.000183
-0.000183
-0.000347
-0.000347
-0.000183
-1.9e-05
-1.9e-05
-0.000183
0.000146
-0.000183
-0.000183
-0.000347
-0.000347
-0.000347
-0.000512
-0.000183
-0.000183
-0.000183
-1.9e-05
0.000146
-0.000183
-0.000347
-0.000183
-0.000183
-0.000512
-0.000347
-0.000347
-0.000183
-0.000183
-1.9e-05
-1.9e-05
-0.000183
-0.000183
-0.000347
-0.000183
-0.000512
-0.000183
-1.9e-05
-0.000183
-0.000347
-1.9e-05
-1.9e-05
-1.9e-05
-0.000347
-0.000183
-0.000183
-0.000512
-0.000347
-1.9e-05
0.000146
-0.000183
0.000146
-1.9e-05
-0.000183
-0.000347
-0.000347
-0.000183
-0.000183
-0.000183
-1.9e-05
-0.000183
-1.9e-05
-0.000183
-0.000183
-0.000183
-0.000183
-0.000183
-0.000512
-0.000512
-0.000183
-0.000183
-0.000183
-1.9e-05
-1.9e-05
-0.000183
-0.000183
-0.000347
-0.000183
-0.000183
-0.000347
-0.000183
-0.000183
-1.9e-05
-0.000183
0.000146
-1.9e-05
-1.9e-05
-0.000347
-0.000183
-0.000347
-0.000347
-0.000347
-0.000183
-0.000183
-1.9e-05
0.000146
-1.9e-05
-0.000183
-0.000183
-0.000183
-0.000183
-0.000347
-0.000347
-0.000347
-0.000183
-1.9e-05
-1.9e-05
-0.000183
-0.000183
-0.000183
-0.000183
-0.000347
-0.000183
-0.000183
-1.9e-05
-1.9e-05
-1.9e-05
-0.000183
0.000146
-1.9e-05
-0.000347
0.003268
-0.000512
-1.9e-05
0.001132
-0.000183
-0.000183
0.000146
-1.9e-05
-1.9e-05
-1.9e-05
-0.000183
-0.000183
-0.000347
-0.000183
-0.000183
-0.000347
-0.000183
-1.9e-05
-1.9e-05
-1.9e-05
-0.000183
-1.9e-05
-0.000512
-0.000183
-0.000183
-1.9e-05
-0.000183
-0.000183
-1.9e-05
-1.9e-05
-0.000183
-0.000183
-1.9e-05
-0.000183
-0.000347
-0.000347
-0.000347
-0.000183
-0.000183
-0.000183
0.000146
-1.9e-05
-1.9e-05
-1.9e-05
-0.000347
0.000146
-0.000347
0.000146
-1.9e-05
-1.9e-05
-1.9e-05
-0.000347
-1.9e-05
-0.000183
-0.000183
-1.9e-05
-0.000347
-0.000347
-0.000183
-1.9e-05
-0.000183
-1.9e-05
0.000146
-0.000183
0.000803
0.000146
0.001296
0.000639
-0.000183
-0.000512
-0.000183
-0.000183
-0.000183
-1.9e-05
-1.9e-05
-1.9e-05
-0.000183
-0.000183
-0.000183
-0.000347
-0.000183
-0.000183
-1.9e-05
-0.000183
-0.000183
-0.000183
-1.9e-05
-1.9e-05
-1.9e-05
-0.000183
-0.000183
-0.000183
-1.9e-05
0.000146
-1.9e-05
-1.9e-05
-1.9e-05
-1.9e-05
-1.9e-05
-0.000347
-0.000512
-0.000347
-0.000347
-1.9e-05
-0.000183
-0.000183
0.000146
-1.9e-05
-0.000183
-0.000183
-0.000183
-0.000347
-0.000347
-0.000183
-0.000183
-1.9e-05
-1.9e-05
-1.9e-05
0.000146
0.000146
-1.9e-05
-0.000183
-0.000183
-0.000347
-1.9e-05
-0.000183
-0.000183
-0.000183
-1.9e-05
-0.000183
-0.000183
-0.000347
-0.000347
-1.9e-05
-0.000183
-0.000183
-0.000183
-0.000183
-0.000183
-1.9e-05
-1.9e-05
-0.000183
-1.9e-05
-0.000347
-0.000676
-0.000347
-0.000676
-0.000183
-0.000183
-0.000183
-0.000183
-0.000183
-0.000183
-0.000183
-0.000183
-0.000183
-0.000183
-0.000347
-0.000183
-0.000347
-0.000183
-1.9e-05
-0.000183
-1.9e-05
-0.000183
-1.9e-05
-0.000183
-0.000347
-0.000347
-0.000183
-0.000183
-1.9e-05
-1.9e-05
-0.000183
-1.9e-05
-0.000183
-0.000183
-0.000183
-0.000183
-0.000183
-0.000347
-0.000183
0.000146
0.00031
-1.9e-05
-0.000183
-0.000183
-0.000183
-0.000183
-0.000183
-0.000347
-0.000347
-1.9e-05
-0.000347
-0.000183
-1.9e-05
-0.000183
-1.9e-05
-0.000183
-0.000347
-0.000183
-0.000347
-0.000347
-1.9e-05
-1.9e-05
-1.9e-05
-1.9e-05
0.000146
-0.000347
-1.9e-05
-0.000347
-0.000347
-0.000347
-0.000183
-0.000183
-0.000183
-0.000183
-0.000183
-1.9e-05
-1.9e-05
-0.000183
-0.000347
-1.9e-05
-1.9e-05
-0.000183
0.000146
-0.000183
-1.9e-05
-0.000183
-0.000183
-0.000183
-0.000183
-0.000183
-0.000347
-0.000347
-0.000183
-0.000347
0.000146
-0.000183
-0.000183
-0.000183
-1.9e-05
-0.000183
-0.000183
-0.000512
-0.000512
-0.000347
-0.000183
-0.000183
-0.000183
-0.000183
-1.9e-05
-0.000183
-0.000347
-0.000183
-0.000183
-0.000183
-0.000183
-0.000347
-0.000347
-1.9e-05
-0.000183
-0.000183
-1.9e-05
-0.000347
-0.000347
-0.000347
-0.000347
-0.000347
-1.9e-05
-0.000183
-1.9e-05
-0.000183
-0.000183
-1.9e-05
-0.000347
-0.000347
-0.000347
-0.000183
-0.000183
-1.9e-05
0.000146
-0.000183
-0.000183
-0.000183
-0.000183
-0.000347
-0.000512
-0.000347
-0.000347
-0.000183
-0.000183
-0.000183
0.000146
0.000146
-1.9e-05
-0.000183
-0.000512
-0.000347
-0.000512
-0.000512
-0.000512
-0.000183
-0.000183
-0.000183
-1.9e-05
-0.000183
-0.000183
-0.000512
-0.000347
-0.000183
-0.000347
-0.000347
-1.9e-05
-0.000347
-1.9e-05
-0.000183
-1.9e-05
-1.9e-05
-0.000347
-0.000347
-0.000183
-0.000347
-0.000347
-0.000347
-0.000347
-0.000183
-1.9e-05
-0.000183
-1.9e-05
-0.000183
-0.000512
-0.000512
-0.000347
-0.000183
-0.000183
-0.000347
-0.000183
-0.000183
-1.9e-05
-0.000183
-0.000347
-0.000183
-0.000347
-0.000183
-0.000347
-0.000183
-0.000183
-0.000183
-0.000183
-1.9e-05
-0.000347
-0.000183
-0.000183
-0.000676
-0.000183
-0.000347
0.000146
-0.000183
-1.9e-05
-0.000183
-1.9e-05
-1.9e-05
-0.000183
-0.000183
-0.000347
-0.000512
-0.000512
-0.000347
-0.000183
-0.000183
-0.000183
-0.000183
-0.000183
-0.000183
-0.000347
-0.000183
-0.000347
-0.000347
-1.9e-05
-0.000183
-1.9e-05
-0.000183
0.000146
-0.000183
-0.000183
-0.000347
-0.000183
-0.000183
-0.000347
-0.000183
-0.000183
-1.9e-05
0.000146
-1.9e-05
-1.9e-05
-0.000183
-0.000183
-0.000183
-0.000512
-0.000512
-1.9e-05
-0.000183
-1.9e-05
-0.000183
-1.9e-05
-0.000183
-0.000183
-0.000183
-0.000183
0.000967
-0.000347
-0.000347
-1.9e-05
0.000146
-0.000183
-1.9e-05
-0.000183
-0.000183
-0.000347
-0.000347
-0.000347
-0.000183
-1.9e-05
-0.000347
-1.9e-05
0.000146
-1.9e-05
-1.9e-05
-1.9e-05
-0.000183
-0.000183
-0.000347
-0.000347
-0.000347
-0.000183
-0.000183
-1.9e-05
-1.9e-05
-1.9e-05
-0.000183
-0.000183
-0.000347
-0.000183
-0.000347
-0.000347
-0.000183
-1.9e-05
-0.000183
-0.000183
0.000146
-0.000183
-0.000183
-0.000183
-0.000347
-0.001334
-0.000676
-1.9e-05
-0.000183
-0.000183
-1.9e-05
-0.000183
-0.000183
-1.9e-05
-0.000347
-0.000347
-0.000676
-0.000676
-0.000183
-0.000183
-0.000183
-0.000183
-1.9e-05
-0.001334
-0.000347
-1.9e-05
-0.000183
-0.000512
-0.000183
-0.000183
-1.9e-05
0.000146
0.000146
0.000146
0.000146
-0.000183
-0.000183
-0.000183
-0.000183
-0.000183
-1.9e-05
-1.9e-05
-0.000183
-1.9e-05
0.000146
-0.000183
-0.000347
-0.000347
-0.000347
-0.000183
-0.000183
-0.000183
0.000146
-0.000183
0.000146
-1.9e-05
-0.000347
-0.000183
-0.000183
-0.000347
-0.000347
-0.000512
0.000146
0.000146
-1.9e-05
-1.9e-05
0.000146
-1.9e-05
-0.000183
-0.000347
-0.000512
-0.000512
-0.000183
-0.000183
-0.000183
0.000146
-1.9e-05
-1.9e-05
-1.9e-05
-0.000512
-0.000347
-0.000347
-0.000347
-0.000347
-0.000183
0.000146
-0.000183
0.000474
-0.000183
-1.9e-05
-0.000183
-0.000183
-0.000347
-0.000183
-0.000183
-0.000183
-1.9e-05
-1.9e-05
0.000639
-1.9e-05
-1.9e-05
-0.000183
-0.000183
-0.000512
-0.000512
-1.9e-05
-0.000183
-0.000183
-1.9e-05
0.000146
0.000146
0.000146
-0.000183
-0.000841
-0.000183
0.000146
-1.9e-05
-1.9e-05
-1.9e-05
0.000146
-0.000183
-1.9e-05
-0.000183
-0.000183
-1.9e-05
-0.000183
-0.000347
-0.000347
-1.9e-05
-0.000183
-1.9e-05
-1.9e-05
-1.9e-05
-1.9e-05
-0.000183
-0.000512
-0.000347
-0.000347
-0.000183
-0.000347
-1.9e-05
-0.000183
-1.9e-05
-1.9e-05
-0.000183
-0.000347
-0.000347
-0.000347
-0.000347
-1.9e-05
-0.000183
-1.9e-05
-0.000183
-1.9e-05
-1.9e-05
-0.000183
-0.000183
-0.000347
-0.000512
-0.000347
-0.000183
-1.9e-05
-0.000183
-1.9e-05
-0.000183
-0.000183
-1.9e-05
-1.9e-05
-0.000183
-1.9e-05
-0.000183
-0.000512
0.000474
0.000146
-0.000183
0.000146
0.00031
-1.9e-05
-0.000183
-0.000183
-0.000512
-0.000347
-0.000183
-0.000183
-1.9e-05
0.000146
-0.000183
-1.9e-05
-0.000183
-0.000347
-0.000183
-0.000512
-0.000512
-0.000347
-1.9e-05
-0.000183
-1.9e-05
-0.000183
-1.9e-05
-0.000183
-0.000183
-0.000183
-0.000347
-0.000183
-0.000347
-0.000183
-1.9e-05
-1.9e-05
0.000146
-1.9e-05
-0.000183
-0.000183
-0.000183
-0.000512
-0.000347
0.000146
-0.000512
-0.000183
-0.000347
-0.000183
-1.9e-05
0.00031
-0.000183
-0.000347
-0.000183
-0.000347
-0.000512
-0.000512
0.000474
-1.9e-05
-0.000347
0.003761
0.001625
0.00672
0.003597
0.002447
0.001954
0.003268
-0.000183
0.002447
0.001625
0.003104
0.001789
0.002447
0.003926
0.003104
0.004748
0.000146
-0.001498
-0.000183
-1.9e-05
-1.9e-05
-1.9e-05
-0.000183
-0.000183
-1.9e-05
-1.9e-05
-0.000347
-0.000512
-0.000347
-0.000183
-0.000183
-0.000347
0.000146
-1.9e-05
-0.000183
-0.000347
-0.000183
-0.000183
-0.000183
-0.000512
-0.000347
-0.000183
-0.000183
-1.9e-05
0.000146
-1.9e-05
-0.000183
-0.000347
-0.000347
-0.000183
-0.000183
-0.000183
-1.9e-05
-1.9e-05
-0.000183
-1.9e-05
-0.000183
-0.000347
-0.000347
-1.9e-05
-0.000347
-0.000841
-0.000347
-1.9e-05
-0.000183
-0.000183
-0.000183
-1.9e-05
-0.000183
-0.000512
-0.000347
-0.000347
-0.000347
-0.000347
-0.000183
-1.9e-05
-1.9e-05
-1.9e-05
-0.000183
-0.000183
-0.000347
-0.000183
-0.000347
0.000146
-0.000183
0.000146
-0.000183
-0.000183
-0.000183
-1.9e-05
-0.000512
-0.000347
-0.000512
-0.000183
-1.9e-05
-0.000183
-0.000183
-0.000183
-0.000183
-1.9e-05
-1.9e-05
-1.9e-05
-0.000512
-0.000347
-0.000512
-0.000347
-0.000347
-1.9e-05
-1.9e-05
-1.9e-05
-1.9e-05
-0.000183
-0.000183
-0.000183
-0.000183
-0.000347
-0.000347
-0.000183
-1.9e-05
-0.000347
-1.9e-05
-0.000183
-0.000183
-0.000183
-0.000347
-0.000183
-0.000183
-0.000183
-0.000183
-0.000183
-0.000183
-0.000183
-1.9e-05
-1.9e-05
-1.9e-05
-0.000347
-0.000183
-0.000183
-0.000347
-0.000183
-0.000183
-0.000183
-0.000183
0.000146
-0.000183
-0.000183
-0.000183
-0.000347
-0.000183
-0.000347
-0.000841
-0.000183
-1.9e-05
-0.000183
0.000146
0.000146
-0.000183
-0.000183
-0.000183
-0.000347
-0.000183
-0.000347
0.000146
-0.000183
-0.000183
-1.9e-05
0.000146
-0.000183
-0.000183
-0.000347
-0.000347
-0.000512
-0.000183
-0.000183
-0.000183
-1.9e-05
-1.9e-05
-0.000183
-1.9e-05
-0.000183
-0.000183
-0.000347
-0.000347
-0.000183
-0.000512
-1.9e-05
-0.000183
-0.000183
0.000146
-0.000183
-0.000347
-0.000347
-0.000347
-0.000347
-0.000183
-0.000183
-1.9e-05
-1.9e-05
-0.000183
-0.000183
-0.000347
-0.000512
-0.000183
-0.000347
-0.000347
-1.9e-05
-1.9e-05
-0.000183
-1.9e-05
-1.9e-05
-0.000183
-0.000183
-1.9e-05
-0.000347
-0.000347
-0.000347
-0.000347
-0.000347
-1.9e-05
-0.000183
-0.000183
-1.9e-05
-0.000183
-0.000347
-0.000183
-0.000512
-0.000347
-0.000347
-0.000347
-0.000183
-0.000183
-0.000183
0.000146
-0.000183
-0.000183
-0.000347
-1.9e-05
-0.000183
-0.000183
-0.000183
-1.9e-05
-1.9e-05
-1.9e-05
-1.9e-05
-1.9e-05
-0.000183
-1.9e-05
-0.000183
-0.000347
-0.000512
-1.9e-05
-0.000183
-0.000183
-0.000183
-1.9e-05
-1.9e-05
-0.000347
-0.000183
-0.000183
-0.000347
0.000146
-1.9e-05
0.00031
-0.001334
0.000474
0.000474
0.002447
-0.003142
0.000967
0.000146
0.003268
0.008857
0.009678
0.009021
-0.003963
0.004748
0.000146
-0.000347
-0.000183
0.001625
0.003104
0.00672
0.007377
0.003597
0.000967
0.002775
0.000474
0.002118
-1.9e-05
-1.9e-05
-0.000347
0.001132
0.008528
0.013294
0.018061
0.008857
0.001625
0.003761
-0.000841
-0.002155
0.004912
0.002282
-0.001005
0.007377
0.012637
0.014938
0.004912
0.000803
0.001132
0.000639
0.000146
-0.000183
-0.000183
-0.000347
-0.000841
0.000474
0.000803
0.001954
0.003926
0.008528
0.007706
0.0105
0.013787
0.021676
0.018061
0.02332
0.028908
0.009185
0.01428
0.013952
0.008035
-0.001169
0.00409
0.007049
0.00409
0.006884
0.005734
0.005569
0.001954
0.000146
0.001132
0.004912
0.001954
0.003926
0.003104
0.00031
-0.000183
-0.000512
0.000639
-1.9e-05
-1.9e-05
-1.9e-05
-0.000183
-1.9e-05
-0.000183
-0.000183
-0.000183
-0.000347
-0.000183
-0.000183
-0.000183
-0.000183
-1.9e-05
-1.9e-05
-1.9e-05
-0.000347
-0.000183
-0.000347
-0.000347
-0.000347
-0.000347
-0.000183
-0.000183
-1.9e-05
-0.000183
-1.9e-05
-1.9e-05
-0.000183
-1.9e-05
-0.000347
-0.000183
-0.000676
-0.000183
-0.000183
0.000146
-0.000183
-1.9e-05
-0.000183
-0.000183
-0.000183
-0.000183
-0.000183
-0.000183
-0.000183
-1.9e-05
-0.000183
-1.9e-05
-1.9e-05
-0.000676
0.003761
0.012965
0.008199
-0.003799
0.000474
0.004255
0.005569
-1.9e-05
0.002118
0.000967
0.00672
0.006884
0.00787
0.008528
0.006556
-0.002484
0.005241
-0.000676
-0.000347
0.001625
0.003926
0.005569
0.00787
0.00935
0.014938
0.017567
0.023977
0.013459
0.008363
0.017074
0.003761
0.001296
-0.000347
-0.000183
-0.000347
0.00031
0.003104
0.002118
-0.001005
0.00031
0.000639
0.001296
0.000146
-0.000183
-0.000183
-0.000347
-0.000347
-0.000183
0.000639
0.006556
0.000639
0.004255
0.001954
0.00146
0.002447
0.002447
0.00031
0.000639
-0.000512
0.002775
-0.000347
0.000146
0.005898
0.013787
0.019047
0.013952
0.001625
-1.9e-05
-0.000347
0.000146
0.000803
-1.9e-05
0.001296
-1.9e-05
0.000967
0.00146
0.00031
0.000146
-1.9e-05
-0.000183
-0.000183
-0.000183
-0.000183
-0.000183
-0.000183
-1.9e-05
-1.9e-05
-1.9e-05
-0.000183
-0.000183
-0.000183
-0.000183
-0.000347
-0.000347
-0.000347
-1.9e-05
-1.9e-05
-1.9e-05
-0.000183
-1.9e-05
-0.000183
-0.000183
-0.000347
-0.000347
-0.000183
-0.000183
-1.9e-05
-1.9e-05
-1.9e-05
0.000146
-0.000183
-0.000347
-0.000512
-0.000512
-0.000676
-0.000347
-0.000183
-0.000183
-0.000183
0.000146
-1.9e-05
-0.000183
-0.000347
-0.000512
-0.000347
-0.000347
-0.000347
-0.000183
0.000146
-1.9e-05
-0.000183
-1.9e-05
-1.9e-05
-0.000183
-0.000347
-0.000183
-0.000512
-0.000347
-1.9e-05
-0.000183
-1.9e-05
-0.000183
-1.9e-05
-1.9e-05
-0.000183
-0.000347
-0.000183
-0.000347
-0.000183
-0.000183
-1.9e-05
-0.000183
-1.9e-05
-0.000183
-0.000183
-0.000183
-0.000183
-0.000183
-0.000347
-0.000512
0.000146
0.000146
-1.9e-05
-0.000183
-1.9e-05
0.000146
-0.000183
-0.000347
-0.000512
-0.000183
-0.000183
-1.9e-05
-1.9e-05
-1.9e-05
-0.000183
-1.9e-05
-1.9e-05
-0.000183
-0.000183
-0.000512
-0.000512
-0.000183
-0.000183
-0.000183
-1.9e-05
-1.9e-05
-0.000183
-1.9e-05
-1.9e-05
-0.000347
-0.000183
-0.000347
-0.000183
-1.9e-05
-1.9e-05
-0.000183
-0.000183
-0.000183
-0.000183
-1.9e-05
-0.000512
-0.000347
-0.000347
-0.000347
-0.000183
-0.000183
-1.9e-05
-0.000183
-1.9e-05
-1.9e-05
-1.9e-05
-0.000512
-0.000183
-0.000347
-0.000183
-1.9e-05
-1.9e-05
-0.000183
-1.9e-05
0.000146
-0.000183
-0.000183
-0.000347
-0.000183
-0.000183
-0.000347
-1.9e-05
-1.9e-05
-0.000183
-1.9e-05
-1.9e-05
-0.000183
-0.000183
-0.000347
-0.000183
-0.000183
-0.000183
-0.000347
-0.000183
-0.000183
-0.000183
-1.9e-05
-0.000183
-0.000183
-0.000347
-0.000347
-0.000183
-0.000512
-0.000183
-1.9e-05
-1.9e-05
0.000146
-0.000183
-0.000183
-0.000183
-0.000183
-0.000512
-0.000347
-0.000347
0.000146
-0.000183
0.000146
-0.000183
-1.9e-05
0.000146
-0.000347
-0.000347
-0.000512
-0.000347
0.004748
-0.000183
-0.000347
0.000803
-0.000183
0.000146
0.00031
0.001789
-0.001827
-0.001334
0.000474
0.007377
0.004583
0.006227
0.012144
0.00672
0.000639
0.003926
0.009843
0.011979
0.011651
0.003761
0.010007
0.008363
0.007377
0.003104
-0.000183
0.005405
0.0105
0.017732
0.00031
0.005405
0.00031
0.009021
0.001789
0.000146
-0.000676
-1.9e-05
0.000146
0.00031
-0.000347
-0.000512
-0.000183
-0.000347
0.000803
-0.000347
-0.000183
-1.9e-05
-1.9e-05
-1.9e-05
0.000146
-0.000183
-0.000183
-0.000512
-0.000347
-0.000347
-0.000183
-0.000183
-0.000183
-1.9e-05
-1.9e-05
-0.000183

Kurve 3

-0.000183
-1.9e-05
-0.000183
-0.000183
-0.000347
-0.000183
0.000474
-0.000183
-0.000183
-0.000183
-0.000183
0.000146
-0.000183
-0.000183
-0.000183
-0.000512
-0.000347
-0.001005
-1.9e-05
-0.000183
-0.000183
-0.000183
-1.9e-05
-0.000347
-0.000183
-0.000183
-0.000347
-0.000347
-0.000512
-0.000183
-0.000347
-1.9e-05
-1.9e-05
-1.9e-05
-0.000183
-0.000183
-1.9e-05
-0.000347
-0.000512
-0.000347
-0.000183
-1.9e-05
-0.000183
-1.9e-05
-0.000183
-1.9e-05
-0.000183
-0.000183
-0.000183
-0.000512
-0.000347
-0.000183
-0.000183
-0.000183
-0.000183
-0.000183
-1.9e-05
-0.000183
-0.000183
-0.000347
-0.000512
-0.000347
-0.000347
-0.000347
-1.9e-05
-0.000183
-1.9e-05
-1.9e-05
-0.000183
-0.000347
-0.000347
-0.000512
-0.000347
-0.000183
-0.000183
-0.000183
-1.9e-05
-1.9e-05
-1.9e-05
-0.000183
-0.000347
-0.000347
-0.000183
-0.000347
-0.000183
-0.000347
-0.000183
-0.000183
-1.9e-05
-0.000183
-0.000183
-1.9e-05
-0.000347
-0.000347
-0.000183
-0.000347
-0.000183
-0.000183
-0.000183
-0.000183
-1.9e-05
-1.9e-05
-0.000512
-0.000183
-0.000347
-0.000512
-0.000183
-1.9e-05
-0.000183
-1.9e-05
-0.000347
-0.000183
-0.000183
-0.000183
-0.000347
-0.000183
-0.000347
-0.000347
-0.000183
-1.9e-05
-0.000183
-0.000183
-0.000183
-1.9e-05
-0.000347
-0.000347
-0.000347
-0.000183
-0.000347
-1.9e-05
-0.000347
-0.000183
-1.9e-05
-0.000183
-0.000183
-0.000347
-0.000347
-0.000347
-0.000347
-0.000347
-1.9e-05
-1.9e-05
-0.000183
-0.000183
-1.9e-05
-0.000183
-0.000512
-0.000347
-1.9e-05
-0.000347
-0.000512
-0.000183
-0.000183
0.000146
-1.9e-05
-1.9e-05
-0.000183
-0.000347
-0.000347
-0.000347
-0.000347
-0.000347
-0.000183
-0.000183
-1.9e-05
-1.9e-05
-0.000183
-0.000183
-0.000347
-0.000347
-0.000183
-0.000347
-0.000512
-0.000183
-0.000347
-1.9e-05
-1.9e-05
0.000146
-0.000183
-0.000183
-0.000512
-0.000183
-0.000347
-0.000183
-0.000347
-0.000183
-1.9e-05
-1.9e-05
-1.9e-05
-0.000183
-0.000347
-0.000347
-0.000512
-0.000347
-0.000512
-0.000347
-0.000183
-0.000183
-1.9e-05
-0.000183
-0.000183
-0.000183
-0.000183
-0.000347
-0.000347
-0.000183
-0.000676
-1.9e-05
0.000146
-1.9e-05
-1.9e-05
0.000639
-0.000347
-0.000183
-0.000183
-0.000512
-0.000512
-0.000183
-1.9e-05
-1.9e-05
-0.000183
-0.000183
-1.9e-05
-0.000512
-0.000183
-0.000183
-0.000512
-0.000347
-0.000183
0.000146
-0.000183
-0.000183
-1.9e-05
-0.000183
-0.000183
-0.000183
-0.000183
-0.000512
-0.000183
-0.000347
-0.000183
-0.000183
-1.9e-05
-1.9e-05
-1.9e-05
-0.000347
-0.000347
-0.000347
-0.000512
-0.000183
-1.9e-05
-0.000183
-0.000183
-1.9e-05
-0.000183
-0.000183
-0.000183
-0.000183
-0.000347
-0.000512
-0.000347
-0.000347
-0.000183
-1.9e-05
-0.000183
0.000146
0.000146
-0.000183
-0.000183
-0.000183
-0.000347
-0.000347
-0.000183
-1.9e-05
-1.9e-05
-1.9e-05
-0.000183
-0.000183
-0.000183
-0.000347
-0.000347
-0.000347
-0.000183
-0.000183
-0.000183
-1.9e-05
-0.000183
-0.000183
-0.000183
-0.000183
-0.000183
-0.000183
-1.9e-05
-0.001498
-1.9e-05
-0.000183
-1.9e-05
-1.9e-05
0.000146
-1.9e-05
0.000146
-0.000347
-0.000183
-0.000183
-0.000347
-0.000183
-0.000183
-1.9e-05
-1.9e-05
-0.000347
0.000146
-0.000183
-1.9e-05
-0.000183
-0.000347
-1.9e-05
-0.000183
0.000146
-1.9e-05
-1.9e-05
-1.9e-05
0.000146
-0.000347
-0.001169
-1.9e-05
0.001296
-0.002155
-0.000676
0.001132
-0.000676
-0.001498
0.001625
-0.000676
0.000639
0.002282
0.001954
0.001789
0.002282
0.000967
0.002118
-0.000183
0.001789
0.003268
0.000803
-0.001334
0.000474
-0.000676
-0.000183
-0.000512
0.000146
0.000146
-0.000183
0.000146
0.00031
0.000803
-0.000183
-0.000183
-0.000183
-0.000512
-0.000347
-0.000183
-1.9e-05
-0.000183
-1.9e-05
-0.000183
-0.000347
-0.000183
-0.000183
-0.000512
-0.000183
-0.000347
-0.000347
-0.000183
-1.9e-05
-1.9e-05
-0.000347
-0.000183
-0.000183
-0.000183
-0.000347
-0.000183
-0.000347
-0.000183
-1.9e-05
-0.000347
-0.000183
-0.000183
-1.9e-05
-1.9e-05
-1.9e-05
-0.000347
-0.000183
-0.000347
-0.000183
-0.000347
-0.001334
0.001789
-0.000183
-0.000676
0.00031
-0.000347
-0.000183
0.000474
-0.000347
-0.000841
0.002118
-0.000841
0.000146
0.000146
0.00031
0.00031
-0.000183
-0.001169
-0.003963
-0.000841
0.001132
-1.9e-05
-0.000183
0.000146
-0.000183
0.00031
-1.9e-05
-0.000183
-0.000183
-0.000183
-0.000347
-0.000347
-1.9e-05
-1.9e-05
0.000146
-0.000183
-1.9e-05
-1.9e-05
-1.9e-05
-0.000183
-0.000347
-0.000347
-0.000347
-0.000183
-1.9e-05
-0.000183
0.000146
-0.000183
-0.000183
-0.000183
-0.000183
-0.000512
-0.000183
-0.000347
-1.9e-05
-0.000183
-0.000183
-1.9e-05
-1.9e-05
-1.9e-05
-0.000183
-0.000183
-0.000512
-0.000512
-0.000512
0.000146
-1.9e-05
-1.9e-05
-0.000183
-0.000183
-0.000347
-1.9e-05
0.001296
-0.005936
-0.000183
0.000146
-0.000347
-0.000347
-1.9e-05
-1.9e-05
-0.000183
-1.9e-05
-0.000347
-0.000347
-0.000512
-0.000512
-1.9e-05
-0.000183
-1.9e-05
-1.9e-05
0.000146
-0.000183
-0.000183
-0.000512
-0.000347
-0.000347
-0.000183
-0.000183
-0.000183
-1.9e-05
-0.000183
-1.9e-05
-0.000183
-1.9e-05
-0.000347
-0.000347
-0.000347
-0.000512
-0.000512
-1.9e-05
-0.000347
0.000146
0.000146
0.00031
-0.000183
-0.000183
-0.000347
-0.000347
-0.000347
-0.000183
-0.000512
-0.000183
-1.9e-05
-1.9e-05
-0.000183
-0.000183
-0.000183
-0.000183
-0.000183
-0.000347
-0.000183
-1.9e-05
-0.000183
-0.000183
0.000146
-1.9e-05
-1.9e-05
-0.000183
-0.000347
-1.9e-05
-0.000183
-0.000347
-1.9e-05
-0.000183
-0.000183
-0.000183
-1.9e-05
-0.000183
-0.000183
-0.000183
-0.000183
-0.000347
-0.000347
-0.000183
-0.000183
-0.000183
-0.000347
-0.000183
-0.000183
-0.000183
-0.000347
-0.000183
-0.000183
-0.000347
-0.000183
-1.9e-05
0.000146
-0.000183
-1.9e-05
0.000146
-0.000183
-0.000347
-0.000347
-0.000512
-0.000347
-0.000183
-0.000183
-1.9e-05
-0.000183
-0.000183
-0.000183
-1.9e-05
-0.000347
-0.000183
-0.000183
-0.000347
-0.000183
-0.000183
-1.9e-05
-1.9e-05
-0.000183
-0.000183
-0.000512
-0.000183
-0.000512
-0.000183
-0.000183
-0.000347
-0.000183
0.000146
-1.9e-05
0.000146
-0.000183
-0.000183
-0.000347
-0.000347
-0.000347
-0.000676
-0.000183
-0.000183
-0.000183
-0.000183
-1.9e-05
-0.000183
-0.000183
-0.000347
-0.000183
-0.000183
-1.9e-05
-0.000183
-0.000183
-0.000183
-0.000183
0.000146
-1.9e-05
-0.000347
-0.000347
-0.000183
-0.000347
-0.000183
-0.000183
-0.000183
-0.000347
-0.000183
-0.000183
-0.000183
-0.000183
-0.000347
-0.000183
-0.000512
-0.000676
-0.000347
-1.9e-05
-0.000183
-1.9e-05
-0.000183
-1.9e-05
-1.9e-05
-0.000512
-0.000183
-0.000183
-0.000512
-0.000512
-1.9e-05
-1.9e-05
-0.000183
-0.000183
-0.000183
-0.000183
-0.000347
-0.000183
-0.000183
-0.000512
-1.9e-05
-0.000183
-0.000183
-1.9e-05
-0.000183
-0.000183
-0.000347
-0.000183
-0.000183
-0.000183
-0.000512
-0.000183
-1.9e-05
-0.000183
-0.000183
-0.000183
0.000146
-0.000347
-0.000183
-0.000347
-0.000512
-0.000183
-0.000347
-1.9e-05
-1.9e-05
-1.9e-05
-1.9e-05
-1.9e-05
-1.9e-05
-0.000347
-0.000183
-0.000183
-0.000347
-0.000347
-0.000183
-0.000183
-0.000183
-1.9e-05
-0.000183
-0.000183
-0.000347
-0.000183
-0.000183
-0.000183
-0.000512
-0.000183
-0.000183
-0.000347
-0.000183
-0.000183
-1.9e-05
-0.000347
-0.000183
-0.000512
-0.000347
-0.000512
-0.000183
-1.9e-05
-1.9e-05
0.000146
0.000146
-1.9e-05
-0.000347
-0.000347
-0.000347
-0.000347
-0.000347
-0.000347
-0.000347
-0.000183
-0.000183
0.000146
-1.9e-05
-0.000347
-0.000347
-0.000183
-0.000347
-0.000183
-0.000183
-0.000183
-0.000183
0.000146
-0.000183
-1.9e-05
-0.000183
-0.000347
-0.000347
-0.000347
-0.000183
-0.000183
-0.000183
-0.000183
-0.000183
0.000146
-0.000183
-0.000183
-0.000347
-0.000512
-0.000347
-0.000183
-0.000183
-1.9e-05
-0.000347
-1.9e-05
-0.000183
-0.000347
-0.000347
-0.000347
-0.000347
-0.000512
-0.000183
-0.000183
-1.9e-05
-0.000183
-1.9e-05
0.000146
-1.9e-05
-1.9e-05
-0.000183
-0.000347
-0.000347
-0.000347
-0.000183
-0.000347
-0.000183
-0.000183
-0.000183
-0.000183
-0.000347
-0.000183
-0.000183
-0.000347
-0.000347
-0.000183
-0.000183
-0.000183
-1.9e-05
-0.000183
-0.000183
-1.9e-05
-0.000347
-0.000512
-0.000183
-0.000347
-1.9e-05
-0.000183
-0.000183
-1.9e-05
-0.000183
-0.000183
-0.000512
-0.000347
-0.000347
-0.000183
-0.000347
-0.000183
0.000474
-0.000183
-0.000183
0.000146
-0.000512
0.000803
-0.000347
-0.000347
-0.000347
-0.000512
-0.000183
-0.000183
-1.9e-05
-0.000183
-0.000183
-0.000183
-0.000183
-0.000183
-0.000512
-0.000183
-0.000512
-0.000183
-0.000183
-1.9e-05
-0.000183
-0.000183
-1.9e-05
-0.000183
-0.000183
-0.000347
-0.000183
-0.000183
-0.000183
-0.000183
-0.000183
-0.000183
-0.000183
-0.000183
-0.000183
-0.000347
-0.000347
-0.000347
-0.000347
-0.000183
-0.000183
-1.9e-05
-0.000183
-0.000183
-0.000347
-0.000183
-0.000347
-0.000347
-0.000347
-0.000347
-0.000183
-0.000183
-0.000183
-1.9e-05
-0.000183
-0.000183
-0.000347
-0.000347
-0.000347
-0.000183
-0.000347
0.000474
0.000639
-0.000347
-1.9e-05
-1.9e-05
-0.000347
-0.000347
-0.000512
-0.000183
-0.000347
-0.000183
-0.000183
-1.9e-05
0.000146
-1.9e-05
-1.9e-05
-1.9e-05
-0.000183
-1.9e-05
0.002282
-1.9e-05
0.002775
-0.000183
0.00031
-0.000347
-1.9e-05
-1.9e-05
-0.000183
-0.000183
-0.000347
-0.000183
-0.000347
-1.9e-05
-0.000183
-1.9e-05
-0.000183
-0.000183
-0.000183
-0.000183
-0.000183
-0.000512
-0.000347
-0.000347
-0.000183
-0.000183
-0.000347
0.000146
0.000146
0.000474
0.000803
-0.000183
-0.000347
0.000639
-0.000183
-0.000512
-0.000183
-1.9e-05
-0.000183
-1.9e-05
-0.000183
0.000146
-0.000183
-1.9e-05
-0.000347
-0.000347
-0.000347
-0.000347
-1.9e-05
-1.9e-05
-0.000183
-0.000183
-0.000183
-0.000183
-0.000183
-0.000347
-0.000347
-0.000347
-1.9e-05
-0.000183
-0.000183
-1.9e-05
-0.000183
-0.000183
-0.000183
-0.000183
-0.000183
-0.000347
-0.000183
-1.9e-05
-0.000183
-1.9e-05
0.000146
-0.000183
-1.9e-05
0.000146
-0.000183
-0.000183
-1.9e-05
-0.000347
-0.000183
-1.9e-05
-0.000183
-0.000183
-0.000183
-1.9e-05
-0.000347
-0.000183
-0.000183
-0.000347
-0.000183
-0.000347
-0.000347
-0.000183
-0.000183
-0.000183
-1.9e-05
-0.000183
-0.000512
-0.000512
-0.000183
-0.000512
-0.000512
-0.000183
-0.000183
0.000146
-1.9e-05
0.000146
-1.9e-05
-0.000183
-0.000347
-0.000347
-0.000347
-1.9e-05
-1.9e-05
-0.000183
0.000146
-1.9e-05
-0.000183
-1.9e-05
-0.000183
-0.000347
-0.000347
-0.000347
-1.9e-05
-1.9e-05
-0.000183
0.000146
-0.000183
0.000146
-1.9e-05
-1.9e-05
-0.000347
-0.000183
-0.000347
-0.000183
0.000146
-1.9e-05
0.000146
-1.9e-05
-0.000183
-0.000183
-0.000183
-0.000183
-0.000183
-0.000347
-0.000183
-1.9e-05
-0.000183
-1.9e-05
0.000146
-0.000183
-1.9e-05
-0.000183
-1.9e-05
-0.000347
-0.000347
-0.000347
-1.9e-05
-1.9e-05
-1.9e-05
0.000146
-0.000183
-0.000183
-1.9e-05
-0.000183
-0.000347
-0.000183
-0.000347
-1.9e-05
0.000146
-1.9e-05
-1.9e-05
0.000146
-1.9e-05
-0.000183
-0.000183
-0.000347
-0.000183
-0.000183
-1.9e-05
-1.9e-05
0.000146
-1.9e-05
-0.000183
0.000146
-0.000183
-0.000183
-0.000183
-0.000347
-0.000183
0.000146
-0.000183
0.000146
-1.9e-05
-1.9e-05
-1.9e-05
-0.000183
-0.000183
-0.000183
-0.000347
-1.9e-05
-1.9e-05
0.000146
0.000146
-1.9e-05
0.00031
-1.9e-05
-0.000183
-0.000183
-1.9e-05
-0.000347
-0.000183
-0.000183
-1.9e-05
-0.000183
0.000146
-1.9e-05
-1.9e-05
-0.000183
-0.000183
-0.000183
-0.000183
-0.000183
-0.000183
-1.9e-05
-1.9e-05
-1.9e-05
-0.000183
-1.9e-05
-0.000183
-0.000183
-0.000183
-0.000512
-0.000183
-0.000183
-0.000183
-1.9e-05
-1.9e-05
-0.000183
-0.000183
-0.000183
-0.000512
-0.000347
-0.000347
-0.000347
-0.000183
-0.000183
-1.9e-05
-0.000183
-1.9e-05
-0.000183
-0.000183
-0.000183
-0.000347
-0.000347
-0.000183
-0.000183
-1.9e-05
-1.9e-05
-1.9e-05
-0.000183
-0.000183
-0.000183
-0.000183
-0.000512
-0.000183
-0.000183
-0.000183
-0.000183
-1.9e-05
-1.9e-05
-0.000183
-1.9e-05
-0.000347
-0.000347
-0.000347
-0.000183
-0.000347
-0.000183
-0.000183
-1.9e-05
0.000146
-1.9e-05
-0.000183
-1.9e-05
-1.9e-05
-1.9e-05
-0.000512
-0.000183
-0.000183
-0.000183
-1.9e-05
-1.9e-05
-0.000183
-1.9e-05
-0.000183
-0.000347
-0.000183
-0.000183
-0.000676
0.000146
-1.9e-05
-0.000183
-0.000183
-1.9e-05
-1.9e-05
-0.000183
-0.000183
-0.000347
-0.000512
-0.000347
-0.000183
-0.000183
-0.000347
-0.000183
-1.9e-05
-0.000183
-0.000183
-0.000183
-0.000347
-0.000183
-1.9e-05
-0.000183
-0.000347
-1.9e-05
-1.9e-05
-1.9e-05
-0.000183
-0.000183
-0.000347
-0.000347
-0.000347
-0.000512
-0.000183
-1.9e-05
-1.9e-05
-0.000183
-1.9e-05
-1.9e-05
-0.000183
-0.000347
-0.000347
-0.000347
-0.000347
-0.000183
-0.000183
0.000146
-1.9e-05
-0.000183
-0.000347
-0.000183
-1.9e-05
-0.000183
-0.000347
-0.000347
-0.000183
0.000146
-1.9e-05
-1.9e-05
-1.9e-05
-1.9e-05
-1.9e-05
-0.000183
-0.000183
-0.000183
-0.000183
-0.000183
-0.000183
-0.000183
-0.000183
-1.9e-05
-0.000183
-0.000347
-0.000183
-0.000183
-0.000512
-0.000183
-0.000183
-0.000183
-0.000183
-0.000183
-1.9e-05
-1.9e-05
-0.000183
-0.000347
-0.000512
-0.000347
-0.000183
-0.000183
-1.9e-05
-0.000183
-1.9e-05
-1.9e-05
-1.9e-05
-0.000183
-0.000347
-1.9e-05
-0.000347
-0.000347
-0.000347
-0.000183
-0.000347
-0.000183
-1.9e-05
-0.000183
-0.000183
-0.000183
-0.000183
-0.000347
-0.000347
-0.000183
-0.000183
-1.9e-05
-1.9e-05
-1.9e-05
-0.000183
-0.000183
-0.000183
-0.000183
-0.000347
-0.000347
-0.000347
-0.000183
-1.9e-05
-1.9e-05
-0.000183
-0.000183
-1.9e-05
-1.9e-05
-0.000512
-0.000183
-0.000347
-0.000347
-1.9e-05
-0.000183
-0.000347
-0.000183
-1.9e-05
-0.000183
-0.000347
-1.9e-05
-0.000512
-0.000347
-0.000183
-1.9e-05
-1.9e-05
-0.000183
-1.9e-05
-1.9e-05
-0.000347
-0.000347
-0.000512
-0.000183
-0.000183
-0.000347
-0.000183
0.000146
-1.9e-05
-0.000183
-0.000183
-1.9e-05
-0.000183
-0.000347
-0.000183
-0.000347
-0.000347
-0.000183
0.000146
-0.000183
-1.9e-05
-0.000183
-0.000183
-0.000183
-0.000512
-0.000347
-0.000512
-0.000183
-0.000183
-1.9e-05
-0.000183
-0.000183
-1.9e-05
-0.000183
-0.000183
-0.000183
-0.000347
-0.000512
-0.000183
-0.000183
-0.000183
-1.9e-05
-1.9e-05
-0.000183
-1.9e-05
-0.000183
-0.000183
-0.000183
-0.000183
-0.000183
-0.000347
-0.000183
-0.000183
-0.000183
-0.000347
-0.000183
-0.000183
-0.000347
-0.000183
-0.000347
-0.000512
-1.9e-05
-0.000183
-0.000347
-1.9e-05
-0.000183
-0.000183
-0.000183
-0.000347
-0.000347
-0.000512
-0.000512
-0.000183
-0.000183
-0.000183
-0.000183
0.000146
-0.000183
-0.000183
-0.000347
-0.000183
-0.000512
-0.000512
-0.000347
-1.9e-05
-1.9e-05
0.000146
-1.9e-05
-1.9e-05
-0.000183
-0.000183
-1.9e-05
-0.000512
-0.000347
-0.000183
-0.000183
-0.000183
-1.9e-05
-1.9e-05
-1.9e-05
-0.000347
-1.9e-05
-0.000183
-0.000347
-0.000347
-0.000183
-0.000183
-0.000183
-1.9e-05
-0.000183
-1.9e-05
-0.000183
-0.000183
-0.000347
-0.000347
-0.000512
-0.000183
-1.9e-05
-0.000183
-1.9e-05
0.000146
-1.9e-05
-1.9e-05
-0.000183
-0.000183
-0.000347
-0.000512
-0.000347
-0.000183
-0.000183
-0.000347
-1.9e-05
-0.000183
-0.000347
-1.9e-05
-0.000512
-0.000183
-0.000183
-0.000183
-0.000183
-0.000183
-1.9e-05
-0.000183
-1.9e-05
-1.9e-05
-0.000347
-0.000183
-0.000347
-0.000347
-0.000183
-0.000183
-0.000183
-0.000183
-1.9e-05
-0.000183
-0.000183
-0.000512
-0.000183
-0.000512
-0.000347
-0.000347
-1.9e-05
-1.9e-05
-1.9e-05
-1.9e-05
-0.000183
-0.000183
-0.000183
-0.000347
-0.000512
-0.000183
-0.000183
-0.000347
-0.000183
-0.000183
-0.000183
-0.000183
-0.000183
-0.000183
-0.000347
-0.000512
-0.000512
-0.000347
-1.9e-05
-1.9e-05
-0.000183
0.000146
-1.9e-05
-1.9e-05
-0.000512
-0.000183
-0.000347
-0.000347
-0.000183
-0.000183
-0.000183
-0.000183
-1.9e-05
0.000146
-1.9e-05
-0.000183
-0.000512
-0.000512
-0.000183
-1.9e-05
-0.000183
-0.000183
-0.000183
-1.9e-05
-1.9e-05
-0.000183
-0.000183
-0.000347
-0.000512
-0.000512
-0.000512
-0.000347
-0.000183
-1.9e-05
-0.000183
-1.9e-05
-0.000183
-0.000347
-0.000183
-0.000347
-0.000183
-0.000347
-0.000183
-0.000183
-1.9e-05
-0.000183
-1.9e-05
-0.000183
-0.000183
-0.000512
-0.000347
-0.000347
-0.000183
-0.000183
-0.000183
-0.000183
-1.9e-05
-0.000183
-1.9e-05
-0.000183
-0.000347
-0.000183
-0.000347
-0.000347
-1.9e-05
-1.9e-05
-1.9e-05
-0.000183
-0.000183
-0.000183
-0.000183
-0.000183
-0.000183
-0.000347
-0.000183
-0.000183
-0.000183
-0.000347
-0.000183
-0.000183
-1.9e-05
-0.000347
-0.000183
-0.000347
-0.000347
-0.000347
-0.000183
-0.000183
-0.000183
-1.9e-05
-1.9e-05
-1.9e-05
-0.000183
-0.000347
-0.000183
-0.000512
-0.000347
-0.000183
-0.000183
-1.9e-05
-0.000183
-1.9e-05
-1.9e-05
-1.9e-05
-0.000347
-0.000183
-0.000183
-0.000347
-0.000183
-0.000183
-0.000183
-0.000183
-0.000183
-1.9e-05
-1.9e-05
-0.000183
-0.000183
-0.000183
-0.000183
-0.000512
-0.000183
-0.000183
-1.9e-05
-1.9e-05
-1.9e-05
0.000146
-0.000347
-0.000347
-0.000347
-0.000347
-0.000347
-0.000183
-0.000183
-1.9e-05
-1.9e-05
-0.000183
-0.000183
-0.000183
-0.000512
-0.000183
-0.000512
-0.000183
-0.000347
-1.9e-05
-1.9e-05
-1.9e-05
-1.9e-05
-0.000183
-0.000347
-0.000183
-0.000512
-0.000676
-0.000183
-0.000512
-0.000347
-0.000183
-0.000183
-0.000183
-1.9e-05
-1.9e-05
-0.000347
-0.000347
-0.000347
-0.000347
-0.000183
-1.9e-05
-1.9e-05
-1.9e-05
-1.9e-05
-0.000183
-0.000183
-0.000347
-0.000183
-0.000347
-0.000183
-0.000347
-1.9e-05
-0.000183
-0.000183
-0.000183
-1.9e-05
-0.000347
-0.000347
-0.000512
-0.000183
-0.000347
-0.000183
-0.000183
-0.000183
-0.000183
-1.9e-05
-1.9e-05
-0.000183
-0.000347
-0.000347
-0.000512
-0.000183
-0.000183
-0.000183
-1.9e-05
-1.9e-05
-0.000183
-0.000183
-0.000183
-0.000347
-0.000512
-0.000183
-0.000183
-0.000183
-0.000183
-1.9e-05
-1.9e-05
-1.9e-05
-1.9e-05
-0.000183
-0.000347
-0.000183
-0.000183
-0.000512
-0.000347
-1.9e-05
-1.9e-05
-1.9e-05
-0.000183
-1.9e-05
-1.9e-05
-0.000183
-0.000347
-0.000183
-0.000183
-0.000183
-0.000183
-0.000183
-1.9e-05
-1.9e-05
-1.9e-05
-0.000183
-0.000347
-0.000183
-0.000183
-0.000347
-0.000347
-1.9e-05
-1.9e-05
-0.000183
-0.000183
0.000146
-0.000183
-0.000183
-0.000183
-0.000347
-0.000512
-0.000183
-0.000183
-0.000183
-0.000183
-0.000183
-0.000183
-0.000183
-0.000347
-0.000183
-0.000512
-0.000183
-0.000183
-0.000183
-0.000183
-0.000183
-1.9e-05
-1.9e-05
0.000146
-0.000347
-0.000183
-0.000512
0.000967
0.00146
0.002447
-1.9e-05
0.000146
-0.000183
0.00031
-1.9e-05
0.000146
-0.000183
-0.000347
-0.000347
-0.000512
-1.9e-05
-0.000347
-0.000183
-0.000183
-0.000183
-1.9e-05
-0.000183
-0.000183
-0.000512
-0.000512
-0.000183
-0.000183
-0.000183
0.008035
-1.9e-05
0.008035
0.006884
0.00672
0.002447
0.006062
0.012144
0.0105
0.005734
0.003104
0.005734
0.006227
0.013952
0.012965
-0.001498
0.004912
0.005569
0.001625
-0.000183
-0.000347
0.001132
-1.9e-05
-1.9e-05
0.000146
-0.000183
-0.000183
-0.000347
-0.000183
-0.000183
-0.000841
-1.9e-05
-0.000183
0.000967
-0.001334
0.001789
-0.001498
0.00672
0.001132
0.000146
-1.9e-05
-0.000183
-1.9e-05
-0.000347
0.000639
-0.000183
0.000474
-0.000512
-0.000512
-0.000183
-0.000183
0.000474
0.001132
0.00409
-0.001169
0.002775
0.002118
-0.001662
-0.000183
-1.9e-05
-0.000183
-1.9e-05
-0.000512
-0.000183
-0.000183
-1.9e-05
-1.9e-05
-1.9e-05
-0.000183
-0.000183
-0.000183
-0.000183
-0.000183
-0.000347
-0.000347
-0.000347
0.000146
0.000146
-1.9e-05
-1.9e-05
-0.000183
-0.000183
-1.9e-05
-0.000347
-0.000183
-0.000347
-0.000183
-0.000183
-1.9e-05
-0.000183
-0.000183
-1.9e-05
-0.000183
-0.000183
-0.000512
-0.000347
-0.000512
-1.9e-05
-1.9e-05
-1.9e-05
-0.000183
-1.9e-05
-1.9e-05
-0.000183
-0.000183
-0.000183
-0.000347
-0.000183
-0.000347
-0.000183
-1.9e-05
-1.9e-05
-0.000183
0.000146
-0.000183
-0.000347
-0.000183
-0.000183
-0.000347
-0.000183
0.000146
-1.9e-05
-1.9e-05
-0.000183
-1.9e-05
-0.000183
-0.000183
-0.000347
-0.000347
-0.000347
-1.9e-05
-0.000183
-0.000183
-1.9e-05
0.000146
-1.9e-05
-0.000347
-0.000183
-0.000183
-0.000347
-0.000347
-0.000347
0.000146
-1.9e-05
-0.000183
-0.000183
-1.9e-05
-0.000183
-0.000183
-0.000183
-0.000347
-0.000347
-0.000183
-0.000183
-0.000183
-1.9e-05
0.000146
-0.000183
-0.000183
-1.9e-05
-0.000183
-0.000347
-0.000183
-0.000183
-0.000183
-1.9e-05
-1.9e-05
-1.9e-05
-1.9e-05
-1.9e-05
-1.9e-05
-0.000183
-0.000183
-0.000347
-0.000183
-1.9e-05
-0.000183
-1.9e-05
0.000146
-0.000183
-1.9e-05
-0.000183
-1.9e-05
-0.000183
-0.000512
-0.000183
-0.000347
-0.000183
-1.9e-05
-0.000183
-1.9e-05
-0.000183
-0.000183
-0.000183
-0.000347
-0.000183
-0.000347
-0.000183
-0.000183
-1.9e-05
-1.9e-05
0.000146
-1.9e-05
0.00031
0.000474
-0.000512
-1.9e-05
0.001789
0.000967
0.000474
-0.000183
0.000146
-1.9e-05
-0.000183
-0.000183
-0.000347
-0.000347
-0.000347
-0.000512
-0.000183
-0.000183
-0.000183
-1.9e-05
0.000146
-0.000183
-0.000183
-1.9e-05
-0.000347
-0.000347
-0.000347
-0.000183
-0.000183
-0.000183
-0.000183
-0.000183
-0.000512
-0.000183
-0.000512
-0.000347
-0.000183
-0.000183
-0.000183
-0.000183
0.000146
-1.9e-05
-1.9e-05
-0.000183
-0.000347
-0.000347
-0.000512
-0.000183
-0.000841
-0.000347
0.000967
-0.000512
-1.9e-05
0.002775
0.000146
-0.000347
-0.000183
-1.9e-05
0.001296
0.002118
0.001296
0.003761
0.000639
-0.000183
0.000146
-1.9e-05
-0.000183
-0.000183
-0.000347
-0.000676
-0.017934
0.000146
0.001132
-0.000512
0.003761
0.00935
0.012801
0.014773
0.020033
0.020362
0.02332
0.02447
0.028744
0.022663
0.018718
0.023813
0.020855
0.019047
0.021512
0.02069
0.018061
0.017074
0.016088
0.006062
0.001625
0.002611
0.001789
-1.9e-05
0.000474
0.000474
0.001296
0.001132
-0.001334
0.006227
0.007213
0.000146
0.000967
0.001625
0.002775
0.000474
0.000146
-0.000347
0.000639
0.001132
-0.000512
-1.9e-05
-0.000183
0.000146
-1.9e-05
0.000146
0.000146
0.002282
0.000803
0.010664
0.010336
0.017896
0.007213
0.013623
0.015102
0.001132
0.000146
0.000639
0.001789
-0.000841
0.002282
0.003104
0.005898
0.009185
0.014938
0.020855
0.026443
0.022991
0.030552
0.004419
0.005734
0.003926
-0.000183
0.000146
-1.9e-05
-0.000347
0.004583
0.009514
0.000146
-0.000841
0.00409
0.006884
0.002611
0.004912
0.001954
0.011486
0.018718
0.01954
0.022663
0.021183
0.024306
0.0271
0.0271
0.026936
0.02447
0.018882
0.016581
0.014116
0.010007
0.009843
0.011651
0.008857
0.003104
0.004748
0.007542
0.005076
0.007377
0.003268
0.007213
0.004419
0.001789
0.00409
0.003926
0.00409
0.003104
0.007542
-0.000183
0.003433
-0.001169
0.000639
-0.000512
-1.9e-05
-0.000347
0.000803
0.000967
0.001296
0.001954
0.001625
0.005241
-0.001005
-0.000512
0.000803
0.00031
0.000146
0.00031
0.00031
-1.9e-05
-0.000183
0.001296
-0.000183
0.005569
0.006556
0.010664
0.012308
0.001789
0.001625
0.001789
0.001296
0.002611
0.009678
0.001296
0.003433
0.004583
0.005569
0.00031
0.000146
0.004583
0.002447
0.006556
-0.000183
-1.9e-05
-0.000183
-0.000512
-0.001005
0.000803
-0.000183
0.000146
-1.9e-05
0.000146
0.00031
0.000967
-0.000183
0.006227
0.004912
0.004419
0.003597
0.005569
-0.000841
0.00787
0.011322
0.007049
0.010171
0.007049
0.012472
0.013623
0.009514
0.002282
0.008199
0.012637
0.012637
0.012472
0.014445
0.014445
0.01428
0.01691
0.020033
0.017239
0.016253
0.016746
0.009678
0.009185
0.008363
0.009514
0.002775
0.00935
0.011651
0.01691
0.014609
0.013952
-1.9e-05
0.002282
0.002775
-0.000183
-1.9e-05
0.000639
-0.000841
-0.000347
0.000474
-1.9e-05
-1.9e-05
-1.9e-05
-1.9e-05
0.000146
-0.000183
-0.000347
-0.000183
-0.000183
0.003268
0.001296
0.001296
0.001132
-1.9e-05
-0.000347
-0.000347
-1.9e-05
-0.000183
-0.000347
-0.000183
-0.000183
-0.000512
-1.9e-05
-0.000183
0.000146
-1.9e-05
-1.9e-05
-1.9e-05
-0.000183
-0.000183
-0.000512
-0.000183
0.000146
-1.9e-05
0.00031
0.000967
0.000146
0.000639
-0.000512
-0.000347
-0.000183
0.000146
0.000474
0.000803
0.001789
0.000474
-0.000347
-1.9e-05
0.000146
-0.000183
0.001789
0.003433
0.001625
0.000474
-0.000512
0.001954
0.000146
-0.000183
0.004419
0.005241
0.000639
0.007377
0.009678
0.012637
0.002775
0.00409
0.000803
0.000146
0.000146
0.001789
0.007213
0.008528
0.010829
0.015924
0.006391
0.00935
0.000803
-0.000347
-0.000183
-0.000183
-1.9e-05
-0.000183
-1.9e-05
-0.000183
-0.000347
-0.000183
-0.000512
-0.000347
0.000146
0.000474
0.000146
-1.9e-05
0.002611
0.006556
0.005241
0.003104
0.004419
0.006884
0.012637
0.012965
0.004912
0.000474
-1.9e-05
0.001954
0.002447
-0.000512
-0.000512
0.001625
-1.9e-05
0.003104
0.000639
0.001296
0.003104
0.00031
0.00031
0.000146
0.000967
0.005076
0.009021
0.012801
0.004583
0.006556
0.005898
0.011979
0.012144
0.0105
0.000967
0.000146
-0.000183
0.000474
-1.9e-05
0.003104
0.000146
0.000474
0.004583
0.005241
-0.00232
0.001132
0.004748
0.004912
0.006556
0.000967
0.007213
0.004583
0.004419
0.009185
0.001132
0.004255
0.009021
0.011979
0.008528
0.011322
0.015102
0.017896
0.018061
0.024306
0.011486
0.003926
0.004255
0.0105
0.010829
-0.000676
0.001296
0.001954
0.002282
0.00146
0.00294
0.001296
0.005405
0.010829
0.015431
0.018389
0.021841

Kurve 4

0.00031
-0.000347
0.000146
-0.000512
-0.000183
-0.000347
-0.000347
-0.002813
-0.001498
0.000474
-0.000183
0.000967
-0.00232
-0.000841
0.002447
0.001132
-0.000183
0.004583
0.00146
-1.9e-05
0.002611
0.003597
0.005569
0.003926
0.004912
0.003926
0.006062
0.000474
0.00146
-0.000183
0.000146
0.005241
0.001954
0.004419
0.000967
0.000474
0.00294
0.00409
0.002447
0.002118
0.004255
0.003597
0.004255
0.005405
0.003597
0.004748
0.005241
0.007706
0.006227
0.007377
0.006884
0.00409
0.001625
0.001789
0.003104
0.002447
0.005241
0.00409
0.005569
0.001789
0.002775
-1.9e-05
0.00146
0.002611
0.002447
0.003597
0.003761
0.003597
0.004748
0.003104
-0.000676
0.001625
0.002282
-0.000512
-0.001169
0.004912
0.002282
0.000474
0.000146
0.002282
0.006391
0.00409
0.006227
0.000967
-1.9e-05
-0.000347
0.002282
-0.000347
0.002611
-0.000347
0.00031
-0.000183
0.000474
-0.000512
-0.001827
-0.001334
-1.9e-05
0.003104
0.00294
0.001296
0.003926
0.004583
0.002118
0.00787
0.004583
0.007542
0.004748
0.007542
0.005569
0.003104
0.004255
0.00409
0.004748
0.003761
0.004419
0.003597
0.003926
0.003268
0.004419
0.005076
0.001296
0.001625
0.004419
0.001789
0.003268
0.005569
-0.000512
-0.001498
-0.001005
-0.001169
-0.000347
-0.002484
0.000474
-0.000676
0.000474
0.001296
-0.000183
0.002447
0.001954
0.003433
-0.000347
0.001625
0.002447
-0.000841
0.002118
0.001789
-1.9e-05
-0.000512
0.000474
-0.001005
-0.000512
0.000146
-0.001498
-1.9e-05
0.003104
0.003597
0.000474
0.001625
0.00294
0.001296
0.001789
0.004255
0.002775
-0.000183
-0.000183
0.000146
-0.001005
0.001789
-1.9e-05
0.000474
-0.001662
-0.000347
0.001954
0.003433
0.002282
0.005734
0.002118
0.003926
0.004748
0.000803
0.002611
0.00031
0.001625
-0.000183
0.00146
0.000967
-1.9e-05
0.001625
0.005241
0.000474
0.001954
0.001132
0.002282
0.006227
0.001789
0.004583
0.002282
0.000474
-1.9e-05
0.001789
0.000146
0.000803
0.000639
-0.000347
0.001954
0.002447
0.001296
0.000967
0.00146
-1.9e-05
0.003761
-0.000183
0.000639
-0.000347
0.000146
0.00031
-0.000183
-0.000347
0.001132
-0.003142
-0.002648
-0.000512
-0.000512
-0.001005
0.000967
0.003104
0.00146
0.001789
0.001789
-0.001005
-0.001662
-0.000841
-0.001991
-0.000512
-0.00347
0.000639
-0.000183
0.000967
0.000474
0.001296
0.000803
0.000967
0.001625
0.00031
0.00031
-1.9e-05
0.000967
0.001954
0.00409
0.002282
0.001132
-0.000183
0.00146
-0.000841
0.002775
0.002282
0.001132
-0.000347
0.000474
-0.001169
0.00031
0.000474
-0.001991
0.000639
0.000474
-0.000676
0.000474
-0.000512
-0.000512
-0.000676
-0.002648
-0.001827
-0.000676
-0.001334
0.000639
0.00031
-0.000183
-0.001498
-0.002155
-0.001334
0.001296
-0.000841
-0.000512
-0.000512
-0.000183
-0.000183
-1.9e-05
-0.000183
-1.9e-05
-0.000183
-0.000183
-0.000183
-0.000183
-0.000512
-0.000512
-0.000183
-0.000183
0.000146
-0.000183
-1.9e-05
-0.000183
-0.000347
-0.000347
-0.000347
-0.000347
-0.000183
-0.000183
-1.9e-05
-1.9e-05
-1.9e-05
-0.000183
-1.9e-05
-0.000183
-0.000183
-0.000183
-0.000347
-0.000183
-0.000183
-0.000183
-0.000183
-0.000183
-0.000183
-0.000183
-1.9e-05
-0.000183
-0.000347
-0.000183
-0.000347
-0.000183
-1.9e-05
-0.000183
-0.000183
-1.9e-05
-0.000183
-0.000183
-0.000347
-0.000512
-0.000183
-0.000347
-0.000347
-1.9e-05
0.000146
-1.9e-05
-1.9e-05
-0.000183
-0.000183
-0.000512
-0.000347
-0.000183
-0.000347
-0.000512
-0.000512
-0.000512
0.00294
0.002447
-0.000183
-0.001334
0.000146
-0.001169
0.00031
0.003433
-0.001662
0.001132
0.000803
-0.000183
0.000639
-0.000841
0.000967
0.000474
-0.000512
-0.000841
-0.000347
-0.003963
-0.00232
-0.000512
-0.000676
-0.000347
-0.000183
-0.000183
0.000146
-1.9e-05
-0.000183
-0.000183
-0.000512
-1.9e-05
-1.9e-05
0.00031
-0.000183
-0.000347
-0.000183
-0.000183
-0.000347
-1.9e-05
-0.000183
-0.000347
0.000146
-1.9e-05
0.000146
-0.000183
-0.000183
-1.9e-05
-0.000183
-0.000347
-0.000183
-0.000183
-0.000347
-1.9e-05
-1.9e-05
-0.000183
-1.9e-05
-1.9e-05
-0.000183
-0.000183
-0.000183
-0.000347
-0.000183
-0.000183
-0.000183
-0.000183
-0.000183
-1.9e-05
-1.9e-05
-1.9e-05
-1.9e-05
-1.9e-05
-0.000183
-0.000183
-0.000183
-0.000183
-0.000183
-1.9e-05
0.000146
-0.000183
-1.9e-05
-0.000183
-0.000183
-0.000183
-0.000347
-0.000347
-0.000183
-1.9e-05
-0.000183
-0.000183
-0.000183
-1.9e-05
-0.000183
-0.000347
-0.000347
-0.000183
-0.000183
-1.9e-05
-1.9e-05
-1.9e-05
-0.000183
-1.9e-05
-1.9e-05
-0.000183
-0.000183
-0.000512
-0.000512
-0.000183
-1.9e-05
-0.000347
0.000146
-1.9e-05
-1.9e-05
-1.9e-05
-0.000183
-0.000183
-0.000347
-0.000183
-0.000512
-0.000347
-1.9e-05
-0.000183
0.00031
-1.9e-05
0.000146
-0.000183
-0.000183
-0.000183
-0.000183
0.00031
-0.000183
0.000474
0.000146
0.000803
0.000146
-1.9e-05
-0.000347
-0.000841
-0.000841
-0.000347
-0.000183
-0.000676
0.00031
-0.000183
-1.9e-05
-1.9e-05
0.000146
-0.000183
-0.000183
-0.000183
-1.9e-05
-0.000347
0.00031
-0.000183
-1.9e-05
0.000146
-0.000347
-0.000183
-0.000676
-0.000183
-0.000841
0.000146
-0.000183
-0.000183
-1.9e-05
-1.9e-05
0.000474
0.000146
0.00031
-0.000512
-1.9e-05
0.000146
-0.000347
-0.000676
0.000146
-0.000676
0.000639
-0.000841
-1.9e-05
0.00031
0.000146
0.00031
0.00031
-0.000512
-0.000676
0.000474
-1.9e-05
-0.000183
-0.000512
0.000146
-1.9e-05
-0.000183
-0.000676
0.000146
-0.001334
0.000474
-0.000183
-0.000183
0.00031
0.00031
0.000146
-0.000183
-0.000183
-1.9e-05
-0.000183
-0.000183
-0.000183
-0.000183
-1.9e-05
-1.9e-05
0.000146
-1.9e-05
-1.9e-05
-1.9e-05
-0.000183
-0.000183
-0.000183
-0.000512
-1.9e-05
-1.9e-05
-0.000183
-1.9e-05
0.000146
-1.9e-05
-0.000183
-1.9e-05
-0.000183
-0.000183
-0.000183
-1.9e-05
-1.9e-05
-0.000183
-1.9e-05
0.000146
-1.9e-05
-1.9e-05
-1.9e-05
-0.000347
-0.000183
-0.000347
-1.9e-05
-1.9e-05
-1.9e-05
-0.000183
-0.000183
0.000639
-0.000512
-0.000183
-1.9e-05
-1.9e-05
-0.000841
0.000146
-1.9e-05
-0.000183
-1.9e-05
0.000146
-1.9e-05
-0.000183
-0.000183
-0.000347
-0.000512
-0.000183
-0.000347
-1.9e-05
-1.9e-05
-1.9e-05
-1.9e-05
0.00031
-0.000183
-0.000183
-0.000183
-0.000512
0.000474
-0.000183
-0.000183
-0.000183
-1.9e-05
-1.9e-05
-0.002155
0.00031
-0.000676
-0.000347
-0.000512
0.000146
-0.000183
-1.9e-05
-1.9e-05
0.000146
-0.000183
0.00031
-1.9e-05
-0.000347
-0.000512
-0.000347
-0.000512
-0.000183
0.000146
-0.000841
0.000146
-1.9e-05
0.000146
-0.001827
-1.9e-05
-1.9e-05
-1.9e-05
-0.000347
-1.9e-05
-0.000183
-1.9e-05
-1.9e-05
-1.9e-05
-0.000183
-0.000183
-0.000676
-0.000183
-1.9e-05
-0.000347
0.000146
-1.9e-05
-0.000183
-1.9e-05
0.00031
-0.000183
-1.9e-05
-0.000183
-0.000347
-0.000183
-0.000183
-0.000183
-1.9e-05
-1.9e-05
0.00031
-1.9e-05
-1.9e-05
-1.9e-05
-1.9e-05
-0.000183
-0.000183
-0.000183
-0.000183
-1.9e-05
0.000146
0.000146
-0.000841
-0.000183
0.000967
-0.001498
-0.000183
-0.000183
0.00146
-0.001005
0.001132
-0.002155
0.002611
-0.001005
0.001296
-0.000347
-0.000183
-0.000183
-0.000347
-0.000183
-0.000512
-1.9e-05
-1.9e-05
-1.9e-05
0.000146
0.000146
-0.000183
-0.000183
-0.000183
-0.000183
-0.000183
-0.000347
-1.9e-05
-1.9e-05
-1.9e-05
0.000146
-0.000183
-0.000183
-0.000183
-0.000183
-0.000347
-0.000347
-0.000183
-0.000183
0.000146
-1.9e-05
-0.000183
-1.9e-05
-0.000183
-1.9e-05
-0.000183
-1.9e-05
-0.000347
-1.9e-05
-0.000183
-0.000183
0.000146
0.000146
-0.000183
0.000639
-0.000183
-1.9e-05
-1.9e-05
-1.9e-05
-0.000347
0.000146
-0.000347
0.000146
-1.9e-05
0.000146
-0.000183
-0.000183
0.000146
-0.000183
-0.000512
-0.000183
0.000146
0.000803
-0.000183
-0.000841
-1.9e-05
-0.000183
-1.9e-05
-0.000183
-0.000183
-1.9e-05
-0.000183
-0.000183
-0.000183
-1.9e-05
-1.9e-05
-1.9e-05
-0.000183
-0.000183
-0.000183
-0.000183
0.000146
-0.000183
-0.000512
-0.000183
0.000146
-1.9e-05
0.000146
-1.9e-05
-0.000183
-0.000183
-0.000183
-0.000183
0.00031
-0.000183
0.00031
-0.000347
0.00031
-0.000183
0.000803
-1.9e-05
-0.000183
-0.000183
0.000146
0.00031
0.000146
0.00146
-1.9e-05
0.001625
-1.9e-05
0.00146
0.001132
0.002118
-0.001005
0.000146
-0.001169
-0.000841
0.000474
0.000639
0.001789
0.00031
0.000639
0.00031
0.000474
-0.000512
0.000639
0.000146
0.000803
-0.000512
0.001296
-0.000512
0.002118
0.001132
0.000474
0.003268
0.00146
0.007377
0.005734
0.007049
0.004748
0.005569
0.005898
0.005241
0.006062
0.005405
0.006062
0.005734
0.003761
0.004419
0.006556
0.001132
0.005734
-0.000183
-0.000183
0.002118
0.00031
0.003268
0.002282
0.001789
0.00294
-0.000183
0.000146
-1.9e-05
-1.9e-05
-1.9e-05
-1.9e-05
-0.000512
-1.9e-05
-0.000347
-0.000183
-0.004621
-0.000676
-0.000183
0.000146
0.000474
0.002447
0.001132
0.000474
-1.9e-05
0.003433
0.001625
0.005734
0.000967
-0.000347
0.002447
0.001296
0.006391
0.008035
0.012472
-0.000841
0.005569
0.013459
0.011322
0.012144
0.013294
0.019211
0.025785
0.029894
0.034332
0.042057
0.046823
0.049453
0.051096
0.050768
0.041399
0.046494
0.034661
0.018225
0.025292
0.031867
0.03992
0.043371
0.050439
0.055698
0.057177
0.0603
0.063259
0.064574
0.05652
0.058657
0.059807
0.06293
0.058985
0.064738
0.063916
0.07049
0.070819
0.054876
0.010336
0.005076
0.005241
0.005569
0.008363
0.002447
0.001296
-0.000512
0.00672
0.000474
0.001132
-1.9e-05
-1.9e-05
-0.000841
0.000803
-0.000347
-0.000183
-0.000347
-0.000183
0.00031
-0.000347
-1.9e-05
-0.000183
-0.000183
-0.000183
0.000146
-0.000183
0.000146
-0.000512
-0.000347
-0.002484
0.00031
0.000146
-1.9e-05
0.000146
-1.9e-05
-1.9e-05
-0.000183
-0.000512
-0.000183
-0.000347
-0.000512
-1.9e-05
-1.9e-05
-1.9e-05
-0.000183
-1.9e-05
-0.000183
-0.000183
-0.000183
-0.000347
-0.000512
-0.000183
-0.000183
-1.9e-05
-0.000183
-0.000347
-1.9e-05
-0.000183
-0.000183
-0.000183
-0.000183
-0.000512
-0.000347
-0.000347
-0.000183
-0.000183
-1.9e-05
-1.9e-05
-0.000183
-0.000183
-0.000183
-0.000347
-0.000347
-0.000183
-0.000512
-1.9e-05
0.002775
-1.9e-05
-0.000676
0.000146
0.007049
0.00787
0.006391
0.004912
0.000803
0.006884
-1.9e-05
-1.9e-05
-1.9e-05
0.000639
0.007049
0.000803
0.000967
-0.000347
-0.000347
-0.000347
0.003926
0.012308
0.019211
0.026607
0.030059
0.035975
0.037783
0.039591
0.028415
0.029237
0.020855
0.014609
0.00935
0.002118
-0.001005
0.000967
0.00146
-0.000676
0.002447
-1.9e-05
0.001789
0.005405
0.004419
0.000803
0.004912
0.008363
0.00294
0.004748
0.007049
0.005241
0.012965
0.016417
0.017239
0.000474
0.002447
0.001625
0.000146
0.010336
0.010336
0.015924
0.015431
0.006062
0.009514
0.01576
0.02595
0.030059
0.023813
0.009678
0.00294
0.011158
0.016088
0.025621
0.032195
0.036304
0.042057
0.045837
0.049617
0.020526
0.00031
0.000146
0.000474
-0.000183
-0.000183
-0.000512
-0.000183
-0.000676
-1.9e-05
-0.002484
0.001296
0.003104
0.004419
0.003104
-0.001662
0.002118
0.010007
0.009678
0.003926
0.00031
0.00031
0.000803
0.00031
0.000639
0.000146
-0.000183
-1.9e-05
0.00031
-0.000183
-0.000512
-0.000183
-0.000347
-1.9e-05
-0.000183
-1.9e-05
-0.000183
-1.9e-05
-0.000183
-0.000183
-0.000347
-0.000512
-0.000183
-1.9e-05
-1.9e-05
-1.9e-05
-0.000183
-0.000183
-0.000183
-0.000183
0.000639
-0.000183
-0.000183
0.003268
0.010171
0.010829
0.013623
0.020033
0.026771
0.03236
0.041564
0.047645
0.051096
0.058164
0.0603
0.066217
0.066546
0.071641
0.076736
0.078215
0.081995
0.081995
0.086597
0.084789
0.086597
0.08709
0.089885
0.091199
0.097774
0.09876
0.100239
0.097445
0.105334
0.105663
0.107471
0.109936
0.110265
0.109936
0.112894
0.118483
0.114867
0.102704
0.102376
0.104677
0.107635
0.110265
0.110758
0.116346
0.112894
0.116017
0.116839
0.118976
0.120455
0.117332
0.125057
0.123413
0.121441
0.123742
0.125386
0.122427
0.125714
0.123906
0.110922
0.109279
0.1101
0.109607
0.111908
0.110593
0.11158
0.109772
0.107635
0.107964
0.105498
0.105992
0.094322
0.083146
0.075914
0.061451
0.0603
0.06671
0.072298
0.072791
0.074599
0.084954
0.083146
0.083639
0.077886
0.07953
0.079694
0.078708
0.081338
0.081667
0.066381
0.030059
0.020033
0.026443
0.006884
0.011651
0.019375
0.020855
0.022169
-1.9e-05
0.000967
0.011979
0.000474
0.004255
0.008692
0.015595
0.01954
0.022498
0.018554
0.006884
0.00031
0.008199
0.0105
0.000967
-0.000347
0.006556
0.006391
-0.001498
0.007542
0.007213
0.008035
0.009185
0.021512
0.004583
0.002118
0.000146
0.000146
-0.000347
0.002775
-0.000347
0.002611
0.000639
-0.000347
0.000803
-0.000183
0.000146
-0.000183
0.000146
-0.000676
0.001625
0.000146
-0.001662
0.000639
-1.9e-05
-0.00347
-0.000183
-1.9e-05
-0.000183
-1.9e-05
-1.9e-05
-0.001498
0.005241
0.0105
0.000474
0.00146
0.000146
0.005405
0.00031
0.006062
0.004912
-1.9e-05
0.002447
0.004419
0.009185
0.011815
0.002611
0.007706
0.00935
0.001625
0.007049
0.007049
0.000474
-0.000183
0.00031
-0.000347
-0.000183
-0.000347
0.002775
0.004912
0.001296
0.005076
0.001625
-1.9e-05
0.002447
0.002775
0.001954
-1.9e-05
-0.000347
0.001954
0.001132
0.010007
0.012801
0.013459
0.00672
0.008199
0.002282
0.004912
0.002611
0.001789
0.001132
0.005898
0.014609
0.022334
0.003597
-0.001169
0.003926
-0.005278
-0.000347
0.006556
0.000474
0.00672
0.013294
0.007706
0.001954
0.001625
-1.9e-05
-0.000183
-0.000347
0.001954
0.010336
0.018225
0.022169
0.033346
0.036469
0.041892
0.050768
0.054548
0.06293
0.066875
0.074106
0.080187
0.085447
0.089391
0.09876
0.098267
0.098924
0.100896
0.106978
0.109279
0.112237
0.114209
0.123742
0.125386
0.129001
0.133439
0.135247
0.136562
0.139192
0.142972
0.142314
0.144615
0.143136
0.154148
0.154477
0.151354
0.151354
0.157271
0.156613
0.157271
0.160558
0.161215
0.162366
0.163023
0.165653
0.164996
0.167132
0.166639
0.168776
0.165817
0.16894
0.169105
0.168612
0.168118
0.170255
0.168776
0.169762
0.172885
0.169926
0.170419
0.169433
0.170913
0.150039
0.152011
0.15119
0.147903
0.141493
0.081009
0.000146
0.007213
0.012637
0.022663
0.025785
0.030716
0.038112
0.043865
0.054548
0.052082
0.059972
0.060958
0.051589
0.012472
0.000639
0.003926
0.007049
0.010007
0.010664
-0.001498
-0.000183
-0.000183
-0.000347
0.00146
-1.9e-05
-1.9e-05
0.007377
0.002611
0.008199
0.011158
0.007542
0.011979
0.016253
0.020197
0.017074
0.018225
0.010664
0.012637
0.012965
0.01954
0.025128
0.007542
0.01313
0.011979
0.015924
0.021348
0.023649
0.021019
0.029237
0.032853
0.037783
0.039756
0.046001
0.030223
0.00294
0.006227
-0.000347
0.007049
0.00031
0.008692
0.011979
0.021183
0.0271
0.028579
0.017567
0.024964
0.030059
0.033346
0.003597
0.000146
0.007049
0.012965
0.019704
0.025621
0.024142
0.024306
0.035154
-0.000183
0.000639
-1.9e-05
0.004912
0.003104
0.009843
0.012965
0.018061
0.01954
0.022498
0.027429
0.032853
0.040413
0.007706
0.009021
0.000474
0.011322
0.015266
0.023484
0.028908
0.031538
0.036304
0.045015
0.046659
0.046166
0.034003
-0.000512
-0.000183
0.001296
0.003597
0.000474
-0.000183
0.00031
0.000639
0.000639
0.00031
-1.9e-05
0.000146
-0.000183
-0.000183
-1.9e-05
-1.9e-05
-0.000347
-0.000183
-0.000347
-0.000183
-0.000183
-1.9e-05
-1.9e-05
-0.000183
-0.000183
-0.000183
-1.9e-05
-0.000183
-0.000183
-0.000347
-0.000347
-0.000347
-1.9e-05
-0.000183
-0.000183
-0.000183
-0.000183
-0.000347
-0.000347
-0.000183
-0.000512
-0.000347
-0.000183
-0.000183
-0.000183
-1.9e-05
-0.000183
-0.000183
-0.000183
-0.000347
-0.000347
-0.000347
-0.000183
-0.000183
-0.000347
-0.000347
-1.9e-05
-1.9e-05
-1.9e-05
-0.000183
-0.000183
-0.000183
-0.000347
-1.9e-05
-0.000183
-0.000183
-0.000183
-0.000183
-0.000183
-0.000183
-0.000347
-0.000183
-0.000183
-0.000512
-0.000676
-1.9e-05
-0.000183
0.000474
0.000474
0.002775
-0.000841
0.003597
0.00031
0.00146
-0.000183
0.001625
0.003104
0.003761
0.000474
0.00031
-0.001169
-0.001005
0.005241
0.002118
0.004583
0.008692
0.004255
0.002611
0.003761
0.000639
0.00146
0.003433
0.002447
0.000639
-1.9e-05
0.000967
-0.000347
-0.000347
-0.000512
-0.000183
-0.000183
-0.000347
-0.000183
0.00031
0.002447
0.000474
-0.000347
-0.000183
-1.9e-05
-0.000676
0.004912
0.002282
0.000639
-0.000183
-1.9e-05
-0.000183
-0.000183
-0.000183
-0.000183
-0.000347
-0.000183
-0.000183
0.000146
-0.000183
0.001954
0.007049
0.00672
-0.000347
-0.000183
-0.000183
-0.000183
-1.9e-05
-0.000183
-1.9e-05
-1.9e-05
-0.00347
0.00409
0.004419
0.007049
0.004748
0.001296
0.003926
0.008857
0.001296
0.005405
0.010007
0.005734
0.002775
0.005734
0.010336
0.016417
0.014445
0.013294
0.00672
0.00787
0.008528
0.007213
0.005734
0.008363
0.014773
0.01954
0.023813
0.024142
0.022498
0.000967
0.000146
0.001954
0.002775
0.001625
0.001954
0.005569
0.00672
0.00935
0.006062
0.009843
-0.000183
0.004583
0.006556
-1.9e-05
0.00031
-1.9e-05
0.000146
-1.9e-05
-0.000512
-0.000183
-0.000183
-0.000183
-0.000183
-0.000183
-0.000183
-0.000183
-0.000347
-1.9e-05
-0.000183
-0.000183
-0.000183
-0.000347
-1.9e-05
-0.000183
-0.000347
-1.9e-05
-1.9e-05
-0.000183
-1.9e-05
-1.9e-05
-0.000347
-0.000183
-0.000183
-0.000512
-0.000183
-0.000183
-0.000183
-1.9e-05
-0.000183
-0.000183
-0.000183
-0.000183
-1.9e-05
-0.000512
-0.000347
-1.9e-05
-0.000183
-1.9e-05
0.000146
-1.9e-05
-1.9e-05
-0.000183
-0.000183
-0.000512
-0.000183
-0.000183
-1.9e-05
-1.9e-05
-1.9e-05
-1.9e-05
-0.000183
-0.000347
-0.000183
-0.000183
-0.000183
-1.9e-05
-0.000512
0.000146
-1.9e-05
0.00031
-0.000183
-0.000183
0.000146
-1.9e-05
-0.000347
-0.000183
-0.000347
-0.000183
-0.000183
-0.000183
-0.000347
-1.9e-05
-0.000183
-1.9e-05
-0.000183
-0.000183
-0.000183
-0.000183
-0.000183
-1.9e-05
-1.9e-05
-0.000347
-0.000183
-0.000347
-1.9e-05
-0.001827
-0.000512
-0.000183
-0.000183
-0.000512
-0.000183
-0.000183
-0.000183
-1.9e-05
-0.000347
0.000146
-0.000183
-0.000183
-0.000183
0.00031
-0.000183
-0.000183
-0.000183
-0.000183
-0.000183
-0.000183
-0.000183
-0.000183
0.00031
0.004748
-1.9e-05
0.000639
0.00294
0.000803
0.000967
0.000639
-0.001169
0.001625
-0.000183
-0.000347
-0.000841
-0.000183
-0.000183
-0.000676
-0.000347
-1.9e-05
0.000146
0.000474
-1.9e-05
-1.9e-05
0.000639
0.000639
0.004255
0.005898
0.004419
0.001954
0.000474
-1.9e-05
0.001132
0.000803
0.004748
0.00146
0.006884
-1.9e-05
0.003761
0.004419
0.006062
0.007542
0.000803
0.007213
0.012801
0.012801
0.014445
0.020526
0.025785
0.027758
0.003926
0.002447
0.005569
0.004748
0.006062
0.006556
0.012637
0.005405
0.00787
0.004255
0.010993
0.001296
0.008857
0.012801
-0.000841
0.002447
-0.000183
0.003104
0.012308
0.011158
0.000474
-0.00232
0.001954
0.001625
0.003433
0.002282
-1.9e-05
-1.9e-05
-0.000347
-0.000183
-0.000183
-0.000183
-0.000676
-0.000347
-0.000512
-0.000183
-0.000183
-0.000676
-1.9e-05
-1.9e-05
-0.000183
-0.000183
-0.000512
-0.000512
-0.000183
-0.000183
0.000146
0.000146
-0.000183
-0.000183
-0.000347
-0.000347
-0.000183
-1.9e-05
-0.000183
-1.9e-05
0.000803
0.000803
0.000967
0.000639
0.00031
0.001789
0.00031
0.000967
-0.000347
0.001132
-0.001169
-0.000676
-0.000183
0.000639
0.000146
0.00031
0.001296
-1.9e-05
0.000146
0.000146
-1.9e-05
-0.001827
0.000474
0.00031
0.000474
-1.9e-05
0.001296
0.000146
0.000474
-0.001005
-0.000183
-0.000512
-0.000183
-1.9e-05
-0.000183
-0.000183
-0.000183
-1.9e-05
-0.000347
0.000146
-0.000183
-0.000183
-0.000347
-0.000512
-0.000183
-0.000347
-0.000347
0.000967
-1.9e-05
-0.000347
-0.000183
-1.9e-05
-0.000183
-0.000183
0.000474
-1.9e-05
-1.9e-05
-0.000183
0.000474
-0.000183
0.000146
-0.000183
-0.001498
-0.000183
-0.000183
-0.000347
-0.000183
-0.000183
-0.000183
-0.000183
0.000474
-1.9e-05
-1.9e-05
0.00031
-0.000512
0.000146
0.000146
-0.000183
-1.9e-05
0.000146
-0.000183
-1.9e-05
-1.9e-05
-0.000183
-0.000347
-0.000183
-0.000512
-0.000183
-1.9e-05
-0.000347
0.000146
-0.000183
0.000146
-1.9e-05
0.000967
-0.000183
-0.000347
-0.000347
-0.000347
-0.000183
-1.9e-05
-0.000183
-1.9e-05
-1.9e-05
-1.9e-05
-0.000183
-1.9e-05
-0.000183
-0.000347
-0.000347
-0.000183
-1.9e-05
-0.000183
-0.000347
0.000146
-0.000183
-0.000183
-0.000347
-0.000347
-0.000183
-0.000512
-0.000183
-0.000183
-0.000183
0.000146
-1.9e-05
-1.9e-05
-0.000347
-0.000347
-0.000347
-0.000183
-0.000512
-0.000347
-1.9e-05
-0.000183
-1.9e-05
0.000146
-0.000183
-0.000512
-0.000347
-0.000183
-0.000512
-0.000183
-1.9e-05
-0.000183
-1.9e-05
-1.9e-05
-1.9e-05
-1.9e-05
-0.000183
-0.000183
-0.000512
-0.000347
-0.000512
-1.9e-05
-0.000183
-0.000183
-0.000183
0.000146
-0.000347
-1.9e-05
-0.000512
-0.000183
-0.000183
-0.000347
-0.000183
-0.000183
-1.9e-05
-0.000347
0.000146
-0.000183
-0.000183
-0.000347
-0.000183
-0.000676
-0.000183
-0.000183
-1.9e-05
-1.9e-05
-1.9e-05
-0.000183
-0.000183
-0.000183
-0.000347
-0.000183
-0.000512
-0.000183
-0.000183
-0.000183
-0.000183
-1.9e-05
-0.000183
-0.000183
-0.000183
-0.000183
-0.000183
-0.000183
-0.000347
-0.000183
-1.9e-05
-0.000183
-0.000347
-0.000183
-1.9e-05
-1.9e-05
-0.000512
-0.001334
-0.000676
-0.000512
-0.000347
-0.000183
-1.9e-05
0.000146
0.000146
-0.000183
-0.000183
-0.000347
-0.000512
-0.000347
-0.001169
-0.000183
-0.000347
-1.9e-05
-1.9e-05
-0.000183
-0.000183
-0.000183
-0.000347
-0.000183
0.00031
-0.000183
-1.9e-05
-1.9e-05
0.000474
-0.000183
-0.000183
-1.9e-05
-0.000183
-0.000347
-0.000183
-0.000512
-0.000512
-0.000183
-0.000183
-0.000347
-0.000183
-1.9e-05
-0.000183
-0.000183
-0.000183
-0.000347
-0.000347
-0.000347
-0.000183
-0.000183
-0.000183
-0.000183
-0.000183
-0.000183
-1.9e-05
-0.000512
-1.9e-05
-0.000183
-0.000676
-1.9e-05
-0.000183
-0.000183
-1.9e-05
-1.9e-05
-1.9e-05
-0.000183
-0.000183
-0.000183
-0.000512
0.00146
-0.000347
-1.9e-05
-0.000183
-0.000183
0.000146
-1.9e-05
-0.000183
-0.000183
-0.000183
-1.9e-05
-0.00232
0.000474
-0.000347
0.00031
-1.9e-05
0.000146
-0.000512
-1.9e-05
0.00031
-0.000512
0.000146
-0.000183
0.00031
0.000803
-1.9e-05
-1.9e-05
-0.000183
-1.9e-05
0.000474
-0.000676
0.000146
-0.000512
-0.000676
-1.9e-05
-0.000347
-1.9e-05
-1.9e-05
0.000146
-0.001005
-0.000347
-0.000183
0.000146
0.00031
0.000146
-0.000676
0.00031
-0.000183
-1.9e-05
-1.9e-05
-1.9e-05
-0.000183
-0.000512
-0.000183
-0.000512
-0.000183
-0.000512
-1.9e-05
-0.000183
-1.9e-05
-1.9e-05
0.000146
0.000967
-0.000183
-0.000347
-0.000183
-0.000676
-0.000183
-0.000183
-0.000347
-1.9e-05
-1.9e-05
0.000474
0.000146
-0.000183
-0.000183
-0.000183
-0.000512
-0.000183
-0.000183
0.000146
0.000639
-0.000183
-0.000183
-0.000347
-1.9e-05
-0.001169
-0.000183
-0.000841
-0.000347
-0.000183
-0.000347
0.000146
0.000146
-0.000347
0.000639
-0.000183
0.000803
-1.9e-05
-0.000347
0.001132
0.000146
-0.000183
-1.9e-05
-1.9e-05
-0.000183
0.000146
-1.9e-05
-0.000347
-0.000512
-1.9e-05
0.000146
-1.9e-05
0.000803
0.000474
0.000803
-0.000183
-0.000183
-1.9e-05
-0.000183
-0.000512
-0.000347
-0.000841
-1.9e-05
-0.000347
-0.000183
-1.9e-05
-1.9e-05
-0.000183
-0.000183
-0.000183
-0.000183
-1.9e-05
-0.000183
-0.000183
-0.000183
-1.9e-05
-1.9e-05
-0.000183
-0.000347
-0.000347
-0.000841
-1.9e-05
-0.000347
-0.001005
-1.9e-05
0.000146
0.00031
-0.000347
0.001132
-0.000183
-0.000183
-1.9e-05
-0.000183
0.001625
0.002775
-0.003306
0.003926
-0.003142
-0.000676
-0.000347
0.002118
0.000146
0.000146
0.000146
-0.000183
0.001296
0.001625
0.002447
-0.000183
0.000146
-0.000347
0.000146
-0.000347
-0.000183
-0.000676
-0.000347
-0.000183
-1.9e-05
-1.9e-05
0.000146
-0.000183
-1.9e-05
0.000146
-0.000183
-0.000512
-0.000183
-0.000183
-0.000347
-0.000183
-1.9e-05
-0.000183
-0.000183
-0.000183
0.000146
-0.000183
-0.000183
-1.9e-05
-0.000183
0.000474
-0.000183
-0.000347
0.000146
0.000146
0.00031
-0.000676
-0.000183
-0.000347
-0.000183
-0.000512
-0.000512
-1.9e-05
-0.000183
-0.000183
-0.000183
0.000639
-0.000512
-1.9e-05
0.000146
-0.000512
-0.000183
0.000146
-0.000183
0.000146
-0.000347
0.000474
0.000146
-0.000183
-0.000183
0.000803
0.005734
0.006062
0.009514
-0.000183
0.000146
0.003268
0.003926
0.003268
0.001789
0.003433
0.000474
0.008857
0.009185
0.002447
0.00787
0.011979
0.014116
0.017403
0.01691
0.014773
0.021512
0.020855
0.023813
0.028744
0.033346
0.03236
0.034496
0.041564
0.044029
0.046494
0.040084
0.037126
0.035318
0.034003
0.031373
0.030223
0.032031
0.035811
0.034989
0.036962
0.037619
0.037455
0.036962
0.038276
0.036304
0.040742
0.040084
0.03992
0.040577
0.040742
0.038441
0.040742
0.039591
0.042714
0.046494
0.047316
