Ladekurvenmessung

Zeit: 2018_05_02 15.23.39

Info: FVA3, v = 0.5753, T = 40, F = 20, h = 293.0

Ladewiderstand[Ohm]: 1012700

Störkapazität[nF]: 0.000000

Entladezeit[ms]: 100

Abtastrate[Hz]: 250000

Anzahl der Messwerte: 2500

Verzögerung [ms]: 1


Kurve 1

-0.003018
0.000831
-0.001834
-0.000683
7.4e-05
-0.000387
-0.002426
-0.002755
-0.002262
0.000271
-0.003709
-0.002328
-0.000485
-0.002986
-0.007427
-0.004038
-0.002887
-0.002097
-0.005321
-0.004927
-0.007723
-0.008085
-0.004565
-0.006769
-0.005749
-0.00723
-0.002788
-0.005256
-0.003545
-0.005223
-0.007262
-0.006604
-0.00996
-0.009697
-0.00792
-0.005025
-0.006078
-0.005289
-0.012362
-0.004071
-0.007822
-0.004894
-0.006407
-0.00667
-0.008447
-0.006835
-0.003315
-0.006177
-0.008414
-0.009861
-0.006637
-0.007394
-0.005486
-0.006637
-0.005025
-0.007789
-0.00621
-0.007624
-0.007394
-0.004598
-0.008217
-0.004302
-0.004038
-0.006802
-0.002722
-0.002196
-0.00723
-0.004071
-0.005914
-0.003841
-0.004598
-0.002163
-0.006769
-0.002525
-0.004334
-0.001538
-0.007394
-0.007065
-0.002558
-0.000847
-0.003742
-0.00394
-0.003216
-0.00542
-0.00292
-0.004005
-0.000716
-0.000156
-0.003611
-0.002986
-0.0019
-0.003183
-0.002689
-0.002722
8e-06
-0.000288
8e-06
-0.004532
0.000929
0.001752
0.002476
0.003594
-0.000255
0.001324
-0.000518
0.002673
7.4e-05
0.002081
0.000107
0.001752
0.001127
0.001883
0.002772
0.003199
0.003068
0.001357
0.007542
0.003561
0.006687
0.003167
0.005897
0.003989
0.004779
0.002607
0.005963
0.006062
0.003265
0.008332
0.003561
0.006753
0.006193
0.010108
0.008891
0.00797
0.003068
0.007411
0.005766
0.003825
0.006654
0.008332
0.00774
0.01001
0.008628
0.007937
0.009746
0.00468
0.008496
0.009845
0.012839
0.012312
0.010042
0.007707
0.012312
0.013464
0.013267
0.011391
0.01172
0.010339
0.012049
0.014451
0.013563
0.01353
0.01251
0.013464
0.014089
0.01228
0.010569
0.013036
0.012345
0.014747
0.014023
0.012378
0.017872
0.014155
0.012115
0.009648
0.011753
0.012938
0.01251
0.007114
0.011951
0.011852
0.007871
0.011161
0.015931
0.01376
0.01478
0.011589
0.014221
0.012905
0.014681
0.013036
0.014056
0.011457
0.015635
0.013135
0.0158
0.016392
0.011983
0.015734
0.013925
0.018925
0.014122
0.01501
0.014188
0.01478
0.013793
0.014023
0.011589
0.014582
0.014023
0.010207
0.014352
0.010141
0.013398
0.010865
0.011556
0.001949
0.001851
-0.000847
0.005634
0.002805
0.005568
0.005108
0.004318
0.004088
0.003857
0.004384
0.00241
0.006687
0.00014
0.006621
0.001324
0.002476
0.004186
0.00695
0.005634
0.006456
0.009746
0.008003
0.008595
0.007378
0.008628
0.004548
0.006325
0.009713
0.006818
0.006095
0.008628
0.006226
0.008562
0.009483
0.017083
0.024814
0.034453
0.039981
0.048271
0.056068
0.059095
0.068043
0.071761
0.079525
0.083276
0.085743
0.091303
0.094889
0.10114
0.105647
0.108805
0.114826
0.115253
0.122524
0.123939
0.128281
0.131835
0.134532
0.136704
0.137625
0.141606
0.145685
0.144336
0.143481
0.152166
0.14427
0.15108
0.156871
0.158187
0.158516
0.160457
0.162365
0.163615
0.165819
0.163286
0.167069
0.169405
0.170524
0.16651
0.170195
0.169208
0.171215
0.173583
0.172563
0.172794
0.180986
0.178485
0.181347
0.181874
0.182828
0.184835
0.182071
0.184078
0.185131
0.185098
0.185723
0.19125
0.186151
0.188223
0.18694
0.190789
0.19125
0.188158
0.192204
0.190592
0.189934
0.192632
0.193586
0.191678
0.19556
0.190428
0.197501
0.19
0.193356
0.192928
0.195889
0.194836
0.193158
0.195428
0.195428
0.197698
0.198323
0.199935
0.20135
0.198981
0.195922
0.198883
0.195264
0.196547
0.197961
0.197139
0.19829
0.19908
0.197929
0.200692
0.200725
0.198455
0.197665
0.198751
0.198948
0.198521
0.201218
0.197271
0.197139
0.196514
0.200264
0.199409
0.195922
0.194836
0.197534
0.193849
0.194803
0.196876
0.198225
0.200758
0.196974
0.196909
0.200396
0.191546
0.195165
0.200791
0.19454
0.196053
0.193948
0.193981
0.19352
0.193685
0.190395
0.192434
0.192796
0.191645
0.192434
0.192895
0.192336
0.189803
0.193388
0.18671
0.190033
0.18921
0.193158
0.185262
0.189572
0.187697
0.187763
0.187894
0.183387
0.184901
0.184144
0.185559
0.185065
0.187467
0.183486
0.185262
0.184111
0.186381
0.182038
0.182433
0.184637
0.184736
0.184045
0.18194
0.185328
0.178946
0.181644
0.182795
0.183486
0.182071
0.181249
0.183025
0.185953
0.180295
0.179703
0.182236
0.184374
0.179472
0.181347
0.183585
0.182532
0.182334
0.183354
0.182631
0.182071
0.183256
0.183946
0.182729
0.182663
0.181117
0.179472
0.185262
0.183387
0.185657
0.185328
0.184835
0.183716
0.18365
0.17911
0.182302
0.186973
0.181413
0.184111
0.187763
0.187072
0.185723
0.189013
0.186151
0.186842
0.186743
0.187138
0.18523
0.186249
0.18546
0.188355
0.189046
0.185953
0.187829
0.186249
0.192698
0.184769
0.191086
0.187631
0.189803
0.187105
0.192105
0.188585
0.189342
0.191612
0.189243
0.183585
0.191118
0.194178
0.191053
0.192763
0.191678
0.194474
0.190592
0.19329
0.19352
0.193191
0.193948
0.197238
0.195132
0.19579
0.196777
0.196053
0.196547
0.196645
0.198916
0.199672
0.197501
0.195297
0.198488
0.194606
0.199804
0.1976
0.197665
0.197271
0.197896
0.198916
0.200495
0.199047
0.197929
0.203094
0.196711
0.19602
0.197402
0.196777
0.194606
0.197172
0.196316
0.19783
0.19556
0.198093
0.199442
0.195823
0.195856
0.194507
0.196448
0.192895
0.195428
0.196349
0.195001
0.195856
0.19533
0.19352
0.194507
0.193717
0.190493
0.191908
0.192369
0.192698
0.194803
0.194935
0.19556
0.193224
0.193257
0.193191
0.192073
0.192336
0.189638
0.191283
0.189868
0.194375
0.190362
0.192303
0.190954
0.191744
0.190197
0.189868
0.191184
0.191875
0.19023
0.190954
0.193981
0.190099
0.192731
0.189079
0.19204
0.188914
0.190329
0.186677
0.186874
0.19
0.187861
0.190131
0.189375
0.18921
0.189967
0.191086
0.189112
0.191809
0.188717
0.191744
0.187532
0.19125
0.189506
0.189375
0.188914
0.186282
0.186513
0.188421
0.187138
0.186842
0.189375
0.189704
0.18796
0.189835
0.192566
0.187796
0.187105
0.190263
0.189342
0.187565
0.190592
0.188618
0.189539
0.191447
0.193027
0.192303
0.190329
0.186743
0.190066
0.191217
0.189112
0.192434
0.19306
0.191842
0.193356
0.193948
0.189375
0.192204
0.191908
0.192434
0.190329
0.18796
0.19046
0.190888
0.190888
0.190197
0.193125
0.193158
0.195691
0.194639
0.193125
0.194474
0.195264
0.191612
0.195955
0.193224
0.191283
0.192566
0.191447
0.196613
0.195033
0.195001
0.195264
0.196974
0.19533
0.19829
0.19602
0.195955
0.200231
0.200988
0.198093
0.199935
0.198521
0.198817
0.197863
0.1976
0.200593
0.195988
0.199376
0.199968
0.201449
0.201251
0.205495
0.202765
0.206252
0.200692
0.202502
0.201153
0.204574
0.20056
0.199179
0.203225
0.200791
0.202962
0.203949
0.208127
0.204015
0.208292
0.204278
0.208358
0.20691
0.207732
0.206976
0.207371
0.2077
0.209904
0.209575
0.207305
0.205232
0.207305
0.207272
0.208061
0.208259
0.208325
0.210595
0.210463
0.207535
0.212569
0.213786
0.212141
0.207667
0.209476
0.20895
0.207371
0.207338
0.210595
0.208687
0.208884
0.206186
0.20816
0.207469
0.20918
0.208719
0.210562
0.206844
0.210529
0.209377
0.209871
0.20714
0.205035
0.204278
0.206219
0.207897
0.202008
0.2077
0.205397
0.208094
0.209542
0.210858
0.208851
0.213852
0.20691
0.210825
0.208884
0.208752
0.209509
0.207371
0.211713
0.208094
0.210957
0.207831
0.209246
0.207403
0.210035
0.207897
0.207305
0.208588
0.207831
0.213819
0.212108
0.209542
0.207897
0.205462
0.206713
0.208358
0.208719
0.209575
0.206976
0.207502
0.207963
0.206087
0.206055
0.208226
0.20793
0.208029
0.208654
0.204772
0.205397
0.203357
0.209048
0.205265
0.204212
0.202896
0.202995
0.196942
0.204804
0.202567
0.204278
0.205331
0.204114
0.20339
0.204245
0.204607
0.204574
0.205068
0.203686
0.202238
0.200034
0.203423
0.201646
0.203094
0.201811
0.201284
0.202304
0.203686
0.202008
0.202567
0.203192
0.204377
0.204541
0.200166
0.200495
0.20214
0.20056
0.201218
0.205133
0.202469
0.201186
0.200626
0.202238
0.200857
0.201613
0.202205
0.204311
0.199606
0.205101
0.202436
0.203094
0.202469
0.199935
0.200824
0.198652
0.199738
0.200692
0.203061
0.2001
0.203752
0.203916
0.202633
0.202469
0.20237
0.202633
0.20214
0.202173
0.203521
0.204443
0.20487
0.205989
0.203127
0.204146
0.205495
0.202995
0.203456
0.204574
0.202962
0.203719
0.203192
0.203521
0.204508
0.204048
0.202896
0.204706
0.207009
0.199968
0.20464
0.206449
0.203521
0.204245
0.204278
0.205166
0.204936
0.204081
0.204344
0.205364
0.201745
0.207272
0.206219
0.20237
0.205265
0.206153
0.2026
0.208423
0.202633
0.206416
0.206482
0.203258
0.200988
0.205035
0.201416
0.204804
0.202896
0.205166
0.205693
0.204114
0.206285
0.205199
0.20566
0.203324
0.209114
0.205166
0.206581
0.204475
0.205495
0.203028
0.20566
0.199771
0.204245
0.203488
0.20158
0.204541
0.203423
0.202238
0.202699
0.206055
0.206252
0.207272
0.202403
0.209904
0.202403
0.203225
0.201646
0.200758
0.202403
0.202633
0.204146
0.20385
0.199672
0.200396
0.191283
0.199047
0.200396
0.199179
0.203028
0.200199
0.201251
0.203324
0.2026
0.2001
0.200067
0.20158
0.196744
0.202337
0.199409
0.201778
0.200363
0.202534
0.201251
0.20793
0.202304
0.204804
0.202041
0.200758
0.202008
0.200593
0.200034
0.201317
0.200922
0.198587
0.199935
0.203488
0.2001
0.197501
0.202732
0.199343
0.203028
0.201975
0.206482
0.203159
0.201218
0.205693
0.204114
0.202107
0.202567
0.209805
0.206943
0.206055
0.204837
0.206844
0.19806
0.203587
0.203127
0.204311
0.20112
0.205397
0.205232
0.205002
0.204081
0.20487
0.204541
0.205068
0.204508
0.20158
0.205462
0.203291
0.204377
0.202765
0.206318
0.202798
0.205956
0.202666
0.204179
0.199409
0.203949
0.204837
0.203982
0.204837
0.205791
0.205133
0.204245
0.205693
0.203488
0.206022
0.204114
0.207897
0.205627
0.20612
0.203357
0.210299
0.204344
0.207897
0.207436
0.209147
0.211187
0.207568
0.208687
0.207042
0.207107
0.205923
0.207732
0.203127
0.205956
0.204541
0.205331
0.205002
0.211351
0.205857
0.209246
0.209312
0.208193
0.209509
0.207338
0.205989
0.208752
0.206482
0.205791
0.207239
0.209213
0.208719
0.206022
0.209706
0.20918
0.207042
0.207042
0.205265
0.208917
0.206219
0.206581
0.206713
0.207864
0.207963
0.208423
0.208325
0.206416
0.203554
0.205133
0.206252
0.206285
0.204212
0.209443
0.204212
0.209476
0.205495
0.198554
0.201021
0.201515
0.20362
0.205298
0.20589
0.201317
0.203521
0.200264
0.201186
0.200824
0.200528
0.20033
0.203949
0.202666
0.203291
0.20283
0.203719
0.207403
0.200725
0.202666
0.201712
0.204048
0.198784
0.201054
0.20056
0.200001
0.200495
0.203587
0.201811
0.202633
0.206581
0.204508
0.203785
0.202074
0.204179
0.200067
0.203752
0.198488
0.202732
0.197731
0.201416
0.198554
0.199573
0.200264
0.203159
0.200528
0.2026
0.200791
0.203258
0.206515
0.203456
0.207634
0.200199
0.20566
0.200396
0.205759
0.200429
0.202929
0.201515
0.201284
0.199935
0.202863
0.20385
0.202436
0.203456
0.204377
0.207864
0.203916
0.20691
0.205298
0.207634
0.207535
0.204081
0.206087
0.204278
0.205035
0.20691
0.206022
0.203324
0.205561
0.203521
0.205199
0.20612
0.207601
0.21066
0.210035
0.207305
0.208094
0.207009
0.206153
0.20441
0.20691
0.205462
0.207897
0.204179
0.207206
0.209509
0.209344
0.206877
0.206022
0.207831
0.203686
0.204508
0.204673
0.206713
0.20112
0.20385
0.207634
0.205166
0.202436
0.205528
0.205561
0.205002
0.206384
0.20566
0.20691
0.205824
0.208061
0.205101
0.207107
0.204081
0.2077
0.205298
0.204179
0.202567
0.204772
0.205561
0.20362
0.208884
0.20464
0.207107
0.203785
0.204245
0.204443
0.206745
0.202666
0.206351
0.20339
0.204443
0.206745
0.205035
0.205035
0.20339
0.205857
0.202567
0.203719
0.203785
0.206022
0.199508
0.203192
0.20668
0.208127
0.206713
0.209509
0.19908
0.203686
0.203423
0.204212
0.202567
0.204114
0.205364
0.206219
0.207173
0.20237
0.206252
0.20691
0.204936
0.203127
0.206186
0.204377
0.205791
0.206713
0.207272
0.207732
0.204212
0.206449
0.20214
0.200857
0.202995
0.203159
0.204607
0.209575
0.203094
0.203291
0.205594
0.203291
0.203127
0.202896
0.202929
0.202633
0.20112
0.201745
0.200791
0.200297
0.198159
0.198883
0.199573
0.197961
0.202633
0.20158
0.197369
0.19829
0.199146
0.193421
0.199014
0.194869
0.195922
0.196909
0.199014
0.194441
0.195691
0.196316
0.195757
0.197238
0.195856
0.195823
0.194573
0.198587
0.195494
0.198323
0.195659
0.199047
0.197073
0.197665
0.198784
0.198488
0.201613
0.198093
0.198422
0.19829
0.198093
0.193882
0.200363
0.197139
0.200396
0.198554
0.20283
0.201613
0.201876
0.201416
0.202962
0.203719
0.202633
0.207009
0.202271
0.203521
0.203883
0.205824
0.206647
0.204607
0.20464
0.20589
0.204212
0.210002
0.209509
0.208983
0.20589
0.206153
0.208851
0.208654
0.206055
0.206976
0.21066
0.209641
0.211088
0.210792
0.210792
0.209312
0.210002
0.210364
0.212799
0.20918
0.214016
0.212963
0.212733
0.212733
0.213819
0.213556
0.213556
0.213917
0.211647
0.213095
0.207074
0.215661
0.213424
0.215003
0.213325
0.215661
0.213227
0.214839
0.213819
0.212832
0.21701
0.211121
0.217142
0.212996
0.216648
0.215299
0.214082
0.21122
0.210759
0.212667
0.213062
0.214641
0.214773
0.214115
0.215661
0.212305
0.21145
0.212174
0.209542
0.212898
0.213095
0.215398
0.214477
0.215826
0.21451
0.216319
0.214115
0.21395
0.214148
0.214214
0.215595
0.213292
0.214773
0.213687
0.217602
0.214279
0.214016
0.214181
0.214674
0.213062
0.210858
0.209739
0.214575
0.20941
0.21293
0.213292
0.209673
0.212963
0.212272
0.210595
0.212272
0.212898
0.208555
0.210792
0.209706
0.213292
0.207502
0.205298
0.1799
0.135486
0.137987
0.14098
0.141967
0.138316
0.14552
0.15085
0.15108
0.153285
0.157002
0.15789
0.162134
0.16174
0.166247
0.166773
0.16503
0.166115
0.168089
0.167826
0.170754
0.171247
0.174044
0.176281
0.178189
0.177827
0.176446
0.179505
0.17911
0.182433
0.185493
0.183946
0.181117
0.183585
0.184243
0.184539
0.186677
0.185394
0.184012
0.184045
0.186776
0.185262
0.186052
0.184506
0.190066
0.188289
0.188059
0.193257
0.189671
0.189145
0.188816
0.188848
0.190822
0.189408
0.187829
0.188454
0.190921
0.192796
0.186973
0.190987
0.18694
0.19329
0.190921
0.191842
0.190724
0.190395
0.192731
0.191053
0.189934
0.191711
0.190329
0.18875
0.187861
0.187236
0.190526
0.1875
0.186578
0.190954
0.190724
0.189013
0.188816
0.192171
0.186644
0.187861
0.188519
0.186578
0.187894
0.184868
0.184769
0.185986
0.183881
0.188092
0.185789
0.181018
0.18342
0.184769
0.181512
0.186381
0.181183
0.185559
0.182269
0.182269
0.181578
0.180657
0.179571
0.181545
0.181742
0.175886
0.178354
0.178255
0.176215
0.177959
0.18115
0.17911
0.174504
0.177696
0.180887
0.179275
0.176577
0.178452
0.1774
0.178617
0.175031
0.172662
0.176314
0.176314
0.174702
0.175557
0.176742
0.177432
0.176577
0.181578
0.176676
0.177531
0.179012
0.175327
0.181249
0.176446
0.17638
0.175195
0.174603
0.175261
0.177136
0.172465
0.178058
0.055739
0.060773
0.067089
0.071037
0.073537
0.073899
0.076202
0.081795
0.084427
0.08525
0.091204
0.093079
0.096665
0.097883
0.107489
0.105548
0.110088
0.113049
0.115089
0.11851
0.120813
0.124465
0.127426
0.13065
0.129433
0.132854
0.135519
0.135618
0.133874
0.137691
0.136407
0.139763
0.141046
0.139368
0.146343
0.144599
0.148087
0.145224
0.14654
0.151245
0.149501
0.150521
0.150521
0.152331
0.153285
0.152824
0.154337
0.149764
0.152034
0.148679
0.150422
0.151179
0.153252
0.147758
0.147494
0.147889
0.147823
0.146672
0.143547
0.142691
0.142198
0.146244
0.138381
0.143777
0.144632
0.145784
0.145126
0.147889
0.148613
0.151146
0.151278
0.152923
0.151771
0.153581
0.156147
0.151837
0.157002
0.157529
0.157233
0.157693
0.157002
0.156443
0.158088
0.155423
0.15947
0.156575
0.154535
0.158187
0.161246
0.158121
0.15766
0.163154
0.156542
0.158713
0.158877
0.160358
0.1597
0.158943
0.160555
0.161147
0.159174
0.1597
0.167958
0.161476
0.009746
0.01524
0.021294
0.016129
0.025275
0.029091
0.033927
0.03771
0.042481
0.043863
0.055772
0.056726
0.061529
0.066629
0.068438
0.073801
0.074853
0.080874
0.08321
0.0865
0.084855
0.090184
0.094527
0.099922
0.100383
0.103739
0.107391
0.1067
0.11045
0.11295
0.113905
0.114332
0.111009
0.116668
0.121011
0.123676
0.123314
0.127097
0.126209
0.128906
0.129926
0.132427
0.134894
0.134532
0.135355
0.136375
0.137362
0.138743
0.137493
0.140586
0.143415
0.143908
0.14483
0.147001
0.146672
0.148284
0.146343
0.147856
0.117359
0.008661
0.01478
0.01932
0.026262
0.035144
0.036987
0.045869
0.039191
0.00616
0.017445
0.01932
0.027018
0.032282
0.041593
0.045837
0.054259
0.056858
0.064589
0.066793
0.071827
0.075051
0.078834
0.083012
0.083341
0.092816
0.09433
0.100186
0.101271
0.105713
0.105976
0.113016
0.113378
0.119333
0.11851
0.123149
0.128183
0.12634
0.130453
0.130815
0.133447
0.13167
0.137592
0.137954
0.000469
-0.000946
0.005305
0.012576
0.022412
0.028861
0.033828
0.041099
0.048271
0.052482
0.055706
0.063799
0.068274
0.071531
0.078505
0.085546
0.086533
0.093606
0.096139
0.099528
0.104035
0.106502
0.110582
0.115089
0.117162
0.119201
0.122623
0.125814
0.127426
0.130749
0.135355
0.134269
0.137296
0.138743
0.141507
0.141934
0.147067
0.146606
0.149863
0.149962
0.156772
0.153054
0.153712
0.157693
0.156443
0.159601
0.155949
0.167596
0.15947
0.16299
0.162529
0.168484
0.164997
0.165326
0.16526
0.169274
0.167925
0.170557
0.17184
0.172629
0.168714
0.172366
0.172333
0.1723
0.174077
0.17457
0.177498
0.176478
0.18194
0.177005
0.178288
0.178025
0.178156
0.177268
0.178189
0.182532
0.182302
0.180262
0.179637
0.18342
0.179538
0.182236
0.17865
0.183157
0.180097
0.18115
0.179999
0.181249
0.181775
0.182828
0.18319
0.181874
0.184308
0.183223
0.184111
0.183716
0.18592
0.184539
0.188256
0.18421
0.185295
0.184177
0.180953
0.188552
0.183321
0.185986
0.185262
0.18523
0.187039
0.184933
0.181644
0.185855
0.186611
0.188454
0.188092
0.189671
0.186776
0.190987
0.189276
0.189013
0.187927
0.186019
0.187894
0.190362
0.187894
0.190691
0.190263
0.19306
0.192632
0.189079
0.191086
0.192928
0.189572
0.191415
0.191382
0.189441
0.19125
0.18977
0.1925
0.190592
0.191184
0.193224
0.190362
0.191941
0.192895
0.194375
0.192402
0.193619
0.195527
0.196382
0.193356
0.195099
0.191842
0.194408
0.190625
0.190822
0.190757
0.188914
0.190789
0.190855
0.190855
0.194507
0.197303
0.192961
0.19227
0.191316
0.192796
0.190789
0.190789
0.190658
0.190658
0.189737
0.188783
0.189704
0.185065
0.187697
0.187763
0.189112
0.186513
0.18796
0.190724
0.19204
0.190987
0.191678
0.188585
0.188223
0.18819
0.187565
0.18523
0.185591
0.183091
0.183289
0.183979
0.183519
0.181907
0.182269
0.185394
0.178518
0.177597
0.17888
0.180854
0.178716
0.181644
0.177465
0.179538
0.178518
0.182466
0.178584
0.181315
0.171346
0.173847
0.17286
0.175722
0.176972
0.014023
0.022412
0.029025
0.032216
0.043007
0.05087
0.055706
0.063273
0.06801
0.075018
0.078275
0.083966
0.090151
0.09229
0.100021
0.101238
0.106568
0.110319
0.113773
0.116898
0.119793
0.122754
0.12634
0.128841
0.134434
0.136342
0.136736
0.140586
0.14279
0.145126
0.147396
0.151837
0.149929
0.155555
0.155752
0.158483
0.158088
0.162825
0.164964
0.168846
0.162167
0.164404
0.166378
0.163418
0.17105
0.168846
0.174011
0.174866
0.178354
0.175788
0.17911
0.178814
0.183782
0.180032
0.180097
0.186052
0.182696
0.186052
0.182466
0.184966
0.182663
0.18671
0.187861
0.189934
0.18977
0.189934
0.192369
0.193783
0.190987
0.196382
0.193948
0.195033
0.19602
0.193783
0.195856
0.194902
0.194244
0.198027
0.197961
0.196613
0.200593
0.200297
0.199409
0.19931
0.199113
0.199771
0.203357
0.200462
0.203258
0.200758
0.198883
0.203817
0.20135
0.201547
0.200824
0.203587
0.204048
0.205101
0.20283
0.20839
0.204344
0.205594
0.205364
0.208423
0.206384
0.206351
0.206778
0.206384
0.209213
0.205726
0.209739
0.206252
0.209542
0.206778
0.211417
0.205002
0.207107
0.206548
0.209081
0.207502
0.207667
0.210331
0.20941
0.208719
0.209081
0.209312
0.205857
0.209772
0.209542
0.209114
0.208785
0.210002
0.207897
0.203916
0.208884
0.209246
0.209377
0.208456
0.207042
0.208654
0.203817
0.205923
0.207305
0.206548
0.206022
0.2077
0.207403
0.206449
0.203192
0.205265
0.204706
0.207371
0.20612
0.207469
0.207305
0.207206
0.206581
0.207798
0.199606
0.207074
0.202732
0.208226
0.203752
0.206087
0.205693
0.205923
0.201284
0.205002
0.204541
0.204081
0.203817
0.204443
0.204311
0.203587
0.207897
0.205035
0.203357
0.204114
0.204377
0.204837
0.203949
0.20112
0.204179
0.201712
0.20441
0.203225
0.20487
0.201054
0.204081
0.206647
0.203554
0.205364
0.205364
0.206285
0.205265
0.207305
0.205298
0.20487
0.203916
0.206943
0.205627
0.206318
0.204574
0.208226
0.207074
0.207732
0.207239
0.208029
0.206745
0.203686
0.210792
0.204311
0.208489
0.206548
0.207042
0.204804
0.208522
0.206351
0.205956
0.207403
0.204146
0.209904
0.208061
0.208851
0.20918
0.197402
0.195066
0.199475
0.196415
0.197896
0.199245
0.197501
0.197205
0.198389
0.197929
0.198159
0.199508
0.201153
0.199738
0.197007
0.198159
0.199475
0.200593
0.19987
0.201449
0.199705
0.20158
0.200824
0.200462
0.199212
0.200363
0.196777
0.199639
0.198784
0.200659
0.201218
0.2001
0.199771
0.198126
0.203258
0.19704
0.199475
0.201153
0.199277
0.198455
0.201876
0.198718
0.200495
0.199277
0.203127
0.197468
0.19885
0.201186
0.199245
0.2001
0.198159
0.201218
0.198389
0.198981
0.199212
0.202699
0.199277
0.199343
0.197698
0.198422
0.198192
0.195856
0.196843
0.198488
0.198521
0.195001
0.195593
0.195001
0.198587
0.198093
0.197073
0.199541
0.199146
0.201153
0.200034
0.198619
0.199376
0.199672
0.200231
0.199014
0.197764
0.20056
0.200955
0.203587
0.202041
0.201284
0.202995
0.20339
0.196251
0.198784
0.20112
0.198521
0.200824
0.200199
0.201942
0.201317
0.198192
0.200297
0.201679
0.199738
0.19931
0.197435
0.202469
0.200034
0.201745
0.202107
0.196481
0.205101
0.20056
0.202173
0.203949
0.203159
0.201778
0.201087
0.199935
0.199014
0.1976
0.19681
0.201153
0.201547
0.200199
0.204344
0.205331
0.204146
0.205594
0.20441
0.204837
0.202962
0.202041
0.205561
0.204443
0.200264
0.207732
0.203554
0.203094
0.203719
0.204081
0.201778
0.207042
0.202732
0.206614
0.207798
0.207206
0.208423
0.207765
0.206943
0.20566
0.20714
0.204245
0.208029
0.205923
0.205956
0.209114
0.208029
0.210167
0.210957
0.208917
0.209904
0.207206
0.209706
0.207107
0.210858
0.212667
0.209147
0.210002
0.209937
0.210233
0.206285
0.2077
0.205397
0.207963
0.209673
0.210825
0.212272
0.212108
0.211384
0.209739
0.212305
0.208884
0.210364
0.208555
0.211088
0.205693
0.20589
0.20839
0.209344
0.209739
0.208917
0.214049
0.212766
0.210562
0.210957
0.211779
0.210266
0.20895
0.213325
0.20816
0.209739
0.20839
0.208193
0.208555
0.206153
0.207963
0.206416
0.210101
0.207765
0.211187
0.209838
0.207403
0.209641
0.207371
0.206153
0.206844
0.203982
0.203752
0.20714
0.201712
0.207996
0.205594
0.207732
0.201153
0.210989
0.20543
0.207107
0.205791
0.205857
0.208061
0.203423
0.207371
0.204837
0.205693
0.205199
0.19375
0.199837
0.204969
0.202633
0.20441
0.205594
0.206844
0.20385
0.202633
0.204114
0.20464
0.204344
0.201778
0.204245
0.201482
0.203817
0.201449
0.204541
0.199606
0.205133
0.20033
0.202469
0.204146
0.202995
0.204245
0.20362
0.20543
0.204673
0.205824
0.201482
0.207963
0.20589
0.201811
0.203192
0.207107
0.204179
0.20362
0.202567
0.203949
0.205199
0.199343
0.205561
0.207634
0.203653
0.207667
0.209476
0.203061
0.207107
0.205759
0.204739
0.20283
0.204443
0.208029
0.20612
0.20543

Kurve 2

-0.000387
0.001258
0.003298
7.4e-05
0.000107
-0.000683
0.000107
-0.002624
-0.000716
-0.00065
0.001258
0.002377
0.001785
0.001554
0.001127
-0.001472
-0.001012
0.001456
4.1e-05
0.003068
0.002048
0.002048
0.003134
0.001686
0.003561
0.004417
-0.002624
0.000929
0.000568
0.000436
0.001291
-0.000551
0.003825
0.000206
0.001883
0.003397
0.006358
0.002048
0.004746
0.00445
0.005864
0.003364
0.002607
0.006489
0.00287
0.001324
0.003035
0.004976
0.001193
0.005206
0.004285
0.003594
0.003693
0.000864
0.003002
0.003857
0.002936
7.4e-05
0.001752
0.000633
0.003594
0.003364
-0.000123
0.000403
-0.002064
0.001456
-0.00394
0.000304
-0.001012
0.000864
0.003134
-0.000485
0.001719
0.000633
0.002212
0.000929
-0.00167
-0.001538
0.000633
0.000271
0.001489
0.000271
-0.000716
0.000173
-0.001374
-0.000288
-0.000847
0.004088
0.001291
0.004219
0.002245
0.003068
0.002114
0.000633
0.001456
0.000337
-9e-05
-0.000551
0.002673
0.002048
0.005371
0.00014
0.005667
-0.00292
0.001719
0.002015
0.001686
0.000897
0.001916
0.00343
0.001949
-0.0019
0.001719
0.003265
-0.000946
0.001785
0.001851
-5.8e-05
-0.000748
0.002377
-0.001045
0.002048
0.000995
0.002936
-0.002788
0.000995
-0.001571
0.002936
0.00616
0.001193
0.003594
-0.001045
0.003068
-0.002163
0.002278
-0.000847
-5.8e-05
-0.003446
-0.002032
0.0006
0.001028
-0.00065
-0.001637
0.002476
0.000929
0.001719
-9e-05
-0.001077
-0.000156
0.000995
-0.003775
-0.002755
-0.002295
-0.002986
-0.000123
0.000469
-0.00236
-0.001308
8e-06
-0.00394
0.003561
-0.003413
0.000337
0.000239
0.000436
0.002673
0.001225
0.000765
-0.00088
0.004252
-0.002854
-0.001242
-5.8e-05
0.001225
0.000107
-0.000485
-0.00111
0.003199
0.001982
0.001587
0.000732
-0.00088
-0.000288
-0.002393
-0.001966
-0.000847
-0.002229
-0.002393
-0.001242
-0.002295
-0.002591
-0.001143
-0.002821
-0.000222
-0.00111
-0.002163
-0.000222
-0.002986
0.000469
-0.003973
-0.003282
-0.005157
-0.00213
-0.006901
-0.005815
-0.00565
-0.005157
-0.004729
-0.005946
-0.00292
-0.004367
-0.001768
-0.003611
-0.001637
-0.003183
-0.00519
-0.001538
-0.001505
-0.004367
-0.005321
-0.002196
-0.002196
-0.003216
-0.008151
0.001785
-0.004729
-0.00723
-0.003874
-0.003973
-0.00292
-0.006506
-0.003676
-0.002887
-0.003512
-0.002788
-0.002558
-0.003183
-0.006012
-0.005387
-0.006045
-0.005256
-0.00542
-0.001735
-0.003183
-0.0044
-0.001374
-0.003907
-0.002854
-0.004663
-0.003841
-0.002426
0.001785
0.007114
0.017149
0.02011
0.027874
0.034717
0.042909
0.049324
0.054818
0.061102
0.065576
0.073866
0.079394
0.085743
0.088408
0.087947
0.000831
0.012707
0.014615
0.025505
0.031229
0.038368
0.04712
0.052877
0.059029
0.062253
0.07186
0.073834
0.074031
0.076498
0.087914
0.091994
0.0991
0.099495
0.107917
0.10841
0.112556
0.115023
0.121471
0.122787
0.123774
0.129137
0.130387
0.138349
0.136309
0.140224
0.141309
0.148054
0.151705
0.151113
0.152725
0.153581
0.154469
0.155456
0.155785
0.157233
0.160917
0.159437
0.16572
0.16651
0.168385
0.169767
0.173945
0.171445
0.175524
0.17434
0.178452
0.174537
0.176314
0.178321
0.179012
0.180492
0.181742
0.184769
0.181183
0.184308
0.18421
0.18467
0.182795
0.184177
0.189967
0.189671
0.186809
0.194935
0.193191
0.189868
0.189967
0.189967
0.190197
0.189967
0.191316
0.193356
0.192467
0.191678
0.194046
0.192961
0.194474
0.192007
0.193816
0.194935
0.192862
0.194902
0.196481
0.19533
0.19454
0.195527
0.195428
0.193158
0.191316
0.196382
0.192763
0.193948
0.194639
0.198817
0.196152
0.199146
0.200199
0.202107
0.195659
0.198258
0.196876
0.196613
0.197172
0.195856
0.199541
0.195132
0.19885
0.197369
0.198619
0.195001
0.199212
0.199409
0.199277
0.195691
0.200857
0.19931
0.195231
0.20158
0.199771
0.199968
0.19533
0.198619
0.195494
0.198554
0.197731
0.196251
0.199343
0.198093
0.197271
0.201054
0.199738
0.198916
0.197698
0.195659
0.197764
0.193323
0.19579
0.199113
0.198389
0.198718
0.2001
0.199541
0.197435
0.197896
0.199475
0.199541
0.200889
0.199738
0.200593
0.199935
0.197731
0.201646
0.196777
0.197106
0.198619
0.198027
0.196251
0.199343
0.200067
0.197303
0.193882
0.194737
0.197929
0.199212
0.198784
0.197435
0.19908
0.196678
0.197468
0.197238
0.194014
0.197238
0.196678
0.194211
0.197205
0.195066
0.192434
0.194803
0.193553
0.194935
0.195198
0.192763
0.194935
0.195955
0.19431
0.195264
0.193356
0.189671
0.192829
0.195527
0.193356
0.193882
0.194803
0.194507
0.195132
0.195132
0.195165
0.196974
0.194507
0.194474
0.194277
0.189572
0.190428
0.191118
0.195165
0.193619
0.194737
0.19306
0.19579
0.193158
0.191382
0.192599
0.193948
0.193323
0.195593
0.193356
0.193356
0.197303
0.192402
0.193981
0.19125
0.195922
0.200495
0.197007
0.193619
0.193948
0.192336
0.193685
0.19227
0.197205
0.193783
0.194474
0.196119
0.193487
0.194277
0.194211
0.196053
0.194046
0.196514
0.197007
0.196547
0.194968
0.196613
0.194079
0.196382
0.195922
0.196547
0.195691
0.199212
0.198488
0.196613
0.201087
0.198093
0.197106
0.195856
0.198948
0.195099
0.197468
0.195264
0.198422
0.195066
0.196415
0.196547
0.196481
0.199442
0.196382
0.193948
0.196251
0.197271
0.193849
0.200396
0.195494
0.194244
0.192204
0.194803
0.195461
0.195264
0.194178
0.194375
0.194968
0.191941
0.19704
0.195593
0.198027
0.193948
0.196086
0.194606
0.196909
0.193421
0.196152
0.19602
0.197369
0.196448
0.198192
0.197172
0.196777
0.200889
0.194869
0.196547
0.195593
0.197073
0.200363
0.200659
0.201811
0.204541
0.196843
0.19885
0.191612
0.197402
0.197205
0.197435
0.199804
0.196645
0.200725
0.197139
0.199343
0.199804
0.198258
0.198817
0.200133
0.19602
0.198652
0.200725
0.200626
0.203028
0.199146
0.202534
0.201054
0.199606
0.200396
0.199738
0.197501
0.198652
0.199639
0.199113
0.197271
0.198883
0.199508
0.196678
0.201449
0.20487
0.202962
0.200363
0.200791
0.201778
0.202173
0.201383
0.201909
0.20214
0.204081
0.203521
0.201975
0.204179
0.198455
0.201811
0.204344
0.203061
0.205002
0.20543
0.204377
0.205133
0.20339
0.204969
0.204903
0.204278
0.201876
0.204903
0.204607
0.200528
0.204311
0.206614
0.209509
0.208588
0.201416
0.204114
0.203883
0.204146
0.204278
0.203817
0.203785
0.203324
0.205068
0.200922
0.202403
0.202107
0.202205
0.201515
0.20464
0.203686
0.207436
0.202798
0.204508
0.206153
0.20214
0.208029
0.20237
0.20566
0.201876
0.204508
0.201153
0.205561
0.201679
0.203752
0.205101
0.201745
0.203752
0.202765
0.202502
0.201218
0.202896
0.009121
0.0208
0.027643
0.033565
0.04156
0.046692
0.050344
0.061233
0.060575
0.069326
0.07413
0.077452
0.082914
0.091138
0.08877
0.10058
0.103837
0.104134
0.109595
0.111207
0.112325
0.116339
0.11953
0.117194
0.12259
0.122491
0.128216
0.129663
0.135552
0.137789
0.141211
0.139961
0.143086
0.145356
0.147462
0.149205
0.147494
0.153745
0.148679
0.150653
0.151738
0.150719
0.154239
0.160259
0.163023
0.160259
0.162727
0.165852
0.166082
0.167201
0.168023
0.167563
0.171149
0.167004
0.170326
0.1698
0.169504
0.172531
0.174866
0.171247
0.171938
0.174175
0.176676
0.175294
0.17786
0.181051
0.17865
0.183782
0.180755
0.182762
0.180262
0.183848
0.183519
0.182005
0.181183
0.185493
0.181084
0.183815
0.185789
0.18796
0.188519
0.186776
0.189704
0.190526
0.192533
0.189539
0.195132
0.191546
0.193816
0.192204
0.193323
0.193191
0.189704
0.190428
0.195132
0.195297
0.19329
0.19704
0.194343
0.195099
0.194408
0.197501
0.194244
0.196843
0.19556
0.196053
0.195099
0.19579
0.194343
0.19533
0.191053
0.195428
0.195856
0.195889
0.194902
0.194014
0.194507
0.195691
0.195889
0.196711
0.19579
0.19579
0.195264
0.195066
0.193224
0.192467
0.19602
0.193586
0.195724
0.196349
0.195922
0.195001
0.193224
0.19579
0.195527
0.195889
0.192731
0.194902
0.193849
0.197534
0.195099
0.196086
0.192533
0.189079
0.190855
0.192369
0.191875
0.194441
0.194343
0.192698
0.19306
0.19375
0.194211
0.191086
0.193224
0.188684
0.192105
0.192237
0.190131
0.193027
0.196514
0.192138
0.192369
0.194079
0.190263
0.191776
0.195461
0.196481
0.187401
0.193323
0.191678
0.193685
0.1925
0.192731
0.190559
0.187335
0.188355
0.19306
0.185723
0.18592
0.189309
0.189112
0.189474
0.187236
0.189375
0.185888
0.188256
0.186151
0.188552
0.186776
0.188223
0.187236
0.18898
0.18648
0.18342
0.185559
0.184637
0.184111
0.183585
0.185295
0.182334
0.184045
0.182696
0.186874
0.170228
0.173978
0.168879
0.172136
0.170293
0.173221
0.177136
0.174077
0.173912
0.178025
0.175952
0.17411
0.180887
0.175064
0.178716
0.177992
0.179275
0.179077
0.178485
0.17809
0.183683
0.179505
0.17911
0.1824
0.185526
0.181874
0.183782
0.182532
0.181611
0.184308
0.182729
0.18648
0.184637
0.186348
0.188059
0.188651
0.186217
0.189474
0.187697
0.185098
0.183881
0.184374
0.18648
0.184506
0.187203
0.185559
0.189177
0.186874
0.18875
0.188783
0.188881
0.18694
0.190131
0.190428
0.189934
0.195659
0.190954
0.191151
0.188816
0.191546
0.189934
0.191645
0.188289
0.188684
0.187138
0.190033
0.191612
0.193027
0.192007
0.190954
0.191217
0.191053
0.192138
0.190559
0.191184
0.191612
0.193224
0.192369
0.196645
0.192566
0.19477
0.188783
0.194869
0.192961
0.194606
0.19579
0.197073
0.192105
0.195856
0.19602
0.191283
0.192994
0.194968
0.193257
0.192237
0.193257
0.192566
0.195395
0.192434
0.19454
0.193685
0.195428
0.194014
0.195461
0.194507
0.196974
0.195001
0.192434
0.196415
0.191513
0.189539
0.195823
0.194277
0.193158
0.200626
0.19352
0.193388
0.192336
0.194014
0.193619
0.191941
0.193487
0.194474
0.19681
0.194869
0.199705
0.192237
0.195066
0.193717
0.194639
0.192796
0.190954
0.194408
0.195395
0.194079
0.191744
0.190592
0.193915
0.194737
0.195626
0.193487
0.195066
0.19556
0.196053
0.198652
0.197238
0.195165
0.194145
0.195527
0.193783
0.19681
0.19477
0.196053
0.196086
0.19602
0.199672
0.195823
0.196678
0.196909
0.19556
0.19579
0.199672
0.195297
0.196316
0.19885
0.198422
0.195165
0.195724
0.194046
0.196382
0.19658
0.194737
0.197435
0.198587
0.199212
0.199245
0.198784
0.199376
0.198883
0.199771
0.201547
0.1976
0.197205
0.197402
0.197665
0.198258
0.197567
0.198159
0.199705
0.198323
0.197172
0.200396
0.19908
0.202896
0.196481
0.202107
0.20056
0.198422
0.200034
0.200528
0.200067
0.201218
0.198093
0.200824
0.200297
0.204673
0.202995
0.201087
0.20283
0.199968
0.205462
0.204114
0.203324
0.202205
0.203225
0.2001
0.199409
0.201153
0.200659
0.201317
0.20158
0.203061
0.204311
0.201909
0.204278
0.204673
0.20158
0.205824
0.203061
0.208456
0.207042
0.203291
0.20487
0.205397
0.202271
0.203554
0.204837
0.202798
0.205133
0.202238
0.201613
0.203785
0.20612
0.205068
0.207469
0.205298
0.206515
0.206713
0.205232
0.206844
0.206416
0.200034
0.204936
0.202863
0.201515
0.19454
0.039421
0.004779
0.005733
0.014385
0.020636
0.031854
0.037941
0.043468
0.050048
0.055542
0.058766
0.068043
0.071169
0.077255
0.08094
0.08548
0.091467
0.092915
0.100383
0.106305
0.111865
0.112523
0.117984
0.120057
0.129235
0.128117
0.130222
0.133085
0.135486
0.137394
0.13871
0.144106
0.146178
0.149435
0.148712
0.150488
0.154831
0.158351
0.158285
0.163187
0.16276
0.167497
0.167365
0.167958
0.169339
0.171708
0.168221
0.17128
0.175327
0.175919
0.180689
0.179834
0.183683
0.18115
0.185197
0.182038
0.189079
0.186611
0.18592
0.189046
0.188421
0.191612
0.189638
0.190855
0.189506
0.189375
0.187302
0.184572
0.177597
0.176248
0.176084
0.177465
0.174537
0.178452
0.182532
0.180097
0.18365
0.185164
0.18444
0.189243
0.188158
0.18921
0.19204
0.188552
0.194211
0.193323
0.195099
0.196514
0.198488
0.198883
0.199508
0.201021
0.202534
0.202107
0.201515
0.201876
0.202403
0.203291
0.203587
0.207436
0.208127
0.208489
0.207568
0.208588
0.208522
0.208621
0.211615
0.206745
0.210726
0.213917
0.208127
0.212536
0.210529
0.213161
0.211154
0.210463
0.213062
0.212207
0.217865
0.212865
0.218161
0.216484
0.215365
0.216549
0.220135
0.216286
0.216122
0.220102
0.216056
0.216253
0.21678
0.219543
0.219741
0.221649
0.218425
0.219741
0.217372
0.217306
0.215891
0.217372
0.217405
0.217043
0.217668
0.217635
0.220135
0.21701
0.217964
0.214773
0.213917
0.211187
0.210989
0.212634
0.213292
0.212832
0.214246
0.211976
0.213227
0.215431
0.21293
0.21395
0.213819
0.215793
0.209509
0.208489
0.214181
0.206384
0.208687
0.213852
0.210562
0.213852
0.214246
0.213556
0.214049
0.213095
0.214214
0.214707
0.21293
0.214575
0.212108
0.214477
0.21043
0.208621
0.213227
0.212601
0.211417
0.209081
0.209016
0.207338
0.207568
0.208588
0.209312
0.206482
0.208029
0.20691
0.207173
0.205923
0.205627
0.205166
0.204278
0.204673
0.200264
0.197698
0.19829
0.19931
0.199475
0.200626
0.198751
0.198619
0.196843
0.200264
0.198323
0.197303
0.194737
0.189704
0.197205
0.191974
0.191118
0.193092
0.189671
0.185723
0.189309
0.185065
0.191151
0.186447
0.186019
0.184835
0.180788
0.18421
0.182005
0.182565
0.180657
0.182203
0.178683
0.174044
0.17332
0.174537
0.171083
0.173518
0.17105
0.171971
0.170557
0.169405
0.170918
0.171247
0.169866
0.166082
0.170951
0.165391
0.167398
0.165194
0.16776
0.162694
0.163056
0.163483
0.163779
0.163352
0.163286
0.165786
0.161904
0.164207
0.162134
0.161115
0.161213
0.16447
0.165161
0.164076
0.16299
0.166378
0.163023
0.160917
0.162398
0.164832
0.162628
0.164076
0.164602
0.160522
0.167464
0.164832
0.166839
0.16776
0.166576
0.165852
0.167036
0.164372
0.167431
0.168023
0.167727
0.168352
0.168813
0.168714
0.17105
0.168879
0.169734
0.172169
0.171017
0.172827
0.170458
0.175557
0.171642
0.175952
0.174439
0.18296
0.177005
0.177169
0.176709
0.175524
0.176051
0.176709
0.179308
0.179505
0.181282
0.178485
0.181018
0.180788
0.182499
0.184473
0.186414
0.184802
0.18092
0.187829
0.185065
0.185328
0.187565
0.188454
0.188552
0.189145
0.18796
0.190954
0.190362
0.190033
0.192336
0.195395
0.19477
0.197698
0.198126
0.19579
0.196711
0.194704
0.197106
0.198225
0.20158
0.195988
0.203291
0.199573
0.201515
0.200593
0.198323
0.201778
0.201218
0.202699
0.203686
0.201745
0.202929
0.208061
0.207798
0.207568
0.206581
0.205824
0.206778
0.209147
0.208061
0.211055
0.207042
0.206285
0.210595
0.213885
0.210364
0.212338
0.213029
0.213029
0.214312
0.213654
0.214707
0.213325
0.214937
0.214345
0.213292
0.213753
0.214148
0.212174
0.216385
0.215036
0.216911
0.215266
0.22076
0.216977
0.220728
0.219477
0.216089
0.219148
0.220596
0.216253
0.217964
0.206153
0.167069
0.16855
0.163878
0.169109
0.1673
0.086598
0.076301
0.085842
0.087816
0.095744
0.100087
0.10341
0.110713
0.111931
0.115352
0.121142
0.122689
0.124827
0.130913
0.128479
0.135749
0.136736
0.139862
0.143744
0.147165
0.150784
0.155489
0.156311
0.157397
0.158976
0.159667
0.160753
0.158417
0.167826
0.16072
0.167464
0.167036
0.166938
0.167958
0.168813
0.1698
0.171215
0.17082
0.173156
0.172531
0.170951
0.174439
0.175952
0.176018
0.174965
0.177301
0.176215
0.181084
0.177202
0.179275
0.178748
0.178847
0.179045
0.182631
0.181282
0.1824
0.18092
0.182104
0.184243
0.179439
0.184177
0.182828
0.182663
0.17809
0.181545
0.181479
0.179966
0.182466
0.183716
0.182927
0.185098
0.18421
0.184901
0.187993
0.183223
0.188816
0.187302
0.188256
0.184539
0.187894
0.188256
0.187565
0.18546
0.187269
0.185986
0.189803
0.190757
0.189112
0.189638
0.18921
0.191513
0.185098
0.186776
0.177959
0.181709
0.180328
0.18365
0.18013
0.185032
0.182302
0.183256
0.186184
0.183486
0.186842
0.185986
0.188092
0.188717
0.190592
0.183815
0.190658
0.189276
0.187861
0.185032
0.190559
0.188026
0.188947
0.190921
0.192336
0.19352
0.191546
0.196547
0.194277
0.19533
0.196909
0.195231
0.194211
0.197007
0.196415
0.19704
0.197106
0.194672
0.197073
0.196777
0.196909
0.196942
0.196448
0.196645
0.198159
0.199343
0.197698
0.198981
0.200626
0.199442
0.19931
0.19829
0.200067
0.201284
0.199639
0.198554
0.201383
0.198718
0.198916
0.199508
0.20214
0.20135
0.18342
0.182071
0.184769
0.184078
0.17865
0.185098
0.18569
0.183914
0.185723
0.188519
0.187894
0.187927
0.189276
0.189868
0.19023
0.190362
0.194639
0.191678
0.192829
0.191579
0.193783
0.190724
0.191415
0.193158
0.191908
0.188125
0.19306
0.191941
0.192796
0.192994
0.191908
0.193816
0.191217
0.193717
0.191316
0.193586
0.192796
0.194606
0.191941
0.19329
0.192171
0.191974
0.19352
0.189474
0.191612
0.192829
0.189605
0.189704
0.190164
0.189474
0.193652
0.191447
0.187565
0.190131
0.195428
0.190921
0.191744
0.190724
0.187434
0.187203
0.187993
0.187532
0.185526
0.186578
0.188059
0.188684
0.186776
0.188289
0.187993
0.186184
0.184802
0.188684
0.188158
0.190526
0.18796
0.189474
0.189474
0.183881
0.186118
0.183979
0.182861
0.18319
0.183683
0.182696
0.184177
0.184539
0.187861
0.181512
0.185427
0.183552
0.188881
0.183157
0.184637
0.185493
0.183585
0.183025
0.185789
0.184604
0.185032
0.180459
0.181841
0.186809
0.181808
0.184637
0.183552
0.187763
0.184539
0.187072
0.183848
0.184407
0.184769
0.185986
0.178156
0.184473
0.185624
0.184802
0.188223
0.183585
0.187861
0.183321
0.189934
0.189868
0.19023
0.188618
0.19
0.187335
0.185295
0.188223
0.187335
0.187829
0.187203
0.19125
0.189145
0.18819
0.186809
0.19102
0.18773
0.189046
0.189177
0.189506
0.188881
0.18921
0.188717
0.194408
0.189737
0.188421
0.192599
0.189868
0.191349
0.191546
0.191579
0.190954
0.19102
0.186973
0.186874
0.193619
0.190526
0.193652
0.192994
0.188059
0.189737
0.191546
0.187927
0.190428
0.191118
0.192138
0.192698
0.194145
0.192402
0.193816
0.191678
0.192369
0.190592
0.194046
0.193356
0.194343
0.195527
0.198159
0.198948
0.195033
0.197172
0.194441
0.195691
0.196284
0.197139
0.195659
0.198027
0.19681
0.196514
0.198521
0.199409
0.197797
0.197632
0.201811
0.198455
0.201153
0.198652
0.200429
0.201021
0.204772
0.202008
0.204114
0.200199
0.203785
0.197205
0.197764
0.198784
0.197435
0.199935
0.198619
0.195264
0.195066
0.198093
0.190197
0.191447
0.189934
0.182565
0.166971
0.161115
0.155357
0.14858
0.124893
0.088243
0.056364
0.057318
0.065839
0.072419
0.078045
0.080545
0.085875
0.092685
0.098409
0.101896
0.108476
0.112687
0.114497
0.116997
0.122985
0.125452
0.128117
0.133414
0.136868
0.140586
0.143908
0.141573
0.150686
0.149764
0.148909
0.156772
0.154337
0.156706
0.165161
0.162332
0.162825
0.172037
0.166707
0.16572
0.168023
0.169043
0.173814
0.175491
0.176149
0.176742
0.17911
0.179571
0.184604
0.184868
0.184144
0.186315
0.186217
0.180722
0.189474
0.187763
0.188322
0.188026
0.189803
0.192171
0.186249
0.191941
0.193454
0.195001
0.193816
0.196152
0.194474
0.197007
0.195362
0.197435
0.195033
0.19658
0.19454
0.197007
0.195461
0.195001
0.200264
0.196415
0.198916
0.196909
0.201021
0.201218
0.200659
0.199573
0.200922
0.201317
0.197896
0.195494
0.206581
0.195066
0.199409
0.199409
0.194902
0.199705
0.199771
0.20112
0.200133
0.202238
0.201482
0.202633
0.200791
0.203127
0.200528
0.202304
0.200231
0.205956
0.200791
0.200297
0.201745
0.20033
0.204706
0.202929
0.205627
0.202896
0.206153
0.200857
0.204837
0.203324
0.203258
0.202337
0.201284
0.20441
0.204048
0.199245
0.201449
0.202403
0.200495
0.202107
0.20056
0.199804
0.198126
0.203258
0.199541
0.200725
0.189145
0.185032
0.180953
0.173452
0.166938
0.160654
0.149008
0.138842
0.116076
-9e-05
0.004811
0.003331
0.011918
0.01274
0.02057
0.023663
0.031756
0.032447
0.036033
0.046133
0.047481
0.041922
0.023136
0.031328
0.035572
0.042612
0.046791
0.054884
0.056595
0.062352
0.067912
0.075676
0.078407
0.080973
0.089099
0.092454
0.098804
0.099067
0.10443
0.104693
0.108345
0.113608
0.116898
0.118214
0.125386
0.124037
0.126768
0.13144
0.133776
0.138184
0.137756
0.140487
0.143316
0.144764
0.145619
0.153679
0.150554
0.153482
0.153318
0.154699
0.148185
0.156936
0.156476
0.15891
0.161016
0.162825
0.166049
0.164503
0.169076
0.172629
0.173945
0.170853
0.171346
0.171313
0.172925
0.172892
0.172925
0.172925
0.168747
0.175919
0.177103
0.174833
0.1774
0.174768
0.179308
0.177465
0.178419
0.178025
0.175985
0.181479
0.179341
0.179735
0.179439
0.180624
0.179966
0.183025
0.178452
0.179703
0.179012
0.180262
0.179999
0.181051
0.181545
0.18013
0.181183
0.184966
0.18138
0.178419
0.180887
0.179768
0.180064
0.178025
0.18342
0.181249
0.181512
0.182598
0.183519
0.182762
0.182565
0.185262
0.186513
0.185855
0.184506
0.184999
0.18319
0.183617
0.186118
0.185361
0.18194
0.188256
0.186611
0.184506
0.186282
0.186249
0.188388
0.188256
0.187269
0.18898
0.191086
0.18523
0.185822
0.189079
0.189539
0.188026
0.186842
0.190625
0.188322
0.189079
0.190789
0.191118
0.19102
0.190428
0.190757
0.193027
0.18898
0.19306
0.192105
0.193685
0.191086
0.191776
0.194277
0.192731
0.190691
0.193158
0.192961
0.193027
0.19148
0.195527
0.193685
0.196876
0.198027
0.197303
0.196909
0.195889
0.197073
0.194935
0.191349
0.197106
0.195428
0.197764
0.199508
0.195691
0.19579
0.194244
0.197797
0.197797
0.197139
0.198488
0.194803
0.201383
0.197534
0.19908
0.196251
0.197369
0.195165
0.196382
0.191612
0.198916
0.196251
0.198948
0.196843
0.197534
0.199212
0.199113
0.191579
0.197369
0.197238
0.198619
0.198258
0.195955
0.201021
0.199837
0.200725
0.198027
0.19987
0.19987
0.1976
0.200725
0.198784
0.197007
0.201251
0.202173
0.197929
0.203423
0.20056
0.201745
0.198652
0.200659
0.199639
0.200166
0.19885
0.197468
0.197402
0.19681
0.200034
0.199277
0.20135
0.200001
0.202041
0.20112
0.197797
0.2001
0.200758
0.196843
0.197929
0.199573
0.199475
0.19885
0.198652
0.200889
0.200462
0.198126
0.199606
0.199179
0.202403
0.199738
0.197501
0.199376
0.198323
0.197369
0.198159
0.199146
0.198685
0.198981
0.198948
0.200725
0.197238
0.200264
0.200264
0.198554
0.195757
0.197468
0.198948
0.197994
0.199376
0.198883
0.200692
0.198027
0.200758
0.200824
0.200133
0.19602
0.197632
0.198718
0.199968
0.198323
0.202337
0.204212
0.197007
0.199475
0.200758
0.202666
0.202008
0.202337
0.198422
0.201449
0.201745
0.199277
0.201284
0.202238
0.201679
0.200264
0.200922
0.201646
0.204212
0.196185
0.197435
0.200626
0.202074
0.202699
0.199705
0.202469
0.203192
0.200725
0.202074
0.201942
0.201218
0.202271
0.200462
0.202074
0.200791
0.061398
0.029782
0.036691
0.043172
0.051594
0.058799
0.063339
0.068109
0.075676
0.080545
0.084986
0.08821
0.09535
0.101995
0.103377
0.109693
0.111964
0.112918
0.115615
0.117721
0.126768
0.128874
0.124959
0.137329
0.135453
0.140651
0.143744
0.139303
0.143908
0.147297
0.150751
0.1521
0.151278
0.154173
0.157627
0.156246
0.159305
0.160654
0.165457
0.165984
0.168122
0.170129
0.171971
0.174866
0.176182
0.176643
0.173156
0.180064
0.176873
0.182466
0.180196
0.182236
0.181282
0.182598
0.181611
0.186513
0.184243
0.188684
0.187927
0.189474
0.190033
0.190559
0.191382
0.192961
0.190592
0.190559
0.191513
0.187269
0.192138
0.192369
0.195724
0.192566
0.196547
0.193652
0.19783
0.194869
0.199179
0.197205
0.194606
0.197698
0.196777
0.195856
0.196448
0.200626
0.194737
0.197665
0.196843
0.196251
0.198587
0.200593
0.203488
0.203653
0.199705
0.20487
0.2026
0.202041
0.202896
0.200133
0.202995
0.198521
0.201975
0.204048
0.201087
0.105515
0.111964
0.109496
0.113839
0.11907
0.122754
0.125321
0.127952
0.132821
0.13473
0.140651
0.13621
0.143152
0.146178
0.145224
0.144106
0.151048
0.152758
0.153153
0.156904
0.160095
0.162398
0.154337
0.023893
0.028959
0.035046
0.038928
0.049817
0.052515
0.059621
