Ladekurvenmessung

Zeit: 2018_05_04 11.34.17

Info: FVA3, v = 0.272, T = 80, F = 20, h = 97.8

Ladewiderstand[Ohm]: 1012700

Störkapazität[pF]: 0.000000

Entladezeit[ms]: 200

Abtastrate[Hz]: 250000

Anzahl der Messwerte: 2500.000000

Verzögerung[ms]: 3

Ladespannung[V]: 0.200000


Kurve 1

-0.000183
-0.000183
-1.9e-05
-0.000347
-0.000183
-1.9e-05
-0.000347
-0.000183
-0.000183
-0.000183
-0.000183
-1.9e-05
-1.9e-05
-0.000183
-0.000183
-0.000183
-0.000183
-0.000347
-0.000347
-1.9e-05
-1.9e-05
-1.9e-05
-1.9e-05
-1.9e-05
-1.9e-05
-0.000183
-0.000347
-0.000347
-0.000347
-0.000347
-0.000183
-0.000347
-0.000183
-1.9e-05
-1.9e-05
-1.9e-05
-1.9e-05
-0.000347
-0.000183
-1.9e-05
-0.000512
-1.9e-05
0.000146
-1.9e-05
0.000146
-1.9e-05
-1.9e-05
-1.9e-05
-0.000347
-0.000347
-0.000347
-1.9e-05
-1.9e-05
-1.9e-05
0.00031
0.000146
-1.9e-05
0.000146
-0.000183
-0.000347
-0.000347
-0.000347
-0.000183
-0.000183
-1.9e-05
-0.000183
-1.9e-05
-1.9e-05
-1.9e-05
-0.000183
-0.000347
-0.000347
-0.000183
-0.000183
-1.9e-05
-1.9e-05
0.000146
-1.9e-05
-1.9e-05
-1.9e-05
-0.000512
-0.000347
-0.000347
-0.000183
-0.000347
-0.000183
-1.9e-05
-1.9e-05
0.000146
-1.9e-05
-1.9e-05
-0.000183
-0.000347
-0.000347
-0.000347
-0.000512
-1.9e-05
-0.000183
-1.9e-05
-1.9e-05
-0.000183
-0.000183
-1.9e-05
-0.000183
-0.000183
-0.000183
-0.000183
-0.000347
-1.9e-05
-0.000183
-0.000183
-0.000183
-1.9e-05
-1.9e-05
-0.000183
-0.000347
-0.000347
-0.000347
-0.000183
-1.9e-05
-0.000183
-1.9e-05
0.000146
-1.9e-05
-1.9e-05
-0.000347
-0.000183
-0.000183
-0.000183
-0.000347
-0.000183
-0.000183
-0.000183
-1.9e-05
-0.000183
-1.9e-05
-0.000183
-0.000183
-0.000347
-0.000183
-0.000183
-1.9e-05
0.00031
-1.9e-05
0.000146
-1.9e-05
-0.000183
-1.9e-05
-0.000183
-0.000183
-0.000347
-0.000183
-1.9e-05
-1.9e-05
-1.9e-05
-1.9e-05
-0.000183
-0.000183
-0.000183
-0.000183
-0.000183
-0.000512
-0.000183
0.000146
-1.9e-05
-1.9e-05
-0.000183
-1.9e-05
-0.000183
-1.9e-05
-0.000183
-0.000347
-0.000512
-0.000183
-0.000183
-0.000183
-0.000183
0.000146
0.000146
-0.000183
-0.000183
-0.000183
-0.000183
-1.9e-05
-0.000183
-0.000183
-1.9e-05
-0.000183
-1.9e-05
-1.9e-05
-0.000183
-0.000183
-0.000183
-0.000347
-0.000183
-0.000183
-0.000183
-1.9e-05
-1.9e-05
-1.9e-05
-0.000183
-0.000183
-0.000347
-0.000347
-0.000347
-0.000512
-0.000183
-1.9e-05
-0.000183
-0.000183
-0.000183
-1.9e-05
-1.9e-05
-0.000183
-0.000347
-0.000347
-0.000183
-0.000183
-0.000183
-0.000183
-1.9e-05
-1.9e-05
-1.9e-05
-0.000183
-0.000347
-0.000347
-0.000347
-0.000347
-0.000183
-0.000183
-1.9e-05
-1.9e-05
-1.9e-05
-1.9e-05
-0.000183
-0.000347
-0.000347
-0.000183
-0.000347
-1.9e-05
-0.000183
-1.9e-05
-1.9e-05
-0.000183
-1.9e-05
-0.000183
-0.000183
-0.000512
-0.000347
-0.000347
-0.000183
-0.000183
-0.000183
-1.9e-05
-1.9e-05
-1.9e-05
-0.000512
-0.000183
-0.000183
-0.000347
-0.000183
-0.000512
-0.000183
-0.000347
-0.000183
-1.9e-05
-1.9e-05
-1.9e-05
-0.000183
-0.000183
-0.000183
-0.000347
-1.9e-05
-1.9e-05
0.000146
-1.9e-05
-1.9e-05
-1.9e-05
-0.000183
-0.000183
-0.000183
-0.000347
-0.000347
-0.000183
-0.000183
0.000146
-1.9e-05
-0.000183
-0.000347
-0.000347
-0.000183
-0.000347
-1.9e-05
-0.000183
-1.9e-05
-0.000183
-0.000183
-1.9e-05
-1.9e-05
-0.000183
-1.9e-05
-0.000347
-0.000347
-0.000347
-0.000347
-0.000183
-0.000183
-0.000183
-0.000183
0.000146
-1.9e-05
0.000146
-0.000183
-0.000347
-0.000183
-0.000183
-0.000512
-0.000347
-1.9e-05
-0.000183
0.000146
-1.9e-05
-0.000183
-0.000347
-0.000183
-0.000347
-0.000347
-0.000183
-0.000183
-0.000183
-0.000183
-1.9e-05
-0.000183
-0.000183
-0.000347
-0.000183
-0.000183
-0.000347
-0.000183
-0.000183
-0.000183
-1.9e-05
-1.9e-05
-0.000183
0.000146
-0.000183
-0.000347
-0.000512
-0.000347
-0.000183
-0.000183
-0.000183
-0.000183
-0.000347
-1.9e-05
-0.000183
-0.000183
-0.000347
-0.000183
-0.000183
-0.000347
-0.000183
-0.000183
-1.9e-05
-0.000183
-0.000183
-1.9e-05
-0.000347
-0.000347
-0.000347
-0.000183
-0.000183
0.000146
-1.9e-05
-1.9e-05
-1.9e-05
-1.9e-05
-0.000183
-0.000512
-0.000347
-0.000183
-0.000347
0.000146
-0.000347
0.000639
-0.000841
0.00031
-0.000347
0.000146
0.00146
0.00146
0.001954
0.001296
0.002118
0.000146
0.001789
-1.9e-05
0.00294
-0.000347
-0.000183
-0.000512
0.00031
0.002118
-0.001991
-0.00347
-0.001827
0.000639
-0.000841
0.000967
0.000474
0.001132
-0.001169
0.002282
-0.001169
0.000146
-1.9e-05
-1.9e-05
0.00031
0.001132
-0.000676
0.000146
-0.000512
-0.000676
0.00146
-1.9e-05
-0.000512
-0.000512
-0.000676
0.000146
0.000803
-0.002484
-0.001334
0.001954
0.001132
0.000803
0.000146
0.000146
-0.001169
-0.001005
-0.001662
0.001789
-0.001662
0.001132
-0.003635
-0.001005
-1.9e-05
-1.9e-05
-0.001169
0.002775
-0.002813
0.001296
0.001132
-1.9e-05
0.001296
-1.9e-05
0.000803
-0.002155
-0.001169
-0.00232
0.000146
-0.002813
-1.9e-05
-0.005443
-0.001169
-0.000512
0.000474
0.000967
0.000803
-0.001827
-0.001827
-0.002813
-0.011524
-0.007908
-0.008237
-0.005443
-0.005443
-0.003963
-0.003963
-0.003635
-0.004456
-0.005114
-0.004949
-0.006429
-0.0061
-0.006757
-0.004949
-0.007086
-0.00347
-0.001991
-0.000347
-0.001662
-0.002648
-0.002155
-0.007086
-0.004621
-0.004456
-0.003799
-0.003963
-0.004785
-0.002648
-0.00232
-0.001005
-0.002977
-0.009716
-0.004128
-0.004621
-0.003306
-0.00347
-0.002648
-0.004292
0.000639
-0.004292
-0.001005
-0.001169
-0.00347
-0.002813
-0.001827
-0.000841
-0.002484
0.003761
-0.001827
-0.001169
-0.001169
-0.001169
-0.005278
-0.001662
-0.000841
0.00031
-0.001169
-0.000183
0.00031
0.000474
-0.000841
0.000474
-0.000347
-0.000841
0.000639
-0.001991
0.001296
-0.002155
-1.9e-05
-0.000347
0.002775
-0.003635
0.001625
-1.9e-05
-0.001334
-0.000512
-0.001169
-1.9e-05
0.000474
-0.000183
0.000967
0.004419
0.001954
0.003597
-1.9e-05
0.000474
-0.000183
-0.001169
-0.000347
-0.000183
-0.001005
0.000474
-0.000347
0.001296
-1.9e-05
-1.9e-05
-0.000347
-0.000183
0.001296
0.000146
-0.001005
-0.000347
0.000146
0.000474
-0.000512
-0.000183
-0.000183
-0.000347
-0.001334
0.002775
0.002611
-0.001662
-0.002484
0.000639
0.00031
0.000474
-1.9e-05
0.001296
-0.000183
-0.000841
-0.001005
0.000146
0.001296
0.002775
-0.001334
-0.001498
-1.9e-05
0.000803
-0.001334
-0.001334
-0.000183
0.000639
-0.001169
-0.000676
-0.000676
0.00031
0.001132
-0.001334
-1.9e-05
-0.000347
-0.000676
-0.000347
-0.000183
0.000474
-0.001169
0.001789
0.000639
0.000639
-0.000347
0.002611
-0.000347
0.001296
-0.000512
0.001132
-0.001169
-0.001498
-0.002648
0.001625
-0.003963
-0.004128
-0.0061
-0.004949
0.001954
-0.000676
-0.000183
0.000803
-0.000183
-0.003142
0.001789
-0.000347
-0.000676
0.000967
0.001132
0.00031
-0.002648
-0.003142
-0.00232
-0.001334
-0.002484
-0.00347
-0.005607
-0.004128
-0.001827
-0.002484
-0.001991
-0.000512
-0.001662
-0.001498
-0.001991
-0.003142
-0.001005
0.001296
0.00146
-1.9e-05
0.000967
-0.00232
-0.000512
-0.000183
0.000474
-0.000512
-0.000347
-0.000183
0.001296
0.000967
0.000474
0.000639
-0.000676
-1.9e-05
-0.000183
0.000146
-0.000512
-0.001169
-0.003306
-1.9e-05
-0.002648
-0.001498
-0.000183
0.002118
-0.000676
0.003104
-0.002155
-0.000183
-0.000347
-0.000347
-0.001991
-0.002813
0.00031
0.000803
0.000474
-1.9e-05
0.002118
-0.001498
-0.001334
0.000146
0.00031
-0.000676
-0.000183
0.001296
-1.9e-05
-0.000347
-0.000347
-0.001005
-0.001005
-0.000512
-0.000183
-1.9e-05
-0.000183
-1.9e-05
-1.9e-05
-0.000183
-0.000347
-0.000347
-0.000347
-1.9e-05
0.000146
0.000146
-0.000347
-0.003142
0.002118
-0.000512
-0.000512
0.008199
0.006062
-0.028781
0.004255
-0.000347
0.00031
-0.000183
0.000146
-0.000183
0.000474
-0.000183
-0.000347
-0.000347
-0.000347
-1.9e-05
-1.9e-05
-1.9e-05
-1.9e-05
0.000146
-0.000183
-0.000183
-0.000183
-0.000183
-0.000347
-0.000347
-0.000183
-1.9e-05
-0.000183
-0.000183
-0.000183
-1.9e-05
-1.9e-05
-0.000347
-0.000183
-0.000183
-0.000183
-1.9e-05
-0.000183
-1.9e-05
-0.000183
0.001132
0.00031
0.005898
0.006556
0.002282
0.004912
0.004912
0.000146
0.003761
0.001296
0.003268
0.002775
0.003433
0.00672
0.011322
0.017567
0.023156
0.029894
0.026936
-0.000347
0.00031
0.00031
0.000146
0.00146
0.00031
0.00031
0.002775
0.004419
0.0105
0.013623
0.004912
0.004912
0.005405
0.017403
0.022991
0.026114
0.033017
0.037783
0.042221
0.031702
0.031045
0.023156
0.027758
0.032853
0.034168
0.035975
0.042221
0.034003
0.025621
0.014445
0.010007
0.015431
0.015266
0.010007
0.004583
0.00672
0.006062
0.009021
0.007377
0.005241
0.003926
0.003926
0.003268
0.004583
0.004583
0.004912
0.001954
0.00294
0.000474
0.000146
0.001132
-0.000347
0.001132
-0.000183
0.003761
0.000967
0.002282
0.001625
0.002118
-0.000676
0.000639
-0.000676
0.00031
-0.000841
-0.000841
-0.00232
-0.000841
0.002282
-0.000183
-0.000183
-1.9e-05
0.001132
-0.000183
-1.9e-05
-1.9e-05
-0.000676
0.000474
-1.9e-05
-0.000183
0.000146
0.000967
0.002118
-0.000183
0.000803
0.000639
0.000639
0.00031
0.002282
0.001132
0.000639
0.000803
0.001132
0.001789
-0.000512
-0.001169
0.00146
0.000474
-1.9e-05
0.000803
0.004419
0.003268
0.00146
0.000967
0.00146
0.000474
0.00294
0.00031
0.004583
0.00146
0.003761
0.000803
0.003597
0.002118
0.002118
0.000146
0.00294
-0.001498
0.000146
0.000474
0.001132
0.002282
0.001954
-0.001498
0.005241
0.006062
0.002282
0.002118
0.000967
0.001625
0.001954
0.001789
0.00146
0.00031
0.002447
0.00031
0.003433
0.000146
0.001954
0.001132
0.00146
0.001296
0.003268
0.001625
0.00409
0.003597
-0.000841
0.000146
-1.9e-05
0.000146
0.000474
0.001132
-0.000512
0.001625
-0.000183
0.001296
0.000146
0.000803
0.002447
0.001625
0.000803
0.002611
0.000639
-0.000512
-0.000841
0.000967
-0.000676
-0.000183
0.000146
0.000639
0.000146
-0.000183
-0.000347
-0.000512
0.000146
-0.000512
-1.9e-05
-0.000512
0.000639
0.000474
-0.000183
0.000639
0.000146
-0.001005
-1.9e-05
-0.000676
-0.000347
0.002447
-0.000512
0.000146
-0.000676
0.000474
-0.000512
-0.000347
0.001132
0.001789
0.002611
-0.000183
0.001789
-0.000183
0.00031
0.000474
0.000803
-0.000347
0.000967
-0.001169
0.000474
0.001789
0.002118
0.000967
0.001789
0.00146
0.003104
0.006884
0.002118
0.000803
-0.000512
0.002611
0.007706
0.003268
0.002611
0.008692
0.006062
0.008199
0.01313
0.017732
0.025292
0.028415
0.031373
0.035811
0.04107
0.04748
0.050603
0.055698
0.061286
0.06671
0.069011
0.073778
0.079037
0.079859
0.083803
0.091857
0.091199
0.095473
0.100732
0.103526
0.103855
0.108786
0.112566
0.115689
0.115195
0.117661
0.117661
0.119633
0.120784
0.122098
0.126207
0.126372
0.126372
0.12818
0.130481
0.130152
0.130645
0.128015
0.129988
0.132124
0.133439
0.130645
0.132453
0.131796
0.129495
0.095966
0.066875
0.070326
0.031702
0.023977
0.014116
0.022991
0.027429
0.02973
0.038276
0.047152
0.050932
0.057999
0.0603
0.068847
0.070983
0.07312
0.074435
0.013623
0.000639
-0.001005
-0.000512
-0.000183
-0.000347
-0.000183
-0.000347
-0.000183
-1.9e-05
0.000474
-0.000347
-0.000183
-1.9e-05
-0.000347
-0.000183
-0.000347
-0.000512
-0.001169
-0.000347
-0.000183
-0.000183
-1.9e-05
-1.9e-05
-0.000183
-0.000183
-0.000183
-0.000512
-0.000512
-1.9e-05
-0.000183
-1.9e-05
-1.9e-05
-0.000183
-0.000183
-1.9e-05
-0.000183
-0.000347
-0.000183
-0.000512
-1.9e-05
-0.000183
0.000146
0.001954
0.003104
0.010993
0.015266
0.025621
0.028579
0.00146
0.004419
0.006556
0.016253
0.024964
0.029566
0.033346
0.04255
0.048631
0.054548
0.058821
0.063587
0.067696
0.072791
0.074435
0.080845
0.083968
0.08594
0.092021
0.091528
0.098102
0.099253
0.102047
0.104019
0.109607
0.109607
0.112894
0.114045
0.117496
0.119304
0.127029
0.123906
0.000967
-0.000347
-0.000347
-0.000183
-0.000183
-0.000347
-1.9e-05
-0.000676
-1.9e-05
0.002775
0.00146
0.003761
-0.000347
0.006884
-0.000347
0.016417
0.023484
0.030059
0.034003
0.037783
0.045508
0.05011
0.054548
0.059643
0.065067
0.066546
0.074435
0.074599
0.080681
0.082982
0.086597
0.090706
0.088898
0.093007
0.093336
0.098924
0.100568
0.103855
0.105663
0.107142
0.110922
0.113388
0.115524
0.118154
0.114702
0.112401
0.117496
-0.00232
0.007049
0.000803
0.001132
0.009021
0.013952
0.020033
0.026771
0.034003
0.037126
0.042057
0.048467
0.051589
0.038441
0.043043
0.044851
0.049781
0.053069
0.057671
0.065231
0.06934
0.069011
0.075914
0.07953
0.082488
0.085611
0.09235
0.095966
0.100568
0.101061
0.110758
0.112401
0.11536
0.116839
0.119469
0.120126
0.122592
0.125221
0.127194
0.129659
0.128673
0.135247
0.132946
0.136726
0.138699
0.141821
0.140013
0.14215
0.143465
0.147081
0.148231
0.149546
0.15497
0.154641
0.15875
0.156285
0.158914
0.159243
0.161873
0.161873
0.163681
0.164831
0.164996
0.165817
0.170255
0.165653
0.170419
0.171077
0.170584
0.172556
0.173049
0.172556
0.173049
0.175021
0.173214
0.17157
0.167461
0.169762
0.170913
0.169105
0.169762
0.171077
0.166804
0.166475
0.168283
0.165817
0.171406
0.168118
0.169598
0.170913
0.172063
0.172227
0.174364
0.173214
0.177487
0.176008
0.175021
0.174693
0.176501
0.176994
0.179788
0.179623
0.178473
0.182911
0.178309
0.178802
0.180281
0.184061
0.182089
0.184883
0.184061
0.186855
0.188006
0.186526
0.185376
0.18439
0.187841
0.186691
0.188663
0.187019
0.188006
0.181267
0.181267
0.18061
0.184718
0.182911
0.181431
0.183239
0.183404
0.184554
0.187019
0.186855
0.185705
0.186362
0.183239
0.183897
0.182582
0.184883
0.18554
0.182417
0.176665
0.166639
0.157764
0.159079
0.159736
0.159572
0.158586
0.156942
0.162366
0.160558
0.162859
0.163023
0.162695
0.15875
0.160558
0.157271
0.162366
0.160558
0.161709
0.160558
0.159736
0.15612
0.153819
0.144451
0.011158
-0.000512
-1.9e-05
-0.000183
-0.000183
-1.9e-05
-0.000183
0.00031
-0.000347
-0.000347
-0.000512
-0.000347
-0.000512
-0.000347
-0.000183
-0.000183
-1.9e-05
-0.000183
0.000146
-1.9e-05
-0.000347
-0.000841
0.003268
0.005569
0.013952
0.01428
0.018389
0.014609
0.021841
0.009021
0.012308
0.019375
0.023484
0.027429
0.031867
0.040249
0.039263
0.044193
0.048631
0.050439
0.05274
0.054712
0.061286
0.062273
0.02973
0.000803
0.001296
-0.000183
-0.000512
-1.9e-05
-0.000183
0.00031
-0.000183
-0.000183
-0.000183
-0.000347
-1.9e-05
-1.9e-05
-0.000347
-1.9e-05
-1.9e-05
-1.9e-05
-1.9e-05
-0.000347
0.000146
-0.000183
0.005076
0.008363
0.007213
0.017896
0.020526
0.027265
0.03088
0.033346
0.037455
0.045672
0.044851
0.049124
0.050768
0.052247
0.056027
0.056356
0.046823
0.044522
0.041235
0.041892
0.022169
0.02069
0.021512
0.022991
0.027429
0.027429
0.038441
0.037455
0.040084
0.044193
0.046166
0.048795
0.025128
0.020197
0.022498
0.022663
0.015595
0.008035
0.011651
0.009843
0.015266
0.0105
0.01313
0.020033
0.022827
0.025292
0.031045
0.031867
0.031045
0.030716
0.007377
0.00146
0.00409
0.009678
0.014445
0.019704
0.028086
0.021019
0.024635
0.025457
0.018718
0.019375
0.026607
0.032688
0.035318
0.036962
0.040906
0.040742
0.039591
0.045015
0.043043
0.046494
0.031373
0.012144
0.016581
0.018554
0.019047
0.001625
0.006391
0.010829
0.012144
0.010171
0.008857
0.009021
0.010171
0.006884
0.00787
0.007706
-1.9e-05
0.001132
0.003433
-0.000183
0.002775
-0.001005
0.002447
-0.000512
0.001132
0.002447
0.000146
0.002447
0.004419
0.008199
0.013294
0.013459
0.010007
0.016417
0.001789
0.006227
0.008363
0.002282
0.000803
-0.000512
-0.000183
-0.000512
-0.000183
-0.000183
-0.001662
0.001296
-0.000512
0.002447
0.000474
-0.000512
-0.000183
-1.9e-05
-0.001498
0.004748
0.011158
0.004912
0.001132
0.00294
0.00146
0.008035
0.003104
0.008363
0.001789
0.001954
0.001132
-0.000512
-1.9e-05
0.00146
-0.000841
0.00409
-0.000183
-0.000183
-0.000512
-1.9e-05
0.000146
-0.000183
-1.9e-05
-0.000183
-1.9e-05
0.000146
0.000146
-0.000183
-0.000183
-0.000347
-0.000183
-0.000347
-1.9e-05
0.000803
-0.000183
-1.9e-05
0.000146
-0.000183
-1.9e-05
-0.000512
-1.9e-05
-0.000347
-0.000512
-0.000183
-1.9e-05
-0.000347
0.000146
0.000474
0.000146
-0.000183
0.000474
-1.9e-05
-0.000183
-1.9e-05
-0.000183
-1.9e-05
-0.000183
-0.000183
-1.9e-05
-0.000183
-0.000183
-0.000183
-0.000183
-0.000183
-0.000183
-0.000347
0.000146
-1.9e-05
-1.9e-05
-0.000183
-1.9e-05
-0.000347
-0.000347
-0.000347
-0.000347
-0.000183
-0.000183
-1.9e-05
-0.000183
-1.9e-05
-1.9e-05
0.000146
-0.000183
-0.000347
-0.000347
-0.000183
-0.000512
-0.000183
-0.000183
-0.000183
-1.9e-05
-1.9e-05
-1.9e-05
-0.000183
-0.000183
-1.9e-05
-0.000512
-0.000347
-0.000183
-0.000347
-0.000183
-1.9e-05
-1.9e-05
-0.000183
-1.9e-05
-0.000347
-0.000512
-0.000347
-0.000347
-0.000183
-1.9e-05
-0.000183
-0.000183
-1.9e-05
-1.9e-05
-0.000183
-0.000183
-1.9e-05
-0.001169
0.000967
-0.000347
-1.9e-05
-1.9e-05
-1.9e-05
-0.000183
-0.000183
-0.000347
-0.000347
-0.000512
-0.000512
-0.000183
-0.000347
-0.000183
-1.9e-05
-0.000183
-0.000183
-0.000183
-0.000183
-0.000183
-0.000347
-0.000347
-0.000183
-0.000347
-1.9e-05
-0.000183
-0.000183
-0.000183
-1.9e-05
-0.000347
-0.000347
-0.000512
-0.000347
-0.000512
-0.000347
-1.9e-05
-0.000183
-0.000183
-1.9e-05
-0.000183
-0.000183
-0.000183
-0.000347
-0.000347
-0.000183
-0.000347
-1.9e-05
-1.9e-05
-1.9e-05
-0.000183
-0.000183
-0.000183
-0.000183
-0.000347
-0.000347
-0.000183
-0.000183
-0.000183
-0.000183
-1.9e-05
-1.9e-05
-0.000183
-0.000183
-0.000347
-0.000347
-0.000183
-0.000676
-0.000183
-0.000183
-1.9e-05
-1.9e-05
-0.000183
-0.000183
-0.000183
-0.000347
-0.000347
-0.000347
-0.000347
-0.000347
-0.000183
-0.000183
0.000146
-0.000183
-0.000183
-0.000183
-0.000347
-0.000347
-0.000183
-0.000183
-0.000347
-0.000183
-0.000183
-1.9e-05
-0.000841
0.002775
0.007049
0.009678
0.018882
0.023156
0.021512
0.024306
0.03088
0.033674
0.031702
0.037126
0.042221
0.041235
0.043207
0.008857
0.014938
0.019047
0.022005
0.023649
0.012308
0.001954
0.000146
0.002775
0.004583
0.007377
0.008692
0.014445
0.018718
0.019211
0.022169
0.028908
0.026936
0.026771
0.026771
0.028086
0.026771
0.026936
0.027758
0.026936
0.029072
0.027922
0.028251
0.029894
0.035975
0.035482
0.039591
0.037455
0.039263
0.038934
0.040577
0.039427
0.016581
0.001132
0.000474
0.005241
0.007377
0.012965
0.018718
0.026114
0.030552
0.028744
0.033181
0.038934
0.039098
0.037783
0.041235
0.042057
0.0437
0.047645
0.050932
0.051425
0.056027
0.058164
0.057999
0.061286
0.065067
0.066217
0.072134
0.071312
0.073942
0.075092
0.078215
0.084461
0.08594
0.089556
0.088898
0.092679
0.093007
0.097938
0.094815
0.099582
0.10139
0.102211
0.10632
0.103855
0.105498
0.110265
0.113059
0.115853
0.11799
0.118647
0.119797
0.119962
0.121441
0.122592
0.118154
0.113388
0.119962
0.122098
0.124235
0.121441
0.122427
0.126043
0.123249
0.124071
0.123413
0.125879
0.125714
0.122427
0.125057
0.126372
0.122756
0.123742
0.11914
0.11158
0.112566
0.10895
0.107964
0.095473
0.083639
0.001132
-0.001662
0.008363
0.011979
-1.9e-05
-0.000347
-0.000512
-0.000347
-0.000512
-0.000183
-0.000347
0.000146
0.000146
-1.9e-05
-0.000347
-0.000183
-0.000347
-1.9e-05
-0.000347
-0.000183
-0.000183
-1.9e-05
-1.9e-05
-0.000183
-1.9e-05
-0.000183
-0.000183
-0.000512
-0.000347
-0.000512
-0.000183
-0.000183
-1.9e-05
-1.9e-05
-0.000183
-0.000347
-0.000183
-0.000512
-0.000183
-0.000841
-0.000347
-0.000347
0.000146
-1.9e-05
0.000146
-0.000183
-0.000183
-1.9e-05
-0.000347
-0.000183
-0.000512
-0.000347
-0.000183
-1.9e-05
-1.9e-05
-0.000183
-0.000183
-0.000347
-1.9e-05
-0.000347
-0.000347
-0.000676
-0.000183
-0.000676
-0.000183
-1.9e-05
-1.9e-05
-1.9e-05
-0.000183
-0.000183
-0.000347
-0.000183
-0.000512
-0.000347
-0.000512
-0.000183
-0.000183
-0.000183
-0.000347
-1.9e-05
0.000146
-0.000347
-0.000347
-0.000347
-0.000347
-0.000347
-0.000183
-0.000183
-0.000183
-0.000183
-0.000183
-0.000183
-0.000183
-0.000347
-0.000512
-0.000512
-0.000347
-0.000183
-0.000183
-0.000183
-0.000183
-1.9e-05
-1.9e-05
-0.000183
-0.000183
-0.000183
-0.000512
-0.000347
-0.000347
-1.9e-05
-0.000183
-1.9e-05
-0.000183
-0.000183
-0.000347
-0.000347
-0.000347
-0.000347
-0.000512
-0.000347
-0.000183
-0.000183
-0.000183
-1.9e-05
-0.000183
-0.000183
-0.000347
-0.000347
-0.000183
-1.9e-05
-0.000347
-1.9e-05
-1.9e-05
-1.9e-05
-0.000183
-1.9e-05
-0.000183
-0.000347
-0.000183
-0.000183
-0.000512
-0.000183
-1.9e-05
-1.9e-05
-0.000183
-0.000183
0.000146
-0.000347
-0.000512
-0.000347
-0.000512
-0.000183
-0.000183
-0.000183
-1.9e-05
-1.9e-05
-0.000183
-0.000183
-0.000183
-0.000183
-0.000512
-0.000347
-0.000512
-0.000512
-0.000183
-1.9e-05
-1.9e-05
-0.000183
-0.000183
-0.000183
-0.000347
-0.000347
-0.000347
-0.000183
-1.9e-05
-0.000183
-0.000183
-1.9e-05
-1.9e-05
-1.9e-05
-0.000347
-0.000183
-0.000347
-0.000512
-0.000676
-0.000183
-0.000183
-0.000347
-0.000183
-0.000183
-0.000183
-1.9e-05
-0.000347
-0.000347
-0.000512
-0.000347
-0.000347
-0.000183
-0.000183
-1.9e-05
-1.9e-05
-0.000183
-1.9e-05
-0.000347
-0.000512
-0.000347
-0.000347
-0.000183
-1.9e-05
-1.9e-05
-0.000183
-1.9e-05
-1.9e-05
-0.000347
-0.000183
-0.000347
-0.000347
-0.000512
-0.000512
-0.000183
-0.000183
-0.000183
-0.000183
-1.9e-05
-0.000183
-0.000183
-0.000183
-0.000183
-0.000347
-0.000183
-0.000183
-0.000183
-0.000183
-0.000183
-0.000183
0.000146
-0.000183
-0.000183
-0.000512
-0.000183
-0.000183
-0.000347
-1.9e-05
-0.000183
0.000146
-1.9e-05
-0.000183
-0.000183
-0.000512
-0.000347
-0.000512
-0.000512
-0.000183
-0.000183
-1.9e-05
-0.000183
-1.9e-05
-0.000183
-0.000183
-0.000347
-0.000347
-0.000347
-1.9e-05
-0.000347
-1.9e-05
-0.000183
-1.9e-05
-0.000183
-0.000183
-0.000183
-0.000512
-0.000183
-0.000183
-0.000183
-0.000183
0.000146
-1.9e-05
-1.9e-05
-0.000676
-0.000183
-0.000183
-0.000512
-0.000347
-0.000347
-1.9e-05
0.000146
-0.000183
-0.000183
0.003433
0.003104
0.006062
0.007213
0.007377
0.007542
0.00146
0.002447
0.000146
-1.9e-05
0.000146
-0.000183
-0.000183
-0.000183
0.000146
0.00031
-0.000512
0.00031
-0.000183
0.000474
0.002447
0.009514
0.003597
0.000146
0.003926
0.005734
0.007706
0.005241
0.010993
0.011158
0.005734
0.001296
0.002282
-1.9e-05
-0.000183
0.000146
-0.000183
-0.000183
-0.000183
-0.000183
0.000146
0.000803
-0.000347
-0.000841
0.003597
0.000474
-0.001827
-0.000347
-1.9e-05
-0.000183
0.003104
0.003433
0.009678
0.014609
0.023156
0.026443
0.029072
0.033181
0.002775
0.001296
0.005734
0.00294
0.001296
0.00146
0.000474
-0.000347
0.000146
0.000146
0.000146
0.00031
-1.9e-05
-0.000183
-0.000183
-1.9e-05
-0.000183
-1.9e-05
-0.000183
-0.000183
-1.9e-05
-0.000183
-1.9e-05
-0.000183
-0.000183
-0.000512
-0.000512
-0.000183
-1.9e-05
0.002282
0.01313
0.011322
0.003926
0.000639
0.001954
0.000474
0.000474
-1.9e-05
0.00031
0.001296
0.000474
-0.000183
-0.000183
-1.9e-05
0.00031
-0.000841
-0.000183
-1.9e-05
-1.9e-05
-0.000183
-1.9e-05
-0.000183
-1.9e-05
-0.000183
0.000146
-1.9e-05
-0.000347
-0.000347
-0.000183
-0.000347
-0.000347
-0.000183
-0.000183
-0.000183
0.000146
-1.9e-05
-0.000183
-0.000183
-0.000347
-0.000347
-0.000347
-0.000347
-1.9e-05
-1.9e-05
0.000639
-0.001498
0.000474
0.000967
0.000474
0.002447
0.001625
0.007213
0.004255
0.008857
0.008857
0.013952
0.015266
0.007213
0.008857
0.013459
0.015431
0.014116
0.011815
0.022169
0.028744
0.032524
0.038112
0.041235
0.046494
0.048138
0.051754
0.055205
0.058657
0.057342
0.056191
0.058164
0.0603
0.058985
0.058657
0.054876
0.055863
0.058657
0.03992
0.000474
0.004255
0.009514
0.015102
0.019868
0.025292
0.031538
0.034825
0.040742
0.040577
0.044358
0.047645
0.046001
0.04633
0.049288
0.023156
0.02332
0.014773
0.005734
0.008035
-1.9e-05
-0.000183
0.00409
0.005734
0.005734
0.009185
0.012965
0.01691
0.020033
0.021019
0.021348
0.018225
0.01954
0.019704
0.01691
0.019868
0.023649
0.022991
0.026771
0.030059
0.029072
0.028251
0.01313
0.004255
0.001789
0.00935
0.009678
0.012637
0.019868
0.027265
0.023813
0.019375
0.024142
0.027593
0.028251
0.026114
0.010336
0.01313
0.018554
0.022334
0.008528
0.015102
0.021512
0.022991
0.019211
0.010336
0.014938
0.007706
0.001132
-0.000347
-1.9e-05
0.001132
0.004912
0.002282
0.003597
0.00935
0.013294
0.014445
0.00672
-1.9e-05
0.005405
0.015431
0.019868
0.0271
0.031373
0.033346
0.034989
0.032524
0.013623
0.013459
0.017403
0.018061
0.019704
0.021512
0.000967
0.001296
0.000639
0.000803
0.002611
0.00146
0.005734
0.013459
0.01428
0.019211
0.024799
0.026607
0.030059
0.033017
0.034332
0.004583
0.002447
0.004255
0.011979
0.01954
0.020362
0.021019
0.007542
0.002775
0.003761
0.003761
0.001789
0.003926
-0.000183
-0.001827
0.001625
0.002118
0.005076
0.006556
0.012308
0.007049
0.00787
0.014445
0.020855

Kurve 2

-0.000183
-0.000183
-1.9e-05
-0.000347
-0.000347
-0.000676
-1.9e-05
-0.000347
-0.000183
-1.9e-05
-1.9e-05
-0.000347
-1.9e-05
-1.9e-05
-0.000347
-0.000183
-0.000512
-0.000183
-0.000183
-1.9e-05
-0.000183
-0.000183
-1.9e-05
-0.000183
-0.000347
-1.9e-05
-0.000512
-0.000347
-0.000512
-0.000183
-0.000347
-0.000183
-0.000183
0.000639
0.00031
-0.000183
-0.000183
-0.000183
-0.000183
-0.000347
-0.000183
-0.000183
-0.000347
-0.001169
0.000803
-0.000347
0.000474
-0.000347
-1.9e-05
0.000146
-0.00347
-0.001498
-0.00232
0.003104
0.000146
-0.000183
0.000803
0.000146
-0.000183
-0.000347
-0.000183
-0.000347
-0.000183
-0.000183
-1.9e-05
-1.9e-05
-1.9e-05
0.002282
-0.000183
-0.000183
0.000639
-0.001334
-0.000347
-0.000347
-0.000183
-0.000183
-1.9e-05
-1.9e-05
-1.9e-05
-0.000183
-0.000183
-0.000183
-0.000347
0.00031
-0.000183
-0.000183
-0.000183
-1.9e-05
-0.000183
0.000146
-1.9e-05
-0.000512
-0.000347
-0.000676
-0.001005
-1.9e-05
-0.000347
-0.000183
-0.000183
-0.000183
0.00146
0.00146
0.003104
0.001132
0.003597
-0.000183
0.002611
-0.001991
0.001625
-0.002484
-0.000841
-1.9e-05
-0.003306
-0.001005
-0.001498
-0.002484
-0.001991
-0.000676
0.000146
-0.001334
-0.000676
-0.00232
0.001296
0.003433
0.000967
0.000474
-0.000512
0.001132
-0.000512
0.000146
-1.9e-05
-1.9e-05
-0.000183
-0.000183
-0.000347
-0.000183
-0.000347
-0.000183
-1.9e-05
-0.001005
-1.9e-05
0.003761
0.00031
0.003104
0.00146
0.003268
-1.9e-05
0.000146
-1.9e-05
0.000803
-0.000512
-1.9e-05
-0.002813
-0.001498
-0.003635
-0.000183
0.000967
-0.000841
-0.000512
-1.9e-05
-0.001005
-0.000512
0.003104
-0.001827
0.000967
0.000474
0.000146
-0.003142
-0.002813
-0.007744
-0.005114
-0.002813
-0.001662
-0.005607
-0.000676
-0.001334
-0.002484
-0.002155
-0.004949
-0.003142
-0.002977
-0.00232
-0.003963
0.000146
-0.004785
-0.001662
-0.004456
-0.006429
-0.003799
-0.003799
-0.002648
0.000146
-0.000841
-0.001334
0.000639
-0.003306
-0.000347
-0.003306
-0.000183
-0.001991
-0.001827
-0.002977
-0.00347
-0.004128
-0.004128
-0.000841
-0.003635
-0.000841
-0.002648
-0.00232
-0.001991
-0.001334
-0.003306
-0.001498
-0.002648
-0.002977
-0.001827
-0.002648
-0.001827
-0.002155
-0.004128
-0.003142
-0.002155
0.001132
-0.003799
-0.002813
-0.002648
-0.002155
-0.002813
-0.004456
-0.001662
-0.004128
-0.003963
-0.002977
-0.001662
-0.001498
0.001296
-0.002813
0.001625
-0.001498
-0.002155
-0.001169
-0.001169
0.000474
-0.001169
0.000803
-0.000841
0.001789
-0.000347
0.001789
-0.001827
0.00031
-0.002155
0.003268
0.000803
0.000146
0.001789
-0.000512
0.000146
0.000803
0.000146
-0.000183
-0.000183
-0.000183
-0.000347
0.000146
-1.9e-05
-0.000183
0.000146
-0.000347
-0.000183
-0.000512
-0.000676
0.002611
-0.001005
-1.9e-05
-0.003963
0.002118
-0.000841
-0.002977
-0.001334
0.00146
0.000146
-0.000676
-1.9e-05
-0.000347
0.000474
0.002118
-0.001334
-0.000676
-0.000347
-0.000183
-0.000183
-1.9e-05
-0.000512
-1.9e-05
0.00031
-1.9e-05
-0.000183
-0.000183
-0.000512
-0.000183
-0.000347
-0.000512
-0.001827
-0.000347
0.001625
-0.002648
-0.001334
0.001789
-0.000512
0.000967
0.000474
0.001296
0.000474
0.003104
-0.000347
0.001132
0.002282
0.000146
0.000967
0.001132
0.000967
0.001296
0.001954
-0.000512
0.002447
0.000639
0.001625
-0.001498
0.00031
-1.9e-05
-0.001498
0.001954
-0.005607
0.001625
-0.000183
0.001296
-0.001005
0.000146
-0.001005
0.00031
-0.000841
-1.9e-05
-0.000183
-0.000183
0.000146
0.000803
-0.000512
0.004912
-0.000841
-0.000183
-0.000183
-0.000183
0.00031
-0.001005
0.000803
-0.000347
-0.000347
-1.9e-05
-0.000676
-0.001991
-0.002977
0.00031
0.000967
-0.000183
0.004255
-1.9e-05
0.002611
0.003433
0.00031
0.000803
-0.001662
0.000639
-0.001662
-0.001005
-0.003963
-0.000347
-0.004292
-0.001334
0.000803
0.004748
-0.001827
-0.000841
-0.002155
-1.9e-05
0.00031
0.00146
0.001296
0.000639
0.001625
0.000803
-0.00347
-0.002977
-1.9e-05
-0.001991
-0.001334
-0.001498
-0.004128
-0.001005
-0.002484
0.001132
-0.000676
-0.005114
-0.00232
0.000967
-0.00347
-0.000512
0.000474
-0.002484
-0.000841
-0.000183
-0.00232
-0.000676
-0.001827
-0.003635
-0.000512
0.00031
0.002282
0.000803
0.000639
0.000474
0.001625
-0.000183
0.000146
-0.001498
-0.001662
-0.005607
-0.001005
-0.009058
-0.001334
0.00031
-1.9e-05
0.000146
0.000474
0.000146
-0.000183
-0.000183
-0.000183
-0.000347
0.000146
-1.9e-05
-0.000347
-1.9e-05
-0.000512
-0.000347
-1.9e-05
-0.000512
-0.000347
-1.9e-05
-1.9e-05
-1.9e-05
-1.9e-05
-0.000183
-0.000512
-0.000347
-0.000347
-0.000183
-0.000183
-0.000347
-0.000183
-0.000183
-0.000347
-1.9e-05
-1.9e-05
-0.000183
-0.000183
-0.000183
-0.000347
-0.000183
-0.000347
-1.9e-05
-0.000183
-1.9e-05
-1.9e-05
-1.9e-05
-0.000183
-0.000347
-0.000347
-0.000183
-0.000512
-0.000347
-0.000183
-0.000183
-1.9e-05
0.000146
-1.9e-05
-1.9e-05
-1.9e-05
-0.000347
-0.000347
-0.000347
-0.000183
-0.000183
-0.000183
-0.000183
-0.000183
-1.9e-05
0.000146
-0.000347
-0.000512
-0.000183
-0.000183
-0.000183
-0.000347
-0.000183
-1.9e-05
-0.000183
-1.9e-05
-0.000183
-0.000347
-0.000183
-0.000347
-0.000347
-0.000676
-0.000183
-0.000183
-0.000347
-0.000183
-0.000183
-0.000183
-0.000347
-0.000347
-0.000512
-0.000347
-0.000512
-0.000183
-0.000183
0.000146
-0.000183
-0.000183
-0.000183
-0.000347
-0.000347
-0.000347
-0.000347
-1.9e-05
-1.9e-05
-0.000347
-1.9e-05
-1.9e-05
-1.9e-05
-1.9e-05
-0.000183
-0.000347
-1.9e-05
-0.000347
-0.000347
-0.000183
-0.000183
-1.9e-05
0.000146
-1.9e-05
-0.000183
-0.000183
-0.000183
-0.000347
-1.9e-05
-0.000183
-0.000183
-0.000183
-1.9e-05
-0.000183
-0.000183
-0.000183
-0.000347
-0.000183
-0.000183
-0.000347
-0.000183
-1.9e-05
-0.000183
-0.000183
-1.9e-05
-0.000183
-1.9e-05
-0.000183
-0.000183
-0.000183
-0.000183
-0.000512
-0.000183
-0.000347
-0.000183
-1.9e-05
0.000146
-1.9e-05
-0.000183
-0.000183
-0.000512
-0.000347
-0.000512
-1.9e-05
-0.000183
0.000146
-0.000183
0.000146
-0.000183
-0.000347
-0.000347
-0.000347
-0.000512
-0.000512
-0.000347
-0.000183
-0.000183
-0.000183
-0.000183
-0.000183
-0.000183
-0.000183
-0.000347
-0.000183
-0.000183
-0.000347
-0.000347
-0.000183
-0.000183
-1.9e-05
-0.000347
-0.000183
-0.000183
-0.000183
-0.000512
-1.9e-05
-0.000183
-0.000183
-1.9e-05
-1.9e-05
-0.000183
-0.000183
-1.9e-05
-0.000347
-0.000347
-0.000512
-0.000183
-0.000347
-0.000183
-1.9e-05
-0.000183
-1.9e-05
-0.000183
-0.000347
-0.000183
-0.000347
-0.000347
-0.000512
-0.000183
-0.000347
-1.9e-05
-1.9e-05
-0.000183
-1.9e-05
-0.000512
-0.000347
-0.000183
-0.000183
-0.000183
-0.000183
-0.000347
-1.9e-05
-0.000183
-0.000183
-0.000183
-0.000183
-0.000347
-0.000347
-0.000347
-0.000512
-0.000183
-0.000347
-0.000183
-0.000183
-1.9e-05
-1.9e-05
-1.9e-05
-0.000347
-0.000183
-0.000183
-0.000676
-0.000183
-0.000183
-0.000183
-0.000347
-1.9e-05
-0.000183
-0.000183
-0.000347
-1.9e-05
-0.000347
-0.000347
-0.000347
-0.000347
-0.000183
-1.9e-05
-1.9e-05
-0.000183
-1.9e-05
-0.000512
-0.000183
-0.000347
0.000146
-0.000347
-1.9e-05
-0.000347
-1.9e-05
-0.000183
0.000146
-0.000347
-0.000183
-0.000512
-0.000347
-0.000676
-0.000347
-0.000183
-0.000183
-0.000183
-0.000183
-1.9e-05
-0.000183
-0.000183
-0.000183
-0.000183
-0.000676
-0.000347
-0.000183
-1.9e-05
-1.9e-05
-1.9e-05
-1.9e-05
-0.000347
-1.9e-05
-0.000347
-0.000347
-0.000347
-0.000347
-0.000183
-0.000183
-0.000183
-0.000183
-1.9e-05
-0.000183
-0.000347
-0.000347
-0.000512
-0.000183
-0.000347
-0.000347
-0.000183
0.000146
-0.000183
-1.9e-05
-1.9e-05
-0.000512
-0.000183
-0.000183
-0.000512
-0.000347
-0.000183
-0.000183
-0.000183
-0.000183
-0.000183
-0.000183
-0.000347
-0.000347
-0.000347
-0.000512
-0.000512
-0.000183
-1.9e-05
-1.9e-05
0.000146
-1.9e-05
-0.000183
-0.000183
-0.000347
-0.000512
-0.000183
-0.000347
-0.000183
-1.9e-05
-1.9e-05
-0.000347
0.001132
0.00031
0.000474
-0.000183
0.000146
0.005241
0.008692
0.005734
0.008363
0.012965
0.015595
0.021183
0.024964
0.029566
0.032195
0.038276
0.041564
0.051589
0.04896
0.051425
0.054219
0.055863
0.060793
0.057177
0.061286
0.061615
0.062273
0.064574
0.067532
0.055698
0.057177
0.019047
0.008692
0.013952
0.02069
0.019375
0.02332
0.021348
0.018718
0.023649
0.01954
0.019375
0.020526
0.016746
0.018225
0.019704
0.017732
0.018225
0.017896
0.01691
0.017896
0.013459
0.009843
0.007213
0.006062
0.007213
-1.9e-05
0.00294
0.001625
0.000967
0.002447
-0.000841
0.001132
-1.9e-05
-0.000183
-0.001005
0.001954
0.000639
0.001625
0.001132
0.001789
0.005076
-0.000347
0.001789
0.002447
0.001132
0.000639
0.001789
-0.002648
0.001132
0.000146
-1.9e-05
0.00031
0.000639
0.001132
0.00146
0.001625
0.000639
0.00146
-0.000676
0.000474
-0.000347
0.000474
0.000639
-0.001662
-1.9e-05
-0.000841
-0.001169
0.001132
-0.001662
-1.9e-05
0.001132
0.000803
0.000639
0.000146
0.000803
0.000146
0.000474
-0.000183
0.000146
-1.9e-05
0.000967
0.000146
0.000474
-0.000676
0.000146
-1.9e-05
0.000474
0.000146
0.000474
0.000639
-0.000512
-0.001169
-1.9e-05
-1.9e-05
-0.000676
-0.000183
-0.001827
0.000639
-0.000183
0.000146
-0.001005
0.00031
-0.000347
0.000146
-1.9e-05
0.000474
0.000474
0.000967
0.00031
-0.000183
0.000146
0.00031
0.00031
-0.000347
-1.9e-05
-0.000512
-1.9e-05
-0.000512
-1.9e-05
-1.9e-05
0.000146
-1.9e-05
0.000146
-0.000347
0.000474
-0.000183
-0.000183
-0.000183
-0.000183
-0.000512
-1.9e-05
-1.9e-05
-1.9e-05
-0.000183
-0.000183
-1.9e-05
-0.000183
-0.000183
-0.000183
-0.000512
-0.000183
-0.000347
-0.000183
-1.9e-05
-0.000183
-0.000183
-0.000183
-0.000347
-0.000183
-0.000347
-0.000183
-0.000183
-0.000347
-0.000183
-1.9e-05
0.000146
-1.9e-05
-0.000183
-0.000347
-0.000183
-0.000183
-0.000183
-0.000347
0.00031
-1.9e-05
0.000146
-1.9e-05
0.000146
-0.000183
-1.9e-05
-0.000183
-0.000347
-0.000512
-0.000676
-0.000347
-1.9e-05
-1.9e-05
-1.9e-05
-1.9e-05
-1.9e-05
-0.000183
-0.000183
-0.000347
-0.000183
-1.9e-05
-0.000347
-0.000183
-0.000183
-0.000183
-1.9e-05
0.000146
-1.9e-05
-0.000183
-0.000347
-0.000347
-0.000183
-0.000183
-0.000183
-1.9e-05
-1.9e-05
-1.9e-05
-1.9e-05
-0.000347
-0.000347
-0.000183
-0.000347
-0.000841
-0.000676
0.000146
-0.000183
0.00031
0.000146
-1.9e-05
0.00031
0.00031
-1.9e-05
-0.000512
-0.000512
-1.9e-05
-0.000512
-0.000347
-1.9e-05
-0.000183
-0.000183
0.000146
-1.9e-05
-0.000347
-0.000183
-0.000512
0.000146
-0.000183
-0.000183
-0.000183
-0.000183
-0.000512
0.000146
-0.000183
-0.000347
-0.000183
-0.000347
-1.9e-05
-1.9e-05
-1.9e-05
-0.000183
0.000146
-1.9e-05
-1.9e-05
-0.000347
-1.9e-05
-0.000347
-0.000347
-0.000183
-0.000347
-0.000183
-0.000183
0.000146
-0.000183
-0.000183
-0.000347
-0.000183
-0.000183
-0.000347
-0.000183
-0.000347
-0.000183
-0.000183
-1.9e-05
-1.9e-05
-0.000183
-0.000347
-0.000183
-0.000347
-0.000183
-0.000183
-0.000183
-0.000347
-0.000183
-1.9e-05
-1.9e-05
-0.000183
-1.9e-05
-0.000183
-0.000512
-0.000183
-0.000347
-0.000183
-0.000183
-0.000183
-0.000183
-0.000183
-0.000347
-0.000183
-0.000183
-0.000512
-0.000347
-0.000347
-0.000183
-1.9e-05
-1.9e-05
-1.9e-05
0.000146
-0.000183
-0.000183
-0.000347
-0.000183
-0.000183
-0.000347
-0.000183
-1.9e-05
-0.000347
-0.000183
-1.9e-05
-1.9e-05
-0.000347
-1.9e-05
-0.000347
-0.000512
-0.000347
-1.9e-05
-0.000183
-0.000347
-1.9e-05
-1.9e-05
-0.000183
-0.000183
-0.000512
-0.000347
-0.000183
-0.000183
-0.000183
-0.000183
0.00031
-0.000183
-1.9e-05
-1.9e-05
-0.000676
-0.000512
-0.000512
-0.000183
-0.000512
-1.9e-05
-1.9e-05
0.000146
-0.000183
-0.000347
-1.9e-05
-0.000183
-0.000512
-0.000347
-0.000347
-0.000347
-1.9e-05
-1.9e-05
-0.000183
-1.9e-05
-0.000183
-0.000183
-0.000347
-0.000512
-0.000347
-0.000347
-1.9e-05
-0.000347
-0.000183
-0.000183
0.000146
-1.9e-05
-0.000183
-0.000183
-0.000183
-0.000183
-0.000347
-0.000347
-0.000347
-1.9e-05
-0.000347
-1.9e-05
-0.000183
-0.000347
-0.000512
-0.000512
-0.000183
-0.000347
-0.000183
-1.9e-05
-0.000183
-0.000183
-1.9e-05
-0.000183
-0.000183
-0.000183
-0.000183
-0.000347
-0.000347
-1.9e-05
-0.000183
-0.000183
-0.000183
-1.9e-05
-1.9e-05
-0.000183
-0.000183
-0.000347
-0.000347
-0.000347
-0.000183
-0.000183
-0.000347
-0.000183
-1.9e-05
-1.9e-05
-0.000183
-0.000512
-0.000512
-0.000183
-0.000512
-0.000347
-0.000183
-1.9e-05
-0.000347
-0.000183
-0.000183
-0.000183
-0.000183
-0.000183
-0.000183
-0.000183
-0.000347
-1.9e-05
-0.000512
-0.000183
-0.000183
-0.000183
-1.9e-05
-1.9e-05
-0.000347
-0.000183
-0.000347
-0.000183
-1.9e-05
-1.9e-05
-0.000183
-0.000183
0.000146
-1.9e-05
-0.000347
-0.000183
-0.000347
-0.000183
-0.000347
-0.000347
-1.9e-05
-1.9e-05
-1.9e-05
-0.000183
-1.9e-05
-0.000183
-0.000183
-0.000183
-0.000183
-0.000183
-0.000183
-0.000183
-0.000183
-0.000183
-0.000183
-1.9e-05
-0.000183
-0.000347
-0.000347
-0.000347
-0.000183
-0.000183
-0.000347
-0.000183
-1.9e-05
-1.9e-05
-0.000347
-0.000183
-0.000512
-0.000183
-0.000512
-0.000841
-1.9e-05
-0.000347
0.000146
-0.000183
-1.9e-05
-0.000183
-1.9e-05
-0.000347
-0.000183
-0.000347
0.000474
-0.000183
-0.000347
-0.000183
-1.9e-05
-0.000183
-0.000347
-0.000183
-0.000347
-0.000183
-0.000183
-0.000183
-0.000347
0.000146
-0.000183
0.000146
-0.000183
-1.9e-05
-0.000183
-0.000347
-0.000512
-0.000183
-0.000512
-0.000183
-0.000183
-1.9e-05
-1.9e-05
-0.000183
-1.9e-05
-0.000183
-1.9e-05
-0.000183
-0.000347
-0.000347
-0.000183
-0.000183
-0.000183
0.000146
-1.9e-05
-0.000183
-0.000183
0.000146
-0.000347
-0.000347
-0.000183
-0.000183
-0.000183
-0.000183
-0.000183
-1.9e-05
-1.9e-05
-1.9e-05
-0.000347
-0.000347
-0.000512
-0.000183
-0.000183
-0.000183
-0.000183
-1.9e-05
-0.000183
-0.000183
-0.000183
-0.000347
-0.000183
-0.000183
-0.000347
-0.000347
-1.9e-05
-0.000183
-1.9e-05
-0.000183
-1.9e-05
-1.9e-05
-0.000512
-0.000183
-0.000512
-0.000512
-1.9e-05
-0.000183
-1.9e-05
-0.000183
-0.000183
-1.9e-05
-0.000347
-0.000183
-0.000512
-0.000183
-0.000347
-0.000183
-1.9e-05
-0.000183
-0.000183
-1.9e-05
-1.9e-05
-0.000183
-0.000347
-0.000347
-0.000183
-0.000347
-0.000347
-1.9e-05
-0.000183
-1.9e-05
-0.000183
-1.9e-05
0.000146
-0.000183
-0.000347
-0.000183
-0.000512
-0.000183
-0.000183
-0.000183
-0.000183
-1.9e-05
-1.9e-05
-1.9e-05
-0.000183
-0.000183
-0.000183
-0.000676
-0.000347
-0.000183
0.00031
-0.000183
-0.000183
-1.9e-05
-0.000347
-0.000347
-0.000183
-1.9e-05
-0.000347
-0.000183
-0.000183
-0.000183
0.000146
-1.9e-05
-0.000183
-1.9e-05
-0.000183
-0.000183
-0.000512
-0.000183
0.000146
0.000803
-0.000183
0.000639
0.000474
-0.000183
-0.000183
-1.9e-05
-1.9e-05
-0.000183
-0.000347
-0.000512
-0.000183
-0.000183
-1.9e-05
0.000146
-1.9e-05
-1.9e-05
-0.000183
-0.000347
-0.000183
-0.000183
-0.000347
0.000146
-0.000183
-0.000183
-1.9e-05
-1.9e-05
-1.9e-05
-1.9e-05
-0.000347
-0.000347
-0.000347
-0.000512
-0.000183
-0.000183
0.000146
-0.000183
-1.9e-05
-0.000183
-0.000183
-1.9e-05
-0.000676
-0.000347
-0.000183
-0.000183
-1.9e-05
-1.9e-05
-1.9e-05
-0.000183
-0.000347
-0.000183
-0.000347
-0.000347
-0.000347
-0.000347
-0.000183
-0.000183
-0.000183
-0.000347
0.000146
0.000146
-0.000347
-0.000347
-0.000183
-0.000512
-0.000347
-0.000183
-0.000183
-1.9e-05
-0.000183
-1.9e-05
-0.000183
-0.000347
-0.000183
-0.000183
-0.000183
-0.000183
-0.000183
-1.9e-05
-0.000347
-0.000183
-0.000183
-0.000183
-0.000347
-0.000512
-0.000512
-0.000347
-0.000347
-0.000183
-0.000183
-0.000347
-1.9e-05
-1.9e-05
-1.9e-05
-0.000183
-0.000512
-0.000347
-0.000347
-0.000347
-1.9e-05
-1.9e-05
-0.000183
-1.9e-05
-1.9e-05
-0.000183
-0.000183
-0.000347
-0.000347
-0.000347
-0.000183
-0.000183
-0.000183
-1.9e-05
-0.000183
-1.9e-05
-0.000183
-0.000183
-0.000347
-0.000347
-0.000347
-0.000512
-0.000183
-0.000183
-0.000183
-0.000183
0.000146
-0.000183
-0.000347
-0.000183
-0.000347
0.000639
0.000146
-0.000183
-0.000183
-0.000183
-1.9e-05
-0.000183
0.000803
-0.000676
0.000474
-0.000347
-0.000183
0.00146
-1.9e-05
0.000146
0.00031
0.000146
0.000474
0.000146
-0.000183
-0.000183
-0.000183
-1.9e-05
-0.000512
-1.9e-05
-1.9e-05
-0.000347
-0.000183
-1.9e-05
-0.000183
-0.000347
-0.000347
-0.000183
-0.000347
-0.000512
-0.000347
-1.9e-05
-1.9e-05
-1.9e-05
-0.000183
-0.000183
-0.000183
-0.000347
-1.9e-05
-0.000347
-1.9e-05
-0.000347
-0.000183
-0.000183
0.00031
0.000967
0.000803
0.00146
0.002282
0.001789
-0.000512
-0.000841
-1.9e-05
-1.9e-05
-0.000183
-1.9e-05
-0.000183
-1.9e-05
-0.000347
-1.9e-05
-0.000183
-0.000183
-0.001334
-0.000183
-1.9e-05
-0.000512
0.001132
0.003597
0.00146
0.000967
0.001132
-0.000676
0.000474
0.001132
-0.001662
-0.000183
-1.9e-05
0.000474
-1.9e-05
-1.9e-05
-0.000183
-0.000347
-0.000183
-0.000347
-0.000512
-0.000512
-0.000347
-1.9e-05
-1.9e-05
0.000146
-1.9e-05
-0.000183
-0.000347
-0.000347
-0.000347
-0.000183
-0.000183
-0.000183
-1.9e-05
-1.9e-05
-0.000183
-0.000183
-0.000183
-0.000512
-0.000347
-0.000183
-0.000347
-0.000347
-0.000347
-0.000183
-0.000183
-0.000183
-0.000183
-0.000183
-0.000347
-0.000512
-0.000512
-0.000512
-0.000347
-1.9e-05
-1.9e-05
-0.000183
-1.9e-05
-0.000183
-0.000183
-0.000183
-0.000347
-0.000512
-0.000676
-1.9e-05
-1.9e-05
-0.000183
-0.000183
-0.000183
-1.9e-05
-0.000183
-0.000512
-0.000512
-0.000347
-0.000347
-0.000183
-0.000347
-0.000183
-1.9e-05
-1.9e-05
-0.000183
-0.000183
-0.000183
-0.000347
-0.000347
-0.000512
-0.000347
-0.000183
-0.000183
-1.9e-05
-1.9e-05
-0.000183
-1.9e-05
-0.000183
-0.000347
-0.000183
-0.000183
-1.9e-05
-0.000183
-1.9e-05
-1.9e-05
-1.9e-05
-0.000183
-1.9e-05
-0.000347
-0.000183
-0.000347
-0.000512
-0.000183
-0.000183
-1.9e-05
-0.000183
-1.9e-05
0.000146
0.00031
0.000146
-0.000183
-1.9e-05
0.000474
-0.001169
0.000474
-0.000183
0.00031
0.000474
0.00031
-0.000676
-0.000512
-0.000183
-0.000183
-0.000347
-0.000183
-0.000183
-0.000183
-0.000183
-0.000183
0.001132
-0.000841
0.001789
0.001132
0.000639
0.001132
-0.002155
0.001296
0.000639
-0.000183
-0.000183
0.000146
-1.9e-05
-0.000183
-0.000347
-0.000183
-0.000347
-0.000183
-0.000183
-0.000183
-1.9e-05
-0.000183
-1.9e-05
0.00031
0.00031
-0.000512
0.000474
-0.000183
-0.000183
-0.000347
-0.000183
-0.000183
-0.000183
-0.000347
0.000803
0.00146
0.00146
0.002447
0.002447
0.005569
0.004748
-0.000183
-0.000183
-1.9e-05
0.000146
-0.000183
-0.000183
-1.9e-05
-0.000347
-0.000183
-0.000512
0.002447
0.00935
0.013787
0.014938
0.018554
0.010336
0.006062
0.002447
0.004912
0.008528
-0.000183
0.000803
0.008857
0.008692
0.008528
0.001789
0.009021
0.009514
0.012308
0.013294
0.009678
0.006062
0.007542
0.006391
0.006062
0.00031
-1.9e-05
0.002611
0.000146
-0.001498
0.00146
-0.001827
-0.000512
0.000803
0.000146
0.000146
0.000146
0.002447
0.001789
0.001954
0.003597
0.002447
0.002611
-0.021221
0.001296
0.00031
0.000474
0.000803
0.00031
0.00031
-1.9e-05
-0.000512
-1.9e-05
-0.000183
-1.9e-05
-1.9e-05
0.000146
-1.9e-05
0.000146
-0.000512
0.001625
-0.001005
-0.000347
-0.000512
0.000639
0.001132
0.002118
-0.000183
0.000146
-0.000183
-0.000183
-0.000183
-0.000347
-0.000183
-0.000183
-0.000347
-0.000512
-0.000347
-1.9e-05
0.000146
-0.000183
-0.000183
-0.000183
-0.000183
-0.000347
-0.000512
-0.000183
-0.000183
-0.000183
-1.9e-05
-0.000183
-0.000347
-1.9e-05
0.000146
-0.000347
-0.000347
-1.9e-05
-0.000347
-0.000347
-1.9e-05
-1.9e-05
-0.000183
-1.9e-05
-1.9e-05
-1.9e-05
-0.000183
-0.000512
-1.9e-05
-0.000512
-0.000512
-0.000183
-0.000183
-1.9e-05
-0.000183
0.000146
-1.9e-05
-0.000347
-0.000512
-0.000183
-0.000183
-0.000183
-0.000347
-1.9e-05
-0.000183
-1.9e-05
-1.9e-05
-1.9e-05
-0.000183
-0.000183
-0.000347
-0.000347
-0.000183
-0.000183
-0.000347
0.000146
0.000146
-1.9e-05
-0.000183
-1.9e-05
-0.000347
-0.000347
-0.000347
-0.000512
-0.000347
-1.9e-05
-1.9e-05
-0.000183
-1.9e-05
-0.000183
-0.000183
-0.000347
-0.000347
-0.000183
-0.000347
-0.000347
-1.9e-05
-0.000183
-0.000183
-0.000183
-0.000347
-0.000183
0.000146
-0.000347
-0.000512
-0.000183
-0.000183
-1.9e-05
-0.000183
-0.000183
-0.000183
-0.000183
-0.000183
-0.000512
-0.000347
-0.000183
-0.000347
-0.000347
-1.9e-05
-1.9e-05
-0.000183
-1.9e-05
-1.9e-05
-0.000183
-0.000347
-0.000347
-0.000512
-1.9e-05
-0.001169
0.00031
-0.000347
-1.9e-05
-0.000183
0.000146
-0.000183
-0.000347
-0.000347
-0.000183
-0.000347
-0.000183
-1.9e-05
-0.000183
-0.000183
-0.000183
-0.000183
-0.000183
-0.000347
-0.000183
-0.000183
-0.000347
-1.9e-05
-0.000183
-0.000183
-1.9e-05
-0.000347
0.000146
-0.000183
-0.000183
-0.000183
-0.000347
-0.000183
-0.000183
-1.9e-05
-0.000183
-1.9e-05
-1.9e-05
-0.000183
-1.9e-05
-0.000183
-0.000676
-0.000183
-0.000183
-0.000347
-0.000183
-0.000183
-0.000183
-0.000183
-1.9e-05
-1.9e-05
-0.000347
-0.000183
-0.000183
-0.000347
-0.000347
-0.000183
-1.9e-05
-0.000183
-1.9e-05
-1.9e-05
-0.000183
-0.000183
-0.000512
-0.000347
-0.000347
-0.000183
-1.9e-05
-0.000347
-1.9e-05
-0.000347
0.003268
0.007213
0.010336
0.009185
0.008035
0.008035
0.008857
0.009021
0.010664
0.016088
0.018061
0.023649
0.026443
0.029237
0.032031
0.031702
0.035482
0.037783
0.03992
0.03351
0.038605
0.010336
0.002447
0.007213
0.01428
0.015266
0.021019
0.021676
0.022334
0.025785
0.02973
0.024306
0.014445
0.015266
0.021019
0.023156
0.017896
0.025621
-0.000841
0.008035
0.01313
0.015102
0.022334
0.029237
0.035318
0.041235
0.049288
0.052575
0.052247
0.04255
0.048467
0.050439
0.053726
0.052247
0.057671
0.058657
0.061122
0.068354
0.069504
0.074435
0.079201
0.081338
0.086433
0.08857
0.091199
0.0935
0.095144
0.091199
0.094651
0.098267
0.095308
0.104512
0.09991
0.103526
0.108786
0.107635
0.109114
0.110265
0.110429
0.110429
0.11158
0.11158
0.112237
0.103526
0.09235
0.087255
0.084132
0.082982
0.084132
0.082324
0.079201
0.054712
0.028086
0.034168
0.040742
0.026114
0.028908
0.03614
0.03236
0.038605
0.039263
0.029072
-0.000676
0.009185
0.001954
-1.9e-05
0.001132
0.001132
-0.000183
0.002775
0.007049
0.012472
0.021183
0.027429
0.033674
0.037948
0.044851
0.048302
0.054383
0.056684
0.060793
0.062601
0.067696
0.073284
0.073942
0.077558
0.082982
0.084132
0.083968
0.088077
0.08709
0.086762
0.090213
0.081667
0.085447
0.072791
0.074764
0.076572
0.069833
0.067532
0.05389
0.060629
0.064409
0.069669
0.025457
0.033674
0.042385
0.047645
0.055698
0.058328
0.063094
0.064902
0.068847
0.042878
0.014445
0.021841
0.029566
-0.001005
0.013952
0.021348
0.026114
0.033346
0.03729
0.029894
0.035318
0.01313
0.004912
0.005405
0.002611
0.005405
0.001954
0.004912
-0.000512
-0.000347
-0.000183
-0.002648
-0.000347
-0.000183
-0.000183
-1.9e-05
-1.9e-05
-0.000183
0.00031
-0.000183
-0.000183
-0.000183
0.000146
-1.9e-05
-0.000183
-0.000183
-0.000347
-0.000347
-0.000347
-1.9e-05
-0.000347
-0.000183
-1.9e-05
-0.000183
-0.000183
-1.9e-05
-0.000183
-0.000183
-0.000512
-0.000183
-0.000676
-0.000183
-0.000347
-0.000183
-0.000347
-1.9e-05
-1.9e-05
-0.000347
-0.000183
-0.000183
-0.000347
-0.000347
-1.9e-05
0.003597
0.005569
0.003433
0.006227
0.005241
0.004912
0.00031
0.000146
-1.9e-05
0.00031
-0.000183
-1.9e-05
-0.000183
-1.9e-05
-1.9e-05
0.000146
0.000146
-0.000347
-1.9e-05
-0.000347
0.000146
-0.000347
-0.000183
-0.000183
-1.9e-05
-0.000347
-1.9e-05
-0.000183
-0.000183
-0.000347
-1.9e-05
-0.000183
-0.000347
-1.9e-05
-1.9e-05
-1.9e-05
-1.9e-05
-1.9e-05
-0.000347
-0.000183
-0.000183
-0.000347
-0.000347
-0.000347
-1.9e-05
-0.000183
0.000146
-0.000183
0.000146
-0.000183
-0.000183
-0.000512
-0.000183
-0.000347
-0.000183
-0.000183
-0.000347
-1.9e-05
-1.9e-05
-1.9e-05
-1.9e-05
-0.000183
-0.000183
-0.000183
-0.000512
-0.000183
-0.000183
-0.000183
-1.9e-05
-0.000183
-1.9e-05
-0.000183
-1.9e-05
-0.000347
-0.000347
-0.000512
-0.000512
-0.000183
-0.000183
-0.000183
-0.000183
-1.9e-05
-0.000183
-0.000183
-0.000183
-0.000183
-0.000347
-0.000512
-1.9e-05
-0.000183
-0.000183
-0.000347
-1.9e-05
-0.000183
-0.000183
-0.000183
-0.000347
-0.000512
-0.000347
-0.000183
-0.000183
-0.000183
-1.9e-05
0.000146
-1.9e-05
-0.000183
-0.000347
-0.000347
-0.000512
-0.000676
-0.000183
-0.000183
-0.000183
-0.000183
-0.000183
-0.000347
-0.000183
-0.000347
-0.000512
-0.000347
-0.000347
-0.000183
-1.9e-05
-0.000183
-0.000183
-1.9e-05
-0.000347
-0.000183
-0.000347
-0.000347
-0.000512
-0.000347
-0.000183
-0.000347
-0.000183
-1.9e-05
-0.000183
-0.000183
-0.000183
-0.000183
-0.000347
-0.000512
-0.000183
-1.9e-05
-0.000347
-0.000183
-0.000183
-1.9e-05
-0.000347
-0.000183
-0.000347
-0.000183
-0.000183
-0.000183
-0.000183
-0.000183
-0.000183
-1.9e-05
-1.9e-05
-1.9e-05
-0.000347
-0.000183
-0.000347
-0.000183
-0.000347
-1.9e-05
-0.000183
-1.9e-05
-0.000183
-1.9e-05
-1.9e-05
-0.000183
-0.000183
-0.000512
-0.000347
-0.000183
-0.000347
0.000146
-0.000183
-0.000183
-0.000347
-0.000183
-0.000183
-0.000347
-0.000347
-0.000347

Kurve 3

-0.000347
-0.000183
-0.000183
-1.9e-05
-1.9e-05
-1.9e-05
-1.9e-05
-0.000183
-0.000183
-0.000347
-0.000183
-0.000347
-0.000347
-1.9e-05
-1.9e-05
-0.000347
-1.9e-05
-0.000183
-0.000183
-0.000347
-0.000347
-0.000183
-0.000512
-0.000183
-0.000183
-1.9e-05
-1.9e-05
0.000146
-1.9e-05
-0.000183
-0.000347
-0.000512
-0.000512
-0.000347
-0.000347
-0.000183
-1.9e-05
-0.000183
-0.000183
-0.000183
-1.9e-05
-0.000183
-1.9e-05
-0.000347
-0.000512
-0.000347
-0.000183
-1.9e-05
-1.9e-05
-0.000183
-0.000183
-1.9e-05
-0.000347
-0.000347
-0.000347
-0.000347
-0.000183
-0.000183
-0.000183
-1.9e-05
-1.9e-05
0.000146
0.000146
-0.000183
-0.000347
-0.000347
-0.000347
-0.000512
-0.000183
-1.9e-05
-0.000183
-0.000183
-1.9e-05
-0.000183
-1.9e-05
-0.000676
-1.9e-05
-0.000841
0.000146
-1.9e-05
0.000474
0.00031
-0.001498
-0.000512
-0.000676
0.004748
0.000146
-0.000347
0.000639
0.000474
-0.002484
-0.001498
-0.001005
-0.000183
0.000967
-0.001169
0.000474
-0.000183
-0.000183
-0.000512
-0.000347
-0.000347
0.000146
-0.000676
0.000146
0.000474
-0.002484
-0.000183
-0.000347
-0.001498
0.00031
0.000146
-0.000676
-0.002813
-0.005936
-0.000512
-0.001827
-0.001005
-1.9e-05
0.000639
-0.000183
-0.000183
-0.002155
-0.00232
-0.001005
-0.002813
-0.000512
-0.000347
-0.001662
0.00031
-0.001334
-0.000512
0.000639
-0.000512
0.002447
-0.001498
-0.000347
-0.000183
-0.000676
-0.002813
0.001789
-0.001991
-0.000347
0.001132
-0.001662
-0.001005
-1.9e-05
-0.000512
-0.000512
0.000474
-0.000676
-0.000512
-0.000512
-1.9e-05
-0.000841
0.001132
-0.000512
0.000639
-0.001169
-0.001005
-0.000183
-1.9e-05
-0.000512
-0.000183
-0.000183
-0.000347
0.005241
-0.001498
-1.9e-05
0.000474
0.000146
0.000146
-1.9e-05
-0.000512
-0.000183
-0.000512
-0.000676
-0.001334
0.000146
-0.000183
-0.000183
-1.9e-05
0.000639
-0.000512
-0.001169
-0.000347
-0.000183
-0.000183
-0.001991
0.000146
-0.000512
-0.000347
-0.000183
-1.9e-05
-0.000183
-0.000183
-0.000347
-0.000676
-1.9e-05
-0.001169
-0.000183
-1.9e-05
0.000146
-0.000347
-1.9e-05
-0.000183
-1.9e-05
-0.001334
-0.000841
-1.9e-05
-0.000347
-0.000183
-0.000512
-0.000347
-0.000183
-1.9e-05
-0.000183
-1.9e-05
-0.000347
-1.9e-05
-0.000183
-0.000512
-0.000183
-0.000183
-0.000183
-0.000183
-0.000183
-0.000183
-0.000183
-0.000183
-0.000183
-0.000183
-0.000347
-0.000347
-1.9e-05
-0.000347
-1.9e-05
-1.9e-05
-0.000183
-1.9e-05
-0.000183
-0.000512
-0.000183
-0.000512
-0.000183
-0.000347
-0.000183
-1.9e-05
0.000146
-1.9e-05
-1.9e-05
-0.000183
-0.000347
-0.000347
-0.000512
-0.000183
-0.000183
-0.000347
-1.9e-05
0.000146
-1.9e-05
-1.9e-05
-0.000183
-0.000183
-0.000347
-0.000183
-0.000676
-0.000347
0.000639
-0.000347
-1.9e-05
0.000146
0.000146
-0.000183
-1.9e-05
-0.000183
-0.000841
-0.000347
-1.9e-05
-0.000347
-1.9e-05
-0.000841
0.001296
0.001789
-0.000512
0.001296
-0.000512
-0.000183
-0.000183
0.000639
-0.000512
-0.000183
0.000474
-0.001498
-0.000183
-0.000512
-0.000512
-0.000841
0.000146
-0.000512
-0.000183
-0.000183
0.000146
-0.000347
-1.9e-05
-0.000183
0.000146
-0.000347
-0.000347
-0.000676
-0.000347
-0.000347
-0.000183
0.000146
-1.9e-05
-0.000183
-0.000183
-0.000183
-0.000512
-0.000183
-0.000347
0.000967
0.000146
-0.000347
0.000146
-1.9e-05
-0.000183
-0.000512
-0.000183
-0.000347
-0.000512
-0.000347
-0.000512
-0.000183
-0.000183
-1.9e-05
-1.9e-05
-0.000183
-0.000183
-0.000183
-0.000347
-0.000512
-0.000183
-0.000512
-0.000183
-0.000347
-0.000183
-0.001005
-0.000183
0.000474
-0.000841
-0.000841
-0.000676
0.000146
-0.001498
-0.000183
-1.9e-05
-0.000347
0.000146
0.000639
-0.000347
-0.000183
-0.000183
-0.000347
-1.9e-05
-0.000347
-0.000183
-1.9e-05
-1.9e-05
-0.000183
-0.000347
-1.9e-05
-0.000183
-0.000183
-0.000183
-0.000347
-0.000347
-0.000347
-1.9e-05
-1.9e-05
-1.9e-05
-1.9e-05
-0.000183
-0.000183
-0.000183
-0.000347
-1.9e-05
-0.000183
-1.9e-05
-0.000183
-1.9e-05
-1.9e-05
-1.9e-05
-1.9e-05
-0.000347
-0.000183
-0.000183
-0.000183
-0.000347
-0.000183
-1.9e-05
-0.000183
-1.9e-05
-1.9e-05
-0.000183
-0.000183
-0.000347
-0.000183
-0.000347
-0.000347
-0.000183
-1.9e-05
-0.000183
-0.000183
-0.000183
-1.9e-05
-0.000183
-0.000183
-0.000183
-0.000512
-0.000512
-0.000183
-0.000183
-0.000183
-1.9e-05
0.000146
-0.000183
-1.9e-05
-0.000183
-0.000347
-0.000347
-0.000347
-1.9e-05
-0.000183
-0.000183
-1.9e-05
0.000146
-0.000183
-1.9e-05
-1.9e-05
-0.000183
-0.000347
0.000474
-0.000347
-0.000347
-1.9e-05
-0.000183
-0.000183
-0.000183
-0.000347
-0.000347
-0.000183
-0.000183
-0.000512
-0.000183
-0.000183
-0.000183
-1.9e-05
-1.9e-05
-0.000183
-0.000347
-0.000347
-0.000347
-0.000183
-0.000183
-0.000347
-0.000183
-0.000183
-0.000183
-0.000347
-1.9e-05
-0.000347
-0.000347
-0.000347
-0.000347
-0.000512
-0.000183
-1.9e-05
-0.000183
-0.000183
-0.000347
0.000474
0.000474
-0.000512
-0.000347
0.00031
0.00031
-0.000841
-1.9e-05
-0.000347
-0.000347
0.000474
-1.9e-05
-0.000841
-1.9e-05
-0.000347
-1.9e-05
0.001296
0.000146
0.000146
-0.000183
-0.000676
-0.000183
-0.001169
-0.000676
-0.001334
-0.000841
-0.000183
-0.001662
-1.9e-05
-1.9e-05
-0.000347
-1.9e-05
-1.9e-05
-1.9e-05
-0.000347
-0.000347
-0.000183
-0.000512
-0.000512
-0.000841
-0.000183
-1.9e-05
-0.001169
0.001132
-0.001169
-0.000183
-0.000676
-0.000676
-0.000512
-0.000183
-1.9e-05
-0.000512
-0.000347
0.000146
-0.000183
-0.000347
0.000146
-0.000512
-0.001334
0.000967
0.000803
-0.000183
-0.000183
-0.000183
-0.000183
-0.000183
0.000146
-1.9e-05
-0.000183
-0.000347
-0.000512
-0.000512
-0.000512
-0.000347
-0.000183
-1.9e-05
-0.000347
-0.000183
-0.000183
-0.000183
-0.000347
-0.000347
-0.000183
-0.000347
-0.000183
-0.000183
-1.9e-05
-0.000183
-0.000347
-1.9e-05
-1.9e-05
-0.000347
-0.000347
-0.000512
-0.000183
-1.9e-05
-0.000183
-0.000183
-0.000347
-1.9e-05
-1.9e-05
-0.000347
-0.000347
-0.000183
-0.000183
-0.000347
-0.000512
-0.000183
-0.000183
-1.9e-05
-0.000512
-0.000347
-0.001662
-0.00232
-0.000347
0.000146
0.00146
-0.002155
-0.000183
-0.000512
0.00294
-0.002648
0.00031
-0.000841
-0.000347
0.000967
0.000474
-0.002155
-0.000841
-0.001498
-0.001005
-0.000183
0.000474
0.00031
-0.000676
0.000146
-0.003306
0.000803
-0.001498
-0.001005
-0.000183
-0.000183
-0.000183
0.000146
-0.000183
-0.000183
-0.000183
-0.000183
-0.000347
-0.000183
0.000146
-1.9e-05
-0.000183
-1.9e-05
-1.9e-05
-0.001005
-0.000347
-0.000347
0.001132
-0.000512
-0.003635
-0.003306
-0.000841
-0.001498
-0.001991
-1.9e-05
-0.000347
-1.9e-05
-0.001005
-1.9e-05
0.001625
0.000803
-0.000676
-0.000512
-0.001334
0.004419
-0.000183
0.00031
0.000146
-0.000841
-0.000841
-0.003306
-1.9e-05
-0.00347
-0.00232
-0.002977
-0.003963
-0.002155
0.00031
-0.001662
0.002282
-0.000512
0.003433
-1.9e-05
-0.000347
-0.000347
-0.000183
-1.9e-05
-0.000183
-1.9e-05
-0.000841
-0.000347
-0.000347
0.00146
0.002775
0.000639
-0.000183
0.000639
-0.000676
-0.000347
-0.001005
0.000803
-0.000676
-0.002813
-0.001005
-0.00232
-0.002648
-0.001334
0.000146
-0.003306
-0.000512
-0.000183
-0.000183
-0.000512
-0.000183
0.001296
-1.9e-05
0.00031
0.000146
0.000639
-0.003142
0.000474
-0.002155
-0.000512
-0.001991
-0.002648
-0.002977
-0.000183
-0.001827
-0.000512
-1.9e-05
-0.000183
-0.000512
-0.001169
-0.000676
-0.002484
-0.001662
-0.002648
0.00031
-0.004128
-1.9e-05
-0.001662
-0.002648
-0.004128
-0.003799
-0.003963
-0.002484
-0.002813
-0.00347
-0.005278
-0.001662
-0.002484
-0.005114
-0.006593
-0.006264
-0.0061
-0.008072
-0.007744
-0.005771
-0.004785
-0.001498
0.00294
0.008035
0.008035
0.004583
0.009678
0.008199
0.008692
0.011322
0.009678
0.008199
0.004583
0.004583
0.004912
0.003761
0.003926
0.007542
0.005241
0.007706
0.008363
0.012144
0.012637
0.018225
0.019704
0.021512
0.022663
0.026114
0.033181
0.034989
0.039427
0.043043
0.050932
0.049124
0.048631
0.049617
0.053233
0.051589
0.057506
0.05915
0.061451
0.06556
0.067532
0.072627
0.071312
0.077558
0.07575
0.07838
0.078215
0.081009
0.079366
0.076243
0.073284
0.067039
0.058985
0.051754
0.043207
0.03614
0.025621
0.013294
0.005241
0.003104
0.001296
0.004583
0.00409
0.003104
0.004583
-0.006429
0.000967
0.001132
0.001296
0.003433
0.000146
0.003433
0.002118
0.002118
0.000967
0.002447
-0.001169
0.000474
0.000639
0.002447
0.000146
0.003761
0.001954
0.003268
0.001625
0.000639
0.002118
0.000803
0.002447
0.004255
0.002282
0.000967
0.002447
0.002447
0.005241
0.002447
0.004255
0.002611
0.00409
0.000639
0.002118
0.00146
0.003761
0.001132
0.002447
0.003926
0.000639
0.001789
0.000967
0.004748
0.005241
0.004912
-0.000183
-1.9e-05
-0.000183
-1.9e-05
-0.000512
-0.000183
-0.000347
-0.000183
-0.000347
-0.000183
-0.000183
0.000146
-0.000183
-0.000183
-0.000183
-0.000183
-0.000183
-0.000676
0.000146
0.000146
0.00294
0.002775
0.000967
-0.000841
-0.000183
-1.9e-05
-0.000347
-1.9e-05
-0.000183
-0.000347
-0.000183
-0.000183
-1.9e-05
-0.000183
-1.9e-05
-0.000183
-0.000183
-1.9e-05
-0.000512
-1.9e-05
-0.001169
0.002282
0.006062
0.009843
0.017896
0.022827
0.030387
0.033674
0.041892
0.047973
0.055205
0.057342
0.061944
0.067368
0.069997
0.073449
0.077886
0.082982
0.07953
0.063259
0.061615
0.067368
0.068518
0.061122
0.044686
0.038605
0.001132
0.007377
0.009021
0.010664
0.006391
0.004255
0.007213
0.012308
0.016746
0.02069
0.02595
0.031045
0.037619
0.041564
0.046823
0.050932
0.060629
0.061451
0.067203
0.072298
0.074435
0.079694
0.080023
0.084132
0.068682
0.032524
0.037619
0.036962
0.034168
0.038769
0.041235
0.046823
0.049946
0.047973
0.040084
0.032195
0.026114
0.01576
0.013294
0.011651
0.008199
0.010993
0.005734
0.001789
0.002611
0.000146
0.003761
0.00146
0.002118
0.001789
0.002611
0.002611
0.003104
-0.000183
0.003268
0.000474
-0.000183
0.000146
-1.9e-05
-0.000183
-0.000183
-0.000183
-0.000512
0.000146
-0.000512
0.001132
-0.000183
0.000474
-0.001169
0.002118
0.001296
0.000639
0.000474
0.000474
-0.000347
-0.001991
0.001132
-1.9e-05
-0.000183
0.00146
0.002447
0.002282
0.003926
-1.9e-05
0.00031
-0.000347
0.000146
0.000146
-1.9e-05
-1.9e-05
0.000146
0.001625
-0.000183
-0.000347
-0.000347
-0.000183
-0.000347
-0.000183
-1.9e-05
-1.9e-05
-0.000183
-1.9e-05
-0.000183
-0.000183
-1.9e-05
0.00146
0.009678
0.01313
0.024964
0.025457
0.034661
0.040742
0.042385
0.047809
0.055041
0.057835
0.064574
0.038112
0.001625
0.000639
-1.9e-05
-0.000347
-1.9e-05
-1.9e-05
-1.9e-05
-1.9e-05
-0.000183
0.002611
0.008528
0.016253
0.01954
0.029237
0.031702
0.03992
0.043207
0.045837
0.049946
0.054383
0.059314
0.065724
0.069011
0.073449
0.076572
0.079201
0.083968
0.086269
0.089391
0.089556
0.090871
0.091528
0.093007
0.090542
0.092186
0.087912
0.084625
0.085611
0.081338
0.07953
0.067696
0.041728
0.014609
0.006391
-1.9e-05
0.002447
0.000639
0.001132
0.000803
-0.002648
-0.001005
0.00031
0.000146
-0.000183
-0.000347
-0.000183
-0.000676
-0.000347
0.00031
-1.9e-05
-0.000183
-0.000347
0.001296
-0.000183
-0.000183
-0.000512
-0.000183
-0.000183
-0.000183
-0.000183
0.000146
0.00031
0.000474
-0.001991
0.000803
0.002611
0.001625
0.006391
-0.002648
0.00409
-0.000183
0.000146
-0.000512
0.000146
-0.000512
0.00146
0.00672
0.001625
0.000803
-0.001169
0.002447
0.00672
0.002282
0.006884
-0.001827
0.007377
0.001296
0.002775
0.000146
-0.000347
-0.000347
-0.000512
-0.000183
-1.9e-05
-1.9e-05
-1.9e-05
-0.000347
-1.9e-05
-1.9e-05
-0.000347
-0.000183
0.000474
0.006227
0.005734
0.007213
0.012965
0.012637
0.003761
0.010829
0.011158
0.015431
0.012144
0.00935
0.009843
0.004255
0.009021
0.012144
0.009021
0.014609
0.015595
0.016417
0.010336
0.002611
0.00672
0.005076
0.004912
-0.000512
-0.000183
0.000146
0.003104
0.001132
0.005734
0.005898
0.007542
0.003926
0.004912
0.004748
0.001625
0.001132
-0.000676
-0.000183
0.00031
0.000146
-0.000347
-0.000347
-0.000512
-0.000183
-0.000347
0.001625
-0.001334
0.003761
0.005569
0.004912
0.001132
0.000639
0.000639
-1.9e-05
-0.000347
-0.000183
0.000146
-1.9e-05
-1.9e-05
0.000146
-1.9e-05
-0.000183
-0.000347
-0.000183
-0.000183
-0.000183
-0.000183
-0.000183
-0.000183
-1.9e-05
-1.9e-05
-1.9e-05
-0.000512
-0.000183
-0.000347
-0.000183
-0.000347
-1.9e-05
-1.9e-05
-1.9e-05
-0.000183
-1.9e-05
-0.000183
-1.9e-05
-0.000183
-0.000347
-0.000512
-0.000347
-0.000347
-1.9e-05
-1.9e-05
-1.9e-05
0.000146
-0.000183
-1.9e-05
-0.000841
0.000146
-0.000347
0.00031
-0.000512
0.000146
-0.000183
-1.9e-05
0.00031
-0.001334
-1.9e-05
-0.000183
-0.000512
-0.000183
-1.9e-05
-0.000183
-1.9e-05
-0.000347
0.000146
-0.000183
0.000146
-0.000183
-0.000183
-0.000347
-0.000347
-0.000512
-0.000183
-0.000183
-0.000347
-0.000183
-0.000347
-0.000347
-0.000512
-0.000841
-0.000183
-1.9e-05
-0.000183
-1.9e-05
-0.000183
-1.9e-05
-0.000183
-1.9e-05
-0.000183
-0.000347
-0.000347
-0.000347
-0.000183
-1.9e-05
-0.000347
-0.000183
-1.9e-05
-1.9e-05
-1.9e-05
-1.9e-05
0.000146
-0.000347
-0.000183
-0.000512
-0.000347
-0.000183
-0.000183
-1.9e-05
-1.9e-05
-0.000183
-0.000183
-0.000183
-0.000183
-0.000347
-0.000347
-0.000183
-0.000183
-0.000183
0.000146
-1.9e-05
-1.9e-05
-0.000183
-1.9e-05
-0.000183
-0.000347
-0.000347
-0.000183
-0.000183
-1.9e-05
0.000146
0.000146
-0.000183
-0.000183
-1.9e-05
-0.000347
-0.000183
-0.000183
-0.000512
-1.9e-05
-0.000347
-0.000183
-0.000183
0.000146
-1.9e-05
-0.000347
-1.9e-05
-0.000347
-0.000183
-0.000347
-0.000183
-0.000183
-0.000183
-0.000183
-1.9e-05
0.000146
-0.000347
-1.9e-05
-0.000347
-0.000512
0.000146
-0.000347
-1.9e-05
0.000146
-1.9e-05
-1.9e-05
-0.000183
-0.000183
-0.000347
-0.000512
-0.000183
-0.000347
-0.000183
-1.9e-05
-0.000347
-1.9e-05
-1.9e-05
-1.9e-05
-0.000183
-0.000512
-0.000183
-0.000347
-0.000512
-0.000183
0.000146
0.000146
-1.9e-05
-1.9e-05
-1.9e-05
-1.9e-05
-0.000512
-0.000347
-0.000347
-0.000347
-0.000183
-0.000347
-1.9e-05
-0.000183
-0.000183
-1.9e-05
-0.000183
-0.000183
-0.000183
-0.000183
-0.000347
-0.000183
-0.000183
-1.9e-05
0.000146
-1.9e-05
-1.9e-05
-0.000347
-0.000183
-0.000512
-0.000347
-0.000841
-1.9e-05
-1.9e-05
-0.000183
-1.9e-05
-1.9e-05
-1.9e-05
-0.000183
-0.000183
-0.000183
-0.000183
0.00146
0.000146
-1.9e-05
0.000474
0.000474
-1.9e-05
-0.00232
0.001954
0.00294
0.001789
0.002118
-0.004621
0.001132
0.002611
0.003104
0.002282
0.004583
0.001132
0.001954
0.000474
0.000146
-0.000347
-0.000512
-0.000347
-1.9e-05
-0.000183
-1.9e-05
-1.9e-05
-0.000183
0.000146
-1.9e-05
-0.000183
-0.000183
0.00294
0.000803
0.000803
0.005241
0.004912
0.004255
0.00787
0.009185
0.00409
0.00146
-0.000841
0.005569
0.003597
0.007049
0.001132
0.000803
-0.000512
0.000967
0.00031
0.00146
0.000146
-0.001334
0.000146
-0.001005
-0.000676
-0.000183
0.000474
-0.000183
0.001296
0.000146
-0.000347
-0.000512
-0.000183
-0.000347
-0.000347
-0.000183
0.000146
-1.9e-05
-1.9e-05
-0.000183
-0.000183
-0.000347
-0.000183
-0.000347
-0.000347
-0.000183
0.001132
0.001954
-0.000841
0.009185
0.001132
0.003433
0.012472
0.013294
0.014938
0.009185
0.003104
0.00935
0.001954
0.003104
0.002447
0.001954
0.004419
0.005898
-0.000183
0.00294
0.00409
0.002611
0.002118
0.000803
0.005569
0.000639
0.003104
-0.000841
-1.9e-05
-0.000676
-0.001334
-0.000183
0.000474
0.003104
0.006227
0.005734
0.001132
0.00031
0.000146
-0.000183
0.005076
0.004583
-0.000183
-0.002155
0.007377
0.013294
0.021183
0.028579
0.032688
0.037948
0.047809
0.049946
0.049781
0.031209
0.000146
0.00031
0.004419
0.002775
0.006062
0.002775
-1.9e-05
-0.000347
-0.000183
0.000639
0.00031
0.001789
0.005241
0.013952
0.006884
0.010993
0.004255
0.00294
-1.9e-05
-0.000183
0.004912
0.009021
0.014445
0.01313
0.0105
0.009678
0.011158
0.002447
-0.000183
0.000474
0.001954
0.001789
-1.9e-05
0.000803
0.00146
0.002611
0.007706
0.015595
0.000803
0.000474
0.005569
0.013459
0.019704
0.014773
0.008363
0.005076
0.003597
-0.001498
0.000639
0.001132
0.002282
0.004255
0.009843
0.007377
0.00409
0.010007
0.013623
0.01954
0.025785
0.029072
0.035318
0.038276
0.045672
0.049617
0.051754
0.035482
0.015924
0.003104
0.000639
0.003597
0.002775
0.003761
0.002447
0.007377
0.004583
0.00672
0.008857
0.015595
0.021183
0.024799
0.021841
0.030223
0.034168
0.030716
0.034168
0.038769
0.044522
0.040906
0.039427
0.026607
0.012801
0.009185
0.009514
0.008692
0.008692
0.007706
0.001954
0.002611
0.007049
0.009021
0.007213
0.008528
0.01313
0.021183
0.027265
0.03236
0.03992
0.046823
0.051261
0.057013
0.061944
0.065724
0.06934
0.073613
0.081174
0.080187
0.08594
0.088734
0.093993
0.094487
0.101883
0.10254
0.105498
0.109772
0.111415
0.113552
0.116182
0.113881
0.1101
0.113552
0.114702
0.120291
0.121277
0.122263
0.124728
0.126865
0.129495
0.131138
-0.000676
0.009021
0.000474
0.003597
0.010829
0.018882
0.022169
0.028415
0.03614
0.041564
0.049124
0.05274
0.057506
0.062601
0.067532
0.071312
0.077393
0.078544
0.084461
0.087748
0.093007
0.095801
0.098102
0.101883
0.106813
0.11158
0.111908
0.120948
0.116839
0.119962
0.121605
0.126536
0.125386
0.129659
0.132124
0.135576
0.047809
0.053726
0.055041
0.060629
0.066381
0.060629
0.059807
0.063587
0.066546
0.074435
0.078873
0.083803
0.088241
0.084954
0.090213
0.0935
0.102211
0.103691
0.106649
0.110593
0.111251
0.104019
0.095637
0.099746
0.084132
0.046987
0.039427
0.026771
0.022169
0.023484
0.011651
0.022498
0.028086
0.031045
0.03992
0.040906
0.049288
0.053726
0.056684
0.058985
0.065231
0.069011
0.073778
0.077886
0.081338
0.082653
0.08594
0.084954
0.091528
0.091199
0.093172
0.091035
0.094322
0.094158
0.094815
0.094651
0.093665
0.09991
0.09613
0.099417
0.09876
0.098102
0.050603
0.035482
0.035647
0.033839
0.029401
0.034496
0.038112
0.041728
0.04255
0.047645
0.050439
0.054876
0.057999
0.059314
0.060629
0.054712
0.057177
0.060465
0.063752
0.061944
0.065231
0.064574
0.066546
0.067203
0.067696
0.070983
0.062601
0.067532
0.065067
0.070819
0.067532
0.06293
0.055534
0.057013
0.054548
0.051425
0.050768
0.048795
0.049288
0.050768
0.05389
0.053069
0.058328
0.057835
0.059314
0.062601
0.066381
0.06671
0.069504
0.068518
0.068354
0.065724
0.062108
0.058164
0.058657
0.058985
0.059314
0.062108
0.061944
0.06671
0.0603
0.058821
0.058328
0.056191
0.047809
0.048631
0.018718
0.002611
0.00031
-1.9e-05
-0.002155
-0.001169
-0.001005
0.00031
-0.000183
-1.9e-05
-1.9e-05
-0.000183
-1.9e-05
-0.000183
0.000639
-0.001498
-1.9e-05
-0.004949
-0.000183
0.00294
-0.000183
0.00031
-0.000183
0.005898
0.008199
0.016746
0.018882
0.026443
0.028579
0.03351
0.034496
0.042057
0.045672
0.045015
0.050768
0.051096
0.055863
0.054219
0.054876
0.039427
0.019211
0.025128
0.027429
0.030552
0.035482
0.037126
0.040577
0.041892
0.043865
0.046494
0.050603
0.049124
0.051261
0.050603
0.04255
0.041564
0.043371
0.045672
0.049781
0.051754
0.050768
0.05652
0.055205
0.054219
0.052247
0.050439
0.05274
0.053397
0.052904
0.055041
0.055863
0.052247
0.021183
0.001789
0.007542
0.013294
0.018554
0.021019
0.016746
0.000474
0.008692
0.010664
0.020033
0.019868
0.023484
0.027758
0.031702
0.036962
0.036304
0.040742
0.03992
0.042221
0.04255
0.025128
0.023484
0.026278
0.023649
0.021841
0.026936
0.0271
0.021019
0.020033
0.017074
0.012801
0.000474
-0.000183
-0.000512
-0.000183
-1.9e-05
-0.000183
-1.9e-05
-0.000183
-1.9e-05
-0.000183
-0.000183
-0.000347
-0.000183
-0.000512
-1.9e-05
-0.000183
-0.000183
-1.9e-05
-1.9e-05
-0.000183
-0.000183
-0.000512
-0.000512
-0.000347
-0.000347
-0.000347
-0.000183
0.000146
-1.9e-05
-0.000183
-0.000183
-0.000183
-0.000347
-0.000183
-0.000347
-0.000183
-0.000512
-0.000183
-0.000183
-1.9e-05
-1.9e-05
-0.000347
-0.000183
-0.000183
-0.000183
-0.000183
-0.000183
-0.000183
-0.000183
-1.9e-05
-1.9e-05
-0.000183
-0.000183
-0.000183
-0.000183
-0.000183
-0.000512
-0.000512
-0.000347
-0.000183
-0.000183
-1.9e-05
-1.9e-05
-1.9e-05
-0.000183
-0.000347
-0.000183
-0.000347
-0.000512
-0.000183
-0.000347
-0.000183
-0.000183
-0.000183
-0.000183
-0.000183
-0.000347
-0.000512
-0.000347
-0.000183
-1.9e-05
-0.000183
-0.000183
-1.9e-05
0.000146
-1.9e-05
-1.9e-05
-0.000183
-0.000347
-0.000183
-0.000512
-0.000183
-1.9e-05
-0.000183
-1.9e-05
-0.000183
-1.9e-05
-0.000183
-0.000347
-0.000347
-0.000347
-0.000347
-0.000183
-0.000183
-1.9e-05
-1.9e-05
-1.9e-05
-0.000183
-1.9e-05
-0.000183
-0.000347
-0.000512
-0.000512
-0.000183
0.000146
-1.9e-05
-0.000183
-0.000183
-0.000183
-1.9e-05
-0.000347
-0.000347
-0.000183
-0.000347
-0.000347
-0.000347
-0.000183
-1.9e-05
-0.000183
-1.9e-05
-0.000183
-0.000512
-0.000183
-0.000347
-0.000347
-0.000183
-0.000183
-1.9e-05
-0.000183
-1.9e-05
0.000146
-0.000183
-0.000183
-1.9e-05
-0.000512
-0.000183
-0.000183
-1.9e-05
-1.9e-05
-1.9e-05
-0.000183
0.000146
-1.9e-05
-0.000183
-0.000183
-0.000347
-0.000512
-0.000347
-0.000183
-0.000183
-0.000183
-1.9e-05
-0.000183
-0.000183
-0.000183
-0.000347
-0.000512
-0.000347
-0.000347
-1.9e-05
-1.9e-05
-0.000183
-1.9e-05
-0.000183
-1.9e-05
-0.000183
-0.000183
-0.000512
-0.000347
-0.000183
-0.000183
-0.000183
-1.9e-05
0.000146
-1.9e-05
-0.000183
-0.000183
-0.000347
-0.000347
-0.000676
-0.000183
-0.000183
-1.9e-05
-1.9e-05
-0.000183
-0.000183
-0.000183
-0.000347
-0.000512
-0.000347
-0.000512
-0.000183
-0.000183
-0.000183
-1.9e-05
-1.9e-05
-1.9e-05
-0.000183
-0.000512
-0.000347
-0.000183
-0.000183
-0.000512
-0.000183
-0.000183
-1.9e-05
-1.9e-05
-0.000183
-0.000183
-0.000347
-0.000347
-0.000512
-0.000183
-0.000347
-1.9e-05
-0.000183
-0.000183
-1.9e-05
-0.000183
-0.000183
-0.000347
-1.9e-05
-0.000512
-0.000183
-0.000347
-0.000183
-1.9e-05
-0.000183
-0.000183
-1.9e-05
-0.000183
-0.000183
-0.000347
-0.000512
-0.000347
-0.000183
-1.9e-05
-0.000183
-1.9e-05
-0.000183
-1.9e-05
-0.000183
-0.000183
-0.000347
-0.000512
-0.000512
-0.000512
-0.000183
-0.000183
-1.9e-05
-1.9e-05
0.000146
-1.9e-05
-0.000183
-0.000183
-0.000347
-0.000183
-0.000183
-1.9e-05
-1.9e-05
-0.000183
-1.9e-05
-0.000183
-1.9e-05
-0.000183
-0.000512
-0.000347
-0.000347
-0.000183
-0.000183
-0.000183
-1.9e-05
0.000146
-0.000183
-0.000183
-0.000512
-0.000183
-0.000512
-0.000512
-0.000183
-0.000183
-0.000183
-0.000183
-1.9e-05
-1.9e-05
-0.000183
-0.000183
-0.000347
-0.000183
-0.000347
-0.000347
-0.000183
-1.9e-05
-0.000183
-1.9e-05
-1.9e-05
-1.9e-05
0.000474
0.006556
0.008528
0.016417
-0.011195
-0.003963
0.005241
0.00146
0.007377
0.013623
0.018225
0.007049
0.000803
-0.000183
0.001296
0.00294
0.002282
0.005241
0.007377
0.011322
0.001625
0.002447
-1.9e-05
-0.000347
-0.000183
0.003761
0.008363
0.006062
0.010007
0.015266
0.020197
0.02069
-0.001169
-1.9e-05
0.000803
-0.000347
-0.000347
-0.000512
-1.9e-05
-0.000183
0.001625
0.00031
-1.9e-05
-0.000347
0.004255
-0.000512
0.000146
-0.000512
-0.000676
0.000474
-1.9e-05
-0.000347
-1.9e-05
0.000146
0.000803
-1.9e-05
0.006227
0.013787
0.004419
0.005076
0.002118
0.001954
-0.000676
0.000146
-0.000841
-1.9e-05
-0.000347
-1.9e-05
-0.000347
-0.000347
-1.9e-05
0.000639
0.003761
0.001954
-0.000183
-0.000183
-1.9e-05
-0.000183
0.005241
0.010829
0.017896
0.022005
0.02069
0.033346
0.03729
0.042714
0.045508
0.050274
0.056027
0.061286
0.066546
0.070326
0.073449
0.076243
0.081009
0.082982
0.086926
0.084296
0.094158
0.092186
0.095308
0.096788
0.100075
0.104512
0.105498
0.10895
0.109114
0.109936
0.112566
0.111251
0.113881
0.114702
0.114209
0.115031
0.11158
0.109936
0.109279
0.107635
0.100732
0.083639
0.065724
0.063916
0.063752
0.059314
0.042714
0.039263
0.034332
0.023977
0.017567
0.010336
0.011651
0.003597
0.002775
-0.000183
0.001789
0.001789
0.002611
-0.000347
0.001954
0.000639
0.000146
-0.000183
0.000146
-0.000183
-0.000183
0.000474
-0.000183
-0.000841
-0.000512
-0.001005
-0.000183
-1.9e-05
0.000146
-1.9e-05
-0.000183
-0.000183
-0.000347
-0.000347
-0.000347
-0.000183
-0.000183
-0.000347
-1.9e-05
-1.9e-05
-1.9e-05
-1.9e-05
-0.000347
-0.000183
-0.000183
-0.000512
-0.000347
-0.000183
-1.9e-05
-0.000183
-1.9e-05
-1.9e-05
-0.000347
-0.000347
-0.000347
-0.000183
-0.000512
-0.000183
-0.000183
-1.9e-05
-0.000183
-0.000183
-1.9e-05
-0.000183
-0.000183
-0.000183
-0.000347
-0.000183
-0.000512
-0.000183
-1.9e-05
-1.9e-05
-0.000183
-0.000183
-0.000183
-0.000183
-0.000347
-0.000347
-0.000512
-0.000183
-0.000183
-1.9e-05
-1.9e-05
-0.000183
-0.000183
-1.9e-05
-0.000183
-0.000347
-0.000183
-0.000512
-0.000512
-0.000183
-0.000347
-0.000183
-0.000347

Kurve 4

0.000146
-0.001169
-0.001334
-0.000841
-0.000512
-0.000512
-0.000183
-1.9e-05
-0.000183
-0.000183
-0.000183
-0.000347
-0.000183
-0.000512
-1.9e-05
-0.000183
-0.000183
0.000146
-1.9e-05
-0.000512
-1.9e-05
-0.000512
-0.001334
0.000146
-0.00347
-0.000347
-0.000183
0.00031
-0.000183
0.000146
0.000146
0.000146
0.00031
-0.000347
-0.000183
-0.000347
-0.000512
-1.9e-05
0.000146
-0.000183
-1.9e-05
-0.000183
-0.000183
-0.000347
-0.000347
-0.000347
-0.000347
-0.000183
0.000146
-1.9e-05
-0.000183
-0.000183
-0.000183
-0.000512
-0.000512
-0.000512
-0.000512
-0.000347
-1.9e-05
-0.000183
-1.9e-05
-1.9e-05
-1.9e-05
-0.000183
-0.000512
-0.000347
-0.000347
-0.000347
-0.000347
-0.000183
-0.000183
-0.000183
-0.000183
-0.000183
-0.000183
-0.000512
-0.000183
-0.000347
-0.000512
-0.000347
-1.9e-05
-0.000183
-0.000183
-1.9e-05
-0.000183
-0.000347
-0.000512
-0.000183
-0.000347
-0.000512
-0.000347
-0.000347
-0.000347
-1.9e-05
-1.9e-05
-0.000183
-0.000183
-0.000183
-0.000183
-0.000841
-0.000347
-0.000183
0.00031
-0.001662
0.002447
0.00031
-1.9e-05
-1.9e-05
-0.000183
-0.000347
-0.000347
-0.000512
-0.000183
-0.000347
-0.000183
-0.000183
0.000146
0.000639
-0.000841
0.000474
-0.001005
-0.000841
-0.000841
-0.000676
-0.000512
-0.000183
0.000146
-0.001334
-0.001005
0.000474
-0.000512
-0.001334
-0.000183
0.000146
-1.9e-05
-0.000347
-0.000183
0.000146
0.000146
-0.001991
0.000146
-0.000347
-0.000347
-0.000347
-0.000347
-0.000347
-0.000347
-0.000183
-1.9e-05
-0.000183
0.000803
-1.9e-05
-0.000347
-0.000183
-0.000512
-0.000347
-0.000183
-0.000183
-0.000347
-1.9e-05
-0.000183
-1.9e-05
-0.000183
-0.000183
-0.000676
-0.000512
-0.000512
-0.000183
-0.000183
-0.000347
-0.000183
-1.9e-05
-0.000183
-0.000183
-0.000183
-0.000512
-0.000347
-0.000512
-0.000347
-0.000347
-1.9e-05
-0.000347
-0.000183
-0.000183
-0.000183
-0.000183
-0.000347
-0.000347
-0.000347
-0.000347
-0.000183
-0.000347
-0.000183
0.00031
-0.000183
-0.000183
-0.000183
-0.000347
-0.000347
-0.000347
-0.000347
-0.000183
-0.000183
-1.9e-05
-0.000347
-1.9e-05
-0.000183
-0.000183
-0.000347
-0.000512
-0.000347
-0.000512
-0.000183
-0.000183
-0.000183
-0.000183
-0.000183
-0.000183
-0.000183
-0.000183
-0.000347
-0.000512
-0.000347
-0.000347
-0.000183
0.00031
-0.000183
-0.000347
-0.000676
-0.000183
0.000146
-0.000183
-0.000347
0.00031
-1.9e-05
-0.001005
0.000803
-0.000512
-0.000512
-0.000347
-0.001005
0.00031
-0.000841
-0.001662
-1.9e-05
-0.001334
-1.9e-05
0.000146
-0.000512
0.000803
-0.002155
-0.000183
-0.000183
-0.000512
-0.000347
-0.000512
-0.000183
-1.9e-05
-1.9e-05
-0.000347
-0.000183
-0.000183
-0.000347
-0.000347
-0.000512
-0.000841
-0.000347
-0.000347
-0.000347
-0.000183
-1.9e-05
-1.9e-05
-1.9e-05
-0.000347
-0.000347
-0.000183
-0.000512
0.001132
-1.9e-05
-0.000183
-0.000183
-0.000183
-1.9e-05
-1.9e-05
-0.001662
-1.9e-05
-0.001662
-0.000676
-0.002813
-0.000841
-0.000183
0.000803
0.000474
-0.000347
-0.000676
-0.001991
0.00146
-0.001662
-0.000512
-0.008072
0.001296
-0.001005
-0.001005
0.000146
-0.001334
-0.001827
0.000146
-1.9e-05
-0.000183
0.00031
-0.000512
0.000474
-0.000347
0.000967
0.001625
0.000967
-0.000841
0.000967
-0.001662
0.000146
-0.001827
-0.000841
-0.000841
-1.9e-05
0.000474
0.000146
0.000146
-0.000512
-0.000347
-0.000183
-0.000347
-0.000512
-0.000512
-0.000347
-0.000183
-0.000512
-1.9e-05
-0.000512
-0.000183
-1.9e-05
-0.000512
-0.000512
-0.000347
-0.000183
-0.000347
-0.000183
-0.000183
-0.000347
-1.9e-05
-1.9e-05
0.00031
-0.000841
-0.000183
-1.9e-05
-0.000841
-0.001498
0.000146
0.00031
-0.000347
0.000146
0.000474
-1.9e-05
-0.000347
-0.000347
-0.000512
-0.000512
-0.000183
-0.001169
-0.000183
-0.000183
0.00031
-0.000347
-0.000347
-0.000347
-1.9e-05
0.00031
-0.000512
-0.000676
-1.9e-05
-0.000183
0.000474
0.00031
-0.000183
0.000639
-0.000512
-0.000183
-0.000512
-0.000183
-1.9e-05
-0.000841
0.000146
-0.000841
-0.000183
-0.000183
0.000639
-0.000347
-0.000183
0.00031
-0.000347
-0.000347
-0.000512
-0.000183
-1.9e-05
-0.000512
-1.9e-05
-1.9e-05
-0.000512
-0.001169
-0.000347
-0.000512
-0.000183
-0.000512
-0.000183
0.000474
-0.000183
-1.9e-05
-0.000841
-0.000676
0.00031
-0.000347
-0.000512
-0.000183
-0.000512
-0.000676
-0.000183
-0.000183
-0.000183
-0.000183
-0.000183
-0.000512
-0.000676
-0.000183
-0.000183
-0.000183
-0.000183
-0.000183
-1.9e-05
-0.000183
-0.000183
-0.000183
-0.000512
-0.000512
-0.000347
-0.000183
-0.000183
-1.9e-05
-0.000183
-1.9e-05
-0.000841
-1.9e-05
-0.000183
-0.000183
-0.000512
-0.000183
-0.000183
-0.000183
-0.000183
-0.000512
0.000639
-0.000347
-0.000347
-0.000347
-0.000183
-0.000183
-0.000183
-0.000347
-1.9e-05
-0.000183
-0.000347
-0.000183
-1.9e-05
-1.9e-05
-0.000183
-0.000512
-0.000347
-0.000347
-0.000183
-0.000183
-0.000183
-1.9e-05
-1.9e-05
-0.000183
-0.000183
-0.000183
-0.000183
-0.000512
-0.000183
-0.000183
-0.000183
-0.000183
-0.000183
-1.9e-05
-0.000183
-1.9e-05
-0.000183
-0.000183
-0.000347
-0.000183
-0.000183
-0.000512
-1.9e-05
-0.000183
-0.000183
-0.000183
-0.000183
-0.000183
-0.000183
-0.000347
-0.000512
-0.000512
-0.000183
0.000146
-0.000183
-1.9e-05
-0.000183
-0.000183
-0.000183
-1.9e-05
-0.000347
-0.000183
-0.000512
-0.000183
-1.9e-05
-0.000183
-1.9e-05
-1.9e-05
-1.9e-05
-0.000183
-0.000183
-0.000347
-0.000347
-0.000512
0.000803
0.000474
0.000639
-0.001498
0.001132
0.000967
-0.001334
0.000967
-0.001169
0.000639
-0.000841
0.000803
-0.000676
0.000146
-0.000676
0.000474
0.00031
-0.000183
-0.000347
-1.9e-05
-0.000512
-0.000183
-0.000183
-1.9e-05
-1.9e-05
-1.9e-05
-1.9e-05
-0.000347
-0.000183
-0.000841
0.000474
-0.001827
-0.001662
-0.002813
-0.001827
0.000639
0.001625
0.002282
0.002447
0.00146
0.001132
0.001954
0.001296
0.004255
-0.005278
-1.9e-05
-1.9e-05
-0.000841
-0.002155
-0.001498
0.000803
-0.000183
0.002118
-0.000183
0.005569
-0.000512
-0.001662
0.000639
0.000146
-0.001005
0.000639
0.001789
-0.000183
-0.001169
0.00146
-0.004621
-1.9e-05
0.000146
-0.000183
-0.000183
-1.9e-05
-0.002484
-1.9e-05
0.002282
-1.9e-05
0.000803
-0.000676
-0.000183
-0.000347
0.000146
-0.001169
-0.000183
-0.000512
-0.002155
-0.001498
-0.002977
-0.001334
-0.001498
-0.000512
-0.001498
-1.9e-05
-0.00232
0.002282
0.001625
0.002282
0.000639
-0.001991
-0.000347
-0.002977
-0.005443
-0.005771
-0.001498
-0.001169
0.001789
-0.000676
0.001296
-0.001169
0.000146
-0.000183
-1.9e-05
-0.001498
0.000474
0.000146
0.000474
0.00031
0.001625
-0.000183
-0.000676
-0.000512
-0.000676
-0.000347
-0.000512
-0.000347
-1.9e-05
-0.000183
-0.000347
-0.000183
-0.000183
-0.000183
-0.000347
-0.000347
-0.000512
-1.9e-05
-0.000183
-0.000183
-0.000183
-0.000183
0.00031
0.000803
-0.001334
-0.000512
-0.001662
-0.001662
0.000474
0.000146
-0.000676
0.000803
-0.000512
-0.001005
-0.002977
-0.004456
-0.004621
-0.002977
-0.005114
-0.001334
-0.0061
-0.006264
-0.004128
-0.003635
-0.004949
-0.004128
-0.004292
-0.00347
-0.004128
-0.004128
-0.000183
-0.004949
-0.005771
-0.005936
-0.004292
-0.008237
-0.007744
-0.008237
-0.005443
-0.00873
-0.009058
-0.007579
-0.007744
-0.008565
-0.010538
-0.007908
-0.010045
-0.010045
-0.010209
-0.008237
-0.004456
-0.004292
-0.003799
-0.001827
-0.002648
-0.000347
-0.000347
-0.000676
-0.001498
0.000474
-0.000512
-0.000676
0.000474
-0.000347
-0.001498
-0.003963
-0.004292
-0.001662
-0.004128
-0.005114
0.000146
-0.003306
-0.002977
-0.003963
-0.002813
-0.001827
-0.002977
-0.000347
0.000803
0.002118
-0.000676
0.002282
-0.001169
-0.000183
0.001954
0.00935
0.013623
0.022334
0.026278
0.030716
0.037126
0.041728
0.049288
0.055698
0.057999
0.062766
0.068682
0.071148
0.073778
0.0769
0.080516
0.083968
0.086269
0.086926
0.080023
0.08216
0.086597
0.088405
0.088077
0.091857
0.095144
0.092021
0.097774
0.09991
0.101718
0.103362
0.090378
0.026443
0.008857
0.00409
0.006227
0.011651
0.017732
0.023813
0.013294
0.001625
0.004748
0.002611
-0.000183
-0.000512
-0.000183
-1.9e-05
-1.9e-05
-0.000183
-0.000183
-1.9e-05
-0.000183
-0.000512
-0.000347
-0.000183
-0.000347
-1.9e-05
-0.000183
-0.000183
-0.000183
-0.000347
-0.000183
-0.000183
-0.000347
-0.000512
-0.000183
-0.000183
-0.000183
-0.000183
-1.9e-05
-1.9e-05
-1.9e-05
-1.9e-05
-0.000183
-0.000347
-0.000183
-0.000183
-0.000347
-0.000183
-0.000347
-1.9e-05
-1.9e-05
0.000146
-1.9e-05
-0.000183
-0.000512
-0.000183
-0.000512
-0.000183
-0.000347
-0.000183
0.000146
-0.000183
-0.000183
-0.000183
-1.9e-05
-0.000183
-0.000347
-0.000183
-0.000347
-0.000183
-0.000183
-1.9e-05
-0.000183
-0.000183
-0.000183
-0.000183
-0.000347
-0.000347
-0.000512
-0.000347
-0.000183
-0.000183
0.000146
-1.9e-05
-1.9e-05
-0.000347
-1.9e-05
-0.000512
-0.000512
-0.000512
-0.000347
-0.000347
-0.000183
0.000146
-1.9e-05
-1.9e-05
-1.9e-05
-0.000183
-1.9e-05
-0.000183
-0.000183
-0.000347
-0.000183
-0.000183
-1.9e-05
-1.9e-05
-0.000183
-0.000183
-0.000183
-0.000183
-0.000347
-0.000347
-0.000347
-1.9e-05
-0.000183
-0.000183
-0.000183
-0.000183
-1.9e-05
-0.000347
-1.9e-05
-0.000183
-0.000512
0.000146
-1.9e-05
-0.000183
-0.000183
-1.9e-05
-0.000183
-1.9e-05
-0.000347
-0.000512
-0.000183
-0.000347
-0.000512
-0.000347
-0.000183
-1.9e-05
-0.000183
-1.9e-05
-0.000183
-0.000347
-0.000183
-0.000183
-0.000512
-0.000347
-0.000347
-0.000183
0.000146
-0.000183
0.000146
-1.9e-05
-0.000183
-0.000676
-0.000347
-0.000512
-0.000347
-0.000183
-1.9e-05
-0.000183
-0.000183
0.00031
-1.9e-05
-0.000183
-0.000183
-0.000183
-0.000183
-0.000347
-0.000183
-1.9e-05
-0.000183
-0.000183
-0.000183
0.000146
-1.9e-05
-0.000512
-0.000183
-0.000347
-0.000183
-0.000347
-1.9e-05
-0.000183
0.000146
-1.9e-05
-1.9e-05
-0.000347
-0.000347
-0.000183
-0.000183
-0.000183
-0.000183
-0.000183
-0.000183
-0.000183
-0.000347
-1.9e-05
-0.000183
-0.000347
-0.000183
-0.000676
-0.000183
-0.000183
-0.000183
0.000146
-0.000183
-1.9e-05
-0.000183
-0.000183
-0.000347
-0.000347
-0.000183
-0.000347
-0.000183
-0.000183
-0.000183
-0.000183
-1.9e-05
-0.000347
-1.9e-05
-0.000183
-0.000183
-0.000183
-0.000512
-0.000183
-1.9e-05
-0.000347
-0.000183
-1.9e-05
-0.000183
-1.9e-05
-0.000183
-0.000183
-0.000183
-0.000347
-0.000183
-1.9e-05
-0.000183
-1.9e-05
-1.9e-05
-1.9e-05
-0.000183
-0.000347
-0.000183
-0.000347
-0.000347
-0.000183
-0.000183
-0.000183
-0.000183
0.000146
-0.000183
0.000146
-0.000347
-0.000183
-0.000347
-0.000183
-0.000347
-1.9e-05
-1.9e-05
-1.9e-05
-0.000183
-0.000183
-0.000183
-0.000183
-0.000512
-0.000183
-0.000512
-0.000347
-0.000183
-0.000183
-0.000183
-0.000183
-0.000183
-0.000347
-0.000183
-0.000183
-0.000512
-0.000347
-0.000347
-0.000183
-0.000347
-1.9e-05
-1.9e-05
-1.9e-05
0.000146
-1.9e-05
-0.000183
-0.000512
-0.000347
-0.000347
-0.000347
-1.9e-05
-0.000183
-0.000183
-0.000347
-0.000183
-1.9e-05
-0.000183
-0.000512
-0.000512
-0.000347
-1.9e-05
-0.000183
-1.9e-05
-1.9e-05
-1.9e-05
-1.9e-05
-0.000183
-0.000183
-0.000347
-0.000183
-0.000183
-0.000183
-0.000183
-1.9e-05
-1.9e-05
-0.000183
-0.000183
-1.9e-05
-0.000512
-0.000347
-0.000183
-0.000183
-0.000183
-1.9e-05
-0.000183
0.000146
-0.000183
-0.000183
-0.000347
-0.000347
-0.000347
-0.000347
-0.000347
-0.000183
-0.000183
-1.9e-05
-0.000347
-0.000183
-1.9e-05
-0.000347
-0.000183
-0.000347
-0.000512
-1.9e-05
-0.000183
-1.9e-05
-1.9e-05
-1.9e-05
-1.9e-05
-0.000183
-0.000183
-0.000183
-0.000347
-0.000512
-0.000183
-0.000183
-1.9e-05
-1.9e-05
-0.000183
-0.000183
-1.9e-05
-0.000183
-0.000183
-0.000347
-0.000347
-0.000676
-0.000183
-0.000183
-1.9e-05
-0.000347
-0.000183
-1.9e-05
-0.000347
-0.000347
-0.000347
-0.000347
-0.000183
-1.9e-05
0.000146
-0.000183
-0.000183
-0.000183
-0.000183
-0.000183
-0.000183
-0.000183
-0.000347
-0.000347
-1.9e-05
-1.9e-05
-0.000183
-0.000183
-0.000183
-0.000183
-0.000183
-0.000347
-0.000183
-0.000347
-0.000347
-0.000183
-1.9e-05
-0.000183
-0.000183
-0.000183
-0.000183
-0.000183
-0.000183
-0.000183
-0.000347
-0.000347
-0.000183
-0.000347
-1.9e-05
-1.9e-05
-0.000183
-1.9e-05
-0.000183
-0.000183
-0.000512
-0.000183
-0.000183
-0.000347
-1.9e-05
-0.000183
-1.9e-05
-1.9e-05
-0.000183
-0.000183
-0.000183
-0.000347
-0.000347
-0.000183
-0.000183
-0.000183
-1.9e-05
0.000146
-0.000183
-1.9e-05
-0.000183
-0.000347
-0.000347
-0.000512
-0.000512
-1.9e-05
-1.9e-05
-1.9e-05
-0.000183
-1.9e-05
-1.9e-05
-1.9e-05
-0.000347
-0.000347
-0.000512
-0.000183
-0.000183
-0.000183
-0.000183
-0.000183
-0.000183
-1.9e-05
-1.9e-05
-0.000183
-1.9e-05
-1.9e-05
-1.9e-05
-0.000347
-1.9e-05
0.00031
0.000639
-0.000183
-0.000512
0.004748
0.003268
0.003597
-0.000676
-1.9e-05
-0.000676
0.001132
-0.000183
0.000474
-0.000183
-1.9e-05
-0.000183
-0.000841
0.002282
-0.000183
-0.000347
-0.000347
-0.000183
-1.9e-05
-1.9e-05
-0.000512
-1.9e-05
-0.000183
-0.000183
-1.9e-05
-0.000347
-0.000347
-0.000183
-1.9e-05
-1.9e-05
-1.9e-05
-1.9e-05
-1.9e-05
-0.000183
-0.000183
-0.000183
-0.000183
-0.000347
-0.000183
-1.9e-05
-0.000183
-1.9e-05
-0.000183
-1.9e-05
-0.000183
-0.000183
-0.000183
-0.000512
-0.000512
-0.000183
-0.000183
-1.9e-05
-0.000183
-1.9e-05
-0.000183
-1.9e-05
-1.9e-05
-0.000512
-0.000347
-0.000183
-0.000183
-0.000183
-1.9e-05
-1.9e-05
-0.000183
-1.9e-05
-0.000183
-1.9e-05
-0.000512
-1.9e-05
-0.000347
-0.000183
-1.9e-05
-0.000183
-1.9e-05
-1.9e-05
-1.9e-05
-0.000183
-0.000183
-0.000347
-0.000347
-0.000347
-0.000183
-1.9e-05
-1.9e-05
-0.000183
0.000146
-1.9e-05
-0.000183
-0.000347
-0.000183
-0.000347
-0.000347
-0.000183
-0.000347
-0.000183
-1.9e-05
-1.9e-05
-1.9e-05
-1.9e-05
-0.000183
-0.000347
-0.000183
-0.000512
-0.000183
-1.9e-05
-0.000183
-0.000183
-0.000183
-0.000183
-1.9e-05
-0.000183
-0.000347
-0.000183
-0.000347
-0.000183
-0.000183
-0.000347
0.000146
-1.9e-05
-1.9e-05
-0.000183
-0.000183
-0.000347
-0.000183
-0.000183
-0.000347
-0.000347
-0.000183
-0.000183
-0.000183
-1.9e-05
-0.000183
-1.9e-05
-0.000183
-0.000183
-0.000512
-0.000347
-0.000183
-1.9e-05
-1.9e-05
-0.000183
-0.000183
-0.000183
-1.9e-05
-0.000347
-0.000183
-0.000347
-0.000183
-0.000183
-1.9e-05
-0.000183
-0.000183
-0.000183
-0.000183
-0.000347
-0.000183
-0.000183
-0.000347
-0.000183
-0.000347
-0.000183
-1.9e-05
-0.000183
-0.000183
-0.000183
-0.000183
-0.000347
-0.000512
-0.000347
-0.000512
-0.000183
-1.9e-05
0.000146
-1.9e-05
-0.000183
-1.9e-05
-0.000347
-0.000183
-0.000347
-0.000512
-0.000512
-0.000183
-0.000183
-0.000183
-1.9e-05
-1.9e-05
-0.000183
-0.000183
-1.9e-05
-0.000347
-0.000347
-1.9e-05
-1.9e-05
-1.9e-05
-0.000183
-0.000183
-1.9e-05
-0.000183
-1.9e-05
-0.000183
-0.000347
-0.000183
-0.000183
-0.000183
-0.000183
-0.000183
-1.9e-05
-1.9e-05
-0.000183
-0.000183
-0.000183
-0.000183
-0.000183
-0.000183
-0.000183
-1.9e-05
-1.9e-05
-0.000183
-1.9e-05
0.000146
-0.000183
-0.000183
-0.000347
-0.000183
-0.000183
-0.000183
-0.000183
-1.9e-05
-0.000183
-0.000183
-0.000183
-1.9e-05
-0.000183
-0.000183
-0.000183
-0.000347
-0.000183
-0.000183
0.000146
0.000146
-1.9e-05
0.000146
-0.000183
-0.000347
-0.000183
-0.000347
-0.000512
-0.000183
-0.000183
-0.000183
-0.000183
-0.000183
-1.9e-05
-0.000347
-0.000183
-0.000183
-0.000347
-1.9e-05
-0.000183
-1.9e-05
-0.000183
-0.000183
-0.000183
-0.000183
-0.000347
-0.000183
-0.000347
-0.000347
-0.000347
-0.000183
-1.9e-05
-0.000183
-1.9e-05
-0.000183
0.000146
-0.000347
-0.000512
-0.000183
-0.000183
-0.000676
-0.000183
-0.000183
-1.9e-05
-1.9e-05
-1.9e-05
-1.9e-05
-0.000183
-0.000347
-0.000512
-0.000183
-0.000347
-0.000183
-1.9e-05
-0.000183
-0.000183
-0.000183
-1.9e-05
-0.000183
-0.000183
-0.000512
-0.000347
-0.000347
-0.000183
-0.000183
-1.9e-05
-1.9e-05
-1.9e-05
-1.9e-05
-1.9e-05
-0.000183
-0.000347
-0.000347
-0.000347
-0.000183
-0.000347
0.005898
0.00409
0.007706
0.004912
0.006556
0.004583
0.005569
0.005569
0.005569
0.004912
0.003597
0.00409
0.003104
0.004912
0.004255
0.00672
0.00409
0.005241
0.003761
0.005076
0.002447
0.00294
0.002447
0.000803
0.001625
0.003597
0.006227
0.003926
0.005569
0.006227
0.005569
0.005076
0.003761
0.002118
0.003433
0.002611
0.003104
0.000967
0.002447
0.003597
0.003104
0.003104
0.004912
0.003104
0.003597
0.004255
0.005076
0.005898
0.005569
0.004255
0.007049
0.005734
-0.000841
0.005405
0.003433
0.000474
0.000474
-0.000183
0.000146
-1.9e-05
-0.000347
0.003926
0.005241
0.008363
0.009021
0.010171
0.008692
0.01428
0.02069
0.022334
0.023484
0.028086
0.030716
0.038441
0.039756
0.040906
0.042057
0.0437
0.037783
0.042057
0.044358
0.044358
0.044686
0.036797
0.035975
0.007049
0.006884
0.013623
0.017732
0.021183
0.025128
0.031538
0.034496
0.039263
0.042878
0.040413
0.047152
0.046659
0.051589
0.055041
0.054055
0.049617
0.044686
0.045179
0.055534
0.05389
0.056849
0.060465
0.064245
0.071148
0.07197
0.073284
0.070655
0.061451
0.046494
0.040577
0.037619
0.039263
0.024142
0.014116
0.012637
0.01313
0.01428
0.002775
0.003268
0.001296
-0.000183
-0.000183
-0.000512
-0.000183
0.000803
-1.9e-05
0.002447
0.00031
0.00031
-0.000183
-0.000347
-1.9e-05
-0.000183
0.001625
-0.000183
0.000639
0.000146
-0.000183
-0.000347
-0.000183
-0.000183
-0.000183
-0.000183
0.000146
-0.000347
-0.000347
-0.002155
0.003104
-1.9e-05
-1.9e-05
-0.000183
-1.9e-05
-1.9e-05
-0.000183
-0.000676
-0.000347
-0.000347
-0.000347
-1.9e-05
-0.000183
0.000146
0.000146
0.000146
-0.000183
-0.000183
-0.000512
-0.000347
-0.000347
0.000639
0.000474
0.000146
0.000967
0.000639
0.001296
0.000639
0.000639
-0.000512
0.000803
0.001132
-0.001334
0.002775
0.001625
0.000803
0.000474
0.000146
0.001296
-0.000183
-0.000347
-0.000512
-0.000183
-0.000183
-0.000183
-1.9e-05
-1.9e-05
-1.9e-05
-0.000183
-1.9e-05
-1.9e-05
0.00031
0.002447
0.000639
0.003761
-0.001169
-0.000183
0.000146
-0.000347
-0.000183
0.000146
-0.000347
-0.000183
-0.000347
-1.9e-05
-0.000183
-0.000183
-0.000347
0.000146
-1.9e-05
-0.000183
-0.000347
-0.000347
-0.000183
-0.000676
0.003926
0.001954
0.001296
-1.9e-05
-1.9e-05
0.001132
0.004419
0.001296
0.000146
0.001625
-0.000183
-0.000347
0.000967
-0.000183
-0.001662
-0.000183
-1.9e-05
0.000967
0.00031
0.004748
0.002447
0.002118
0.00146
0.000803
-0.000512
0.001789
0.000474
0.000474
0.00031
-0.000841
-1.9e-05
0.000146
0.001132
0.000803
-0.003799
-0.000347
0.000474
0.000803
0.001296
0.000967
0.000474
-1.9e-05
0.000474
-0.001169
-0.000183
-0.001169
-0.000512
-0.000347
-0.000347
-0.000841
0.00031
0.00031
0.000803
-0.000183
0.000967
0.000803
-1.9e-05
0.00031
-0.000183
0.000146
0.000146
-0.000183
-0.000347
-1.9e-05
-0.000512
-0.000347
0.000146
-0.000347
-1.9e-05
0.000146
-0.000183
0.000146
-0.000183
-0.000183
0.00031
-0.000183
-0.000347
-0.000183
-0.000676
-0.000676
-0.000183
-1.9e-05
-1.9e-05
0.000146
-1.9e-05
-0.000183
-0.000512
-1.9e-05
-1.9e-05
-1.9e-05
-0.000347
-1.9e-05
-0.000183
-0.000183
0.000146
-0.000347
0.000146
-0.000347
-0.000183
-0.000183
-0.000183
-0.000183
-1.9e-05
-1.9e-05
0.000146
0.000146
0.000146
-1.9e-05
-0.000183
-0.000183
-0.000347
-0.000347
-0.000183
-0.000183
-1.9e-05
-0.000183
-0.000183
-1.9e-05
-0.000183
-0.000183
-0.000347
-0.000183
0.000146
-0.000183
-0.000183
0.000474
0.002447
-0.000512
0.000639
0.000639
0.003761
0.001132
0.002118
0.003761
0.003268
0.007213
0.007213
0.005569
0.005734
0.005898
0.004583
0.003926
0.003597
0.00409
0.006227
0.007213
0.006062
0.00787
0.006062
0.005241
0.003597
0.003268
0.001954
0.002282
-0.000512
0.001296
0.001132
-0.000183
0.000967
0.000639
0.000146
0.000967
0.00031
-0.001498
0.000146
0.000474
0.000639
0.00031
0.000803
-0.001334
-0.001169
0.000967
-0.000183
0.00031
-0.001334
-0.000347
-1.9e-05
0.000967
0.002611
0.003926
0.005241
0.006884
0.003597
0.001625
-1.9e-05
0.000639
-0.001334
0.000146
0.000146
0.000146
0.000146
0.00031
0.000146
-0.000183
0.000474
-0.000183
0.000639
0.000146
0.00031
-0.000183
0.000146
0.000146
0.000146
-0.000347
0.00031
-0.000183
-0.000183
-0.001169
-0.000512
0.003761
0.000474
0.003926
0.002775
0.005241
0.005076
0.007706
0.00409
0.004912
0.004419
0.003926
0.002775
0.002775
0.000639
0.000639
-0.000676
-1.9e-05
-1.9e-05
-0.000183
0.000639
-1.9e-05
-0.000183
-0.001169
0.003268
0.002282
0.000474
0.000146
0.000146
0.003761
0.005076
0.003104
0.003761
0.004255
0.002447
0.003761
0.001954
-0.002813
0.00031
0.003926
0.002282
0.003104
0.002447
0.003104
0.002611
0.000639
0.003104
0.003597
0.001789
0.00294
0.003268
0.00146
0.004255
0.000474
-0.000183
0.003761
0.003761
0.005405
0.005241
0.005076
0.009021
0.006884
0.005405
0.005241
0.005569
0.007213
0.004748
0.006391
0.001625
-0.000183
0.00031
-0.001005
-0.000347
0.001132
0.00031
-0.000183
-1.9e-05
0.000146
-0.000676
-1.9e-05
0.000146
-0.000183
-0.000183
-0.000183
0.000146
-0.000183
0.000474
-0.000841
-0.000841
-0.000183
0.004748
-0.000183
-1.9e-05
0.001296
-1.9e-05
0.000146
-1.9e-05
-0.000512
0.00031
-0.000347
-0.000841
-0.000347
-0.000676
-1.9e-05
-0.000676
0.00031
0.005569
0.005241
0.00146
0.003433
0.003597
0.004255
0.011322
0.007377
0.007377
0.014445
0.020033
0.027265
0.032031
0.03729
0.044193
0.045672
0.004255
0.004912
0.013952
0.017896
0.024799
0.033017
0.037619
0.040742
0.04633
0.055863
0.059314
0.062601
0.069833
0.070326
0.076407
0.081338
0.083639
0.086104
0.088405
0.082653
0.090378
0.091857
0.095308
0.099089
0.097609
0.104512
0.108786
0.111744
0.113059
0.114702
0.11158
0.00672
0.008528
0.012472
0.018225
0.023484
0.028415
0.03729
0.044522
0.049617
0.054712
0.0603
0.062108
0.065888
0.0603
0.005076
0.005898
0.006556
0.005076
0.000803
0.004583
0.002118
0.000967
0.000803
0.001132
0.000803
-0.000512
-0.000183
-1.9e-05
0.000639
-1.9e-05
-1.9e-05
0.000803
0.000146
-0.001005
-0.001662
0.000474
-1.9e-05
-1.9e-05
-0.000183
0.000146
0.000146
-1.9e-05
-0.000183
-1.9e-05
-1.9e-05
-0.000347
-0.000347
-0.000183
-0.000183
-0.005607
0.00146
0.000146
0.001296
0.000474
-0.000676
0.007377
0.012308
0.022005
0.014773
0.021512
0.031209
0.034661
0.04107
0.000146
-0.000183
-0.000183
-1.9e-05
-0.000347
-0.000183
-0.000512
-0.000347
-0.000512
-0.000183
-1.9e-05
-0.000183
0.000146
-0.000183
-0.000183
-0.000183
-0.000347
-0.000347
-0.000183
-0.000183
-0.000183
-0.000183
0.000474
-0.000183
0.003268
0.008363
0.017567
0.023649
0.031373
0.035318
0.042057
0.048138
0.049617
0.05652
0.063916
0.063752
0.069011
0.072134
0.073613
0.08216
0.079694
0.086104
0.08709
0.093665
0.095966
0.100075
0.09991
0.103197
0.107142
0.111415
0.113059
0.119304
0.118154
0.118154
0.121112
0.120619
0.123578
0.124235
0.124728
0.128015
0.129988
0.132289
0.132782
0.133275
0.135576
0.140506
0.141
0.141164
0.140671
0.142479
0.141
0.141821
0.141821
0.141493
0.139685
0.135247
0.136233
0.137877
0.136726
0.139356
0.138534
0.142643
0.143301
0.140178
0.134918
0.127358
0.11651
0.061286
0.038769
0.01691
0.008199
0.013787
0.012801
-1.9e-05
0.002118
0.00031
0.002282
0.004255
0.008035
0.016253
0.017896
0.023156
0.023649
0.013459
0.014773
0.013459
0.006391
-0.001662
-1.9e-05
-0.000183
-0.000183
0.000146
-0.000841
0.00031
-0.000183
-0.000512
-0.004292
0.000803
0.004583
0.000639
0.002447
0.006556
0.007377
0.00409
0.003926
0.006227
0.004748
0.00409
0.002447
0.005241
0.00409
0.003926
0.006556
0.012637
0.017239
0.023813
0.028086
0.030387
0.029894
0.03351
0.035318
0.017896
0.021841
0.029401
0.033674
0.029072
0.019868
0.005076
-0.000676
-0.000183
0.000803
0.000803
-1.9e-05
0.000474
0.002775
0.000803
0.00146
-1.9e-05
0.000803
0.000803
0.000474
-0.000841
0.000639
-0.000841
0.000474
-0.000183
-0.000347
0.00031
0.000639
0.000639
0.000639
-0.000183
0.000967
0.000474
0.00031
-0.000183
-0.001005
0.00031
-0.000183
-1.9e-05
-0.000183
-0.000183
-0.000183
-0.000183
-0.002155
0.00031
-1.9e-05
-0.000183
-1.9e-05
-1.9e-05
0.000474
-0.000347
-0.000183
-0.000183
-0.000347
-0.000347
-0.000183
-1.9e-05
-1.9e-05
-0.000183
-0.000183
-1.9e-05
-0.000183
-0.000183
-0.000512
-0.001169
-0.001169
-0.000841
-0.000512
0.000146
0.000146
0.001789
0.00031
-1.9e-05
-0.000676
-0.000347
-0.001169
0.000146
0.000639
-1.9e-05
-0.000512
0.000146
-1.9e-05
-1.9e-05
-0.000183
-0.000183
-0.000183
0.000146
0.000474
-0.000183
0.000146
-0.000347
0.000474
-0.000347
-0.001662
0.000803
-0.000512
0.001296
-1.9e-05
0.002611
-1.9e-05
0.00146
-1.9e-05
0.002447
0.000474
-1.9e-05
-1.9e-05
0.000639
-0.000183
0.000146
-0.005114
-0.000347
-0.000347
-0.000347
0.001625
0.002775
0.00146
-0.001662
0.000803
0.002282
0.004748
0.000474
0.002282
0.003268
0.003268
-0.000183
0.00031
-1.9e-05
-1.9e-05
-0.000183
-0.000347
-0.000183
-0.000347
-1.9e-05
-0.000347
-1.9e-05
-1.9e-05
