Ladekurvenmessung

Zeit: 2018_05_04 11.34.22

Info: FVA3, v = 0.272, T = 80, F = 20, h = 97.8

Ladewiderstand[Ohm]: 1012700

Störkapazität[pF]: 0.000000

Entladezeit[ms]: 200

Abtastrate[Hz]: 250000

Anzahl der Messwerte: 2500.000000

Verzögerung[ms]: 3

Ladespannung[V]: 0.200000


Kurve 1

-0.000183
-0.000512
-0.000512
-1.9e-05
-1.9e-05
-0.000183
-0.000183
-0.000183
-0.000183
-0.000347
-0.000347
-0.000512
-0.000512
-0.000347
-0.000347
-0.000183
-1.9e-05
-0.000183
-0.000183
-0.000183
-0.000183
-0.000347
-0.000183
-0.000183
-0.000347
-0.000183
-0.000183
0.000146
-0.000841
-1.9e-05
-0.000183
-0.000183
-0.000183
-0.000841
-0.000676
0.000474
-1.9e-05
-0.000347
0.002118
0.00031
-0.000512
0.001132
0.001132
-0.001334
-0.001827
0.000803
-0.000183
-0.000347
-0.000347
0.000146
-0.001005
-0.001169
0.000146
0.000474
-0.000676
-0.000183
-0.000183
-0.001005
-0.000183
-1.9e-05
0.000146
0.000146
-0.000183
-0.000512
-0.000183
-0.002155
-1.9e-05
-0.000347
-0.000676
-0.000183
-0.000183
-0.000841
-1.9e-05
-1.9e-05
-1.9e-05
0.000146
-0.000183
-0.000676
-1.9e-05
0.00294
-0.000512
-0.000347
-0.000512
0.000474
0.00031
-0.000676
-1.9e-05
-0.001169
-0.000512
0.000146
-0.001169
0.000639
-1.9e-05
0.000146
0.001296
-0.000347
-0.000347
-0.000676
0.00031
-0.001498
-0.001498
-0.004456
-0.001662
-0.000183
-0.000347
0.000146
-0.000512
-0.000841
-0.000841
-0.001334
-0.004292
-0.002484
-0.004949
-0.001498
-0.001334
-0.002977
-0.005936
-0.003963
-0.004621
-0.004128
-0.004949
-0.003799
-0.001827
-0.004949
-0.005114
-0.004949
-0.002813
-0.002977
0.001132
-0.002977
-0.001827
-0.004456
-0.003306
-0.000512
-0.001991
-0.004128
-0.003306
-0.002977
-0.003799
-0.001498
-0.002813
-0.000183
-0.005607
-0.002484
-0.005936
-0.005607
-0.001334
-0.000347
-0.001005
-0.001169
-0.001005
-0.001498
-0.001991
-0.002813
-0.001991
-0.001827
-0.002155
-0.003799
0.00031
0.00146
0.000146
-0.000183
-1.9e-05
-0.000512
0.001132
-0.000676
-0.000183
-0.002155
-0.001827
-0.002155
-0.003963
-0.001334
0.000474
-0.000347
-0.001005
-0.00232
-0.001169
-0.001498
0.00031
-0.001169
-0.003306
-0.000512
-0.001334
-0.001662
-0.000841
-0.001334
-0.004949
-0.001334
0.000474
-0.002813
0.000474
-0.001662
-0.002977
-0.002155
0.000146
-0.001827
0.000474
-0.002484
0.00031
-0.002155
-0.002813
0.000474
-0.004456
0.000146
-1.9e-05
-1.9e-05
-0.000183
-0.001005
-0.003142
0.00031
0.000803
-1.9e-05
-0.000183
0.000146
-0.000183
0.00031
-0.000512
-0.000183
-0.000347
-0.001498
-0.000676
-0.001662
-0.000841
0.000967
-0.000512
-0.000676
-0.000183
0.000474
-0.000183
0.002282
-0.002155
0.000474
0.000474
-0.000841
-0.001005
-0.001005
0.000967
0.000967
-0.001662
-0.000676
-0.001334
-0.002484
-0.001991
-0.001169
-0.001498
-0.001334
-0.000512
-1.9e-05
0.000967
0.00031
0.00146
-0.001334
-0.000347
-0.001827
0.000474
-0.001662
0.000803
-0.001991
-0.000676
-0.001991
-0.000347
-0.000512
-0.001005
-1.9e-05
-0.001334
-1.9e-05
0.001132
0.00031
-0.000183
0.002447
-0.001005
0.001132
-0.001827
0.000803
-0.000512
-0.000347
-0.000347
-0.000347
-0.001169
0.000146
0.000474
0.00031
-0.000183
-1.9e-05
0.00031
-0.000676
-0.000676
-0.000183
-0.000512
-0.000183
-1.9e-05
-0.000347
-1.9e-05
-0.000183
-0.000183
-1.9e-05
-1.9e-05
-0.000347
-0.000183
-0.000347
-0.001827
0.001296
-1.9e-05
-0.000347
-0.000676
0.000474
-0.000512
0.001954
-0.001498
0.00031
-0.001169
-0.000183
-0.001169
-0.002648
0.000639
0.003268
-1.9e-05
-0.001498
0.000803
-0.000347
0.000146
0.000146
-0.002155
-0.000676
0.000474
-0.000841
0.00031
-0.000841
-0.000183
-0.001334
0.001625
0.00294
0.001296
-0.000347
0.000639
0.001296
-0.001169
0.00146
0.00031
-1.9e-05
-0.000512
-0.000347
-0.000512
0.00031
-0.000347
-0.000676
0.00031
-0.000841
-0.000347
-0.000841
-0.001169
0.000803
-1.9e-05
-0.000183
-0.000183
-1.9e-05
-0.000512
0.000146
0.000474
-0.000676
0.000146
-0.000676
-0.000676
-0.000347
-0.000183
-0.000183
-0.000347
-1.9e-05
-0.000183
-1.9e-05
-1.9e-05
-1.9e-05
-0.000183
-0.000183
-0.000347
-0.001005
-0.001827
-0.000676
-0.001169
-0.002484
0.001296
0.001954
0.000967
0.001789
0.001132
-0.001334
0.00031
-0.001005
0.003433
0.000146
-1.9e-05
-0.001169
-1.9e-05
-0.002484
-0.004621
-0.000676
-0.000512
-0.003635
-0.004456
0.002447
-0.00347
0.000803
-0.002155
0.000474
-0.003306
0.002118
-0.001498
-0.002155
0.000967
-0.002155
-0.001334
-0.001662
-0.000512
-0.001991
-0.001991
-0.002813
-0.000676
-0.000347
0.00031
-0.000512
0.000146
-0.003635
-0.000347
0.000146
0.00031
-0.000347
0.001625
-0.003306
-1.9e-05
-0.001991
-0.000512
0.002447
-0.004785
0.001296
0.000146
0.000639
0.000146
0.000639
-0.000347
-0.000183
-0.001169
0.000146
-0.000183
-0.000676
-0.000512
-1.9e-05
-1.9e-05
-0.000183
-0.000183
-1.9e-05
-0.000183
-0.000347
-0.000183
-0.000347
-0.000183
-0.000347
0.000146
-0.000183
-0.000183
-1.9e-05
-1.9e-05
-0.000841
-0.000183
-0.000512
-0.002155
-0.000347
-0.002648
-0.000183
-1.9e-05
-0.000183
-0.000183
0.000146
-0.000512
-0.000183
-0.000183
-0.000183
-0.001005
-0.000676
-0.000841
-0.000676
0.000803
-0.000347
-0.000841
0.000639
0.000639
-0.000676
-0.000512
-0.001498
0.00031
0.001296
-0.000841
0.00031
0.000146
-0.000183
-1.9e-05
-0.000183
-0.000347
-0.000347
-0.000512
-0.000183
-0.000183
-1.9e-05
-0.000183
-1.9e-05
-1.9e-05
-0.000183
-0.000183
-0.000183
-0.000347
-0.000676
-0.004128
-0.00347
-0.000512
0.000474
-0.002155
-0.001498
0.000639
-0.001334
-0.000841
-0.000512
-1.9e-05
-0.002155
-0.001498
0.00146
0.001132
-0.000512
0.000474
-1.9e-05
-0.000347
-0.000347
-0.000512
0.007213
-0.000183
0.000146
-1.9e-05
0.000474
-0.000183
-1.9e-05
-0.000676
-0.000183
0.00031
-0.000347
-0.000183
0.000803
-1.9e-05
-0.000183
-0.001005
-1.9e-05
-1.9e-05
-0.001005
-0.000347
-0.002155
-0.000347
-0.000512
-0.000676
-0.000183
-0.000183
0.000146
0.00031
-1.9e-05
-0.000347
-0.000347
-0.001169
-0.000347
-1.9e-05
-0.000347
-0.000183
0.000474
-1.9e-05
0.000146
-0.000183
0.000146
-0.001334
-0.001169
-0.000512
-0.000676
-1.9e-05
-0.000676
0.000146
-0.000512
-1.9e-05
0.00031
-0.000183
-0.00232
-0.000347
-0.000512
-0.000676
0.000474
-0.000347
-0.000512
0.00031
0.00146
0.000639
-0.000183
-0.000347
-1.9e-05
-0.000347
-0.000347
-0.001005
-0.000183
-1.9e-05
0.000146
-0.000347
0.00031
-0.000512
-0.000512
-0.000183
-0.000183
-0.000512
0.000474
-0.000183
-1.9e-05
0.00031
-0.000183
0.000146
-0.000183
-0.000347
-0.000183
-0.000347
-0.000512
-1.9e-05
-1.9e-05
-0.000676
-0.000183
-1.9e-05
-0.000183
0.000146
-0.000183
-1.9e-05
0.000146
-0.000347
-0.000183
-0.000183
-0.000347
-0.000183
-0.000183
-0.000183
-1.9e-05
-0.000512
-1.9e-05
-0.000347
-0.000347
-0.000183
-0.000347
-1.9e-05
-0.000183
-0.000183
-1.9e-05
-0.000183
-1.9e-05
-0.000347
-0.000183
-0.000347
-0.000347
-0.000183
-0.000347
-0.000183
-1.9e-05
-1.9e-05
-1.9e-05
-0.000183
-0.000183
-0.000183
-0.000347
-0.000347
-1.9e-05
-0.000183
-0.000183
-0.000183
-1.9e-05
-0.000183
-0.000183
-0.000347
-0.000183
-0.000183
-0.000183
-0.000183
-1.9e-05
-0.000183
-1.9e-05
-0.000183
-1.9e-05
-1.9e-05
-0.000347
-0.000183
-0.000183
-0.000183
-0.000512
-0.000183
-0.000347
-0.000183
-0.000183
0.000146
0.000146
0.00031
0.000146
-0.000347
-0.000183
-0.000676
0.000474
-0.000183
0.000146
-1.9e-05
0.000146
-0.000347
-1.9e-05
-1.9e-05
-0.000841
-0.001169
-0.000841
0.000474
-1.9e-05
0.000803
-0.000676
-0.000183
-0.000347
-0.000183
-0.000347
-0.001169
-0.003963
-0.000347
-0.000347
-0.000841
-0.000512
-0.000347
0.000146
-0.000676
-0.000347
-0.000512
-1.9e-05
-0.000841
-1.9e-05
-0.000512
-0.000183
-0.000183
-0.000183
0.000146
-1.9e-05
-0.000347
-0.000347
-0.000347
0.000146
-1.9e-05
-0.000183
-0.000183
-0.000183
0.000146
-0.000347
0.000146
-0.000512
-0.000183
-1.9e-05
0.001954
-1.9e-05
-0.000512
0.000146
-1.9e-05
-0.000183
-0.000347
-0.000347
-0.000183
-1.9e-05
-0.000347
-0.000183
-0.000347
-1.9e-05
-0.000183
0.00031
-1.9e-05
-1.9e-05
-0.000183
-0.000183
-0.000347
-0.000512
-0.001991
-0.000512
-0.000347
-0.000183
-0.000183
-1.9e-05
-0.000347
-0.000183
-0.000183
-0.000183
-0.000183
-0.000347
0.00031
-0.000183
-0.000183
-0.000183
-1.9e-05
-1.9e-05
-1.9e-05
-1.9e-05
-0.000347
-1.9e-05
-0.000347
-1.9e-05
-0.000347
-1.9e-05
-0.000183
-0.000347
-1.9e-05
-1.9e-05
0.000146
-0.000676
-1.9e-05
-0.000347
-0.000183
-0.000347
-1.9e-05
-0.000347
0.000474
-0.000347
0.00031
-0.000183
-0.000512
-0.000347
-0.000347
-0.000676
-0.000183
0.000146
-0.000183
-1.9e-05
-1.9e-05
0.000146
-0.000347
-0.000347
-0.000347
-0.000183
-0.000347
-0.000183
-0.000512
-0.000183
0.000146
-1.9e-05
-1.9e-05
-1.9e-05
0.000474
-0.001169
-0.000183
-1.9e-05
0.000803
0.000146
0.000639
-0.000841
-0.000183
0.000146
-1.9e-05
-0.001169
-0.000512
0.000803
-0.000512
-1.9e-05
0.001789
0.003104
0.004583
0.003104
0.00031
0.001954
-0.000676
0.00031
0.001296
0.003926
0.001296
0.002447
0.005405
0.002775
0.001789
0.00294
0.004912
0.003268
0.003433
0.003104
0.005734
-1.9e-05
0.004583
0.006884
0.005569
0.004419
-0.000676
0.002775
0.000639
-0.000841
0.000639
0.003268
0.000146
0.000474
0.001296
0.003761
-0.003142
0.004748
0.002118
0.003104
0.004912
0.000474
-1.9e-05
0.000639
-0.000512
-0.000183
0.000474
-0.000183
-0.000347
0.001789
0.003597
0.005405
0.005241
0.000803
0.003597
0.003433
0.004583
0.008363
0.003433
0.001789
0.00294
0.003433
-0.001169
0.004583
0.004255
0.001132
-1.9e-05
-0.000347
-1.9e-05
0.00031
0.00031
0.00294
-0.000183
0.002775
0.001625
-0.000183
-0.000183
0.00031
0.001789
0.000803
0.000967
-0.000676
0.000146
0.000803
0.000639
-1.9e-05
-0.000183
-1.9e-05
-0.000347
-1.9e-05
-0.000183
-0.000183
0.000474
-0.002648
0.000146
-0.000183
-0.000676
-0.000347
-1.9e-05
0.00031
-0.000512
0.001132
0.001625
0.002118
0.001296
0.001954
0.000146
-0.000347
-0.000841
-0.000183
-0.000347
-1.9e-05
-0.000347
-1.9e-05
0.001625
0.001296
-0.000183
-0.000183
0.000803
0.00031
0.001296
-0.000183
0.001789
0.000474
0.001132
0.000803
-1.9e-05
-0.000512
-0.000347
-0.000347
-0.004621
-0.000183
-0.000183
0.004419
0.000146
0.00031
-0.000183
0.000803
-0.000183
0.000146
-0.000512
-0.000183
0.000146
-0.000183
-0.000347
0.000146
-0.000183
-0.000183
-0.000183
-0.000512
-1.9e-05
-0.000512
-0.000183
-0.000347
0.000474
0.00031
0.000474
0.000146
-0.000183
-1.9e-05
-0.000183
-1.9e-05
-0.000183
-0.000841
-0.000347
-1.9e-05
-1.9e-05
-0.000183
-0.000183
0.000146
-0.000347
-0.000347
-0.000347
-0.000347
-0.000347
-1.9e-05
-1.9e-05
-1.9e-05
-1.9e-05
-0.000183
-0.000183
-0.000183
-0.000183
-0.000512
-0.003799
-0.002155
0.000474
0.00146
0.001625
0.003268
0.003597
0.003597
0.002118
0.000474
-0.000183
0.002611
-0.00725
0.00146
-0.000183
0.001296
-1.9e-05
0.000967
0.000146
0.003268
-0.000183
-0.000347
-0.000841
0.000967
-0.000183
-1.9e-05
0.000146
-0.000183
0.000146
-0.000183
-0.001005
0.000474
-0.000183
-0.001334
0.00031
-0.000183
-0.000183
-0.000183
-1.9e-05
-1.9e-05
-0.000676
-1.9e-05
-0.000183
-0.000183
-0.000183
-0.000512
-0.000183
-0.000183
-0.000183
0.000146
-0.000183
-0.000183
-0.000183
-0.000183
-0.000347
-0.000512
-0.000512
-0.000347
0.000146
-0.000347
0.000146
-1.9e-05
-0.000183
-0.000183
-0.000347
-0.000347
-0.000347
-0.000183
-0.000512
-0.000183
-1.9e-05
-0.000183
-1.9e-05
-0.000183
-1.9e-05
-0.000183
-0.000512
-0.000347
-0.000347
-0.000347
-0.000347
-1.9e-05
-1.9e-05
-0.000347
-1.9e-05
0.000803
-0.000183
-0.000183
-0.000347
-0.000183
-0.000347
-0.000183
-0.000183
-0.000183
0.000146
0.000474
0.000146
-0.000183
-0.000347
-0.000183
-0.000347
-0.000347
-0.000183
-1.9e-05
-0.000183
-0.000183
-0.000183
-1.9e-05
-0.000347
-0.000183
-0.000183
-0.000183
-0.000676
-1.9e-05
-0.000183
0.00031
0.000146
-1.9e-05
-0.000183
-0.000347
-1.9e-05
-0.000512
-0.000347
-0.000512
0.00031
0.00031
-0.000841
0.000474
0.000967
-0.000183
-1.9e-05
-0.000347
-0.000183
-0.000512
-0.000183
-0.000183
-0.000347
-0.001005
-1.9e-05
0.001132
0.000146
0.000146
-1.9e-05
-0.000347
-1.9e-05
-0.000183
-0.000183
-1.9e-05
-1.9e-05
0.000474
-0.000183
0.000146
0.002775
0.000639
0.00146
0.002775
-0.000347
0.001625
0.004748
-1.9e-05
0.002775
-0.000512
0.000146
-0.000183
0.000146
-0.000512
-0.000183
-0.000347
-0.000183
-1.9e-05
0.000474
0.002447
-0.001005
-0.000676
-0.000676
-0.000183
-0.000183
0.000146
-0.000347
-1.9e-05
-0.000183
-1.9e-05
0.000146
-1.9e-05
-0.000183
-0.000183
-0.000347
-0.000512
-0.000183
-0.000347
-0.000183
-0.000183
-0.000183
-1.9e-05
-1.9e-05
-0.000183
-0.000347
-0.000183
-0.000512
-0.000183
-0.000347
-0.000183
-0.000183
-1.9e-05
-0.000183
-0.000183
-0.000183
-1.9e-05
-0.000347
-0.000347
-0.000347
-0.000347
-0.000183
-1.9e-05
-0.000347
-1.9e-05
-0.000183
-1.9e-05
-0.000347
-0.000347
-0.000347
-0.000183
-0.000512
-0.000183
-0.000183
-0.000183
-1.9e-05
-1.9e-05
-0.000183
-0.000347
-0.000347
-0.000183
-0.000183
-0.000183
-1.9e-05
-1.9e-05
-0.000183
0.000474
-0.000183
0.000803
-0.000841
0.000146
-0.000841
0.000146
-0.000183
-0.000347
-0.000183
0.000146
-0.000347
0.000639
-0.001005
-0.000347
0.000803
0.000474
-0.000347
0.000146
-1.9e-05
-1.9e-05
0.000146
-1.9e-05
0.00031
-0.000183
-0.000183
-0.000183
-1.9e-05
-1.9e-05
0.000639
-1.9e-05
-0.000347
0.000146
0.00031
0.00031
0.00031
0.000146
-0.001334
-0.000183
-0.000347
-0.000347
-0.000347
-0.000183
-1.9e-05
0.000146
0.000146
0.000474
0.000474
-1.9e-05
0.000146
-0.000512
-0.000347
-1.9e-05
0.001625
-0.000347
0.000146
-0.000347
0.000639
-0.001662
0.000639
0.000803
-0.001334
0.005734
0.003926
0.005405
0.004419
0.005898
0.003761
0.005734
0.005734
0.003268
0.003926
0.008692
0.005734
0.003597
0.006556
0.004419
0.007049
0.003761
0.008035
0.005898
0.005734
0.005569
0.008199
0.008363
0.007706
0.006391
0.00672
0.010336
0.010007
0.0105
0.012144
0.012801
0.01691
0.020362
0.025785
0.025457
0.028251
0.031538
0.034661
0.039427
0.041564
0.047809
0.050932
0.056027
0.061615
0.063423
0.064409
0.072134
0.075421
0.077229
0.083475
0.079037
0.085447
0.085283
0.072627
0.066217
0.059807
0.056191
0.058657
0.063587
0.067368
0.068847
0.075092
0.082324
0.084296
0.08709
-0.000512
0.005734
0.010171
0.016746
-1.9e-05
-1.9e-05
-1.9e-05
0.001296
0.004255
0.000803
0.000146
0.00031
0.002282
-1.9e-05
-0.000183
0.000146
-0.000347
0.006227
0.008363
0.007706
0.011322
0.017732
0.023977
0.02973
0.035318
0.03992
0.047809
0.052247
0.058164
0.065724
0.066381
0.072298
0.075585
0.079037
0.081009
0.086926
0.086433
0.091857
0.09613
0.095801
0.101225
0.105992
0.105827
0.107306
0.113388
0.115524
0.117168
0.118483
0.121441
0.119962
0.124399
0.127522
0.1267
0.125879
0.132617
0.129988
0.131796
0.134261
0.127522
0.115689
0.11651
0.117003
0.113223
0.11799
0.121605
0.122756
0.12292
0.1267
0.127194
0.127851
0.127194
0.129823
0.128015
0.113388
0.115031
0.114702
0.11914
0.101061
0.060465
0.00031
0.004255
0.006884
0.006227
0.001625
0.007706
0.012801
0.00146
0.002775
0.013294
0.014938
0.016253
0.018718
0.025457
0.028415
0.001132
0.001132
0.004419
0.011322
0.014938
0.021183
0.02447
0.020197
0.009514
0.01313
0.018389
0.020526
0.019375
0.01954
0.01954
0.017403
0.015102
0.013294
0.015266
0.01576
0.017567
0.01576
0.015924
0.014609
0.013459
0.016088
0.011815
0.009678
0.010664
0.010993
0.010829
0.011158
0.010829
0.012144
0.009185
0.007377
0.002775
0.006556
0.005241
0.008528
0.008692
0.011979
0.010007
0.004748
0.010664
0.012472
0.010007
0.0105
0.010007
0.008857
0.011979
0.011158
0.011979
0.011322
0.010829
0.011486
0.008528
0.004748
0.004912
0.001954
0.002775
0.001296
0.003268
0.004583
-1.9e-05
0.001296
0.000803
0.006391
0.006884
0.011486
0.00672
0.007706
0.010829
0.009185
0.005405
0.008363
0.008199
0.009021
0.008857
0.008363
0.006884
0.005734
0.00935
0.007049
0.009021
0.011322
0.013787
0.012308
0.015102
0.013294
0.014445
0.011815
0.012472
0.011158
0.010664
0.013623
0.009021
0.009514
0.009021
0.010007
0.008528
0.008199
0.008528
0.009843
0.00935
0.0105
0.009843
0.010007
0.010171
0.00672
0.009514
0.008035
0.004748
0.001954
0.000474
0.00031
0.001296
-0.001005
0.002775
0.000639
-0.002484
-0.000347
0.002611
0.000803
0.001625
0.001625
0.000967
0.001789
0.002282
-0.000183
0.00031
0.00146
0.001296
0.00146
-0.001334
0.001132
-0.001498
0.000146
0.001296
0.00294
0.008363
0.00935
0.011815
0.014445
0.012308
0.008199
0.011158
0.010007
0.011651
0.01313
0.010829
0.005569
0.007706
0.008692
0.007377
0.00787
0.009185
0.009514
0.009514
0.00146
0.003597
0.004255
0.000803
0.002118
0.001789
0.00146
-0.000183
0.000639
0.00146
0.003433
0.003926
0.004912
0.010336
0.011322
0.007377
0.001789
0.00146
0.000639
0.000803
0.000474
0.001789
0.000146
0.003926
0.005898
-0.000512
-0.000512
0.001296
0.000146
0.000803
-0.000183
0.001954
0.001132
0.001625
0.001789
0.005076
0.002775
-0.000512
-0.000676
0.00146
0.002118
-0.001827
0.000639
-0.000183
0.001954
-0.000676
-0.00725
0.000639
0.000639
0.001625
0.00146
-0.000676
-0.002155
0.003761
0.000967
0.000474
0.000146
-0.003799
-1.9e-05
0.002775
-1.9e-05
0.001132
-0.000347
0.000967
0.001789
0.000474
0.001625
0.000803
0.00031
-0.001005
0.00294
0.000146
0.001296
0.003433
0.00787
0.006227
0.006391
0.00787
0.010007
0.008363
0.006227
0.007706
0.009843
0.010336
0.001789
0.003433
0.008692
0.006391
0.007542
0.010007
0.010171
0.011158
0.012637
0.013952
0.016581
0.00031
0.005405
0.007049
0.008692
0.011815
0.019047
0.025457
0.026607
0.029237
0.035154
0.036304
0.041399
0.043865
0.046659
0.045015
0.035975
0.039263
0.042057
0.042057
0.039263
0.038934
0.040084
0.04107
0.033017
0.020197
0.023813
0.027758
0.031209
0.038934
0.03992
0.042878
0.041235
0.004255
0.011979
0.017896
0.020855
0.026114
0.030059
0.031867
0.041235
0.040577
0.043371
0.048795
0.052411
0.055863
0.057013
0.059643
0.061779
0.061779
0.063587
0.066875
0.071148
0.071805
0.074106
0.075421
0.074764
0.072627
0.07049
0.059314
0.062766
0.063587
0.057013
0.046001
0.007377
0.000967
0.002282
0.000639
0.00031
-1.9e-05
-0.000841
-0.000676
-0.001005
-0.001334
0.001132
0.000639
0.001789
0.001296
0.00146
0.000639
0.000967
0.000146
-0.000183
0.000146
0.000803
-0.000347
0.00031
0.004419
0.000639
0.000146
-0.000512
0.00031
0.000967
-0.000347
-0.002484
0.001954
-1.9e-05
0.001789
0.000803
0.002611
-1.9e-05
0.001296
0.002118
0.00031
-0.000512
-0.000183
-0.000512
0.002775
0.001789
0.000146
-1.9e-05
0.000146
0.000146
-1.9e-05
0.00031
0.001296
-0.001169
-0.000512
-0.000183
-0.001334
-0.001169
0.000146
-0.000347
0.00031
-1.9e-05
0.00031
-0.000183
-1.9e-05
-1.9e-05
-0.000512
0.000639
0.002282
0.001296
0.004255
0.009678
0.014773
0.022169
0.027922
0.034332
0.039427
0.046494
0.05011
0.055041
0.055863
0.065395
0.06934
0.071477
0.07838
0.083639
0.087255
0.091199
0.061286
0.061615
0.067039
0.069997
0.077229
0.079366
0.08709
0.088405
0.08972
0.0935
0.09498
0.097116
0.098595
0.100568
0.082817
0.084625
0.087748
0.07575
0.075421
0.079366
0.075092
0.07953
0.081831
0.081338
0.088898
0.085118
0.087748
0.088898
0.092514
0.095473
0.095473
0.092021
0.0935
0.097281
0.081174
0.07953
0.08216
-0.001005
0.010171
0.006391
0.007049
0.001132
0.001954
-0.001005
-0.001498
0.004748
0.002775
-0.000347
0.001296
-1.9e-05
-0.000183
-0.000512
-0.000347
-0.000183
-0.000347
-0.003963
-0.000347
0.001625
0.005241
0.001296
0.003597
0.001625
0.001789
0.00031
-0.002155
-0.000183
0.006062
-0.000183
0.000967
-1.9e-05
0.00031
0.000146
0.006556
0.002447
0.002775
0.002611
0.005734
0.001296
0.000146
0.004583
0.001954
-0.000183
0.000639
-0.000183
-1.9e-05
0.001132
0.00031
-0.000183
-0.000512
-0.000183
-1.9e-05
-1.9e-05
-1.9e-05
-1.9e-05
-0.000676
-1.9e-05
-0.000183
-0.000676
-0.000347
-0.000347
-0.000183
-0.000347
-1.9e-05
-1.9e-05
-1.9e-05
-0.000183
-0.000183
-0.000347
-0.000347
-0.000183
-1.9e-05
-0.000183
-0.000183
-1.9e-05
-0.000183
-1.9e-05
-1.9e-05
-0.000183
-0.000183
-0.000347
-0.000183
-0.000676
-0.000183
-1.9e-05
-0.000183
-0.000183
-0.000183
-1.9e-05
0.000146
-0.000183
-0.000347
-0.000183
-0.000676
-0.000347
-0.000183
-1.9e-05
-0.000347
-1.9e-05
0.000146
-1.9e-05
-0.000347
-0.000512
-0.000347
-0.000347
-1.9e-05
-0.001334
-1.9e-05
0.00146
-0.000183
0.002611
0.00146
0.000639
0.000474
0.001132
-1.9e-05
-0.000347
0.000474
0.001625
-0.000183
0.001296
0.000146
0.000146
-0.000676
-0.001334
-1.9e-05
-0.000676
-0.000512
0.00031
0.000803
0.000146
0.000639
0.002611
0.002118
-0.000512
0.000967
0.000803
0.000639
-0.000183
-0.000183
0.000639
0.000146
-0.000183
0.002118
0.001625
-0.001005
-0.000676
0.00031
0.000474
-1.9e-05
0.003433
0.001132
0.00146
0.00146
-0.001005
0.002775
-0.000841
0.000803
-0.000512
-0.002648
-0.000183
0.003104
-0.000841
0.000803
0.000639
0.001954
0.000639
0.00146
0.001296
0.000803
0.001954
-1.9e-05
0.000146
-0.000676
-0.000512
-0.000183
0.001296
-0.000183
0.00146
0.000639
0.001625
0.000474
0.000639
0.001954
0.002611
0.000967
0.001954
0.001296
0.002282
-0.000347
0.000146
0.001954
-0.000841
0.002118
-0.001662
0.004419
-0.001169
0.000146
0.001954
0.00031
0.000803
0.001296
0.000967
0.000803
0.000803
0.00146
0.000474
0.000474
0.000803
0.000474
0.00146
-1.9e-05
-0.001827
-0.001005
0.000474
-0.000183
0.002118
0.000474
0.00146
0.001132
0.001132
0.001789
0.001132
0.000474
0.000967
-0.000512
-0.001334
0.000639
0.000639
0.000474
-1.9e-05
0.00031
0.000967
0.00031
0.000639
0.000639
0.001296
-0.000183
0.000639
-0.000676
0.000146
-1.9e-05
0.000474
0.000146
-0.000183
-1.9e-05
-0.000347
-0.001005
-0.000347
-0.000512
0.000146
0.000146
-0.000183
0.000146
0.000146
-0.000183
-0.000183
-0.000183
-0.000183
-1.9e-05
-1.9e-05
-1.9e-05
-0.000183
-1.9e-05
-1.9e-05
-0.000183
-0.000347
-0.000183
-0.000512
-0.000183
-1.9e-05
-0.000183
-0.000183
-0.000183
-0.000183
-0.000183
-1.9e-05
-0.000183
-0.000183
-0.000347
-0.000347
-0.000183
-1.9e-05
0.000146
-1.9e-05
-0.000183
0.000146
-1.9e-05
-0.000183
-1.9e-05
-0.000512
-0.000183
-0.000347
-0.000183
-1.9e-05
-0.000183
-0.000183
0.000146
-0.000183
-0.000347
-0.000512
-0.000183
-0.000183
-0.000183
-0.000183
-0.000183
-0.000183
-0.000347
-1.9e-05
-0.000183
-0.000183
-0.000347
-0.000347
-0.000347
-0.000183
-0.000183
-0.000183
-0.000183
-1.9e-05
-1.9e-05
-0.000183
-0.000183
-0.000183
-0.000347
-0.000347
-0.000512
-0.000347
-0.000183
-1.9e-05
-0.000183
-1.9e-05
-0.000183
-0.000347
-0.000183
-0.000512
-0.000183
-0.000347
-0.000183
-1.9e-05
-0.000183
-0.000183
-1.9e-05
-0.000183
-0.000183
-1.9e-05
-0.000347
-0.000347
-0.000183
-0.000183
-0.000183
-1.9e-05
-0.000183
0.000146
-0.000183
-0.000183
-0.000183
-0.000347
-0.000347
-0.000676
-0.000183
-0.000183
-1.9e-05
-0.000183
-1.9e-05
-0.000183
-1.9e-05
-0.000183
-0.000183
-0.000347
-0.000183
-0.000347
-0.000183
-0.000183
-0.000183
-1.9e-05
-0.000183
-0.000183
-0.000347
-0.000347
-0.000512
-0.000183
-0.000183
-0.000183
-1.9e-05
-0.000183
-0.000183
-1.9e-05
-0.000183
-0.000183
-0.000347
-0.000347
-0.000512
-0.000347
-0.000183
-1.9e-05
-1.9e-05
-1.9e-05
-1.9e-05
-0.000183
-0.000347
-0.000347
-0.000347
-0.000183
-0.000347
-0.000183
-0.000347
-0.000183
-1.9e-05
0.000146
-0.000347
-0.000347
-0.000347
-0.000512
-0.000183
-0.000347
-0.000183
-0.000183
-1.9e-05
-0.000183
0.000146
-0.000183
-0.000347
-0.000183
-0.000347
-0.000183
-0.000183
-0.000183
-0.000347
-0.000183
-1.9e-05
-1.9e-05
-0.000183
-0.000183
-0.000183
-0.000183
-0.000676
-0.000183
-0.000183
-1.9e-05
-0.000183
-1.9e-05
-1.9e-05
-1.9e-05
-0.000347
-0.000347
-0.000183
-0.000347
-0.000183
-0.000183
-0.000183
0.000146
-0.000183
-1.9e-05
-1.9e-05
-0.000512
-0.000183
-0.000183
-0.000183
-0.000347
-1.9e-05
-1.9e-05
-0.000183
-0.000183
-1.9e-05
0.000146
-0.000183
-0.000512
-0.000183
-0.000347
-0.000183
-0.000183
0.000146
-0.000183
0.00031
-0.000512
0.000639
0.004748
0.003761
0.010171
0.017403
0.010993
0.004419
0.000967
-1.9e-05
0.002118
0.010664
0.000474
0.000639
0.002447
0.00935
0.009678
0.017239
0.018882
0.007213
-1.9e-05
0.000146
0.007706
0.012472
0.018225
0.004912
0.010829
0.010664
0.019868
0.019868
0.024635
0.032195
0.036469
0.038605
0.041728
0.05011
0.05389
0.055041
0.0603
0.063752
0.065888
0.070162
0.070983
0.074106
0.036469
0.022498
0.011651
0.00146
0.006391
0.006391
0.001132
-0.000347
0.009843
0.011815
0.018882
0.024964
0.031702
0.03729
0.041399
0.047316
0.050603
0.021512
0.00935
0.012637
0.006062
0.009678
0.011651
0.015595
0.019375
0.025621
0.029401
0.034661
0.037783
0.044193
0.015102
0.020526
0.027429
0.032195
0.035647
0.042714
0.047152
0.047973
0.045837
0.028744
0.018554
0.022827
0.009021

Kurve 2

0.001132
-0.000183
0.001789
-0.000347
0.00294
0.000803
-0.000183
-0.000183
-0.000676
0.000146
-0.000347
0.001132
-0.003963
-0.000183
-0.002813
0.001132
-0.001334
0.001132
-0.000512
0.001296
-0.000347
-0.001005
0.002118
0.000639
0.000803
-1.9e-05
0.003104
0.003268
0.005405
-0.000183
0.00294
0.001954
-0.000347
-0.002648
0.000967
-0.001005
0.001296
0.000474
-0.000183
-0.000347
-0.000183
-0.000183
0.000803
-0.000841
-0.001005
-0.000512
-0.001169
-0.000183
-0.001827
-0.001169
-0.000183
-0.001498
-0.000676
0.003268
0.001132
-0.000676
0.002447
-0.000841
0.001296
0.002118
-0.000183
0.000146
0.000639
-0.001662
0.001132
-0.000512
-0.000183
0.00031
0.000803
-0.000183
0.007377
0.005734
0.002447
0.000639
-1.9e-05
0.000146
0.000967
0.003761
0.00146
0.00146
-0.000676
-0.000676
-0.00232
-1.9e-05
-0.000183
0.000146
-0.000183
0.001132
-0.001005
-0.001498
0.000967
-0.000512
-0.000183
-0.002977
-0.000183
-0.000183
-0.000183
0.002611
0.001296
0.000967
0.00031
-0.001498
-0.001498
-0.00232
0.000146
-0.000347
-0.000512
-0.000347
-1.9e-05
0.00031
0.00031
-0.000676
-0.000183
0.000146
-0.001005
-0.000347
-0.000183
-1.9e-05
-0.000347
0.00031
-0.000183
0.000146
-0.000347
-0.000347
-1.9e-05
-1.9e-05
-1.9e-05
-0.000183
-0.000347
-1.9e-05
-1.9e-05
0.000146
-0.000347
-0.000183
-0.000347
-0.000347
-0.000347
-0.000183
-1.9e-05
-1.9e-05
0.000146
-1.9e-05
-1.9e-05
-1.9e-05
-0.000183
-0.000347
-0.000183
-0.000512
-1.9e-05
-1.9e-05
-0.000183
-1.9e-05
-0.000183
-1.9e-05
-0.000183
-1.9e-05
-0.000183
-0.000347
-0.000347
-0.000183
-1.9e-05
-0.000183
-1.9e-05
-1.9e-05
-0.000183
-0.000183
-0.000347
-0.000347
-0.000347
-0.000347
-1.9e-05
-1.9e-05
-1.9e-05
-1.9e-05
-0.000183
-0.000183
-0.000183
-0.000183
-0.000347
-0.000347
-0.000347
-1.9e-05
-1.9e-05
-1.9e-05
-1.9e-05
-0.000183
-1.9e-05
-0.000183
-0.000183
-0.000183
-0.000347
-0.000183
-1.9e-05
-0.000183
-0.000183
0.000146
-0.000183
0.000146
-1.9e-05
-0.000347
-0.000183
-0.000347
-0.000347
-1.9e-05
-1.9e-05
-0.000183
-1.9e-05
0.000146
-0.000183
-0.000183
-0.000512
-0.000347
-0.000183
-0.000347
-0.000183
-1.9e-05
-0.000183
-1.9e-05
-0.000183
-1.9e-05
-0.000183
-0.000183
-0.000183
-0.000512
-0.000347
-1.9e-05
-0.000183
-1.9e-05
-0.000183
0.000146
-1.9e-05
-0.000183
-1.9e-05
-0.000347
-0.000347
-0.000347
-0.000183
-0.000183
-1.9e-05
-1.9e-05
-0.000183
-0.000183
-0.000183
-0.000347
-0.000347
-0.000347
-1.9e-05
-0.000347
-0.000183
-0.000512
-0.000183
-1.9e-05
-0.000347
-0.000183
-0.000347
-0.000183
-0.000347
-0.000347
-0.000183
-1.9e-05
0.000146
-0.000183
-1.9e-05
-1.9e-05
-0.000183
-0.000512
-0.000347
-0.000347
-0.000183
-1.9e-05
-0.000183
-1.9e-05
-0.000183
0.000146
-0.000183
-1.9e-05
-0.000347
-0.000347
-0.000347
-0.000347
-0.000347
-0.000183
-0.000183
-0.000183
-1.9e-05
-1.9e-05
-0.000183
-0.000183
-0.000183
-0.000512
-0.000512
-0.000347
-0.000183
-1.9e-05
-1.9e-05
0.000146
-1.9e-05
-0.000183
-0.000183
-0.000183
-0.000347
-0.000183
-0.000183
-0.000183
-1.9e-05
-0.000183
-1.9e-05
-1.9e-05
-1.9e-05
-1.9e-05
-1.9e-05
-0.000347
-0.000512
-0.000347
-0.000347
-0.000183
-1.9e-05
0.000146
-1.9e-05
-0.000183
-1.9e-05
-0.000347
-0.000347
-0.000347
-0.000183
-0.000183
-0.000183
-0.000183
-1.9e-05
-0.000183
-1.9e-05
0.000146
-0.000347
-0.000183
-0.000512
-0.000183
-0.000347
-0.000183
-0.000183
-0.000183
-1.9e-05
-0.000183
-0.000183
-0.000183
-0.000347
-0.000347
-0.000183
-0.000183
-0.000183
-1.9e-05
-0.000183
-0.000183
-0.000183
-0.000347
-0.000183
-0.000183
-0.000347
-0.000183
-0.000183
-0.000183
-1.9e-05
-0.000183
-0.000183
-0.000183
-0.000183
-0.000347
-0.000347
-0.000183
-0.000183
-0.000183
-1.9e-05
-1.9e-05
-0.000183
-1.9e-05
-0.000183
-0.000347
-0.000183
-0.000183
-0.000183
-0.000512
-0.000183
-1.9e-05
-0.000183
-1.9e-05
-1.9e-05
-0.000347
-0.000183
-0.000512
-0.000676
-0.000183
-0.000347
-0.000183
-0.000183
-1.9e-05
-1.9e-05
-1.9e-05
-0.000183
-0.000183
-0.000347
-0.000183
-0.000512
-0.000347
-0.000183
-0.000183
-0.000183
-0.000183
-0.000183
-0.000183
-0.000183
-0.000347
-0.000347
-0.000347
-0.000183
-0.000183
-1.9e-05
-0.000183
-0.000183
-1.9e-05
-0.000183
-0.000183
-0.000183
-0.000347
-0.000347
-0.000347
-0.000183
-0.000347
-0.000183
-0.000183
-0.000183
-0.000183
-0.000347
-0.000347
-0.000183
-0.000183
-0.000183
-0.000183
-0.000183
-0.000183
-1.9e-05
-1.9e-05
-0.000183
-0.000347
-0.000512
-0.000183
-0.000512
-0.000347
-0.000183
-1.9e-05
-0.000183
-1.9e-05
-0.000183
-0.000183
-0.000183
-0.000512
-0.000183
-0.000347
-0.000183
-0.000183
-0.000183
-0.000183
-0.000347
-0.000183
-0.000183
-0.000183
-0.000347
-0.000512
-0.000183
-0.000183
-0.000347
-0.000183
-0.000183
-0.000183
-0.000183
-0.000347
-0.000347
-0.000183
-0.000512
-0.000347
-0.000347
-0.000183
-0.000183
-1.9e-05
-1.9e-05
-0.000183
-0.000183
-0.000183
-0.000183
-1.9e-05
-0.000183
-0.000347
-1.9e-05
-1.9e-05
-1.9e-05
-0.000183
-1.9e-05
-0.000183
-0.000183
-0.000183
-0.000347
-0.000347
-0.000347
-0.000347
-0.000183
-0.000183
-1.9e-05
-1.9e-05
-0.000183
-1.9e-05
-0.000347
-0.000512
-0.000347
-0.000512
-0.000183
-0.000347
-1.9e-05
-0.000183
-1.9e-05
-1.9e-05
-1.9e-05
-1.9e-05
-0.000183
-0.000183
-0.000347
-0.000183
-0.000347
-0.000183
-1.9e-05
-0.000347
-0.000183
-0.000183
-0.000183
-0.000183
-0.000183
-0.000347
-0.000347
-0.000183
-1.9e-05
-0.000183
-1.9e-05
-0.000183
-1.9e-05
-0.000347
-0.000512
-0.000183
-0.000512
-0.000183
-0.000183
-0.000183
0.000146
-1.9e-05
-0.000183
-0.000183
-0.000347
-0.000347
-0.000347
-0.000183
-0.000347
-0.000183
-1.9e-05
-0.000347
-1.9e-05
-1.9e-05
-1.9e-05
-0.000347
-0.000183
-0.000183
-0.000676
-0.000183
-0.000183
-1.9e-05
-0.000183
0.000146
-1.9e-05
-1.9e-05
-0.000183
-0.000183
-0.000347
-0.000183
-0.000183
-0.000347
-1.9e-05
-0.000183
-1.9e-05
-1.9e-05
-0.000183
-0.000347
-0.000347
-0.000183
-0.000183
-1.9e-05
-0.000183
-1.9e-05
-0.000347
-1.9e-05
-1.9e-05
-0.000347
-0.000183
-0.000512
-0.000183
-0.000183
-0.000347
-0.000347
-0.000183
-0.000183
-0.000183
-1.9e-05
-1.9e-05
-0.000183
-0.000183
-0.000347
-0.000347
-0.000347
-0.000183
-0.000183
-1.9e-05
0.000146
-1.9e-05
-1.9e-05
-0.000183
-0.000183
-0.000347
-0.000347
-0.000512
-0.000183
-0.000183
-0.000183
-1.9e-05
-0.000183
-0.000183
-0.000183
-0.000347
-0.000183
-0.000183
-0.000512
-0.000183
-0.000183
-1.9e-05
-0.000183
-1.9e-05
-0.000183
-0.000183
-0.000512
-0.000512
-0.000347
-0.000512
-0.000183
-0.000183
-0.000183
-0.000183
-1.9e-05
-1.9e-05
-0.000183
-0.000347
-0.000512
-0.000512
-0.000347
-0.000183
-1.9e-05
-1.9e-05
-1.9e-05
-0.000183
-0.000183
-0.000347
-0.000183
-0.000347
-0.000183
-0.000183
-0.000183
-0.000183
-1.9e-05
-0.000183
-0.000183
-1.9e-05
-0.000347
-0.000183
-0.000183
-0.000347
-0.000347
-0.000183
-1.9e-05
-0.000183
-0.000183
-0.000183
-0.000183
-0.000183
-0.000347
-0.000512
-0.000183
-0.000183
-0.000347
-0.000183
-1.9e-05
-1.9e-05
-1.9e-05
-1.9e-05
-0.000183
-0.000512
-0.000183
-0.000512
-0.000183
-0.000347
-1.9e-05
-1.9e-05
-1.9e-05
-1.9e-05
-0.000183
-0.000183
-0.000183
-0.000347
-0.000347
-0.000347
-0.000183
-0.000183
-0.000183
-0.000183
-0.000183
-0.000183
-1.9e-05
-0.000347
-0.000347
-0.000347
-0.000183
-0.000347
-1.9e-05
-1.9e-05
0.000146
-1.9e-05
-0.000183
-0.000347
-0.000183
-0.000347
-0.000183
-0.000512
-0.000183
-0.000183
-1.9e-05
-0.000512
-1.9e-05
0.000146
-0.000183
-1.9e-05
-0.001005
-0.000183
0.000146
0.000146
0.000639
-1.9e-05
0.000639
0.001132
0.002282
-1.9e-05
0.001789
0.002447
0.002775
0.003926
0.001789
0.003597
0.006556
0.004255
0.002775
0.002118
0.001132
0.000146
0.000967
-0.000183
0.003761
0.00146
0.005241
0.002118
-1.9e-05
-1.9e-05
-1.9e-05
-0.000347
-0.000183
-1.9e-05
-0.000676
0.000146
-0.000841
0.001296
0.000146
0.003761
0.001954
0.002447
0.003433
0.00409
0.001132
-0.000347
-0.000183
-0.000347
-1.9e-05
-1.9e-05
0.000474
-0.001005
0.00031
-1.9e-05
-0.000512
-0.000183
0.002447
-0.000841
0.000146
-0.000183
0.00031
-1.9e-05
-0.000676
0.000639
-0.000347
0.00146
0.00409
0.00294
-0.003306
0.002447
-0.001005
-0.000347
-0.000183
-0.000183
-1.9e-05
-0.000183
0.001132
0.000474
-1.9e-05
0.002447
-1.9e-05
0.00031
0.000146
-0.000183
0.000803
-0.000676
0.000474
-0.000183
-0.000347
-0.000512
-0.002813
-0.000183
0.000146
-1.9e-05
-1.9e-05
-1.9e-05
-0.000183
0.000146
-0.000183
-0.000183
-0.000347
-0.000512
-0.000347
-0.000183
-1.9e-05
0.000146
-0.000183
-0.000183
-0.000183
-0.000183
-0.000183
-0.000183
-1.9e-05
-0.000183
-1.9e-05
0.000146
0.000146
-1.9e-05
-1.9e-05
-0.000183
-0.000183
-0.000183
-0.000183
-0.000512
-0.000183
-0.000183
0.000146
-0.000183
-0.000347
-1.9e-05
-0.000183
-1.9e-05
-0.000183
-0.000347
-0.000512
-0.000347
-0.000512
-0.000347
-0.000183
-0.000347
-1.9e-05
-0.000347
-0.000183
-0.000183
-0.000183
-0.000183
-1.9e-05
-1.9e-05
-1.9e-05
-1.9e-05
-0.000183
-1.9e-05
-0.000512
-1.9e-05
-0.000347
-0.000347
-0.000512
-0.000183
-0.000183
-0.000183
-1.9e-05
-0.000183
-1.9e-05
-0.000183
-0.000183
-0.000347
-0.000183
-0.000512
-0.000183
-0.000183
-0.000183
-1.9e-05
-0.000183
-0.000183
-0.000183
-0.000347
-0.000347
-0.000347
-0.000512
-0.000347
-0.000512
-1.9e-05
-1.9e-05
-0.000347
-1.9e-05
-0.000183
-0.000183
-0.000183
-0.000347
-0.000347
-0.000347
-0.000183
-1.9e-05
-0.000183
-0.000183
-1.9e-05
-0.000183
-0.000183
-0.000347
-0.000512
-0.000512
-0.000183
-0.000347
-0.000183
-0.000183
-0.000183
-1.9e-05
-0.000183
-0.000347
-0.000347
-0.000347
-0.000347
-0.000347
-0.000183
-0.000183
-0.000183
-0.000183
-0.000183
-1.9e-05
-0.000183
-0.000347
-0.000347
-0.000347
-0.000183
-0.000183
-0.000183
-0.000183
-0.000183
-0.000183
-1.9e-05
-0.000183
-0.000183
-0.000183
-0.000347
-0.000512
-1.9e-05
-0.000183
-1.9e-05
-0.000183
-1.9e-05
-0.000183
-0.000347
-0.000183
-0.000347
-0.000347
-1.9e-05
-0.000183
-1.9e-05
-0.000183
-0.000183
-1.9e-05
-0.000183
-0.000183
-0.000183
-0.000512
-0.000347
-0.000347
-0.000183
-0.000347
-1.9e-05
-1.9e-05
-0.000183
-0.000183
-0.000183
-0.000347
-0.000183
-0.000347
-0.000183
-1.9e-05
-0.000183
-1.9e-05
-1.9e-05
-0.000183
-1.9e-05
-0.000347
-0.000183
-0.000183
-0.000512
-0.000183
-0.000347
-0.000183
-0.000183
-1.9e-05
-0.000183
-0.000183
-0.000183
-0.000183
-1.9e-05
-0.000347
-0.000347
-1.9e-05
-0.000183
0.000146
-0.000183
-0.000183
-0.000347
-0.000183
-1.9e-05
-0.000347
-0.000183
-1.9e-05
-0.000183
-0.000183
-0.000183
-1.9e-05
-1.9e-05
-0.000347
-0.000347
-0.000512
-0.000512
-0.000183
-0.000512
-0.000183
-0.000183
-0.000183
-1.9e-05
-1.9e-05
-1.9e-05
-0.000347
-0.000347
-0.000183
-0.000347
-0.000183
-0.000183
-0.000183
-1.9e-05
-0.000183
-1.9e-05
0.000146
-0.000183
-0.000512
-0.000183
-0.000347
-0.000347
-0.000183
-0.000183
-0.000183
-0.000183
-0.000183
-0.000183
-0.000347
-0.000347
-0.000183
-0.000347
-0.000347
-0.000183
-0.000183
-0.000183
-0.000183
-0.000183
-1.9e-05
-0.000183
-0.000183
-0.000512
-0.000347
-0.000183
-0.000347
-1.9e-05
-1.9e-05
-0.000183
-0.000183
-1.9e-05
-0.000347
-0.000347
-0.000676
-0.000183
-0.000512
-0.000183
-0.000183
-1.9e-05
-0.000183
-0.000183
-0.000183
-0.000347
-0.000183
-0.000347
-0.000347
-0.000347
-1.9e-05
-0.000347
-0.000183
-1.9e-05
-1.9e-05
-0.000183
-0.000183
-0.000183
-1.9e-05
-0.000347
-1.9e-05
0.000146
-0.000183
0.00031
-0.000512
0.000639
0.000146
0.002118
0.005241
0.005076
0.00409
0.004912
0.003268
0.003926
0.004255
0.005734
0.006062
0.003597
0.007706
0.004419
0.006884
0.006391
0.013787
0.007213
0.007377
0.007542
0.00409
0.00787
0.004748
0.006884
0.006062
0.010336
0.011651
0.00787
0.011486
0.011815
0.007542
0.007377
0.006556
0.006884
0.00787
0.006227
0.008857
0.005898
0.00031
0.005405
0.009514
0.00672
0.009185
0.008528
0.008692
0.007706
0.008857
0.00787
0.008692
0.007377
0.005569
0.010007
0.003926
0.004912
0.005569
0.006884
0.004583
0.006391
0.004419
0.00409
0.005405
0.00294
0.006062
0.004748
0.006391
0.008363
0.010664
0.010007
0.007377
0.008528
0.008857
0.00672
0.004912
0.003926
0.008199
0.004912
0.00672
0.003761
0.008035
0.005076
0.005898
0.005241
0.00672
0.006227
0.007213
0.008035
0.005076
0.009678
0.009843
0.013787
0.009185
0.0105
0.009514
0.011651
0.008857
0.00935
0.00935
0.009678
0.010336
0.013623
0.012308
0.011158
0.013952
0.0105
0.012472
0.011651
0.013294
0.015431
0.016581
0.023649
0.031209
0.034661
0.041399
0.04748
0.049946
0.055863
0.058657
0.061286
0.063916
0.069997
0.074106
0.079694
0.083475
0.084461
0.089391
0.093993
0.095801
0.098595
0.101718
0.100403
0.105663
0.108457
0.111908
0.11158
0.11536
0.118811
0.120126
0.12177
0.124071
0.122756
0.123085
0.124235
0.126536
0.125057
0.12818
0.130645
0.132782
0.134097
0.13459
0.139356
0.137219
0.139356
0.140671
0.141821
0.136891
0.138041
0.100732
0.001132
-0.000347
-0.000347
-0.000183
-0.000183
-0.000183
-0.000183
-0.000183
-1.9e-05
-1.9e-05
-0.000183
-0.000347
-0.000512
-0.000183
-0.000347
-0.000347
-0.000183
-0.000183
-0.000183
-0.000183
-1.9e-05
-0.000347
-0.000183
-0.000347
-0.000347
-0.000347
-0.000183
-1.9e-05
-1.9e-05
-0.000183
-0.000183
-0.000183
-1.9e-05
-0.000347
-0.000347
-0.000347
-0.000183
-1.9e-05
-0.000183
-1.9e-05
-0.000183
-0.000183
-1.9e-05
-0.000347
-0.000183
-0.000347
-0.000347
-0.000183
-0.000183
-0.000183
-0.000183
-1.9e-05
-1.9e-05
-0.000183
-0.000183
-0.000347
-0.000512
-0.000512
-0.000512
-0.000183
-0.000183
-1.9e-05
-1.9e-05
-0.000183
-1.9e-05
-0.000183
-0.000347
-0.000183
-0.000183
-0.000183
-0.000347
-0.000183
-1.9e-05
-1.9e-05
-0.000183
-0.000183
-0.000183
-1.9e-05
-0.000347
-0.000347
-0.000347
-0.000183
-1.9e-05
-1.9e-05
-0.000183
0.000146
-1.9e-05
-0.000183
-0.000347
-0.000347
-0.000347
-0.000347
-0.000347
-1.9e-05
-1.9e-05
-1.9e-05
-1.9e-05
-0.000183
-0.000347
-0.000183
-0.000183
-0.000347
-0.000183
-0.000183
-1.9e-05
-0.000183
-0.000183
0.000146
-0.000183
-0.000183
-0.000183
-0.000347
-0.000347
-0.000183
-1.9e-05
-1.9e-05
-0.000183
0.000146
-1.9e-05
0.000146
-0.000183
-0.000183
-0.000183
-0.000512
-1.9e-05
-0.000183
-1.9e-05
-1.9e-05
0.000146
0.000146
-0.000183
-1.9e-05
-0.000183
-0.000347
-1.9e-05
-0.000347
-0.000183
-0.000183
-0.000183
-0.000183
0.000146
-0.000183
-0.000183
-0.000183
-0.000183
-0.000347
-0.001334
-0.000183
-1.9e-05
-1.9e-05
-1.9e-05
0.00294
-1.9e-05
-1.9e-05
-0.000183
-0.000183
-0.001169
-0.002813
-1.9e-05
-0.000347
-1.9e-05
-0.000183
-1.9e-05
-0.000183
-1.9e-05
-0.000183
-0.000347
-0.000347
0.000146
-0.000183
-0.000183
-0.000183
-1.9e-05
-0.000183
-0.000183
-0.000347
-0.000347
-0.000183
-0.000347
-1.9e-05
-0.000347
-0.000183
-0.000183
-1.9e-05
-0.000183
-1.9e-05
-1.9e-05
-0.000183
-0.000183
-0.000347
-0.000512
-1.9e-05
-0.000183
-1.9e-05
-1.9e-05
-1.9e-05
-1.9e-05
-0.000183
-0.000183
-1.9e-05
-0.000183
-0.000512
-0.000183
-0.000183
-1.9e-05
-0.000183
-1.9e-05
-0.000183
-0.000183
-0.000347
-0.000183
-0.000512
-0.000183
-0.000183
-0.000183
-0.000183
-0.000183
-1.9e-05
-1.9e-05
-1.9e-05
-0.000183
-1.9e-05
-0.000183
-0.000347
-0.000183
-0.000183
-1.9e-05
-1.9e-05
-0.000183
-0.000183
-0.000183
-0.000347
-0.000183
-0.000347
-0.000347
-0.000347
-0.000183
-0.000183
-1.9e-05
-0.000183
-1.9e-05
-0.000512
-0.000183
-0.000347
-0.000183
-0.000512
-0.000512
-0.000183
-0.000183
-1.9e-05
-0.000183
0.000146
-0.000347
-0.000347
-0.000183
-0.000183
-0.000183
-0.000183
-0.000183
-0.000183
-1.9e-05
-0.000183
-1.9e-05
-1.9e-05
-0.000347
-0.000512
-0.000183
-0.000183
-1.9e-05
0.002282
0.000146
0.002118
0.000474
0.007706
0.005405
0.005241
0.002118
0.004255
0.008857
0.008528
0.005569
0.009185
0.015102
-0.001005
0.001625
0.003433
0.009843
0.012308
0.009021
0.013294
0.015595
0.018882
0.011815
0.002775
0.005241
0.009514
0.003433
0.008035
0.011979
0.013623
0.017074
0.011979
0.005405
0.005405
0.004748
0.000967
0.003597
0.00146
-0.000183
0.002447
-0.000841
-1.9e-05
0.000474
0.001625
0.005898
0.006391
0.004419
0.00146
0.000146
0.000639
0.002775
-0.002155
-0.000347
-0.001169
-0.000183
0.00031
0.000639
0.000967
0.000146
-0.002813
-0.000183
0.005569
-0.000183
-0.000347
-0.001498
-1.9e-05
-0.000183
0.000146
-0.000183
-0.000183
0.000146
-0.000347
-0.000183
-0.000347
-0.000347
-0.000183
-1.9e-05
-0.000183
-1.9e-05
-0.000183
0.000146
-1.9e-05
-0.000183
-0.000183
-0.000512
-0.000512
-0.000347
-0.000183
-0.000347
-1.9e-05
-0.000183
-1.9e-05
-1.9e-05
-0.000183
-0.000183
-0.000347
-0.000347
-0.000183
-1.9e-05
-0.000183
-0.000183
-1.9e-05
-1.9e-05
-0.000183
-0.000183
-0.000183
-0.000183
-0.000183
-1.9e-05
-0.000183
0.000146
-0.000183
0.000146
-1.9e-05
-0.000183
-1.9e-05
-0.000347
-0.000183
-0.000512
-0.000676
-0.000183
0.00146
0.000639
-1.9e-05
0.000967
0.001296
0.005898
0.013459
0.011979
0.019375
0.024964
0.026443
0.029072
0.02973
-0.000676
0.003268
0.000146
-1.9e-05
0.000146
0.001789
0.002611
0.000146
0.00146
0.00031
0.002447
0.00672
0.002447
0.005898
0.014938
0.020362
0.027429
0.02973
0.03992
0.042057
0.046166
0.05011
0.052082
0.05915
0.058985
0.058657
0.069669
0.058657
0.046494
0.045508
0.032031
-1.9e-05
-0.000183
-0.000347
0.003268
0.002611
-0.00232
-1.9e-05
0.00294
0.008692
0.005241
0.010007
0.016088
0.018882
0.02595
0.020855
0.026607
0.016253
0.017239
0.021183
0.02595
0.028908
0.001132
0.006884
0.013623
0.020197
0.026278
0.032853
0.039591
0.043371
0.049781
0.055863
0.061615
0.061451
0.062108
0.068189
0.068354
0.070819
0.072956
0.076407
0.076243
0.076243
0.000639
-0.0061
0.003268
0.002775
0.013459
0.012144
0.01428
-0.001169
0.010336
0.001954
0.00935
0.013623
0.015595
0.0271
0.031373
0.036469
0.043043
0.047809
0.047973
0.056027
0.058985
0.063587
0.067203
0.072791
0.076079
0.080845
0.08594
0.087255
0.091364
0.094322
0.098431
0.101061
0.10517
0.106978
0.11158
0.109279
0.118976
0.113388
0.000146
0.004255
0.012637
0.007213
0.015431
0.021183
0.020362
0.022991
0.016746
0.023813
0.029237
0.035975
0.033839
0.034332
0.026114
0.00031
-0.003142
0.00031
0.000146
-0.000676
0.003268
0.007213
0.005241
0.003926
0.000639
-1.9e-05
-0.000347
-0.000183
0.00031
-0.000512
-0.000183
-0.000347
-0.000183
0.000146
0.001789
0.000474
0.002447
0.008857
0.018718
0.02069
0.027593
0.003761
0.009185
0.015102
0.019868
0.027758
0.005569
0.005898
0.009843
0.020362
0.022169
0.030059
0.036469
0.043371
0.047152
0.049124
0.032195
0.038934
0.043207
0.048302
0.057013
0.059807
0.065067
0.067368
0.072956
0.072956
0.071477
0.072956
0.078873
0.081995
0.082653
0.07838
0.00935
-0.000512
0.000146
-0.000183
-1.9e-05
0.000146
0.000146
0.000146
0.001132
0.002775
0.003104
0.005405
0.002611
0.001789
0.003433
0.002447
0.00409
0.00294
0.00294
0.002118
0.003104
0.001789
0.002447
0.001296
0.002447
0.001954
0.002775
-0.003306
0.000146
0.000803
0.001296
0.000639
0.001954
0.001296
0.002282
-0.000183
0.001954
0.001625
0.00031
0.002118
0.001954
0.002118
0.000639
0.004255
0.002118
0.001132
0.002118
0.001625
0.001296
0.001954
0.002118
0.001296
0.003104
0.001954
0.003268
0.000474
-0.000347
-1.9e-05
-0.000183
-0.000183
-1.9e-05
-0.001169
0.002775
-0.003963
0.000803
0.000639
0.001789
0.001789
0.000146
0.004583
-0.000512
0.002775
0.000474
0.001789
0.001132
0.000146
-0.001005
0.001789
0.000967
0.003268
-0.001991
-1.9e-05
0.002447
-0.001827
0.002118
-0.000512
0.000474
-0.000183
0.000639
-0.000347
0.002775
-0.000512
0.002282
0.000803
0.002447
0.000639
0.000967
0.001296
0.001132
0.000803
0.000474
0.00146
0.000474
0.001625
-1.9e-05
0.004419
0.002447
0.002611
-1.9e-05
0.002775
-1.9e-05
0.001132
0.002282
-0.000676
-0.000347
-0.001662
0.003104
0.001789
0.00294
0.002447
0.000146
0.000474
0.001789
0.00031
0.00294
0.000967
0.003104
0.003926
0.001296
0.002118
0.001132
0.000474
0.000803
0.001625
-0.000347
0.003926
-1.9e-05
0.002118
0.000639
0.004748
-1.9e-05
0.00787
0.006227
0.008692
0.016088
0.021183
0.027758
0.03236
0.037455
0.045015
0.049617
0.05389
0.061122
0.064574
0.068025
0.065724
0.069669
0.071641
0.073449
0.077229
0.080845
0.083968
0.087912
0.090542
0.090378
0.090706
0.089885
0.084954
0.006391
0.008199
0.003433
0.001132
0.000967
0.001625
0.007049
0.01313
0.01428
0.008363
0.013294
0.013623
0.014773
0.003268
0.012144
0.012965
0.015924
0.019375
0.024306
0.007706
0.001132
0.006062
0.005241
0.007542
0.004583
0.0105
0.002611
0.007213
0.01428
0.019704
0.020526
0.024799
0.016581
0.01313
0.01313
0.010336
0.004912
0.003104
0.00935
0.00294
0.001132
0.006391
0.007706
0.00146
0.010993
0.013787
0.01691
0.019868
0.022827
0.022169
0.011322
0.000803
0.002118
-0.000183
0.000146
0.00409
0.002118
-0.00232
0.003104
0.010171
0.013952
0.018061
0.001625
0.000803
-0.001005
0.001296
0.005569
0.00787
0.005405
-1.9e-05
-0.000347
-1.9e-05
-0.000183
0.000967
-0.000347
0.00031
0.003268
0.00031
0.01691
0.022169
0.026114
0.032195
0.033346
0.034661
0.032688
0.037455
0.044686
0.045672
0.051096
0.054876
0.056356
0.061122
0.066546
0.070326
0.074599
0.076407
0.077229
0.083146
0.081667
0.077229
0.069833
0.025292
0.008857
0.013787
0.01691
0.023156
0.021841
0.026936
0.036962
0.040742
0.04633
0.050932
0.044193
0.001625
0.00031
-0.000183
0.00031
-0.000512
-0.000183
-0.000347
-0.000512
-0.000183
-0.000183
0.00031
0.00031
-1.9e-05
0.000474
-0.000183
-1.9e-05
0.000474
-0.000347
-1.9e-05
0.000474
-0.000347
0.000146
0.000474
-0.000676
0.001625
-0.001169
0.000803
-0.000183
-0.000841
0.008035
-0.000841
0.001625
0.002611
0.009021
0.00146
0.00146
-1.9e-05
-0.000183
-0.000347
-0.000347
-0.000347
-0.000676
-0.000183
-1.9e-05
-0.000183
-1.9e-05
0.000146
-1.9e-05
-0.000183
-1.9e-05
-0.000183
-0.000183
-1.9e-05
-0.000183
0.000146
-0.000183
-1.9e-05
-0.000183
0.000146
-0.000347
-0.000512
-0.000183
-0.000512
-0.000512
0.00031
-1.9e-05
-0.000183
0.000146
-0.000183
0.000146
-1.9e-05
-0.000183
-0.000512
-0.000183
-0.000676
0.00031
-0.000512
0.000146
-1.9e-05
0.000146
-0.000183
-0.000183
-0.000183
-0.000347
-0.000183
-0.000183
-1.9e-05
-0.000183
-1.9e-05
-0.000183
-1.9e-05
-0.000183
-0.000347
-0.000183
-0.000347
-0.000512
-0.000347
-1.9e-05
-0.000183
-1.9e-05
-1.9e-05
0.000146
-0.000347
-0.000183
-0.000347
-0.000347
-0.000347
-0.000347
-0.000183
-0.000183
-1.9e-05
-0.000183
-0.000183
-0.000183
-0.000183
-0.000183
-0.000347
-0.000347
-1.9e-05
-0.000183
-0.000183
-1.9e-05
0.000146
-0.000183
-1.9e-05
-1.9e-05
-0.000347
-0.000183
-0.000183
-0.000347
-1.9e-05
-1.9e-05
-1.9e-05
-0.000183
-1.9e-05
-0.000183
-0.000512
-0.000183
-0.000183
-0.000512
-0.000512
-0.000183
-1.9e-05
-0.000183
-0.000183
-1.9e-05
-0.000183
-0.000183
-0.000183
-0.000347
-0.000183
-0.000183
-0.000183
-0.000347
-0.000183
-1.9e-05
-0.000183
-0.000183
-0.000183
-0.000347
-0.000347
-0.000676
-0.000512
-1.9e-05
-0.000183
0.000146
-1.9e-05
0.000146
-0.000512
0.001789
0.001625
0.003268
0.000639
0.006884
-0.002813
0.000639
0.004912
-1.9e-05
0.001789
-0.000183
0.001954
0.00031
0.00409
0.004912
0.003597
0.00146
0.003104
-1.9e-05
0.00031
0.000639
0.000474
0.00031
-0.000512
0.000146
0.000146
-0.000183
-1.9e-05
0.000146
-0.000347
0.00031
-0.000183
0.00146
-0.000512
0.000803
-1.9e-05
0.000146
-0.000676
-1.9e-05
-1.9e-05
0.00031
-0.000183
-0.000183
-0.000183
-0.000183
0.000146
-0.000512
0.000146
0.003268
-1.9e-05
-0.000183
0.000474
0.000146
0.000146
0.000146
-1.9e-05
-0.000183
-1.9e-05
-1.9e-05
0.000967
0.000474
-0.000676
0.001132
-1.9e-05
-0.000183
-0.000347
-0.000183
0.000639
0.000803
0.00146
-0.001334
-0.000183
-0.000347
0.000146
-0.000183
-1.9e-05
-0.000512
-0.000183
-0.000347
-0.000183
-0.000347
-0.000676
-0.000183
-0.000183
-1.9e-05
-1.9e-05
0.000146
-0.000347
-1.9e-05
0.000146
-1.9e-05
-0.000347
-0.000183
-0.000183
-0.000347
-1.9e-05
0.000146
-0.000183
-1.9e-05
-1.9e-05
-1.9e-05
-0.000183
-0.000183
-0.000183
-0.000183
-0.000183
-0.000183
-1.9e-05
-1.9e-05
-1.9e-05
-1.9e-05
-1.9e-05
-0.000347
-0.000347
-0.000183
-0.000183
-0.000183
-1.9e-05
-1.9e-05
-1.9e-05
0.000146
-0.000183
-0.000347
-0.000347
-0.000347
-0.000347
-0.000183
-0.000183
-1.9e-05
0.000146
-1.9e-05
0.000146
-0.000183
-1.9e-05
-0.000347
-0.000183
-0.000183
-0.000183
-1.9e-05
-0.000183
-1.9e-05
-1.9e-05
-1.9e-05
0.000146
-0.000183
-0.000347
-0.000183
-0.000183
-0.000183
-1.9e-05
-0.000183
-1.9e-05
-0.000183
-1.9e-05
-0.000183
-0.000347
-0.000183
-0.000183
-0.000347
-0.000183
-0.000183
-1.9e-05
-1.9e-05
-1.9e-05
-1.9e-05
-0.000183
-0.000183
-0.000347
-0.000183
-0.000183
-0.000183
-0.000183

Kurve 3

0.008363
0.009185
0.009185
0.008199
0.006884
0.009843
0.001625
0.00294
-0.000183
0.001296
0.001954
0.001296
0.000474
0.003597
0.003268
0.002118
0.001789
0.002447
0.005734
-0.001662
0.006227
0.003104
0.006062
0.005076
0.00787
0.008363
0.008692
0.009021
0.009678
0.008857
0.010007
0.00935
0.011979
0.009678
0.010993
0.003926
0.000803
-1.9e-05
-0.000183
-0.001827
0.00146
0.00031
-0.000676
0.002775
0.006062
0.005734
0.004255
0.011322
-0.000841
-0.000512
-0.001991
0.003433
0.001132
0.008692
0.007706
0.006062
0.007377
0.004912
0.008857
0.008199
-0.000183
0.000474
0.00031
-0.000512
-0.000183
-0.000183
0.002447
-0.000347
-0.002484
0.003268
0.000803
0.003597
0.005076
0.006062
0.003597
0.004255
0.005405
0.00294
0.003104
0.002775
0.002282
0.00294
0.001954
0.000146
0.001625
-1.9e-05
0.000474
0.000803
-0.001498
0.001132
-0.001334
-0.000512
-0.000512
-0.000676
0.000146
0.00031
-1.9e-05
-1.9e-05
0.000146
-0.000347
-0.000183
-1.9e-05
-1.9e-05
-0.000347
-0.000183
-1.9e-05
-0.000183
-0.000183
-1.9e-05
-0.000183
-0.000183
-1.9e-05
-1.9e-05
-0.000183
-0.000347
-0.000512
-0.000183
-0.000183
-0.000512
-0.000183
-0.000183
-1.9e-05
-1.9e-05
-0.000183
-0.000183
-0.000512
-0.000512
-0.000512
-0.000183
-0.000183
-0.000183
-0.000183
-1.9e-05
0.000146
0.000146
-0.000183
0.000146
-0.000512
-0.000183
-0.000512
-0.000183
0.000146
0.000639
0.001954
0.00146
0.001296
0.000639
-0.000512
0.000639
0.00031
-0.000512
-0.000841
-1.9e-05
-0.000183
0.000146
0.000146
-0.000183
-1.9e-05
-0.000183
-0.000347
-0.000347
-0.000347
-0.001169
0.000639
0.00031
0.001132
0.001296
-0.00232
0.002447
0.000474
0.001132
0.001296
0.000639
0.000146
0.000474
0.000639
-0.000183
0.000146
-0.000183
0.001625
-0.002648
-0.000183
-0.000676
0.001625
0.000474
-0.000347
-1.9e-05
-0.000183
0.002611
0.001625
0.00294
-0.001827
-0.001334
0.000146
-0.000676
-0.000512
0.000803
0.000146
0.000474
0.001132
0.00146
-0.000347
-0.000183
-0.000183
-0.000183
-1.9e-05
0.000639
0.000803
0.000146
-1.9e-05
0.00031
-1.9e-05
-1.9e-05
-0.000183
-0.000183
-0.000347
-0.000347
-0.000512
-1.9e-05
-0.000183
0.000146
-1.9e-05
0.000146
-0.000183
-0.000183
-0.000347
-1.9e-05
-0.000676
-0.000183
-0.000183
-0.000183
-1.9e-05
-1.9e-05
-0.000183
-1.9e-05
-0.000676
-0.000676
-0.000347
-0.001005
-0.000512
0.000146
-0.000512
0.000146
0.000146
-0.000347
-1.9e-05
-0.000347
-0.000183
-0.000183
-0.000347
-0.000347
-0.000183
-0.000347
-0.000183
-1.9e-05
-1.9e-05
-0.000183
-0.000183
-0.000183
-0.000347
-1.9e-05
-0.000183
-0.000183
-1.9e-05
-0.000183
-1.9e-05
0.000146
-0.000347
-1.9e-05
-0.000183
-0.000183
-0.000183
-0.000512
-0.000183
-1.9e-05
-0.000183
-1.9e-05
-1.9e-05
-0.000183
-0.000183
-0.000347
-0.000347
-0.000347
-0.000347
-0.000183
-0.000183
-1.9e-05
-0.000183
-1.9e-05
-0.000183
-0.000183
-0.000183
-0.000183
-0.000347
-1.9e-05
-0.000347
-0.000183
-1.9e-05
-0.000183
-0.000183
-0.000183
-0.000347
-0.000183
-0.000512
-0.000512
-0.000347
-0.000183
-1.9e-05
-0.000183
-0.000183
-1.9e-05
0.000146
-0.000347
-0.000347
-0.000512
-0.000347
-0.000512
-0.000183
-0.000183
-0.000183
-1.9e-05
-1.9e-05
-1.9e-05
-0.000183
-0.000183
-0.000512
-0.000347
-0.000347
-0.000347
-1.9e-05
-1.9e-05
-0.000183
-0.000183
-0.000183
-1.9e-05
-0.000347
-0.000347
-0.000347
-0.000183
-0.000347
-0.000183
-1.9e-05
-1.9e-05
0.000146
-0.000183
-0.000183
-0.000512
-0.000183
-0.000183
-0.000347
-0.000183
-0.000183
-0.000347
-1.9e-05
0.000146
-0.000347
-1.9e-05
-0.000183
-0.000512
-0.000183
-0.000347
-0.000183
-0.000183
-0.000347
-1.9e-05
-1.9e-05
-0.000183
-0.000347
-0.000183
-0.000347
-0.000512
-0.000183
-0.000183
-1.9e-05
-0.000347
-0.000183
-0.000183
-1.9e-05
-0.000347
-0.000347
-0.000183
-0.000347
-0.000347
-1.9e-05
-0.000183
-1.9e-05
-0.000183
-0.000183
0.000146
-0.000347
-0.000183
-0.000347
-0.000183
-0.000183
-0.000347
-0.000183
-1.9e-05
-0.000183
-0.000183
-1.9e-05
-0.000347
-0.000347
-0.000183
-0.000347
-0.000347
-0.000347
-0.000347
-0.000183
-1.9e-05
-0.000183
-0.000183
-0.000183
-0.000512
-0.000347
-1.9e-05
-0.000347
-0.000183
-0.000183
-1.9e-05
-0.000183
-1.9e-05
-1.9e-05
-0.000347
-0.000347
-0.000347
-0.000512
-0.000512
-1.9e-05
-1.9e-05
-1.9e-05
-0.000183
-1.9e-05
-0.000183
-0.000347
-0.000347
-0.000347
-0.000512
-1.9e-05
-0.000347
-1.9e-05
-0.000183
-0.000347
0.000146
0.000146
-0.000183
-0.000347
-0.000347
-0.000347
-0.000512
-0.000183
0.000146
-0.000183
-1.9e-05
-0.000183
-1.9e-05
-0.000183
-0.000347
-0.000183
-0.000183
-0.000183
-0.000347
-1.9e-05
-0.000183
-1.9e-05
-1.9e-05
-0.000183
-1.9e-05
-0.000183
-0.000183
-0.000347
-0.000512
-0.000183
-0.000183
-0.000183
-1.9e-05
-1.9e-05
-1.9e-05
-0.000183
-0.000183
-0.000347
-0.000183
-0.001169
-0.000512
-0.000347
-0.000347
-0.000183
0.00031
0.000639
0.000474
-0.000347
-1.9e-05
-0.000676
-0.000347
-0.000512
0.000146
-0.000183
-0.000183
-0.000183
0.000146
0.000146
-0.000347
-0.000347
-0.000347
-0.000512
-0.000347
-0.000183
-0.000183
-0.000183
-0.000183
0.000146
-0.000183
-0.000183
-0.000512
-0.000347
-0.000512
-0.000183
-0.000183
-0.000183
-1.9e-05
-0.000183
-0.000183
-0.000183
-0.000347
-0.000183
-0.000347
-0.000347
-0.000183
-0.000347
-0.000183
-1.9e-05
-1.9e-05
-1.9e-05
-1.9e-05
-0.000183
-0.000347
-0.000347
-0.000347
-0.000512
-0.000347
-1.9e-05
-0.000183
-1.9e-05
-1.9e-05
-0.000347
-0.000183
-0.000512
-0.000512
-0.001662
0.002282
-0.000512
0.001132
-0.000512
0.001789
-0.002155
-0.001005
-1.9e-05
0.000967
0.001132
0.001954
0.001625
0.000146
0.00031
-0.001005
0.00031
-0.000347
-0.000512
-0.000841
0.00294
-0.001498
0.000474
-0.002648
0.002118
0.00031
0.000639
0.001625
0.000474
-1.9e-05
-0.000183
-0.000347
-0.000676
-0.000347
-0.000183
-0.000183
0.001789
0.00146
0.000474
0.002447
0.008692
0.006062
0.005898
0.006556
-0.000512
0.005569
0.00409
0.004419
0.00146
0.003597
0.00146
-0.001334
0.003268
-0.001662
-0.001334
0.000474
0.001296
0.000146
0.001625
0.000474
-0.002484
0.002775
0.001132
0.002282
0.000474
0.000803
-0.000183
0.001132
0.001789
0.001296
-0.000183
-0.000183
-0.000183
-0.000183
-0.000347
-0.000347
-0.000512
-0.000347
-0.000347
-1.9e-05
-0.000183
-0.000183
-0.000183
-1.9e-05
-0.000183
-0.000183
-0.000183
-0.000512
-0.000347
-0.000347
-0.000347
-0.000183
-1.9e-05
-1.9e-05
-0.000183
0.000639
-0.000841
0.003268
-0.000183
0.001132
0.001789
-0.000512
-1.9e-05
0.000146
-1.9e-05
-1.9e-05
-0.000183
-0.000183
-0.000183
-0.000183
-0.000183
-0.000183
-1.9e-05
-0.000183
-1.9e-05
-1.9e-05
-1.9e-05
-0.000512
-0.000347
-0.000347
-0.000347
-0.000347
-0.000183
-1.9e-05
-0.000183
-0.000183
-1.9e-05
0.00146
0.000146
0.000639
0.000146
-0.000347
-0.000347
-0.000183
-0.000183
0.00031
-0.000512
0.000146
-0.000841
-1.9e-05
0.000146
-0.000512
-0.001005
-0.000183
-0.001827
-0.000347
-1.9e-05
0.00031
-0.000183
0.000146
-1.9e-05
-1.9e-05
-0.000183
-0.000347
-0.000347
-0.000512
0.000146
-0.000183
-1.9e-05
-0.000183
0.000146
0.000146
-0.001005
0.00031
-1.9e-05
-0.000512
0.001132
-0.000347
-0.000183
-1.9e-05
-0.000347
0.000146
-0.000183
-1.9e-05
-0.000347
-0.000183
-0.000512
-0.000347
-1.9e-05
-0.000347
-1.9e-05
-0.000183
-1.9e-05
-0.000183
-0.000183
-0.000183
-0.000183
-0.000347
-0.001169
-1.9e-05
-1.9e-05
-0.000183
-1.9e-05
-0.000183
-0.001334
0.000803
-0.000512
-0.000183
-0.000183
0.003433
-0.000347
-1.9e-05
0.000146
-0.000183
-0.000183
-0.000183
-0.000347
0.000146
-0.000347
-0.000183
0.00031
-0.000183
-0.000183
-1.9e-05
-1.9e-05
-1.9e-05
-1.9e-05
-0.000183
-0.000512
-0.000183
-0.000183
-0.000676
-1.9e-05
-0.000183
-1.9e-05
-0.000183
-0.000183
-0.000183
-0.000183
-0.000347
-0.000347
-0.000347
-0.000347
-0.000183
-0.000347
-0.000347
-0.000183
-1.9e-05
-0.000183
-0.000347
-0.000347
-0.000183
-0.000347
-0.000512
-0.000183
-1.9e-05
-1.9e-05
-0.000183
-0.000183
-1.9e-05
-0.000183
-0.000347
-0.000347
-0.000347
-0.000512
-0.000512
-0.000183
-0.000183
-0.000347
-0.000183
-1.9e-05
-1.9e-05
-0.000512
-1.9e-05
-0.000347
-0.000347
-0.000512
0.000146
0.000474
0.000474
-1.9e-05
0.000146
-1.9e-05
-0.000347
-0.000347
-0.000512
-0.000347
-0.000183
-0.000347
-0.000183
-1.9e-05
-0.000183
-0.000183
-0.000183
-1.9e-05
-0.000512
-0.000512
-0.000183
-0.000183
-0.000183
-0.000183
-0.000183
-0.000183
0.000146
-1.9e-05
-0.000183
-0.000183
-0.000183
-0.000347
-0.000183
-0.000347
0.000146
-0.000347
0.000146
-0.000183
0.000146
-0.000347
-0.000183
-0.000183
-0.000347
-0.000183
-0.000347
-0.000183
-0.000183
0.000146
-1.9e-05
-0.000183
-0.000183
-0.000347
-0.000347
-0.000347
-1.9e-05
-1.9e-05
-0.000183
-1.9e-05
-1.9e-05
-1.9e-05
-1.9e-05
-1.9e-05
-0.000347
-0.000347
-0.000183
-0.000347
-1.9e-05
0.000146
-1.9e-05
-0.000183
-1.9e-05
0.000146
-0.000347
-0.000347
-0.000183
-0.000347
-0.000183
-0.000183
-0.000183
-0.000183
-1.9e-05
-0.000183
-0.000347
-0.000347
-0.000183
-0.000347
-0.000183
-0.000512
-0.000183
-1.9e-05
-1.9e-05
-0.000347
-1.9e-05
-0.000183
-0.000183
-0.000183
-0.000347
-0.000183
-0.000512
-0.000183
-0.000183
-0.000183
-0.000183
-1.9e-05
-0.000183
-1.9e-05
-0.000183
-0.000347
-0.000347
-0.000183
-0.000183
-0.000183
-1.9e-05
-0.000347
-0.000183
-1.9e-05
-0.000183
-0.000347
-0.000183
-0.000183
-0.000347
-0.000183
-0.000183
-0.000183
-0.000183
-0.000183
-0.000183
-0.000347
-0.000512
-0.000347
-0.000183
-0.000512
-0.000183
-1.9e-05
-0.000183
-0.000183
0.000146
-1.9e-05
-1.9e-05
-0.000347
-0.000183
-0.000512
-0.000347
-0.000183
-1.9e-05
-1.9e-05
-0.000183
-0.000183
-1.9e-05
-0.000183
-0.000347
-0.000347
-0.000347
-0.000347
-1.9e-05
-1.9e-05
-0.000183
-0.000183
-1.9e-05
-1.9e-05
-1.9e-05
-0.000347
-0.000183
-0.000183
-0.000347
-0.000183
-0.000183
-0.000347
-0.000183
0.001132
0.001625
0.001789
0.003761
0.001789
0.002282
0.00031
0.000146
0.002118
0.001132
0.00294
0.000967
-0.000183
0.002447
-0.001334
-1.9e-05
0.000967
0.001625
0.003104
0.001132
0.000639
0.000803
-0.001827
0.000639
-1.9e-05
0.00031
-0.000347
0.00031
-0.000512
0.00031
-0.000183
0.000639
0.000146
-0.000347
0.000146
-0.000183
-0.000347
-0.000183
0.000639
0.000146
-0.000183
-1.9e-05
0.000146
0.000146
-1.9e-05
-0.000183
-0.000347
-0.000183
-0.000347
-0.000347
-0.000347
-0.000183
-0.000183
-1.9e-05
-1.9e-05
-1.9e-05
-0.000183
-1.9e-05
-0.000347
-0.000347
-0.000347
-0.000347
0.000146
-0.000183
-1.9e-05
-1.9e-05
0.000146
-1.9e-05
-1.9e-05
-0.000512
-0.000183
-0.000347
0.000146
-1.9e-05
0.000146
-1.9e-05
-1.9e-05
0.000146
0.000146
-1.9e-05
-1.9e-05
-0.000183
-1.9e-05
0.000639
-1.9e-05
-1.9e-05
0.000639
0.000474
-0.000183
-0.000512
-0.000183
0.000639
0.003926
-0.000512
-0.001991
0.001132
0.001132
-0.001334
0.006391
0.002775
0.001132
0.003104
0.005076
0.008857
0.007706
0.006556
0.000803
0.006556
0.012472
0.000803
0.00672
0.014116
0.018718
0.017403
0.003433
0.004583
0.000639
0.002611
0.000639
0.001954
-0.001169
0.00031
-0.000512
-0.000183
-0.000183
0.000967
-0.000183
-1.9e-05
-0.000347
0.000146
0.00031
-1.9e-05
-0.000183
0.000146
0.000146
-0.000347
-0.000183
-0.000347
-0.000347
-0.000512
-1.9e-05
0.000146
-1.9e-05
0.000146
0.000146
-0.000183
-0.000183
-1.9e-05
-0.000183
-0.000347
-0.000183
-1.9e-05
-0.000183
-0.000183
-1.9e-05
0.000146
0.000146
-1.9e-05
-0.000183
-0.000183
-0.000512
-1.9e-05
-1.9e-05
0.000146
0.000146
-0.000183
0.00031
-1.9e-05
-0.000183
-0.000512
-1.9e-05
-0.000347
-0.000347
-0.000183
-1.9e-05
0.000146
0.000146
-1.9e-05
0.000146
0.000967
0.000146
0.001625
-1.9e-05
0.004419
0.005734
-0.000347
0.006391
0.010171
0.012144
0.011322
-0.000841
0.000146
-0.000347
-0.000347
0.000146
0.000639
0.00031
0.000474
0.000639
-1.9e-05
-1.9e-05
-1.9e-05
0.00031
-0.000347
-0.000183
-0.000183
0.000474
-0.000347
-0.000183
-1.9e-05
0.000146
-0.000183
-1.9e-05
-0.000183
-0.000512
0.000146
-0.000347
0.001954
-0.000183
0.000803
0.001296
-1.9e-05
-0.000676
0.000146
-1.9e-05
-1.9e-05
-0.000183
0.000146
0.000146
0.001625
0.000146
0.000146
-1.9e-05
-0.000347
-1.9e-05
-0.000183
-0.000512
-0.000512
-0.000347
-0.000183
0.00031
-0.000841
0.000146
0.000803
0.000474
-0.000183
0.000146
-0.000347
-0.000347
0.00031
-0.000183
0.00031
-1.9e-05
0.000146
0.000146
-1.9e-05
-0.000183
-0.000183
-0.000347
-0.000183
0.000146
0.00031
0.00031
-0.000183
0.000146
-0.000183
-0.000183
-0.000183
-0.000183
-0.000347
-0.000183
-0.000183
-0.000183
-1.9e-05
0.000146
-0.000183
-0.000183
0.000146
-0.000347
-0.000347
-0.000347
-0.000347
-0.000347
-0.000183
-1.9e-05
-0.000183
-1.9e-05
-1.9e-05
-0.000183
-0.000183
-0.000183
-0.000347
-0.000512
-0.000183
-1.9e-05
-1.9e-05
-0.000183
-1.9e-05
0.000146
-0.000183
-1.9e-05
-0.000183
-0.000512
-0.000347
-0.000183
-1.9e-05
-1.9e-05
-0.000183
0.000146
-0.000183
-1.9e-05
-0.000512
-0.000183
-0.000347
-0.000347
-0.000347
-0.000183
-0.000183
-1.9e-05
0.000146
-1.9e-05
-0.000183
-1.9e-05
-1.9e-05
-0.000183
-0.000347
-0.000183
-1.9e-05
-1.9e-05
0.000146
-1.9e-05
-1.9e-05
-0.000183
-0.000183
-0.000183
-0.000347
-0.000183
-0.000512
-0.000183
-0.000183
-0.000183
-0.000183
-1.9e-05
-1.9e-05
-0.000347
-0.000512
-0.000347
-0.000347
-0.000347
-0.000183
-1.9e-05
-1.9e-05
-1.9e-05
0.000146
-1.9e-05
-0.000183
-0.000347
-1.9e-05
-0.000183
-0.000183
-0.000183
-0.000183
-0.000183
-1.9e-05
-0.000183
-1.9e-05
-0.000183
-0.000183
-0.000183
-0.000183
-0.000512
-0.000183
-1.9e-05
-0.000183
-0.000183
-1.9e-05
-1.9e-05
-1.9e-05
-0.000183
-0.000183
-0.000183
-0.000183
-0.000183
-0.000183
-1.9e-05
-1.9e-05
-1.9e-05
-0.000183
-0.000183
-0.000183
-0.000183
-0.000183
-1.9e-05
-0.000183
0.000146
-0.000183
-0.000183
-1.9e-05
-1.9e-05
-1.9e-05
-0.000347
-0.000347
-0.000347
-0.000512
-0.000183
-0.000183
-0.000183
-0.000183
-1.9e-05
-0.000183
-0.000183
-0.000347
-0.000183
-0.000183
-0.000347
-1.9e-05
-1.9e-05
-1.9e-05
-1.9e-05
-0.000347
-1.9e-05
-0.000183
-0.000347
-0.000347
-0.000347
-0.000183
-1.9e-05
-0.000183
-1.9e-05
-0.000183
-1.9e-05
-0.000183
-0.000347
-0.000347
-0.000183
-0.000183
-0.000512
-1.9e-05
-1.9e-05
0.000146
-0.000183
-0.000183
-1.9e-05
-1.9e-05
-0.000183
-1.9e-05
-0.000183
-0.000183
-0.000183
-0.000183
-1.9e-05
0.000146
-0.000183
-1.9e-05
-1.9e-05
-0.000183
-0.000347
-0.000183
-0.000183
-0.000347
-1.9e-05
-0.000183
0.000146
-1.9e-05
-1.9e-05
-0.000183
-0.000183
-0.000347
-0.000183
-0.000183
-0.000183
-0.000347
-0.000183
-1.9e-05
-1.9e-05
0.000146
-0.000183
-0.000183
-0.000347
-0.000347
-0.000347
-0.000347
-1.9e-05
-0.000183
-0.000183
-0.000183
-1.9e-05
-0.000183
-0.000183
-0.000183
-0.000183
-0.000183
-0.000183
-0.000183
-0.000183
-0.000183
-0.000183
0.000146
-0.000347
-0.000512
-0.000347
-0.000183
-0.000347
-0.000512
-1.9e-05
-1.9e-05
-0.000183
-1.9e-05
-0.000183
-0.000183
-0.000347
-0.000347
-0.000183
-0.000183
-0.000183
-0.000183
0.000146
-1.9e-05
-0.000183
-1.9e-05
-0.000183
-1.9e-05
-0.000347
-0.000183
-0.000676
-0.000512
-0.000183
-0.000183
-1.9e-05
-0.000183
-0.000183
-0.000183
-0.000183
-0.000512
-0.000347
-0.000183
-0.000512
-0.000347
-1.9e-05
-0.000183
-1.9e-05
-0.000183
-1.9e-05
-0.000183
-0.000512
-0.000183
-0.000183
-0.000512
-1.9e-05
-0.000183
-1.9e-05
-1.9e-05
-0.000183
-0.000347
-0.000347
-0.000347
-0.000347
-0.000183
-0.000183
-0.000183
-1.9e-05
-1.9e-05
-1.9e-05
-1.9e-05
-1.9e-05
-0.000183
-0.000183
-0.000347
-0.000347
-0.000183
-1.9e-05
-0.000512
-0.000183
0.000146
0.000146
-0.000183
-0.000183
-0.000512
-0.000183
-1.9e-05
-0.000183
-0.000183
-0.000183
-0.000183
-0.000183
-1.9e-05
0.000146
-0.000347
-0.000183
-0.000512
-0.000347
-0.000347
-0.000183
-1.9e-05
-0.000183
-1.9e-05
-1.9e-05
-0.000183
-0.000347
-0.000347
-0.000347
-1.9e-05
-0.000347
-0.000183
-0.000347
-1.9e-05
-1.9e-05
-1.9e-05
-0.000183
-0.000347
-0.000347
-0.000183
-0.000512
-0.000183
-0.000347
-0.000347
-0.000183
-1.9e-05
-1.9e-05
-0.000183
-0.000512
-0.000183
-0.000347
-0.000512
-0.000347
-0.000183
-0.000183
-0.000347
-0.000183
0.001296
-1.9e-05
-0.000512
-1.9e-05
-0.000183
-0.000512
-0.002648
-0.000183
-1.9e-05
-1.9e-05
0.000967
-0.000512
-1.9e-05
-0.000676
-0.000183
-0.000512
-0.000347
-0.000512
-0.000183
-0.000183
-0.000183
-1.9e-05
-1.9e-05
-0.000183
-0.000347
-0.000347
-0.000183
-0.000347
-0.000512
-1.9e-05
-0.000347
-1.9e-05
-0.000183
-1.9e-05
-0.000347
-0.000183
-0.000183
-0.000347
-0.000183
-0.000512
-0.000183
-0.000347
-0.000183
-0.000183
-0.000183
-1.9e-05
-0.000183
-0.000512
-1.9e-05
-0.000512
-0.000183
-0.000183
-0.000183
-1.9e-05
-1.9e-05
-1.9e-05
-1.9e-05
-0.000183
-0.000183
-0.000183
-0.000347
-1.9e-05
-0.000183
-0.000347
-1.9e-05
-0.000183
0.000146
-0.000183
-0.000183
-0.000183
-0.000512
-0.000347
-0.000676
-0.000183
-0.000347
-0.000183
-0.000183
-1.9e-05
-0.000183
-0.000183
-0.000183
-0.000347
-0.000183
-0.000512
-1.9e-05
-1.9e-05
-0.000347
-0.000347
0.000146
-0.000183
-0.000347
-0.000347
-0.000512
-0.000183
-0.000512
-0.000183
-0.000183
-0.000183
-1.9e-05
-1.9e-05
-0.000347
-0.000183
-0.000183
-0.000183
-0.000347
-0.000183
-0.000183
-1.9e-05
-1.9e-05
-1.9e-05
-1.9e-05
0.000146
-1.9e-05
-0.000347
-0.000183
-0.000347
-0.000183
-0.000183
-0.000347
-0.000183
-0.000183
-1.9e-05
-0.000183
-0.000183
-1.9e-05
-0.000183
-0.000183
-0.000347
-0.000347
-0.000347
-1.9e-05
-0.000183
-0.000183
-1.9e-05
-0.000512
-0.000347
-0.000347
-0.000347
-0.000347
-0.000183
-1.9e-05
-1.9e-05
-0.000183
-0.000347
-0.000183
-0.000347
-0.000183
-0.000183
-0.000512
-0.000347
-0.000347
-0.000183
-1.9e-05
-0.000183
-0.000183
0.000146
-0.000183
-0.000183
-0.000347
-0.000183
-0.000347
-0.000183
-1.9e-05
-0.000183
-0.000183
-1.9e-05
-1.9e-05
-1.9e-05
-0.000512
-0.000183
-0.000347
-0.000347
-0.000347
-0.000347
-1.9e-05
-0.000183
0.000146
-0.000183
-1.9e-05
-0.000347
-0.000183
-0.000347
-0.000347
-0.000183
-0.000347
-0.000183
-0.000183
0.000146
-0.000183
-1.9e-05
-0.000347
-0.000347
-0.000347
-0.000347
-0.000347
-1.9e-05
-0.000183
-1.9e-05
-1.9e-05
-1.9e-05
-0.000183
-0.000183
-0.000347
-0.000183
-0.000347
-0.000347
-0.000183
-1.9e-05
-0.000347
-1.9e-05
-1.9e-05
-0.000183
-0.000347
-0.000183
-0.000347
-0.000347
-0.000183
-0.000183
-1.9e-05
-1.9e-05
0.000146
-1.9e-05
-1.9e-05
-0.000347
-0.000183
-0.000512
-0.000347
-0.000183
-0.000347
0.000146
-0.000183
-1.9e-05
-0.000183
-0.000183
-0.000183
-0.000347
-0.000183
-0.000512
-0.000183
-0.000183
-0.000183
0.000146
0.000146
-1.9e-05
-1.9e-05
-0.000183
-0.000183
-0.000347
-0.000512
-0.000183
-0.000183
-0.000347
-0.000183
-0.000183
-0.000183
-1.9e-05
-0.000347
-0.000183
-0.000183
-0.000347
-0.000183
-0.000183
-0.000183
-1.9e-05
-0.000183
-1.9e-05
-0.000183
-0.000183
-0.000347
-0.000347
-0.000347
-0.000512
-0.000347
-1.9e-05
0.000146
-0.000183
0.000146
-0.000183
-0.000183
-0.000183
-0.000183
-0.000347
-1.9e-05
-0.000347
-0.000183
0.000146
-0.000183
0.000474
-0.000183
0.000639
0.000474
0.004748
0.006556
0.009021
0.012472
0.013623
0.00935
0.002282
0.003761
0.003104
0.006556
0.008528
0.014116
0.000146
0.007542
0.003597
0.000803
0.001954
-0.001169
0.003761
0.004419
0.001132
0.003761
-0.000512
-0.000347
0.002282
0.002447
0.000803
0.000639
0.003104
0.007377
0.008199
0.010664
0.009843
0.009185
0.000967
0.000803
0.000639
0.004748
0.002775
0.012308
0.007706
0.011979
0.007706
0.013952
0.010664
0.003104
0.00294
-0.000347
0.003433
0.005734
0.009678
0.009843
0.008363
0.004748
0.006227
0.009843
0.014773
0.010171
0.002282
0.001296
0.009678
0.014609
0.014609
0.01954
0.021348
0.023156
0.02069
0.021019
-0.000347
-0.000347
0.000146
0.000474
-1.9e-05
-0.000183
-1.9e-05
-0.000347
-0.000183
-0.000183
-0.000347
-0.000676
0.00031
-1.9e-05
-1.9e-05
-1.9e-05
0.000639
-0.001169
0.000146
0.004912
0.009678
0.009185
0.010171
0.017403
0.025621
0.020197
0.026443
0.026771
0.030059
0.037126
0.037455
0.048138
0.043207
0.053397
0.050768
0.056356
0.058164
0.06408
0.067039
0.070819
0.076079
0.074928
0.078544
0.083146
0.082982
0.086762
0.092514
0.093336
0.099417
0.099582
0.102704
0.10517
0.105992
0.105663
0.110265
0.107306
0.109772
0.113059
0.115031
0.10895
0.095144
0.070983
0.056684
0.0271
0.00031
0.009514
0.012637
0.00787
0.007377
0.006556
0.004419
0.001625
0.000474
-0.000347
-0.000347
-0.000183
-0.000347
-0.000347
-0.000183
-0.000183
-0.000183
-1.9e-05
0.000146
-1.9e-05
0.000474
-0.000347
-0.000347
-0.000347
-0.000512
-0.000347
-0.000183
-1.9e-05
-1.9e-05
-0.000183
-1.9e-05
-0.000183
-0.000183
-0.000347
-0.000512
-0.000347
-0.000183
-0.000347
-0.000183
-0.000183
-0.000183
-0.000183
-0.000183
-0.000347
-0.000347
-0.000347
-0.000512
-0.000183
-0.000347
-0.000183
-0.000183
-0.000347
-1.9e-05
-0.000183
-0.000183
-0.000347
-0.000347
-0.000183
-0.000347
-0.000183
-0.000183
-1.9e-05
-1.9e-05
-1.9e-05
-0.000183
-0.000183
-0.000347
-0.000347
-0.000347
-0.000512
-0.000183
-0.000183
-0.000183
-1.9e-05
-1.9e-05
-1.9e-05
-0.000183
-0.000183
-0.000183
-0.000512
-0.000512
-0.000183
0.000146
-0.000183
-0.000183
-0.000183
-1.9e-05
-0.000183
-0.000347
-0.000347
-0.000347
-0.000347
-0.000183
-0.000183
-0.000183
-0.000183
-0.000183
-0.000347
-0.000183
-0.000347
-0.000512
-0.000183
-0.000512
-0.000183
-1.9e-05
-1.9e-05
-0.000183
-0.000183
-0.000183
-0.000183
-0.000183
-0.000347
-0.000183
-0.000183
-1.9e-05
-0.000347
-0.000183
-1.9e-05
-1.9e-05
-0.000183
-0.000183
-0.000183
-0.000183
-0.000347
-0.000183
-0.000183
-0.000183
-1.9e-05
-1.9e-05
-0.000183
-0.000183
-0.000347
-0.000347
-0.000676
-0.000183
-0.000183
-0.001991
0.002118
-0.000183
-1.9e-05
-0.000183
-0.001498
-0.000512
-1.9e-05
-0.000512
-0.000183
-0.000512
0.001296
0.000474
0.000803
0.000803
0.001625
0.002447
-0.001662
0.002118
0.000146
0.001789
0.000639
0.000146
-0.000183
0.000146
-0.000183
-1.9e-05
0.000146
-0.000512
0.001625
0.000474
-1.9e-05
0.000803
-0.000183
-1.9e-05
-0.000183
-0.000183
-1.9e-05
0.000639
0.001132
0.00031
-0.000347
0.000639
-0.002484
0.001132
0.001789
0.000146
0.001132
-0.000347
0.001132
0.002282
0.00146
0.003926
0.002118
0.004255
0.001789
-0.000347
0.007377
0.001625
0.001789
0.000639
0.002282
-0.000183
0.00294
0.00031
0.001789
0.001789
0.003761
0.002447
0.002775
0.004748
0.006227
0.002775
0.003268
0.003761
-1.9e-05
0.00146
-0.000183
0.000146
-1.9e-05
-0.000183
0.00294
0.003926
0.005569
-0.000512
0.00294
0.000967
0.008528
-0.000183
0.004583
0.00146
0.002775
0.000146
-1.9e-05
-0.000183
0.000474
-1.9e-05
0.001625
0.001954
0.00031
-1.9e-05
0.000146
0.000474
-0.000183
-1.9e-05
-0.000183
-0.000347
-0.000183
-0.000512
-0.000512
-0.000183
-1.9e-05
-0.000183
-1.9e-05
-1.9e-05
-1.9e-05
-1.9e-05
-0.000512
0.000146
-0.000347
0.000639
0.00031
-1.9e-05
0.00031
0.000146
0.000474
-0.000183
0.000639
-0.000183
0.000474
-0.000347
0.000146
-1.9e-05
-1.9e-05
-0.000183
0.000639
-1.9e-05
-0.000183
-1.9e-05
0.000146
0.00031
-0.000347
-0.000183
-0.000183
0.000146
-1.9e-05
-0.000183
-1.9e-05
0.000146
-0.000512
-0.000347
-0.000183
-0.000347
-0.000183
-1.9e-05
-0.000183
-1.9e-05
0.000474
-0.000347
0.00031
-0.000183
-0.000347
-0.000183
-1.9e-05
-0.000676
-0.000183
-0.000183
0.000967
-0.000183
0.000803
0.002118
0.002447
0.00294
0.001296
0.003104
0.00031
-0.000841
0.000474
0.000146
-1.9e-05
0.000639
-0.001005
-1.9e-05
0.005405
0.012637
-0.000183
-0.000183
0.00031
0.000803
0.009021
0.001954
0.003761
0.004912
0.011651
0.010336
0.012144
0.016088
0.002282
0.007706
0.002775
0.002118
0.000803
0.007049
0.00146
0.006062
0.004583
-1.9e-05
0.003926
0.002611
0.004912
0.009021
0.006884
0.004583
0.001296
0.003433
0.006227
0.002775
0.008035
0.007049
0.011979
0.008035
0.005241
0.002447
0.002118
0.00672
0.010336
0.009678
0.004912
0.004748
0.000803
-0.001662
0.002611
0.005734
0.006556
0.007377
0.004583
0.000967
0.000146
0.000474
-0.000183
0.00031
0.000474
0.001132
0.000639
0.002282
0.003268
0.007706
0.004583
0.00409
0.002775
0.003761
0.006556
0.010829
0.015431
0.016088
0.001789
0.009021
0.019047
0.024964
0.024306
0.012801
0.016088
0.018718
0.023484
0.032688
0.034332
0.040249
0.01576
0.008199
-1.9e-05
-0.000183
-1.9e-05
0.004583
0.009843
0.017732
0.020197
0.024799
0.021841
0.021676
0.026443
0.026771
0.031867
0.016253
0.011158
0.006556
0.00935
0.01428
0.015431
0.021841
0.029237
0.029237
0.026771
0.029072
0.033181
0.037126
0.039263
0.041235
0.004748
0.001132
0.001625
0.003104
0.009514
-0.000676
0.000474
0.007542
0.010336
0.008692
0.000474
0.000474
0.00146
0.008528
0.012472
0.018554
0.021512
0.024635
0.025292
0.021841
0.026936
0.026936
0.030223
0.022498
0.016253
0.010664
0.01691
0.021019
0.004255
0.004912
0.000803
-0.000183

Kurve 4

-0.000183
-1.9e-05
-0.000347
-1.9e-05
-0.000183
-0.000347
-0.000183
-0.000183
-0.000347
-0.000183
-0.000347
-0.000183
-0.000183
-0.000183
-1.9e-05
-0.000183
-0.000183
-0.000347
-0.000347
-0.000512
-0.000183
-0.000512
0.000146
-1.9e-05
-0.000183
0.000146
-0.000183
-0.000347
-0.000183
-0.000183
-0.000183
-0.000347
-1.9e-05
-0.000183
-1.9e-05
-0.000183
0.000146
-0.000347
-0.000183
-0.000347
-0.000347
0.00031
-1.9e-05
0.000639
-0.000347
0.000639
-0.000347
-0.000183
-0.000183
-1.9e-05
-0.000512
-0.000347
-0.000183
-0.000347
-0.000183
-1.9e-05
-1.9e-05
-1.9e-05
-0.000183
-1.9e-05
-0.000347
-0.000347
-0.000183
-0.000183
-0.000183
-1.9e-05
-0.000183
-1.9e-05
-1.9e-05
-1.9e-05
-1.9e-05
-0.000183
-0.000183
-0.000676
-0.000183
-0.000512
-1.9e-05
-1.9e-05
-0.000183
-1.9e-05
-0.000183
-1.9e-05
-0.000183
-0.000183
-0.000347
-0.000512
0.000146
-1.9e-05
-1.9e-05
-0.000347
0.000146
-0.000183
0.000146
-0.000347
-0.000183
-0.000347
-0.000183
-0.000347
-0.000347
-0.000183
-1.9e-05
-0.000183
-1.9e-05
-1.9e-05
-0.000183
-0.000183
-0.000183
-0.000183
-0.000512
-1.9e-05
-0.000183
-0.000183
-1.9e-05
0.000146
-0.000183
-0.000183
-0.000183
-0.000347
-0.000512
-0.000347
-0.000183
-0.000183
-0.000183
-1.9e-05
-0.000183
-0.000183
-0.000183
-0.000347
-0.000183
-0.000512
0.000474
-0.000183
-0.000347
-0.000183
-1.9e-05
-1.9e-05
-0.000183
-0.000183
-0.000183
-0.000347
-0.000347
-0.000512
-0.000183
-1.9e-05
-1.9e-05
-1.9e-05
-1.9e-05
-1.9e-05
-1.9e-05
-0.000347
-0.000347
-0.000183
-0.000676
-0.000183
-0.000347
-0.000183
-0.000183
-0.000183
-0.000347
-1.9e-05
-0.000183
-0.000183
-0.000183
-0.000183
-0.000347
-1.9e-05
-0.000347
-0.000183
-0.000347
-1.9e-05
-0.000183
-0.000183
-0.000512
-0.000347
-0.000512
-0.000183
-0.000347
-1.9e-05
-0.000183
-1.9e-05
-0.000183
-0.000183
-0.000512
-0.000183
-0.000676
-0.000512
-0.000183
-0.000183
-0.000183
-1.9e-05
-0.000183
-1.9e-05
-0.000183
-0.000347
-0.000183
-0.000347
-0.000183
-0.000347
-0.000183
-1.9e-05
-1.9e-05
-0.000183
-1.9e-05
-0.000183
-0.000183
-0.000183
-0.000347
-0.000183
-0.000347
-0.000183
-1.9e-05
-1.9e-05
-1.9e-05
-0.000183
-1.9e-05
-0.000183
-0.000183
-0.000183
-0.000512
-0.000512
-0.000183
-0.000183
-1.9e-05
0.000146
-0.000183
-0.000183
-0.000183
-0.000347
-0.000512
-0.000347
-0.000183
-0.000183
-0.000183
-1.9e-05
-1.9e-05
-0.000347
-0.000183
-1.9e-05
-0.000347
-0.000347
-0.000512
-0.000183
-1.9e-05
-0.000183
-1.9e-05
-0.000183
-0.000183
-0.000347
-0.000347
-0.000183
-0.000183
-0.000183
-0.000347
-0.000183
-0.000183
-0.000183
0.00031
-0.000183
-0.000347
-0.000183
-0.000183
-0.000183
-0.000183
-0.000347
-0.000183
-0.000347
-1.9e-05
-1.9e-05
-1.9e-05
-1.9e-05
-0.000183
-0.000183
-0.000183
-0.000347
-0.000183
-0.000183
-0.000347
-0.000183
-0.000183
-0.000183
-0.000183
-0.000347
-0.000183
-0.000183
-1.9e-05
-0.000347
-0.000183
-0.000183
-1.9e-05
-1.9e-05
-1.9e-05
-0.000183
-0.000183
-0.000183
-0.000347
-0.000183
-0.000183
0.000146
-0.000183
-0.000183
-0.000183
-1.9e-05
-0.000183
-0.000183
-0.000347
-0.000347
-0.000347
-0.000183
-0.000183
-0.000183
-0.000183
-1.9e-05
-1.9e-05
-0.000347
-0.000183
-0.000512
-0.000347
-0.000347
-0.000347
-1.9e-05
-0.000183
-0.000183
-1.9e-05
0.000146
-0.000183
-0.000347
-0.000347
-0.000347
-0.000512
-0.000183
-0.000347
-0.000183
-0.000183
-0.000183
-1.9e-05
-1.9e-05
-0.000512
-0.000183
-0.000347
-0.000512
0.000146
-0.000347
-1.9e-05
-1.9e-05
-0.000183
-1.9e-05
-1.9e-05
-1.9e-05
-0.000347
-0.000183
-0.000347
-0.000347
-0.000183
-0.000183
0.000146
0.000146
-1.9e-05
-0.000183
-0.000183
-0.000512
-0.000512
-0.000183
-0.000676
-0.000347
-0.000183
-0.000183
-1.9e-05
-1.9e-05
-0.000183
-0.000183
-0.000183
-0.000183
-1.9e-05
-0.000676
0.000146
0.00031
-0.000183
-1.9e-05
0.000146
-0.000347
-1.9e-05
-0.000347
-0.000183
-0.000512
0.000639
-0.000347
-0.000183
-0.000183
-0.000183
-0.000183
-0.000183
-0.000183
-0.000347
-0.000183
-0.000347
-0.000347
-0.000347
-1.9e-05
-1.9e-05
-1.9e-05
0.000146
-1.9e-05
-0.000676
-0.000183
-0.000347
-0.000183
-0.001498
-0.000347
-0.000347
-1.9e-05
-0.000183
-0.000183
-0.000183
-0.000183
-0.000183
-0.000347
-0.000347
-0.000512
-0.000183
-0.000183
-0.000183
-1.9e-05
0.000146
-1.9e-05
-0.000183
-1.9e-05
-0.000347
-0.000347
-0.000512
-1.9e-05
-1.9e-05
-0.000183
-1.9e-05
-1.9e-05
0.000146
-0.000183
-0.000183
-0.000183
-0.000347
-1.9e-05
-0.000183
-0.000183
-1.9e-05
-0.000183
-0.000183
-0.000676
-0.000347
-0.000183
-0.000512
-0.000347
0.000146
-0.000347
-0.000183
0.000146
-0.000347
0.000146
-0.000512
-0.000183
-0.000183
0.000474
-0.000512
-0.002648
-0.000183
0.00031
-0.000512
0.000474
-0.000676
-0.000512
-0.000183
-0.000512
0.000803
-0.000347
-0.000676
-0.001005
-1.9e-05
-0.000183
0.00031
-0.000183
-1.9e-05
-1.9e-05
0.00031
-0.000676
0.00146
-0.001498
-0.003306
-0.000347
-0.000512
-0.000347
-0.001498
0.002611
0.000146
-1.9e-05
-0.000512
0.000803
-0.000676
-0.000841
-0.000183
0.000146
-0.000183
-0.000676
0.000803
0.000474
-0.000676
0.000803
-0.001498
-0.001827
-0.001334
0.00031
-0.000347
-0.000676
0.000146
-0.000183
-0.000183
-0.000347
-0.000347
-0.000347
-0.000183
-0.000347
-1.9e-05
-0.000183
-0.000512
-0.001005
0.000639
0.000639
-0.00232
-0.001005
-0.000841
-1.9e-05
-1.9e-05
0.000474
0.000146
-1.9e-05
0.000146
-0.000512
-0.000841
-0.000512
-0.000512
-0.001498
-1.9e-05
-0.001498
0.000474
-0.000512
-0.000841
0.001625
0.000803
-0.001169
0.000639
-0.000183
-1.9e-05
-0.000347
0.000639
-1.9e-05
-0.000841
0.000639
-0.000841
0.000803
-0.000676
0.000146
-0.000676
-0.001005
-0.000183
0.000146
-0.000183
0.000146
-1.9e-05
0.000146
-0.000183
-0.000347
-0.000512
0.000474
-0.000347
-0.000676
0.000803
-0.000183
0.00031
-0.000183
0.000474
-0.000347
-1.9e-05
-0.000347
0.000146
-0.000183
-1.9e-05
0.00031
-0.000841
-0.000841
0.00031
-0.000512
-1.9e-05
-0.000183
-0.000347
-0.000183
-0.000347
0.000474
-0.000512
-0.000183
0.000146
-0.000183
-0.000183
0.00031
-0.000183
-0.000183
-0.000512
-0.000183
-0.000183
-0.000512
-0.000512
-0.000512
0.00031
-0.000347
-0.000183
-0.000512
-1.9e-05
-0.000347
0.000146
0.000639
0.000146
-1.9e-05
-0.000676
-1.9e-05
-0.000347
-0.000512
-0.001005
-0.000676
-0.000512
-0.000676
-0.000841
-0.000347
-1.9e-05
0.000639
-0.000512
0.000146
0.000146
-0.000183
-1.9e-05
-1.9e-05
0.000639
-0.000676
-0.000512
-0.000512
-1.9e-05
-0.001334
-0.000512
-0.000183
-0.000676
-0.000841
-0.001005
-0.000512
-0.000347
0.000146
0.000146
-0.000512
-0.000347
0.000639
-0.000676
-0.000347
-0.000512
-0.000183
-0.000841
-0.000347
-0.001169
-1.9e-05
-0.000183
0.000146
-0.000347
0.00031
0.00031
-0.000183
0.000474
-0.000676
-0.000183
-0.000841
0.000474
-0.001005
-0.001005
-0.000841
-0.000183
-0.001169
-0.000512
-0.000347
-0.001005
0.001132
0.000146
-0.000841
0.000803
-0.000512
0.00031
-0.000347
-0.000512
-0.000347
-0.000347
-0.000183
-0.001662
-0.001334
-0.001005
-1.9e-05
-1.9e-05
-0.000183
-0.000183
-1.9e-05
-1.9e-05
-0.000347
0.000474
-0.000841
-0.001005
0.000146
0.000474
0.000639
-0.000841
-0.000512
-1.9e-05
-0.001005
-0.001169
-0.001005
-0.000512
0.000474
-1.9e-05
-0.000183
-0.000347
0.000146
-0.000512
0.00031
-0.001498
0.00031
0.00146
-0.000676
-0.001169
0.000474
0.000146
-0.000512
-0.000347
-0.000347
0.000967
-1.9e-05
-0.000183
-0.000512
0.000474
-0.002813
-1.9e-05
-0.001662
0.001625
-0.000512
0.00031
-0.001827
-0.001005
0.000639
-0.001498
-0.000183
0.002447
0.000146
-1.9e-05
0.00031
-0.000347
0.000474
-0.001005
0.00031
-1.9e-05
0.000146
-1.9e-05
0.002775
-0.000512
0.00031
-0.000841
0.000639
0.000474
-0.000841
0.000474
-0.000183
0.000146
-0.000183
-0.003306
-0.000183
0.000146
-1.9e-05
0.00031
0.000474
-0.000183
-0.000841
0.00031
-0.000676
-0.000183
-0.000841
-0.001169
0.000474
-1.9e-05
0.000474
-0.000347
0.000474
-0.001005
0.000474
0.000803
0.000967
0.00031
0.00031
-1.9e-05
-0.000183
0.000474
-0.000183
0.000146
0.003926
-0.004785
0.00146
0.008363
0.010829
0.013952
0.017732
0.022334
0.022169
0.014445
0.02447
0.021019
0.024635
0.024635
0.023649
0.010007
0.0105
0.0105
0.012637
0.016253
0.010336
0.007542
0.005734
0.003597
0.002447
0.000639
0.003268
0.001954
0.004255
0.005734
0.010171
0.007377
0.001625
0.003104
0.002447
0.005569
0.005076
0.005076
-0.000183
0.000146
0.002775
0.000639
-0.001169
0.000474
0.001789
0.002447
0.000474
-1.9e-05
0.000474
0.00409
0.00409
0.012308
0.0105
0.019375
0.019704
0.0105
0.000803
0.002118
0.001625
-0.000183
-0.000183
0.000639
0.000146
0.000803
-1.9e-05
0.000639
-0.000512
0.000146
-0.000676
-1.9e-05
-0.000676
0.000474
0.000146
-0.000183
0.003104
0.000967
0.001132
-1.9e-05
0.005405
-0.005114
0.000967
0.001132
-0.000512
0.001132
0.001954
0.006556
0.012144
0.017239
0.024142
0.032524
0.035647
0.045508
0.048795
0.054055
0.058328
0.064574
0.069669
0.075257
0.079694
0.08594
0.088405
0.092679
0.098102
0.102047
0.104512
0.106649
0.109114
0.112073
0.118976
0.120784
0.121934
0.127029
0.128837
0.131138
0.135576
0.13574
0.139356
0.138041
0.143136
0.143794
0.145766
0.146752
0.148396
0.151025
0.151847
0.154312
0.154641
0.155956
0.155627
0.159901
0.161873
0.16401
0.162202
0.167132
0.163681
0.161709
0.054055
0.02447
0.028579
0.023484
0.000146
0.000146
-1.9e-05
0.000146
-0.000183
-0.000183
-0.000347
-0.000512
-0.000347
-1.9e-05
-1.9e-05
-1.9e-05
-1.9e-05
-1.9e-05
0.000146
-0.000183
-0.000347
-0.000183
-0.000347
-1.9e-05
-1.9e-05
-0.000183
-0.000183
0.000146
-1.9e-05
0.00031
-1.9e-05
-0.000183
-0.000347
-0.000347
-1.9e-05
-0.000183
-0.000183
-0.000183
-1.9e-05
-0.000183
-1.9e-05
-0.000183
-0.000183
-0.000183
-0.000183
-0.000512
-0.000183
-0.000183
-0.000183
-1.9e-05
-1.9e-05
0.00031
-0.000183
-0.000183
-0.000347
-0.000183
-1.9e-05
-1.9e-05
-0.000183
0.000803
0.00031
0.000146
0.001132
0.00031
-0.000347
0.000474
0.00294
-0.010209
0.000474
0.000146
-0.000183
0.000146
0.000146
-0.000183
0.000146
-1.9e-05
-0.000183
-0.000347
0.002611
-1.9e-05
0.002282
0.000146
0.002775
0.00294
0.00031
0.00146
0.004419
0.000474
0.002775
0.008692
-0.000347
-1.9e-05
-0.000512
0.00146
-0.000347
0.00031
0.002118
0.000474
-0.000676
0.002775
0.005241
0.009843
0.01576
0.016253
0.022663
0.011322
0.00672
0.012144
0.016253
0.011979
0.004748
0.004583
0.00409
0.005405
0.003926
0.005076
0.005569
0.006391
0.004748
-0.000347
0.000639
0.00294
0.006884
0.002447
0.004255
0.003597
0.008199
0.011815
0.017732
0.022827
0.026443
0.030552
0.030059
-0.004621
0.008199
0.007706
0.014445
0.016746
0.024635
0.028415
0.033346
0.004255
0.001625
0.003433
-0.004128
-0.000183
-0.000347
-0.000183
0.000146
0.000146
-1.9e-05
-0.000347
-0.000347
-0.000512
-0.000512
-0.000347
-0.000512
-1.9e-05
-0.000183
0.000146
-1.9e-05
-0.000183
-0.000183
-0.000347
-0.000347
-0.000512
-0.000183
-0.000183
-1.9e-05
-1.9e-05
-0.000183
-1.9e-05
-1.9e-05
-1.9e-05
-0.000347
-0.000347
-0.000183
-0.000347
-0.000183
-1.9e-05
-0.000183
-1.9e-05
-0.000183
-1.9e-05
-0.000183
-0.000347
-0.000347
-0.000347
-0.000183
-0.000347
-0.000183
0.000146
-1.9e-05
-1.9e-05
0.000146
-0.000183
-0.000183
-0.001334
-0.000183
-0.000183
0.000146
0.00409
0.011158
0.012965
0.014116
0.017896
0.019704
0.026936
0.025457
0.0271
0.033017
0.024635
0.011651
0.002447
0.003104
0.011979
0.01428
0.022334
0.019375
0.018882
0.019211
0.023484
0.025128
0.027429
0.028908
0.031045
0.004255
0.010664
0.013294
0.020526
0.026443
0.029072
0.035975
0.040413
0.035154
0.019047
0.02447
0.028908
0.035154
0.037455
0.042878
0.043536
0.048138
0.051918
0.046823
0.046494
0.046001
0.047809
0.040742
0.02973
0.022498
0.020362
0.002775
0.003761
0.005569
0.009843
0.011651
0.012637
0.006227
0.006227
0.00787
0.001954
0.007049
0.01428
0.01954
0.021841
0.023156
0.010664
0.008035
-0.003306
0.007706
0.012965
0.019868
0.023484
0.025785
0.033017
0.034825
0.040577
0.044029
0.047152
0.048795
0.052082
0.053562
0.056849
0.056849
0.058492
0.0603
0.060958
0.000967
0.006391
0.011486
0.011815
0.00031
-1.9e-05
-1.9e-05
-0.000512
0.004912
0.006062
0.009843
0.014609
0.020197
0.019211
0.017567
0.007706
0.00146
0.003268
0.003433
0.003104
0.003761
0.001625
0.000967
0.000146
0.000803
0.000474
0.000146
0.000803
-0.000183
-0.000347
-1.9e-05
0.00031
0.000803
-0.002155
0.002118
0.003926
0.00294
0.00146
0.006062
0.00672
0.008692
0.004419
0.008035
0.007213
0.008528
0.006227
0.005076
0.002282
0.003761
0.004912
0.004255
0.004912
0.000639
-1.9e-05
-0.000183
0.000967
0.001789
0.001132
0.000639
0.000146
-1.9e-05
-0.000183
-0.000183
-0.000347
-0.000347
-0.000347
-0.000512
0.000146
-1.9e-05
0.00031
-1.9e-05
-1.9e-05
-0.000183
-0.000183
-0.000347
-0.000512
-0.000183
-0.000347
-0.000183
0.000146
-0.000183
-0.000183
-1.9e-05
-0.000183
-0.000183
-0.000347
-0.000347
-0.000183
-0.000183
-0.000183
-0.000183
-0.000183
-1.9e-05
-0.000183
-1.9e-05
-0.000347
-0.000347
-0.000183
-0.000183
0.003597
0.000474
-0.001005
0.000639
0.000639
0.00031
0.000474
-1.9e-05
-0.000183
-0.000347
-0.000347
-0.000512
-0.000183
-1.9e-05
-0.000347
-0.000183
-1.9e-05
-1.9e-05
0.000967
0.000474
0.000146
0.001789
0.00409
-0.000676
0.001132
0.003268
0.006884
0.003597
0.006227
0.006556
0.000146
-0.002648
-0.000347
0.005898
-0.001991
0.002447
0.000967
-0.001498
-0.000512
0.000639
0.000146
-0.000183
-0.003306
0.001296
0.003433
0.000639
-0.000183
-0.000183
-0.000347
0.00031
0.00031
-0.000347
0.000803
0.00146
-1.9e-05
-0.003963
-0.000183
-1.9e-05
-0.000183
-0.000183
0.000146
-0.000512
-0.001005
0.001789
0.000146
-0.000512
-0.001005
-0.000183
-1.9e-05
-0.000183
-1.9e-05
-1.9e-05
-1.9e-05
-0.000183
-0.000183
-0.000347
-0.000347
-0.000183
-0.000183
-0.000347
-1.9e-05
-0.000183
-0.000183
-0.000183
-0.000183
-0.000183
-0.000347
-0.000347
-0.000183
-0.000183
-0.000183
-1.9e-05
-1.9e-05
-0.000347
-1.9e-05
-0.000183
-0.000183
-0.000512
-0.000347
-0.000183
-0.000512
-0.000183
-1.9e-05
-1.9e-05
-0.000183
0.000146
-0.000183
-0.000183
0.000146
0.000146
-0.000512
-0.000183
-0.000183
-0.000183
-0.000183
-0.000183
-0.000183
-1.9e-05
-0.000347
-0.000183
-0.000183
-0.000183
-0.000183
-0.000183
0.000474
0.000639
0.000639
0.000639
0.000474
-0.000183
0.000967
0.001296
-0.000512
-0.000347
-1.9e-05
-0.000183
-0.000347
-1.9e-05
-1.9e-05
-1.9e-05
-1.9e-05
0.000639
-0.001498
0.002447
0.001954
0.00409
0.000967
0.003433
0.001625
-0.001005
0.002447
0.001296
0.000146
0.00031
0.000146
0.001132
0.002447
-0.000347
0.000639
-0.001662
0.00294
-1.9e-05
0.001625
0.003268
-0.000512
0.003761
0.000474
0.000967
0.000146
0.007542
-0.00232
0.000474
-0.001169
-0.000183
0.000146
0.001789
-1.9e-05
0.000967
0.000146
0.002118
-1.9e-05
0.000474
0.000146
-0.000676
-1.9e-05
0.000146
-0.001662
-0.000512
-1.9e-05
-0.000183
-1.9e-05
-1.9e-05
0.000146
-1.9e-05
-0.000183
-0.000512
-0.000347
-0.000347
-0.000347
-0.000347
-0.000183
-1.9e-05
0.000146
-1.9e-05
-0.000183
-0.000183
-0.000512
-0.000183
-0.000347
-0.000347
-0.000347
-1.9e-05
-0.000183
-1.9e-05
0.000639
-1.9e-05
0.001132
0.000474
0.00294
0.00146
0.003597
0.002118
-0.000347
-1.9e-05
0.00031
-0.000183
0.000967
0.000146
0.001132
0.000803
0.00146
0.000803
0.00409
-1.9e-05
-1.9e-05
0.000474
-0.000183
0.001789
0.003761
0.003433
0.001132
0.00146
-1.9e-05
-0.000676
0.002447
0.000474
-0.002155
0.002775
0.001625
-0.000183
0.000146
-0.000347
-0.000347
-0.000183
-0.000512
-0.000183
-1.9e-05
-0.000183
-1.9e-05
0.000803
-0.000183
-0.000183
-0.000183
0.001625
0.001132
-0.000676
0.001789
0.000639
-0.000183
0.003433
0.000146
-1.9e-05
-0.000347
-1.9e-05
-0.000512
-0.000841
0.00031
0.00294
-0.000183
0.000803
0.00146
-0.000183
0.00031
0.000639
-0.000183
-1.9e-05
-1.9e-05
0.001296
0.000967
-0.000512
-1.9e-05
-0.000347
0.000146
-1.9e-05
-0.000512
-0.000183
-0.000512
0.000146
-0.001169
-1.9e-05
0.000146
0.000146
-0.000676
0.00031
0.000146
-0.000347
-0.000347
-0.000347
-0.000512
0.000146
-0.000183
-0.000183
-0.000183
-1.9e-05
-0.000183
-0.000183
-0.000183
-0.000183
-1.9e-05
0.000146
-0.000512
-0.000183
-0.000183
-1.9e-05
-1.9e-05
-0.000183
-0.000347
-0.000347
-0.000183
-0.000183
-0.000512
-0.000841
-0.000183
-0.000183
-0.000512
0.000146
-1.9e-05
-0.000183
-0.000183
-0.000183
-0.000183
-0.000183
0.00031
-0.000183
-0.000183
-0.000183
-0.000183
-0.000183
-1.9e-05
-0.000183
-0.000183
-0.000512
-0.000183
0.00031
-1.9e-05
-0.000183
-0.000183
-0.000183
-0.000183
-1.9e-05
-0.000347
-0.000183
-0.000512
-0.000183
-0.000512
-0.000183
-1.9e-05
-1.9e-05
-1.9e-05
-1.9e-05
-0.000183
-0.000183
-0.000183
-0.000347
-0.000183
-0.000512
-0.000183
-0.000183
-1.9e-05
-0.000183
0.000146
-0.000183
-0.000347
-0.000347
-0.000183
-0.000512
-0.000347
-0.000183
-1.9e-05
-0.000183
-0.000183
-1.9e-05
-0.000183
-0.000347
-0.000676
-0.000183
-0.000347
-0.000347
-0.000347
-0.000183
-1.9e-05
-0.000183
-0.000183
-0.000183
-0.000183
-0.000183
-0.000183
-0.000183
-0.000512
-0.000183
-1.9e-05
-0.000183
-0.000183
0.000146
-0.000183
-0.000347
-0.000183
-0.000183
-0.000512
-0.000347
-0.000347
-0.000183
-1.9e-05
-1.9e-05
-0.000183
0.000146
-0.000183
-0.000512
-0.000347
-0.000183
-0.000347
-0.000183
-0.000183
-0.000183
-1.9e-05
-0.000183
-0.000183
-1.9e-05
-0.000347
-0.000512
-0.000183
-0.000183
-0.000347
-0.000183
-0.000183
-1.9e-05
-0.000183
0.000146
-0.000183
-0.000183
-0.000347
-0.000347
-0.000183
-0.000183
-0.000183
-0.000183
-0.000183
-1.9e-05
-0.000183
-0.000183
-0.000183
-0.000183
-0.000347
-0.000347
-0.000183
-0.000183
-0.000183
-0.000183
-0.000183
-0.000183
-0.000183
-0.000183
-0.000183
-0.000347
-0.000183
-0.000183
-0.000183
-1.9e-05
-1.9e-05
-0.000183
-1.9e-05
-0.000183
-0.000183
-0.000512
-1.9e-05
-0.001334
-0.000183
0.001132
0.001789
0.003597
0.00409
0.0105
0.013787
0.024635
0.027593
0.036304
0.038769
0.044522
0.048138
0.050768
0.057013
0.061615
0.063916
0.065395
0.074106
0.077886
0.084461
0.08709
0.094158
0.094487
0.097281
0.101554
0.105827
0.108786
0.106978
0.114209
0.116675
0.117332
0.119962
0.124071
0.126043
0.130152
0.129988
0.136562
0.133603
0.13837
0.139685
0.142807
0.139685
0.14478
0.145273
0.147081
0.148889
0.149053
0.151025
0.151025
0.151683
0.15119
0.15234
0.14856
0.149217
0.145437
0.130316
0.046001
0.021183
-0.000183
0.00294
0.000474
0.002118
-0.000347
0.000639
-0.000183
0.000146
-0.000676
0.00031
0.001132
-0.000347
0.005076
0.00294
0.01313
0.018389
0.027922
0.032031
0.040249
0.044193
0.050768
0.057671
0.061286
0.066875
0.06671
0.077886
0.077886
0.082488
0.086762
0.093829
0.092514
0.098102
0.101718
0.10517
0.107964
0.11273
0.119304
0.116182
0.118976
0.12177
0.126043
0.127029
0.130316
0.133275
0.136069
0.134261
0.139192
0.141657
0.143136
0.144451
0.141821
0.041892
0.000639
0.00031
0.000474
0.002282
0.003926
-1.9e-05
-0.004128
0.00409
0.010336
0.002775
0.006884
0.014609
0.021019
0.029566
0.033839
0.039756
0.046659
0.052082
0.057342
0.000474
0.000474
0.005734
0.008857
0.003926
0.003926
0.001625
0.003597
0.007213
0.000146
-0.000841
0.009678
0.016088
0.020197
0.029401
0.034989
0.045179
0.050274
0.054548
0.059972
0.066053
0.067861
0.073449
0.077393
0.084296
0.084132
0.089556
0.091857
0.097116
0.100568
0.102376
0.107306
0.112073
0.114867
0.116346
0.120784
0.118318
0.131796
0.127522
0.128837
0.131796
0.132782
0.134918
0.136562
0.139027
0.140506
0.134425
0.14215
0.145766
0.147081
0.147738
0.150368
0.150861
0.154312
0.156285
0.153819
0.157928
0.155134
0.155463
0.153984
0.148067
0.145273
0.142479
0.129823
0.090542
0.034661
0.010007
0.001132
0.002775
0.001132
-1.9e-05
0.001954
-0.000183
0.000803
-0.000676
0.000803
-0.000512
-0.000347
-0.000347
-0.000183
-1.9e-05
0.000146
0.000146
-1.9e-05
-1.9e-05
-1.9e-05
-0.000183
-0.000183
-0.000347
-0.000183
-0.000347
-0.000183
-0.000183
-0.000183
0.000146
-0.000183
-1.9e-05
-1.9e-05
-0.000183
-0.000183
-1.9e-05
-0.000347
-0.000512
-1.9e-05
-1.9e-05
-1.9e-05
-1.9e-05
-1.9e-05
-0.000183
-0.000183
-0.000512
-0.000347
-0.000183
-0.000183
-0.000183
-1.9e-05
-1.9e-05
0.000146
-0.000183
-0.000183
-0.000183
-0.000347
-0.000347
-0.000512
-0.000183
-0.000347
-1.9e-05
-0.000183
-0.000183
-0.000183
-1.9e-05
-0.000183
-0.000183
-0.000347
-0.000183
-0.000183
-0.000183
-0.000183
-0.000183
-0.000183
-0.000183
-0.000183
-0.000347
-0.000347
-0.000183
-0.000347
-0.000347
-0.000183
-0.000347
-1.9e-05
-1.9e-05
0.000146
-1.9e-05
-0.000183
-1.9e-05
-0.000183
-1.9e-05
-0.000347
-0.000183
-1.9e-05
-0.000183
-1.9e-05
-0.000347
-0.000347
-0.000183
-0.000347
-0.000347
-0.000347
-0.000183
-0.000183
-0.000347
-1.9e-05
-1.9e-05
0.000146
-0.000347
-0.000512
-0.000183
-0.000347
-0.000512
-0.000183
-0.000183
-0.000183
-0.000183
-1.9e-05
-1.9e-05
-0.000183
-0.000347
-0.000183
-0.000347
-0.000183
-0.000183
-0.000183
0.000146
-0.000347
0.000146
-0.000183
-0.000183
-0.000347
-0.000347
-0.000183
-0.000347
-1.9e-05
-0.000183
-0.000183
-1.9e-05
0.000146
-0.000183
-1.9e-05
-0.000183
-0.000512
-0.000347
-0.000183
-0.000183
-0.000183
-0.000183
0.000146
-1.9e-05
0.000146
0.000146
-0.000347
-0.000347
-0.000347
-0.000347
-0.000347
-0.000183
-0.000183
-0.000183
-1.9e-05
-0.000183
-0.000183
-0.000183
-0.000347
-0.000347
-0.000347
-1.9e-05
-0.000183
-0.000183
-0.000347
-1.9e-05
0.000146
-0.000183
-0.000347
-0.000512
-0.000183
-0.000512
-0.000347
-0.000183
-0.000183
-0.000183
-0.000183
-1.9e-05
-0.000183
-0.000183
-0.000347
-0.000347
-0.000676
-0.000347
-0.000183
-1.9e-05
-0.000183
-1.9e-05
-1.9e-05
-0.000512
-0.000183
-0.000183
-0.000183
-0.000347
-0.000347
-0.000183
-1.9e-05
-1.9e-05
0.000146
-0.000183
-0.000183
-0.000183
0.000146
-0.000183
-0.000347
-0.000183
-0.000183
-0.000183
-0.000183
-0.000183
-1.9e-05
-1.9e-05
-0.000347
-0.000183
-0.000512
-0.000512
-0.000512
-1.9e-05
-1.9e-05
-1.9e-05
-1.9e-05
0.000146
-0.000183
-0.000183
-0.000347
-0.000347
-0.000347
0.00031
-0.000183
-0.000183
-0.000183
-0.000183
-1.9e-05
-0.000183
-0.000183
-0.000183
-0.000347
-0.000183
-0.000183
-0.000347
-0.000183
-0.000183
-1.9e-05
0.000146
-1.9e-05
-0.000512
-0.000347
-0.000183
-0.000512
-0.000512
-0.000183
-1.9e-05
-0.000183
-1.9e-05
0.000146
-0.000183
-0.000183
-0.000512
-0.000512
-0.000347
-0.000347
-0.000347
-0.000183
-0.000183
-0.000183
-0.000183
-1.9e-05
-0.000347
-1.9e-05
-0.000347
-0.000347
-0.000183
-0.000347
-1.9e-05
-0.000183
-1.9e-05
-0.000183
-0.000183
-0.000347
-0.000347
-0.000512
-0.000183
-0.000183
-0.000347
-0.000183
-0.000183
-0.000183
-0.000183
-0.000183
-0.000183
-0.000512
-0.000183
-0.000347
-0.000676
-0.000183
-0.000183
-1.9e-05
-0.000183
-0.000183
-0.000347
-1.9e-05
-0.000183
-0.000512
-0.000183
-0.000183
-0.000183
-0.000183
-0.000183
-0.000183
-1.9e-05
-1.9e-05
-0.000347
-0.000512
-0.000183
-0.000183
-0.000347
-0.000183
-1.9e-05
-0.000183
-1.9e-05
-1.9e-05
-0.000183
-0.000183
-0.000183
-1.9e-05
-0.000183
0.000146
-0.000183
0.000146
-0.000347
0.00031
-0.000512
0.000146
-0.000347
0.000474
-0.000347
-1.9e-05
-0.000347
-0.002648
0.002118
0.000474
0.00031
-0.000676
0.002118
0.00409
0.003761
0.007049
0.012472
0.019704
0.022827
0.029072
0.034661
0.038605
0.041564
0.049946
0.052575
0.056849
0.061944
0.063752
0.069176
0.074764
0.073613
0.075421
0.083803
0.080681
0.088077
0.084954
0.091364
0.088405
0.090049
0.092021
0.097938
0.094651
0.097774
0.099582
0.09876
0.100239
0.103362
0.103033
0.105005
0.107799
0.107142
0.1101
0.105992
0.111251
0.110265
0.110593
0.112566
0.113881
0.112237
0.112073
0.113223
0.11158
0.113388
0.118154
0.112237
0.113716
0.112237
0.113388
0.113716
0.114045
0.115524
0.116182
0.116839
0.117825
0.117496
0.117825
0.120619
0.098431
0.100896
0.100075
0.103197
0.107142
0.111087
0.113059
0.114538
0.11799
0.117003
0.118318
0.120455
0.124893
0.124893
0.127522
0.126372
0.129495
0.132453
0.133603
0.136069
0.138041
0.143136
0.140178
0.14593
0.144122
0.150368
0.14971
0.151025
0.150532
0.153984
0.154477
0.155627
0.15497
0.158421
0.159243
0.158421
0.163352
0.163516
0.164338
0.164503
0.16401
0.163188
0.165489
0.167297
0.165324
0.158093
0.034003
0.001789
0.00294
0.004748
0.009021
0.010664
0.01313
0.00672
0.006227
0.005405
0.003597
0.006227
0.004255
0.011815
0.017567
0.023156
0.03236
0.033674
0.037783
0.041235
0.047973
0.051425
0.059314
0.060793
0.06934
0.075421
0.076736
0.081338
0.08709
0.088734
0.09498
0.096623
0.100239
0.103855
0.107142
