Ladekurvenmessung

Zeit: 2018_05_02 15.14.50

Info: FVA3, v = 0.2108, T = 40, F = 20, h = 148.8

Ladewiderstand[Ohm]: 1012700

Störkapazität[nF]: 0.000000

Entladezeit[ms]: 100

Abtastrate[Hz]: 250000

Anzahl der Messwerte: 2500

Verzögerung [ms]: 1


Kurve 1

0.000798
-9e-05
4.1e-05
-0.000255
0.000995
4.1e-05
0.000831
0.000929
0.000173
8e-06
-0.000156
-0.000485
-0.00065
0.000568
-0.001143
-0.000452
-0.000288
0.001127
-0.000222
0.001028
-0.000189
0.000732
0.000962
4.1e-05
-0.000123
-0.000419
0.002969
0.001324
-0.000255
-0.002262
7.4e-05
-0.002032
0.000107
-0.002328
0.000864
-0.000419
0.002344
-0.002196
0.002048
0.002805
0.002739
0.005437
0.002772
0.006325
0.003759
0.007674
0.003167
0.007213
0.004252
0.003561
0.005864
0.007608
0.009615
0.007147
0.006884
0.007509
0.007443
0.004252
0.005897
0.00468
0.008529
0.003101
0.002903
0.004285
0.004877
0.004252
0.004647
0.006391
0.004219
0.004976
0.0057
0.003364
0.00468
0.005206
0.005864
0.009812
0.005568
0.007608
0.010108
0.006489
0.003134
0.006292
0.003792
0.004384
0.003825
0.004121
0.005897
0.000995
0.003528
-0.001604
-0.005683
-0.006111
-0.002657
-0.004038
-0.002097
-0.001472
-0.000551
-0.002854
0.00241
-0.001703
0.003923
0.000502
-9e-05
0.001851
0.001028
0.001061
0.000469
0.004285
0.001061
0.004483
-0.001176
-0.006473
-0.001143
0.001028
-0.000518
0.001719
-0.000255
0.001818
0.001587
-0.000617
0.001489
0.000831
0.002673
-0.001045
0.001028
0.000897
0.001094
0.001324
0.001752
0.001883
0.003364
-0.000288
0.00241
0.000271
-0.002525
-0.001604
-0.00417
0.000798
0.000502
0.001851
-0.000387
0.002015
-0.000485
0.001587
-0.001308
0.000699
-0.00088
-0.000814
0.000699
-0.003183
-0.00292
-0.00088
0.000107
-0.00315
0.001127
-0.002064
0.000568
-0.001834
-9e-05
-0.001308
-0.001472
-0.002097
0.000337
-0.00111
-9e-05
-0.003018
-0.000979
-0.000518
-0.002525
-0.002788
-0.003018
-0.000452
-0.003874
-0.00417
-0.005124
0.003693
-0.003512
-0.002689
-0.001209
-0.001308
-0.002328
-0.001143
-0.000814
-0.003709
-0.00519
-0.002722
-0.000222
-0.004565
-0.001012
0.00139
-0.003676
0.000337
-0.002196
-0.00236
0.000633
-0.00292
-0.000255
0.001653
-0.000584
-0.003874
-0.003676
-0.004367
-0.002788
-0.002097
-0.00417
-0.000946
-0.004071
-0.001308
-0.002854
-0.001374
-0.000781
0.002706
-2.5e-05
-9e-05
-0.001538
-0.001768
-0.000419
-0.002755
-0.001176
-0.002064
-0.001275
-0.001867
-0.001077
-0.000716
-0.004236
-0.003413
-0.002689
-0.002657
-0.006012
-0.003018
-0.001867
-0.001834
-0.003808
-0.001571
-0.004795
-0.003973
-0.003545
-0.002262
-0.005946
-0.003117
-0.007098
-0.006341
-0.00394
-0.003578
-0.002722
-0.001571
-0.004598
-0.001571
0.003035
-0.001834
-0.002196
0.000666
0.009286
0.015602
0.02261
0.030637
0.032973
0.03748
0.04531
0.050771
0.058897
0.063964
0.06801
0.072123
0.076992
0.0814
0.080545
0.087816
0.090448
0.093869
0.065313
0.003199
0.010536
0.019188
0.024189
0.032677
-2.5e-05
0.000897
0.01251
0.013727
0.025472
0.029288
0.038467
0.000897
0.009746
0.013234
0.020373
0.028137
0.033006
-0.000222
0.006785
0.012674
0.021886
0.032019
0.035769
0.043205
0.051067
0.055311
0.063438
0.06653
0.067616
0.075215
0.078242
0.030539
0.009384
0.018629
0.024847
0.031098
0.035539
0.042711
0.049061
0.051956
0.058536
0.060904
0.066958
0.07209
0.079196
0.080479
0.084624
0.085776
0.090711
0.091829
0.096994
0.09581
0.10012
0.102061
0.102489
0.105351
0.061496
0.050738
0.000502
0.001554
0.008595
0.018267
0.018201
0.029255
0.028663
0.038862
0.041198
0.043402
0.047481
0.054061
0.057581
0.057581
0.057154
0.054785
0.058799
0.059259
0.066464
0.004614
-0.000255
-2.5e-05
7.4e-05
0.00037
0.005733
0.013464
0.018826
0.022412
0.032907
0.034651
0.03771
0.043863
0.051166
0.056924
0.059259
0.063503
0.066859
0.06801
0.068866
0.073209
0.071235
0.077091
0.078505
0.082354
0.082618
0.086237
0.086533
0.090448
0.091336
0.094757
0.098475
0.098343
0.101469
0.102686
0.105943
0.103805
0.107489
0.105713
0.108871
0.106042
0.113345
0.105877
0.092487
0.068537
0.068668
0.073373
0.07209
0.075742
0.07913
0.083177
0.081861
0.084986
0.090612
0.093507
0.08548
0.092685
0.093145
0.092915
0.096962
0.095415
0.09887
0.097225
0.10012
0.101008
0.103508
0.103015
0.104923
0.107654
0.109529
0.106798
0.110483
0.112424
0.110483
0.113279
0.111273
0.111009
0.110088
0.11045
0.112029
0.108739
0.109332
0.111207
0.102522
0.109101
0.108739
0.049752
0.038401
0.04406
0.04758
0.054357
0.055805
0.05643
0.048797
0.040342
0.0006
-9e-05
-2.5e-05
0.000173
7.4e-05
0.00014
8e-06
-5.8e-05
-2.5e-05
-0.000123
-9e-05
-0.000123
4.1e-05
7.4e-05
4.1e-05
0.000107
0.000107
-2.5e-05
-2.5e-05
-0.000123
-2.5e-05
-2.5e-05
-0.000123
0.000107
4.1e-05
0.00014
0.000107
0.000107
8e-06
0.000271
-5.8e-05
0.002476
0.004285
0.00672
0.012049
0.018662
0.024518
0.026722
0.034355
0.034947
0.035013
0.034421
0.018366
0.000436
0.003101
0.008266
0.012543
0.012049
0.012938
0.021425
0.024617
0.031887
0.032348
0.035572
0.036625
0.039388
0.03521
0.006555
0.01297
0.011885
-0.000452
-0.000452
0.000929
0.008266
0.011128
0.013497
0.020439
0.019978
0.024452
0.024551
0.023893
0.023169
0.027347
0.029519
0.029683
0.027907
0.016688
0.001423
0.00843
0.010174
0.011325
0.000568
0.000173
-9e-05
0.000502
-2.5e-05
-0.000123
0.006325
0.012839
0.018629
0.004515
0.011391
0.010898
0.016984
0.017642
0.015767
0.009417
0.001785
0.00037
0.000107
4.1e-05
4.1e-05
0.00014
0.000206
0.000633
-0.000387
0.002311
0.006456
0.00899
0.01047
0.0057
0.011062
0.001423
0.005535
0.002574
0.001653
0.001193
0.001949
0.006391
0.014451
0.015701
0.015931
0.014813
0.016984
0.017214
0.016721
0.016688
0.013201
0.012148
0.012444
0.012247
0.011687
0.01149
0.000304
0.000535
0.000666
0.000107
0.00014
0.002015
-2.5e-05
0.000568
0.001719
0.002969
-0.000814
0.002607
0.005897
0.003134
0.003825
0.001785
0.00162
0.000535
0.001127
0.000995
0.00264
-0.000814
0.001554
0.002344
0.002048
4.1e-05
0.003759
0.002344
0.003923
0.00139
0.003364
0.002541
0.000732
-9e-05
0.000304
0.000337
0.004548
0.007345
-0.000551
0.000831
0.001752
0.002212
0.006193
0.009253
0.008529
0.006621
0.004877
0.005108
0.004186
0.000568
0.010503
0.006226
0.010799
0.005535
0.00945
0.01126
0.011654
0.009088
0.015537
0.015372
0.017576
0.023005
0.021491
0.019287
0.007608
0.01149
0.015306
0.004186
0.008825
0.014484
0.010339
0.012115
0.00922
0.000798
0.002574
0.001357
-0.000387
0.000239
0.002706
0.000535
0.002114
0.001851
0.003561
0.002081
0.002541
0.000239
0.000502
-0.000683
4.1e-05
0.000173
0.000239
-0.000847
0.000962
0.000535
-0.000748
-0.000123
0.000436
0.001818
0.000633
0.001785
0.00139
0.007411
0.010832
0.014221
0.01251
0.013234
0.013135
0.007707
0.008496
0.005996
0.006226
0.001719
0.001949
0.001225
0.003068
0.000633
0.005733
0.003232
0.006193
0.001916
0.003002
0.001225
0.000732
0.001489
0.000765
-0.000814
0.000798
0.001291
0.000271
0.000436
0.00037
0.000666
0.000271
7.4e-05
7.4e-05
0.000831
0.000271
0.000765
0.000304
0.001587
0.007641
0.00922
0.013234
0.013925
0.010668
0.002903
0.00616
0.005963
0.012247
0.008595
0.014122
0.017872
0.019748
0.023531
0.026689
0.025768
0.032381
0.036362
0.037875
0.043238
0.04554
0.048567
0.021919
0.025011
0.029354
0.043369
0.037743
0.042612
0.043205
0.029979
0.019616
0.002838
0.000239
0.00014
0.00014
0.000337
-0.00088
-2.5e-05
0.003923
0.004121
0.007542
-0.000123
0.003068
0.008068
0.013628
0.018991
0.023531
0.025176
0.025242
0.029255
0.031525
0.033598
0.027907
0.030308
0.035704
0.04202
0.047646
0.052153
0.057845
0.061135
0.068932
0.070774
0.077222
0.082025
0.083868
0.0764
0.0764
0.076169
0.081631
0.080907
0.088539
0.090415
0.09762
0.102028
0.104166
0.106272
0.000271
-0.001867
0.007279
0.01524
0.022281
0.033993
0.035671
0.041395
0.047975
0.056101
0.064227
0.067221
0.069491
0.076071
0.0789
0.082453
0.08367
0.092356
0.094034
0.097521
0.102554
0.105877
0.109463
0.110615
0.113872
0.115911
0.1168
0.111667
0.106996
0.104068
0.098212
0.095777
0.102193
0.1016
0.106733
0.069919
0.066958
0.071333
0.079262
0.072353
0.000765
0.000206
0.006029
0.016524
0.018432
0.028268
0.026985
0.0057
0.001324
0.005601
0.011062
0.015734
0.017938
0.019024
0.021853
0.025637
0.029321
0.030637
0.034157
0.034059
0.037184
0.035802
0.037809
0.039882
0.042974
0.046593
0.044093
0.036
0.033368
0.027282
0.029848
0.033236
0.033894
0.00037
0.0057
0.012378
0.012839
0.010536
0.014188
0.019813
0.022643
0.024617
0.021919
0.024617
0.028894
0.031756
0.034026
0.036987
0.040342
0.04485
0.050311
0.050245
0.056101
0.060477
0.025209
0.025373
0.032019
0.03702
0.044126
0.04837
0.046758
0.050344
0.051133
0.052351
0.040046
0.034947
0.036263
0.041889
0.045014
0.046955
0.049455
0.056364
0.059029
0.062812
0.066004
0.060707
0.063635
0.067616
0.072353
0.074459
0.076827
0.077156
0.084032
0.081104
0.087717
0.084559
0.03317
0.001883
0.002015
0.003035
0.005996
0.006095
0.004548
0.008332
0.010042
0.015076
0.019188
0.02238
0.023005
0.029716
0.03271
0.039026
0.045047
0.047843
0.053667
0.057581
0.060378
0.064984
0.070215
0.076926
0.08038
0.079591
0.086039
0.085776
0.091106
0.093474
0.096304
0.098179
0.100975
0.099265
0.103969
0.105943
0.108674
0.001291
0.003463
0.005272
0.009121
0.021129
0.024321
0.033203
0.038599
0.043106
0.046396
0.051594
0.054982
0.061924
0.064753
0.068142
0.074294
0.074853
0.081795
0.08423
0.089066
0.089362
0.092125
0.091731
0.098245
0.098541
0.099988
0.104561
0.10443
0.103607
0.109562
0.111832
0.112293
0.111075
0.11226
0.113082
0.112753
0.112161
0.116964
0.117458
0.118971
0.121932
0.121077
0.123774
0.121011
0.121899
0.117589
0.119432
0.120682
0.122425
0.12634
0.124695
0.12509
0.119563
0.121175
0.116076
0.107983
0.102193
0.098475
0.093836
0.093737
0.090119
0.089921
0.089197
0.088375
0.088046
0.081631
0.079854
0.073143
0.069228
0.065576
0.062451
0.061167
0.058963
0.057845
0.069458
0.068307
0.073406
0.076466
0.078604
0.079591
0.086467
0.09127
0.090941
0.097554
0.0991
0.103245
0.101831
0.107654
0.109036
0.113707
0.111931
0.115188
0.1168
0.119596
0.123149
0.120287
0.118609
0.006325
0.011687
0.021228
0.028268
0.033664
0.040244
0.045902
0.05439
0.055311
0.060279
0.068438
0.067352
0.067352
0.073669
0.076466
0.079394
0.082782
0.08775
0.089592
0.091566
0.095415
0.089066
0.101173
0.102127
0.105746
0.107851
0.108016
0.10716
0.109595
0.111503
0.113806
0.109167
0.112753
0.113608
0.11476
0.109397
0.111306
0.112687
0.110121
0.091796
0.091467
0.093935
0.069359
0.072583
0.074459
0.083276
0.084986
0.088474
0.092224
0.093014
0.102291
0.101962
0.104134
0.106107
0.109266
0.111996
0.113082
0.108542
0.111832
0.11397
0.119991
0.120287
0.125781
0.125189
0.128249
0.128578
0.130946
0.129861
0.130453
0.131835
0.131769
0.136144
0.133447
0.139105
0.138414
0.138677
0.140388
0.144205
0.141244
0.143908
0.143547
0.146475
0.144863
0.143579
0.148876
0.143283
0.145488
0.14631
0.146343
0.147165
0.147396
0.131177
0.001883
0.009944
0.01682
0.024781
0.032545
0.038697
0.0461
0.0486
0.04281
0.052022
0.05337
0.058963
0.062253
0.067649
0.073801
0.079196
0.08196
0.085644
0.064984
0.003528
0.008332
0.015898
0.021228
0.027907
0.033993
0.040935
0.047317
0.050442
0.056989
0.062122
0.067385
0.067747
0.045508
0.000107
0.000239
0.000206
0.000995
0.005437
0.013563
0.001291
0.010799
0.019287
0.021228
0.02738
0.030867
0.039355
0.043896
0.053173
0.056167
0.061332
0.07028
0.070412
0.075084
0.079788
0.085118
0.088079
0.018004
0.025933
0.036724
0.040639
0.048337
0.045047
0.051956
0.053765
0.059983
0.023202
0.032085
0.041494
0.044389
0.048534
0.050771
0.054028
0.062549
0.066695
0.06857
0.072386
0.072485
0.075577
0.076169
0.083144
0.086894
0.085546
0.075018
0.058207
0.059687
0.06199
0.066069
0.069853
0.07288
0.074788
0.079986
0.086105
0.087158
0.08525
0.086039
0.082651
0.088836
0.060838
0.007772
0.014221
0.024386
0.024353
0.020669
0.005338
0.010799
0.011885
0.013036
0.010371
0.01149
0.017379
0.018103
0.026953
0.010306
0.017576
0.017774
0.023301
0.024913
0.020899
0.020504
0.024386
0.03067
0.031098
0.041362
0.044685
0.052811
0.05791
0.059194
0.06574
0.072945
0.075873
0.079887
0.079723
0.080808
0.082124
0.084592
0.081302
0.082256
0.083506
0.080644
0.075215
0.038829
0.000535
0.004417
0.008661
4.1e-05
0.00139
0.000666
0.000633
0.001851
0.006292
0.013135
0.0082
0.007114
0.014648
0.023103
0.028203
0.036592
0.03373
0.026656
0.028926
0.029584
0.029058
0.018037
0.004976
0.012543
0.002344
0.010371
0.016721
0.020504
0.025242
0.032776
0.001818
0.0057
0.01353
0.016359
0.013398
0.000995
0.005042
0.004384
0.000239
-2.5e-05
-5.8e-05
-5.8e-05
-9e-05
-2.5e-05
8e-06
0.000107
0.00014
0.00014
0.000206
0.000107
8e-06
-2.5e-05
-5.8e-05
-2.5e-05
-5.8e-05
4.1e-05
7.4e-05
0.00014
0.00014
7.4e-05
4.1e-05
8e-06
-5.8e-05
8e-06
-9e-05
-9e-05
8e-06
7.4e-05
0.00014
7.4e-05
0.000107
4.1e-05
8e-06
-5.8e-05
-5.8e-05
-0.000123
-2.5e-05
-2.5e-05
0.000107
0.00014
4.1e-05
0.000107
7.4e-05
8e-06
-2.5e-05
-9e-05
-5.8e-05
-0.000123
4.1e-05
4.1e-05
7.4e-05
0.000173
7.4e-05
0.000107
8e-06
-9e-05
-2.5e-05
-0.000123
-0.000123
8e-06
4.1e-05
0.000173
0.000107
0.000173
0.000107
8e-06
-5.8e-05
-9e-05
-9e-05
8e-06
-9e-05
7.4e-05
7.4e-05
0.000107
0.00014
0.000107
8e-06
-9e-05
-5.8e-05
-9e-05
-0.000189
8e-06
4.1e-05
0.000107
7.4e-05
0.000107
0.000107
4.1e-05
-2.5e-05
-9e-05
-5.8e-05
-0.000123
8e-06
7.4e-05
4.1e-05
0.000107
0.000107
0.000107
7.4e-05
-2.5e-05
-0.000123
-9e-05
-9e-05
-2.5e-05
8e-06
7.4e-05
0.00014
0.000107
0.00014
8e-06
-2.5e-05
-0.000123
-0.000123
-5.8e-05
-9e-05
4.1e-05
0.000107
0.000107
0.000107
0.000107
8e-06
4.1e-05
-5.8e-05
-2.5e-05
-0.000156
-9e-05
4.1e-05
4.1e-05
0.000107
0.000107
0.000107
0.000107
-2.5e-05
-5.8e-05
-0.000123
-9e-05
-5.8e-05
-2.5e-05
7.4e-05
0.000107
7.4e-05
0.00014
7.4e-05
-2.5e-05
-0.000123
-0.000123
-5.8e-05
-5.8e-05
7.4e-05
4.1e-05
0.000107
0.000107
0.00014
0.000107
8e-06
-9e-05
-5.8e-05
-0.000123
-9e-05
4.1e-05
4.1e-05
0.000107
0.000107
7.4e-05
4.1e-05
-2.5e-05
-2.5e-05
-0.000123
-5.8e-05
-9e-05
-5.8e-05
7.4e-05
7.4e-05
0.000107
0.000107
4.1e-05
8e-06
-0.000123
-9e-05
-5.8e-05
-5.8e-05
4.1e-05
4.1e-05
0.000107
0.000107
7.4e-05
7.4e-05
-2.5e-05
-9e-05
-9e-05
-0.000156
-5.8e-05
8e-06
7.4e-05
7.4e-05
0.000107
0.00014
7.4e-05
8e-06
-5.8e-05
-2.5e-05
-0.000123
-9e-05
4.1e-05
8e-06
4.1e-05
0.000107
0.000107
7.4e-05
8e-06
-5.8e-05
-2.5e-05
-9e-05
-2.5e-05
-2.5e-05
8e-06
0.000107
7.4e-05
0.00014
0.00014
4.1e-05
-2.5e-05
-5.8e-05
-9e-05
-0.000189
-2.5e-05
7.4e-05
7.4e-05
0.00014
7.4e-05
7.4e-05
4.1e-05
-9e-05
-2.5e-05
-9e-05
4.1e-05
4.1e-05
8e-06
0.00014
0.000107
4.1e-05
0.000107
4.1e-05
-5.8e-05
-9e-05
-9e-05
-0.000156
-5.8e-05
4.1e-05
7.4e-05
7.4e-05
0.000107
7.4e-05
0.000107
-5.8e-05
-5.8e-05
-9e-05
-5.8e-05
-2.5e-05
8e-06
7.4e-05
0.00014
0.00014
0.00014
4.1e-05
-2.5e-05
-9e-05
-9e-05
-5.8e-05
-5.8e-05
8e-06
0.00014
7.4e-05
0.000107
7.4e-05
-2.5e-05
8e-06
-5.8e-05
-0.000123
-0.000123
-0.000123
4.1e-05
4.1e-05
0.00014
0.00014
7.4e-05
4.1e-05
8e-06
-5.8e-05
-5.8e-05
-9e-05
-5.8e-05
4.1e-05
4.1e-05
7.4e-05
0.000107
0.000173
7.4e-05
4.1e-05
-9e-05
-0.000123
-9e-05
-9e-05
4.1e-05
0.000107
0.000107
0.000107
4.1e-05
7.4e-05
4.1e-05
-0.000123
-5.8e-05
-0.000123
-5.8e-05
7.4e-05
7.4e-05
0.000107
4.1e-05
0.00014
7.4e-05
-5.8e-05
-5.8e-05
-5.8e-05
-9e-05
-9e-05
8e-06
4.1e-05
7.4e-05
7.4e-05
7.4e-05
0.000107
-2.5e-05
-5.8e-05
-9e-05
-5.8e-05
-9e-05
0.000107
4.1e-05
0.000107
0.000107
0.000107
7.4e-05
8e-06
-2.5e-05
-9e-05
-0.000123
-5.8e-05
7.4e-05
7.4e-05
0.000107
4.1e-05
0.000173
7.4e-05
8e-06
-2.5e-05
-9e-05
-9e-05
-0.000123
4.1e-05
4.1e-05
4.1e-05
0.000107
7.4e-05
0.000107
8e-06
-0.000123
-2.5e-05
-0.000156
-9e-05
4.1e-05
8e-06
7.4e-05
7.4e-05
0.00014
7.4e-05
-2.5e-05
-2.5e-05
-9e-05
-9e-05
-2.5e-05
-5.8e-05
7.4e-05
4.1e-05
0.000107
0.00014
7.4e-05
4.1e-05
-5.8e-05
-5.8e-05
-9e-05
-0.000156
8e-06
0.000107
0.000107
0.00014
0.000107
0.000107
8e-06
-5.8e-05
-5.8e-05
-0.000156
4.1e-05
8e-06
8e-06
0.000107
0.000107
0.000107
0.000107
8e-06
-2.5e-05
-0.000123
-9e-05
-0.000123
-2.5e-05
4.1e-05
4.1e-05
0.00014
0.00014
4.1e-05
-2.5e-05
-5.8e-05
-5.8e-05
-5.8e-05
-9e-05
-5.8e-05
4.1e-05
4.1e-05
0.000107
0.00014
0.000107
4.1e-05
8e-06
-9e-05
-9e-05
-2.5e-05
-5.8e-05
4.1e-05
0.000107
0.000107
0.000107
4.1e-05
7.4e-05
-2.5e-05
-2.5e-05
-5.8e-05
-9e-05
-9e-05
4.1e-05
7.4e-05
0.00014
7.4e-05
0.000107
8e-06
8e-06
-0.000123
-9e-05
-9e-05
-5.8e-05
4.1e-05
4.1e-05
7.4e-05
0.000107
0.000173
4.1e-05
-2.5e-05
-5.8e-05
-5.8e-05
-0.000156
-9e-05
4.1e-05
8e-06
7.4e-05
0.000107
0.000173
4.1e-05
-2.5e-05
-2.5e-05
-5.8e-05
-9e-05
-9e-05
8e-06
0.000107
7.4e-05
0.000107
0.00014
7.4e-05
8e-06
-5.8e-05
-9e-05
-9e-05
-2.5e-05
8e-06
4.1e-05
0.000107
0.000173
0.000107
7.4e-05
-2.5e-05
-9e-05
-0.000123
-9e-05
-9e-05
4.1e-05
7.4e-05
0.00014
8e-06
0.000173
4.1e-05
8e-06
-2.5e-05
-2.5e-05
-5.8e-05
-0.000123
4.1e-05
0.000107
4.1e-05
0.000107
0.000107
0.000107
-2.5e-05
-9e-05
-2.5e-05
-9e-05
-5.8e-05
4.1e-05
4.1e-05
0.000107
7.4e-05
0.00014
7.4e-05
-5.8e-05
-9e-05
-5.8e-05
-9e-05
-0.000123
-2.5e-05
7.4e-05
0.000107
0.000107
0.00014
4.1e-05
8e-06
-9e-05
-0.000123
-9e-05
-5.8e-05
-2.5e-05
8e-06
0.000107
0.000107
0.000107
7.4e-05
8e-06
-2.5e-05
-5.8e-05
-0.000156
-9e-05
-2.5e-05
4.1e-05
7.4e-05
0.000107
0.000173
0.000107
8e-06
-5.8e-05
-5.8e-05
-9e-05
-2.5e-05
-5.8e-05
0.000107
8e-06
0.000107
0.000107
0.000173
8e-06
-2.5e-05
-5.8e-05
-0.000123
-0.000156
-9e-05
7.4e-05
0.00014
0.00014
0.00014
0.00014
8e-06
-2.5e-05
-5.8e-05
-9e-05
-5.8e-05
-9e-05
0.000107
4.1e-05
0.000107
7.4e-05
4.1e-05
4.1e-05
-0.000123
-5.8e-05
-9e-05
-9e-05
-5.8e-05
4.1e-05
4.1e-05
0.00014
7.4e-05
0.000107
4.1e-05
4.1e-05
-5.8e-05
-9e-05
-9e-05
-0.000123
4.1e-05
0.000107
4.1e-05
0.000173
0.00014
0.000107
-2.5e-05
0.000107
-2.5e-05
-0.000123
-5.8e-05
0.000107
4.1e-05
0.000107
0.000107
0.000107
0.00014
-5.8e-05
-2.5e-05
-5.8e-05
-2.5e-05
-5.8e-05
4.1e-05
7.4e-05
0.00014
0.00014
0.000107
4.1e-05
-2.5e-05
-5.8e-05
-9e-05
-9e-05
-9e-05
0.000107
8e-06
0.000107
4.1e-05
0.000107
0.00014
4.1e-05
7.4e-05
8e-06
-9e-05
-5.8e-05
8e-06
0.000107
0.000107
7.4e-05
0.00014
7.4e-05
8e-06
-5.8e-05
-5.8e-05
-9e-05
4.1e-05
8e-06
7.4e-05
4.1e-05
0.00014
4.1e-05
0.000831
0.005864
0.005239
0.011819
0.013596
0.019057
0.022774
0.023169
0.002969
0.008562
0.000107
0.000337
-0.000321
0.001423
0.011622
0.01228
0.022116
0.021787
0.024452
0.030242
0.036427
0.03952
0.044915
0.04962
0.053535
0.058272
0.061957
0.059884
0.060641
0.063306
0.067221
0.071893
0.074623
0.079887
0.08367
0.084032
0.087388
0.090711
0.097126
0.097718
0.101896
0.106107
0.109233
0.112983
0.11499
0.119432
0.122064
0.125057
0.129992
0.127327
0.132525
0.13746
0.138118
0.142428
0.141606
0.126143
0.056726
0.052383
0.055344
0.064852
0.064951
0.072748
0.075676
0.081137
0.086335
0.091369
0.093211
0.101173
0.103212
0.108608
0.115221
0.117491
0.113839
0.122031
0.124301
0.128084
0.131604
0.133512
0.132163
0.135947
0.139237
0.138941
0.144501
0.144205
0.146771
0.147659
0.147297
0.152396
0.157956
0.156838
0.159634
0.160851
0.160029
0.163911
0.167201
0.165951
0.165885
0.166444
0.165852
0.171478
0.168122
0.17332
0.172728
0.174537
0.175162
0.178123
0.176281
0.178551
0.178156
0.179867
0.181249
0.176149
0.184407
0.179045
0.181611
0.181644
0.186315
0.184078
0.184078
0.185756
0.186874
0.188256
0.187796
0.189112
0.191118
0.190592
0.188256
0.192928
0.184506
0.189309
0.188585
0.194211
0.189868
0.190395
0.191941
0.189671
0.192204
0.192665
0.193421
0.193027
0.192171
0.192994
0.194902
0.178814
0.180722
0.180196
0.181644
0.180459
0.182927
0.184111
0.183881
0.183091
0.184604
0.184308
0.188717
0.186217
0.189243
0.189868
0.188125
0.188881
0.188618
0.189638
0.189868
0.187697
0.188816
0.189408
0.187072
0.189572
0.190592
0.191612
0.189243
0.192369
0.190724
0.19125
0.192073
0.1925
0.193027
0.189474
0.189013
0.190296
0.192007
0.192434
0.193421
0.189868
0.192171
0.190789
0.194343
0.194145
0.190724
0.195461
0.195264
0.071991
0.076564
0.082618
0.086105
0.089263
0.093935
0.099199
0.101699
0.103969
0.109726
0.116273
0.113641
0.117359
0.12634
0.123676
0.129564
0.1319
0.134532
0.135651
0.138316
0.142198
0.14756
0.144632
0.148185
0.14631
0.150817
0.150751
0.15539
0.15493
0.155917
0.155719
0.161871
0.163121
0.162891
0.162365
0.16197
0.163319
0.143941
0.146475
0.145685
0.148284
0.151969
0.013563
0.01399
0.020439
0.029782
0.033993
0.037908
0.043731
0.046396
0.049291
0.052022
0.059753
0.067418
0.066497
0.07186
0.077781
0.079755
0.083341
0.086796
0.09433
0.090744
0.094988
0.099955
0.10262
0.106173
0.108312
0.110944
0.113806
0.115911
0.117787
0.119004
0.118379
0.118149
0.090119
0.053765
0.048666
0.05314
0.052186
0.009384
0.014681
0.004318
0.009549
0.000107
0.002772
0.012543
0.016721
0.025867
0.031525
0.038599
0.042678
0.047284
0.048534
0.050475
0.049094
0.026722
0.022347
0.016787
0.015306
0.016589
0.021031
0.020373
0.010898
0.010437
0.004219
0.006226
0.016754
0.021195
0.026689
0.006226
0.014254
0.017379
0.024748
0.02817
0.015339
0.00014
0.006226
0.015504
0.021754
0.028828
0.041198
0.041264
0.044718
0.055838
0.059391
0.06426
0.065313
0.061036
0.066727
0.070577
0.074195
0.079591
0.084756
0.088178
0.094198
0.095679
0.102028
0.105647
0.10716
0.111273
0.112062
0.111635
0.118445
0.120649
0.121636
0.123248
0.129071
0.127821
0.13065
0.135124
0.137
0.137394
0.137789
0.143579
0.14404
0.14835
0.148613
0.151969
0.152627
0.154666
0.158187
0.156509
0.158219
0.156904
0.159766
0.159634
0.162924
0.161542
0.164832
0.163121
0.162398
0.164569
0.167135
0.168352
0.167497
0.171708
0.172761
0.172892
0.171083
0.174603
0.165128
0.162036
0.157134
0.14835
0.145323
0.138085
0.138974
0.143843
0.145849
0.144501
0.140553
0.147034
0.14654
0.102357
0.104627
0.108871
0.111404
0.111799
0.120419
0.125649
0.126998
0.127327
0.128347
0.131473
0.131407
0.133216
0.025966
-0.000288
0.000304
0.000239
0.000337
0.001028
0.000271
-0.000222
0.0006
0.00116
0.002936
0.008562
0.017149
0.012016
0.008825
0.012707
0.00514
0.01126
0.001554
0.000765
4.1e-05
0.000173
0.000107
0.00014
0.000107
-9e-05
0.003331
0.010339
0.016622
0.025834
0.031887
0.033335
0.042941
0.049719
0.052548
0.055377
0.059983
0.064852
0.069228
0.077387
0.078505
0.08321
0.088243
0.092849
0.097093
0.097652
0.101633
0.104068
0.108575
0.113543
0.113345
0.116175
0.119728
0.120254
0.126176
0.126571
0.131473
0.132657
0.136704
0.136309
0.138513
0.1395
0.140816
0.141112
0.146606
0.146146
0.146014
0.147231
0.146705
0.153614
0.147823
0.149403
0.147133
0.000864
0.004055
0.005634
0.010931
0.022083
0.02738
0.032874
0.041066
0.045738
0.049521
0.054127
0.062977
0.065082
0.072551
0.074886
0.078439
0.083769
0.088638
0.090513
0.09581
0.098672
0.103805
0.103015
0.106996
0.109825
0.110187
0.104166
0.10114
0.098968
0.098574
0.100844

Kurve 2

0.004121
0.007674
0.005667
0.004779
0.003792
0.004877
0.004976
0.003792
0.003331
0.004022
0.004811
0.006621
0.005272
0.007312
0.005469
0.007542
0.007608
0.007476
0.003496
0.005864
0.007411
0.005831
0.004943
0.005371
0.007049
0.00514
0.009549
0.007345
0.008661
0.008134
0.010207
0.007608
0.008266
0.010503
0.008595
0.009648
0.009516
0.011161
0.010404
0.010174
0.008661
0.010733
0.007838
0.006654
0.009352
0.009516
0.008628
0.011194
0.0082
0.008891
0.009088
0.009713
0.012839
0.009681
0.005831
0.007575
0.01001
0.008628
0.008957
0.008496
0.008891
0.006851
0.007641
0.007378
0.007608
0.007082
0.008068
0.011227
0.005568
0.005009
0.003002
0.003364
0.002541
0.003825
0.006226
0.005568
0.00445
0.006358
0.005667
0.005766
0.005206
0.004943
0.004219
0.005535
0.005634
0.003331
0.006226
0.00116
0.008233
0.002805
0.006456
0.002805
0.005897
-0.000683
0.003101
0.001752
0.003167
0.002377
0.002311
0.003068
0.003463
0.006785
0.002509
0.002607
0.0006
0.001785
0.004844
0.002673
-0.001933
0.001752
0.000798
0.002772
0.001949
0.002509
0.002673
0.00037
0.001324
0.001752
0.002344
-0.001571
0.000502
0.003134
0.002081
0.000864
0.001258
0.000666
-0.003347
-0.002788
0.001686
-5.8e-05
-0.001143
0.001719
0.001423
0.002607
0.001127
0.001554
-0.00621
0.001785
0.001225
-0.000979
-0.00315
-0.001012
-0.003282
0.001324
-0.001768
0.001554
0.000666
-0.001077
0.002903
-0.001604
0.00116
-0.000518
0.001423
-0.005617
-0.000452
-0.00394
-0.000123
-0.006243
-0.000946
-0.000814
-0.000617
-0.000946
-0.000946
-0.000288
0.000403
0.002377
0.000666
0.001423
0.002772
0.000765
-0.004762
0.000798
-0.0019
-0.000321
-0.000222
0.002212
0.002476
0.002706
0.002607
0.00162
0.002607
0.005535
0.002377
0.002706
0.004548
0.003331
0.008562
0.004976
0.007279
0.005272
0.009713
0.007147
0.006687
0.005535
0.004154
0.00445
0.005634
0.006555
0.005897
0.008463
0.008595
0.00445
0.004186
0.00672
0.004779
0.013859
0.004252
0.005206
0.004186
0.000765
0.003364
0.002541
0.001949
0.003002
0.004055
-0.001604
-0.000946
0.002212
0.003199
0.0006
-0.000189
0.000469
0.005996
0.003035
0.001456
0.001587
0.00343
0.003035
0.003989
0.003792
0.004219
0.004483
0.003759
0.006588
0.00445
0.004943
0.007772
0.003726
0.00162
0.005864
0.004417
0.005667
0.004351
0.005371
0.00797
0.006687
0.007213
0.006325
0.007378
0.004713
0.006127
0.00718
0.012378
0.015306
0.019583
0.020833
0.029091
0.02692
0.032447
0.034223
0.036362
0.038303
0.040145
0.042909
0.042283
0.051429
0.052087
0.053469
0.053568
0.059062
0.058239
0.05995
0.060016
0.066892
0.068142
0.068175
0.071958
0.069294
0.073965
0.07561
0.080545
0.080742
0.084098
0.086533
0.091106
0.091533
0.095514
0.100153
0.104726
0.106765
0.112029
0.112852
0.115648
0.120715
0.11499
0.121307
0.125353
0.125518
0.130716
0.132756
0.133677
0.13723
0.13269
0.137559
0.140619
0.14381
0.144468
0.146804
0.147692
0.150587
0.151673
0.154041
0.154568
0.143283
0.051561
0.002541
0.001258
0.002838
0.005601
0.008924
0.020998
0.02307
0.02692
0.016853
0.018465
0.021886
0.028795
0.037151
0.03702
0.037776
0.008694
0.014911
0.021853
0.024781
0.028729
0.035473
0.032611
0.026492
0.010174
0.002739
0.002278
0.006127
0.007641
0.005766
-0.000255
-0.001834
0.004285
0.007016
0.009417
0.017478
0.019484
0.021458
0.025472
0.02488
0.027084
0.030637
0.034125
0.038401
0.042876
0.049159
0.055279
0.062516
0.064688
0.073998
0.072847
0.07969
0.000929
0.00445
0.009154
0.019583
0.023202
0.031164
0.03702
0.043994
0.050706
0.051857
0.060411
0.066629
0.074228
0.076696
0.083637
0.087223
0.090579
0.093145
0.096304
0.0991
0.10285
0.107654
0.110746
0.112457
0.115089
0.120583
0.118543
0.123215
0.126505
0.131275
0.128347
0.128808
0.132723
0.132328
0.132065
0.133677
0.136671
0.134763
0.132361
0.135322
0.125452
0.126702
0.12509
0.112293
0.055575
0.016293
0.008101
0.005469
0.00616
0.003956
0.006489
0.006522
0.002903
0.002344
0.001653
0.007641
0.003726
0.005502
0.005568
0.009088
0.008233
0.009713
0.010371
0.009516
0.006456
0.007147
0.005634
0.010075
0.013431
0.019123
0.023103
0.025077
0.01001
0.00843
0.007904
0.008233
0.016392
0.016984
0.018794
0.024814
0.031887
0.030506
0.034782
0.034322
0.037579
0.037941
0.039553
0.042448
0.046034
0.04656
0.049817
0.044126
0.052153
0.059062
0.056562
0.057976
0.058239
0.008628
0.020011
0.007608
0.006193
0.001949
0.001883
0.001456
0.004581
0.001554
-0.000551
0.000929
0.003956
0.006095
0.003923
-2.5e-05
0.00241
0.003134
0.005963
0.006851
0.002805
0.006917
-0.000518
0.000239
0.008694
0.010569
0.01399
0.01682
0.017543
0.018168
0.01455
0.015405
0.009944
0.010306
0.009253
0.011227
0.007411
0.007937
0.008397
0.011918
0.00843
0.009352
0.010799
0.011358
0.0107
0.005502
0.010668
0.009483
0.013661
0.012674
0.01274
0.015175
0.013628
0.012905
0.016392
0.01353
0.018136
0.012905
0.012016
0.015964
0.014188
0.007641
0.012181
0.011852
0.010832
0.012214
0.007114
0.008628
0.008299
0.014977
0.012938
0.009812
0.006851
0.010602
0.015504
0.005239
0.007049
0.005404
0.013727
0.005864
0.013102
0.007542
0.009286
0.003035
0.004811
0.00264
0.004186
0.005239
0.00718
0.009681
0.01524
0.021491
0.022314
0.026459
0.02715
0.029519
0.028795
0.034026
0.031295
0.036559
0.033203
0.032644
0.035572
0.038467
0.037941
0.041395
0.043205
0.0385
0.044257
0.046034
0.04712
0.045837
0.050771
0.053305
0.055937
0.055476
0.059819
0.060148
0.062253
0.063503
0.065675
0.070083
0.071235
0.073307
0.076104
0.080216
0.079394
0.084657
0.087092
0.091467
0.092027
0.097422
0.097027
0.104331
0.105186
0.111832
0.112621
0.112556
0.119892
0.122721
0.121504
0.126373
0.130124
0.129137
0.133973
0.133578
0.137625
0.141112
0.142494
0.144172
0.143086
0.141145
0.14733
0.151936
0.154798
0.154403
0.153548
0.160819
0.159963
0.16572
0.159108
0.158779
0.157529
0.159766
0.157923
0.156344
0.155094
0.160292
0.158351
0.156739
0.158779
0.159766
0.162891
0.161411
0.163714
0.163154
0.166707
0.164602
0.166313
0.168418
0.173189
0.170721
0.173715
0.171544
0.174998
0.176742
0.177663
0.1774
0.178683
0.181545
0.178485
0.181841
0.180459
0.183881
0.182499
0.185789
0.183289
0.186151
0.185855
0.186315
0.184374
0.188783
0.189177
0.188158
0.190428
0.189408
0.192303
0.188092
0.190559
0.187039
0.189934
0.192171
0.190757
0.195593
0.195593
0.194079
0.193882
0.196185
0.193487
0.193421
0.193191
0.194441
0.195198
0.19533
0.194704
0.196086
0.196119
0.197994
0.19579
0.200857
0.195823
0.196711
0.198488
0.196678
0.196152
0.197567
0.200988
0.199442
0.199771
0.196777
0.19783
0.193717
0.198619
0.197106
0.199245
0.196448
0.202041
0.19908
0.200857
0.201284
0.199804
0.199014
0.198521
0.19987
0.2001
0.199541
0.195691
0.198159
0.195297
0.190362
0.192171
0.195823
0.193158
0.195527
0.198817
0.19579
0.198883
0.197369
0.195922
0.194441
0.195593
0.196744
0.198258
0.19204
0.197007
0.195132
0.196974
0.199738
0.197303
0.197698
0.200922
0.198883
0.198948
0.199606
0.196086
0.197073
0.19987
0.193652
0.192961
0.194408
0.192994
0.195593
0.192928
0.193948
0.197007
0.192895
0.19329
0.19556
0.19806
0.196448
0.194046
0.19681
0.197731
0.195922
0.196843
0.198652
0.192204
0.193948
0.195659
0.190921
0.197501
0.194343
0.195856
0.197336
0.198784
0.197369
0.191941
0.1976
0.195362
0.198883
0.195691
0.197271
0.195395
0.198159
0.196843
0.197238
0.196119
0.19783
0.197534
0.197994
0.197764
0.199376
0.198027
0.196974
0.200166
0.196876
0.201284
0.19704
0.198916
0.196613
0.197435
0.194935
0.197007
0.194211
0.19579
0.197205
0.197238
0.19885
0.197336
0.196251
0.196119
0.194902
0.193125
0.198422
0.195066
0.199475
0.196777
0.197402
0.193092
0.195988
0.196251
0.200692
0.190921
0.192731
0.194902
0.195001
0.197106
0.194935
0.198587
0.195099
0.195198
0.194211
0.198192
0.193948
0.19329
0.187829
0.192763
0.191875
0.190757
0.194211
0.190789
0.192237
0.187861
0.191447
0.188914
0.191711
0.187861
0.190164
0.186315
0.186743
0.18648
0.185262
0.183585
0.184966
0.185789
0.182104
0.182137
0.183157
0.185164
0.184473
0.181973
0.181249
0.185986
0.184703
0.186315
0.18523
0.186052
0.183256
0.183091
0.18421
0.187072
0.186249
0.184572
0.184111
0.185855
0.188585
0.186907
0.189671
0.18648
0.187993
0.188552
0.190263
0.188322
0.190757
0.191283
0.187664
0.188355
0.190428
0.187335
0.188684
0.189013
0.186184
0.190395
0.186644
0.189967
0.192237
0.192467
0.190296
0.192369
0.189375
0.190592
0.188454
0.190428
0.189506
0.188026
0.188783
0.189408
0.189737
0.188388
0.193027
0.187927
0.189474
0.187993
0.190789
0.189671
0.189671
0.189934
0.190164
0.188585
0.189835
0.191217
0.188289
0.184308
0.186447
0.19046
0.18796
0.189506
0.189013
0.189638
0.191447
0.190296
0.187565
0.192895
0.189342
0.195297
0.192105
0.191283
0.189177
0.191875
0.190526
0.188421
0.189474
0.185756
0.18773
0.190428
0.189112
0.186513
0.189835
0.186315
0.189737
0.187829
0.187993
0.186973
0.184111
0.185888
0.183453
0.181183
0.182269
0.181841
0.177038
0.186381
0.18365
0.181347
0.172333
0.153943
0.150422
0.140257
0.079624
0.019188
0.021162
0.025011
0.032743
0.035473
0.045113
0.051857
0.058009
0.062516
0.064622
0.061595
0.06074
0.062319
0.060608
0.056364
0.04327
0.040704
0.029058
0.025834
0.014615
0.013135
0.015142
0.017576
0.021491
0.029617
0.031262
0.038401
0.037217
0.025505
0.029255
0.036987
0.04156
0.048929
0.052153
0.05722
0.061069
0.063964
0.07232
0.071136
0.075215
0.0764
0.080775
0.079953
0.089165
0.08696
0.086598
0.090349
0.091764
0.094001
0.091764
0.093014
0.093145
0.092323
0.087651
0.088737
0.086335
0.091994
0.092816
0.094593
0.097488
0.098409
0.100679
0.10137
0.102028
0.102127
0.103936
0.106963
0.107654
0.10897
0.113312
0.111799
0.114365
0.112885
0.113115
0.114069
0.111996
0.110483
0.11351
0.111799
0.10999
0.098771
0.07413
0.045014
0.021886
0.014615
0.009154
0.013003
0.016227
0.022149
0.023827
0.026196
0.023728
0.025209
0.018859
0.023926
0.021689
0.015898
0.007378
0.001949
0.000304
0.00116
0.000502
0.002048
0.004219
0.009713
0.020011
0.020702
0.025571
0.0259
0.031624
0.030835
0.036888
0.031427
0.028203
0.027282
0.024847
0.022774
0.013628
0.020142
0.016129
0.015372
0.01524
0.004976
0.00491
0.006785
0.007016
0.011589
0.017675
0.022051
0.021754
0.029584
0.036625
0.040178
0.045409
0.048205
0.050738
0.057318
0.060411
0.059786
0.067188
0.0663
0.0688
0.069458
0.070609
0.067056
0.071432
0.070708
0.07209
0.075314
0.075906
0.076663
0.078439
0.077683
0.08038
0.081861
0.077617
0.081071
0.0764
0.082947
0.079887
0.079394
0.078736
0.080578
0.082124
0.07742
0.07992
0.073998
0.075051
0.071333
0.077584
0.077485
0.078505
0.07742
0.081006
0.081269
0.081664
0.084098
0.083901
0.080183
0.081038
0.079065
0.081631
0.079459
0.078472
0.077584
0.080578
0.078834
0.079229
0.082091
0.078768
0.08196
0.078966
0.081565
0.081433
0.08196
0.078242
0.080315
0.078768
0.079295
0.081236
0.077156
0.0814
0.076663
0.075544
0.068833
0.071564
0.072616
0.0713
0.070544
0.070708
0.074788
0.073866
0.077156
0.073669
0.074426
0.072649
0.07209
0.068208
0.067813
0.064457
0.060674
0.059128
0.057878
0.05949
0.063174
0.063635
0.065082
0.06676
0.068932
0.07186
0.07107
0.076235
0.07561
0.074788
0.074492
0.078571
0.078045
0.080479
0.084394
0.084361
0.082157
0.088704
0.086763
0.089132
0.094724
0.094856
0.097323
0.097126
0.097159
0.099067
0.101008
0.099396
0.100877
0.101403
0.102094
0.101107
0.103508
0.102094
0.104627
0.106733
0.10545
0.102357
0.107489
0.103015
0.103114
0.099824
0.0865
0.002311
0.00774
0.019386
0.000206
0.011391
0.018201
0.008529
0.011457
0.01172
0.016721
0.011589
0.021031
0.022412
0.025176
0.032151
0.033203
0.032776
0.036724
0.035967
0.044323
0.035342
0.033861
0.032776
0.025308
0.031591
0.026097
0.026887
0.019452
0.014944
0.015339
0.018629
0.019024
0.021096
0.025669
0.02238
0.020307
0.023169
0.022906
0.025209
0.024715
0.023005
0.025571
0.02942
0.03044
0.03271
0.034157
0.031591
0.031558
0.028762
0.006029
0.017609
0.018991
0.021985
0.011852
0.011095
0.002377
0.004976
0.013957
0.017511
0.015668
0.010503
0.011029
0.020735
0.020866
0.027841
0.026624
0.006555
0.001028
0.009319
0.011062
0.020406
0.016227
0.01149
0.011161
0.016425
0.021294
0.002081
0.004746
0.01626
0.019748
0.018892
0.026064
0.000107
-0.000123
8e-06
4.1e-05
7.4e-05
0.000173
4.1e-05
0.000173
0.00014
7.4e-05
-2.5e-05
0.000107
0.000107
0.000271
0.00014
0.00014
0.000633
0.003857
0.012345
0.010635
0.012016
0.011852
0.020406
0.018432
0.017214
0.02182
0.022412
0.023597
0.020866
0.020504
0.020833
0.023235
0.02307
0.000271
4.1e-05
0.002443
0.00593
0.013563
0.015372
0.017872
0.010174
0.012247
0.006687
7.4e-05
0.007904
0.011523
0.018201
0.017149
0.018267
0.016984
0.016951
0.013859
0.0107
0.011391
0.010437
0.009681
0.009154
0.00514
0.002212
0.007016
0.009582
0.012839
0.004186
0.004483
0.00491
0.011391
0.009911
0.010371
0.005042
0.009286
0.009549
0.00014
0.001324
0.006522
0.013168
0.016293
0.011424
0.015372
0.015997
0.015438
0.019484
0.004121
0.013102
0.016951
0.018958
0.019057
0.023761
0.021689
0.024222
0.023334
0.026163
0.018826
0.020768
0.021031
0.015142
0.021294
0.013661
0.020833
0.018103
0.021096
0.023696
0.019945
0.023992
0.026755
0.020406
0.019616
0.013464
0.013168
0.017708
0.018925
0.021491
0.019945
0.022972
0.018596
0.024584
0.016721
0.0057
0.012806
0.00343
0.005963
0.008463
0.019682
0.020603
0.019912
0.008134
0.006555
0.000107
0.000337
4.1e-05
-0.000584
0.003956
0.003134
0.000304
0.00343
0.002245
-0.001703
-0.000452
0.000568
0.000337
-0.000288
-0.000847
0.00616
0.003463
0.00616
0.004614
0.002772
0.009681
0.011161
0.010207
0.010503
0.003167
0.008036
0.007378
0.010273
-0.000814
0.000568
4.1e-05
0.006917
0.006292
0.000436
0.003759
0.00241
0.000173
0.005075
-0.000551
0.009615
0.000732
0.008726
0.008694
0.016885
0.022577
0.022182
0.017017
0.001982
0.003561
0.000206
0.003923
0.009352
0.009384
0.005437
0.009023
0.008858
0.015602
0.014846
0.018037
0.001423
0.002081
-2.5e-05
0.003134
0.00797
0.000271
-0.000452
0.002476
0.005206
0.001719
0.006983
-0.008513
0.007542
0.01149
0.013398
0.006522
0.007246
0.008299
0.000666
0.000864
0.010569
0.014615
0.015898
0.02261
0.00593
0.003627
0.00843
0.013398
0.019386
0.02465
0.029354
0.035144
0.03952
0.047218
0.050607
0.052877
0.052022
0.027972
0.018037
0.015405
0.023597
0.029025
0.036296
0.039586
0.04304
0.040902
0.003002
-0.000288
0.000699
0.006753
0.005206
0.000929
0.000765
0.000469
0.001554
0.003496
0.005206
0.014681
0.015997
0.015767
0.028137
0.028532
0.029025
0.035868
0.04202
0.005766
0.008924
0.019649
0.028433
0.031953
0.038796
0.044257
0.050048
0.051725
0.060542
0.063766
0.068339
0.069721
0.074886
0.077551
0.081367
0.081631
0.077321
0.088408
0.08594
0.093672
0.091402
0.092125
0.092553
0.098771
0.095711
0.099528
0.101107
0.103936
0.10443
0.109233
0.110944
0.109299
0.110944
0.111865
0.116306
0.116833
0.122557
0.122162
0.124005
0.127426
0.130157
0.132591
0.135848
0.135618
0.138743
0.142658
0.144534
0.142757
0.143185
0.146343
0.147133
0.147165
0.143547
0.149139
0.128841
0.126604
0.118971
0.119201
0.117655
0.122886
0.123774
0.133841
0.131177
0.134697
0.137789
0.138809
0.141934
0.141573
0.146146
0.147659
0.149797
0.150751
0.152561
0.149205
0.153614
0.15493
0.157463
0.158121
0.15947
0.163845
0.164207
0.164043
0.165984
0.170228
0.165852
0.167925
0.167497
0.170491
0.170721
0.171445
0.173781
0.175261
0.173847
0.178058
0.179637
0.176248
0.181512
0.180525
0.182334
0.18194
0.176643
0.18092
0.178847
0.179374
0.183914
0.180624
0.186151
0.185591
0.184835
0.186414
0.187894
0.188651
0.18921
0.191447
0.190757
0.186973
0.192105
0.189737
0.194639
0.192994
0.189901
0.192303
0.189079
0.191447
0.190855
0.192895
0.191053
0.192796
0.192204
0.189375
0.191612
0.189638
0.192698
0.189835
0.19
0.189145
0.188618
0.188223
0.18977
0.184374
0.187829
0.186644
0.187565
0.188059
0.187664
0.187401
0.186315
0.186743
0.18671
0.189243
0.182038
0.183683
0.179341
0.182038
0.180953
0.179439
0.181084
0.182598
0.183256
0.183058
0.183289
0.180492
0.181874
0.178814
0.177432
0.176939
0.177169
0.176972
0.178025
0.174143
0.177761
0.171971
0.171708
0.171576
0.175327
0.172366
0.173353
0.174932
0.175327
0.176084
0.177235
0.17911
0.172695
0.177465
0.177498
0.178255
0.182203
0.179472
0.177794
0.180953
0.178814
0.184341
0.181907
0.184769
0.186414
0.18569
0.183289
0.186217
0.189046
0.183683
0.145586
0.004844
0.014122
0.019386
0.028071
0.031196
0.040935
0.04781
0.055279
0.059917
0.066958
0.074492
0.076729
0.083934
0.086664
0.09104
0.095481
0.101206
0.099133
0.105482
0.106075
0.112358
0.108674
0.115517
0.115484
0.113674
0.117359
0.122754
0.121767
0.123741
0.125584
0.126702
0.130584
0.126472
0.13019
0.126505
0.125814
0.125913
0.127722
0.124564
0.123149
0.127821
0.124761
0.125024
0.125452
0.128906
0.127854
0.131407
0.130453
0.134401
0.131703
0.134763
0.131341
0.131374
0.133808
0.133808
0.134664
0.135124
0.134203
0.130815
0.131177
0.12305
0.120682
0.11045
0.102719
0.088079
0.088441
0.08367
0.084559
0.081927
0.08446
0.087881
0.087552
0.092224
0.092619
0.092586
0.09535
0.098936
0.097258
0.104594
0.101337
0.106963
0.112621
0.112325
0.115517
0.119958
0.122425
0.124992
0.126439
0.131703
0.132986
0.137362
0.138447
0.139599
0.142329
0.143349
0.150521
0.145652
0.151936
0.152824
0.153778
0.152298
0.158713
0.156081
0.159404
0.16276
0.162727
0.166082
0.166806
0.169866
0.16957
0.170787
0.168583
0.174208
0.172004
0.174603
0.172267
0.175491
0.174669
0.175919
0.177301
0.177761
0.17911
0.125584
0.130519
0.131736
0.141474
0.136309
0.137855
0.13871
0.145323
0.142691
0.146475
0.002344
0.007082
0.013365
0.021261
0.02738
0.033532
0.042349
0.046231
0.056134
0.059588
0.063339
0.069491
0.073965
0.076498
0.074821
0.073603
0.080677
0.083835
0.087487
0.090546
0.099626
0.100778
0.105976
0.109496
0.110615
0.117293
0.11726
0.119793
0.123774
0.126472
0.126472
0.13144
0.131802
0.135947
0.13723
0.139566
0.142099
0.143119
0.14483
0.14608
0.149501
0.148152
0.152791
0.154535
0.153679
0.151607
0.154897
0.155291
0.156114
0.159404
0.156575
0.159733
0.158351
0.1597
0.161115
0.158318
0.161345
0.166905
0.162036
0.167431
0.164701
0.165688
0.162496
0.163812
0.161608
0.16345
0.159568
0.161213
0.161082
0.158154
0.158647
0.160161
0.158088
0.162365
0.162398
0.163977
0.162661
0.155456
0.158877
0.155259
0.15993
0.158187
0.159996
0.158779
0.162595
0.159667
0.160325
0.163747
0.15993
0.164766
0.164668
0.168912
0.164733
0.166477
0.16526
0.161542
0.167431
0.168254
0.16572
0.169241
0.165589
0.167201
0.166247
0.163582
0.168254
0.167004
0.167201
0.163253
0.168287
0.168977
0.170326
0.169241
0.173978
0.171807
0.168155
0.171247
0.172366
0.17082
0.171247
0.167069
0.166313
0.168023
0.167596
0.167168
0.164602
0.159766
0.15868
0.153021
0.14608
0.144961
0.139763
0.136506
0.127229
0.113016
0.07742
-0.003808
-0.000419
-0.000979
-0.000189
0.000173
0.000107
0.001258
0.005963
0.007114
0.014648
0.018629
0.027512
0.02919
0.029387
0.019649
0.022116
0.024452
0.029091
0.034585
0.03725
0.043896
0.04281
0.038204
0.033072
0.026985
0.019846
0.028334
0.029453
0.036658
0.036625
0.034421
0.02817
0.022215
0.005272
0.000897
-0.000913
0.00945
0.017708
0.024551
0.030999
0.033467
0.039191
0.043501
0.0461
0.043599
0.024946
0.010273
0.004121
0.01001
0.014517
0.027249
0.026624
0.031328
0.03725
0.038566
0.037283
0.045376
0.040178
0.034355
0.031723
0.031822
0.028038
0.029782
0.031591
0.035704
0.034453
0.036921
0.039915
0.039421
0.041099
0.035375
0.041823
0.039586
0.041428
0.041856
0.043139
0.040967
0.040441
0.038171
0.036395
0.032545
0.028268
0.013727
0.00616
0.004877
0.006127
0.002212
-0.001966
0.008957
0.010964
0.015142
0.012082
0.006753
0.015273
0.007378
0.003265
0.013201
0.018695
0.023399
0.026953
0.027578
0.029881
0.0259
0.016853
0.011885
0.021853
0.003167
0.01149
0.015306
0.022643
0.014188
0.004186
0.00116
0.001193
0.007213
0.006424
0.004417
0.009648
0.01626
0.013793
0.022511
0.021656
0.020208
0.017247
0.018728
0.019781
0.02409
0.025242
0.026558
0.026163
0.028466
0.033796
0.03146
0.040836
0.034026
0.037184
0.035506
0.034453
0.036954
0.039454
0.040507
0.040112
0.047054
0.047712
0.046527
0.048436
0.050015
0.047876
0.05212
0.046824
0.045409
0.029453
0.01376
0.014188
0.020735
0.022083
0.028729
0.030835
0.034388
0.038928
0.040902
0.048797
0.048304
0.049028
0.021689
0.000403
0.001883
0.003989
-0.000748
4.1e-05
0.000107
0.000436
-0.000485
0.004252
0.006029
0.008792
0.007805
0.011029
0.016589
0.014451
0.012938
0.017116
0.022083
0.025308
0.02363
0.009253
0.010536
0.011391
0.02011
0.017741
0.025044
0.021096
0.000633
0.000107
0.002278
0.002344
0.000995
0.001061
0.00014
-2.5e-05
-0.000156
-0.000584
-0.003841
0.007707
0.012148
0.00218
0.001489
-5.8e-05
-0.000255
-0.000156
-0.000156
0.00037
4.1e-05
0.001489
0.002147
0.001028
0.000995
0.005996
0.013234
0.020899
0.026953
0.010503
0.012576
0.018563
0.022709
0.025439
0.030407
0.03521
0.040704
0.049324
0.053107
0.059457
0.056002
0.062845
0.057746
0.065379
0.069458
0.07413
0.079196
0.083769
0.088408
0.088441
0.093803
0.10012
0.101567
0.101633
0.112194
0.109266
0.112687
0.117787
0.119991
0.118412
0.117063
0.119037
0.12407
0.125353
0.127755
0.130157
0.131045
0.134466
0.135256
0.137822
0.139533
0.142658
0.143152
0.150784
0.148547
0.149304
0.147165
0.151574
0.150258
0.15085
0.153712
0.151344
0.152363
0.152627
0.151311
0.142263
0.001324
-0.006966
0.008003
-0.002064
0.011983
0.016458
0.023103
0.026985
0.036625
0.039652
0.045113
0.049094
0.053107
0.056627
0.057088
0.05893
0.059884
0.027972
0.005897
0.008792
0.000239
0.00139
0.00366
0.010437
0.015306
0.019123
0.01728
0.019813
0.025702
0.024814
0.007871
0.008957
0.010766
0.012872
0.013201
0.004252
0.004186
0.005864
0.006983
0.00366
0.003134
0.005634
0.006358
0.009483
0.010404
0.015602
0.01524
0.020077
0.015701
0.014484
0.002969
0.01001
0.011293
0.014254
0.008694
0.00514
0.006687
0.008299
0.014879
0.018892
0.019452
0.020208
0.017839
0.020077
0.01932
0.019748
0.017478
0.015635
0.01399
0.017938
0.023728
0.026426
0.031164
0.032677
0.03771
0.037546
0.037283
0.036888
0.042645
0.038829
0.037974
0.045014
0.03873
0.041198
0.039619
0.045573
0.040671
0.036526
0.001291
0.004088
0.013661
0.021096
0.024814
0.028696
0.029091
0.015866
0.02159
0.019813
0.022478
0.022906
0.022774
0.023465
0.028532
0.029157
0.032282
0.032085
0.037513
0.038599
0.038566
0.041264
0.002838
0.009582
-0.003413
-0.008282
0.004121
0.005733
8e-06
0.006687
0.000502
0.006029
0.007016
0.013036
0.01853
0.024189
0.025571
0.025505
0.023728
0.017675
0.004154
0.003265
0.007378
0.00139
-0.000518
-0.000255
0.000469
0.000337
0.000995
-0.001143
0.003463
0.001489
0.006555
0.00116
0.001587
-0.000288
0.002048
0.002739
0.00139
0.000107
4.1e-05
-0.000321
0.000337
-0.000452
-2.5e-05
0.003298
0.007279
0.006818
0.006095
0.010108
0.013365
0.015405
0.013201
0.017083
0.010668
0.006259
0.005634
0.001225
0.006062
0.006555
0.000765
0.005173
0.006292
0.004844
0.012214
0.018563
0.022478
0.020537
0.016918
0.008167
0.015306
0.003528
0.003298
0.007805
0.001851
0.006062

Kurve 3

0.000897
0.001324
0.000502
-0.000156
0.001456
-0.000485
-9e-05
-0.000156
-0.001505
-0.000123
-0.000946
0.000337
0.000304
0.000173
8e-06
0.000173
0.000107
-2.5e-05
-5.8e-05
-9e-05
-9e-05
-9e-05
4.1e-05
4.1e-05
4.1e-05
7.4e-05
0.000107
4.1e-05
-0.000123
8e-06
-5.8e-05
-9e-05
-9e-05
-2.5e-05
0.00014
4.1e-05
0.000173
0.00014
7.4e-05
4.1e-05
-5.8e-05
-9e-05
-9e-05
8e-06
8e-06
0.000173
-0.000617
-2.5e-05
-0.001143
0.002311
0.001357
0.002147
0.004647
0.001851
0.005535
-0.004466
-0.000255
0.000403
-0.001176
-0.001374
-0.000979
-0.000617
0.000864
-0.000584
-0.001143
-0.004104
8e-06
0.001522
0.000107
0.000337
0.000469
-0.000255
0.001423
-9e-05
-0.003018
0.000436
0.001554
-2.5e-05
-0.00213
-0.002722
-0.001505
0.00287
0.00162
0.000304
-0.001505
0.000535
0.000633
-0.006769
4.1e-05
-0.000716
-0.002459
0.00037
0.000107
-0.001933
0.006753
-0.003479
-0.001012
-0.001966
-0.001801
-0.002953
0.001554
0.001916
0.000831
-0.005025
0.002936
0.004351
0.000502
0.004022
0.003463
0.001094
-0.001538
0.00241
0.00037
0.000107
-0.000419
0.002969
0.002903
0.001883
0.003463
0.006292
0.005502
0.004548
0.004318
0.002509
0.003923
0.002936
0.00593
0.003594
0.003167
-0.000354
0.002015
0.002311
0.005831
0.007575
0.005075
0.005108
0.005305
0.005502
0.001291
0.004515
-0.002558
0.000633
-0.001341
0.001489
-0.0019
0.001061
-0.001703
-0.003512
-0.000485
-9e-05
4.1e-05
0.001686
0.000666
0.00014
0.002509
-0.001374
-0.000255
7.4e-05
0.000107
0.000304
-0.000781
-0.002032
0.000666
-0.00213
8e-06
0.0006
-0.000683
0.000831
0.000962
-0.000748
0.000502
7.4e-05
-0.000123
-5.8e-05
-2.5e-05
-0.000156
-0.000748
0.000469
-2.5e-05
8e-06
7.4e-05
-0.000156
8e-06
0.000107
0.000173
-2.5e-05
0.000403
0.000271
7.4e-05
-0.000189
0.000239
8e-06
4.1e-05
-5.8e-05
8e-06
-0.000123
-5.8e-05
-0.000288
-0.000288
8e-06
0.000107
0.000107
0.000107
0.000107
-5.8e-05
8e-06
-2.5e-05
-0.000156
8e-06
-0.000222
-5.8e-05
0.000107
-2.5e-05
0.000304
7.4e-05
0.000173
-0.000123
0.00037
4.1e-05
0.00014
0.000535
0.00014
8e-06
-5.8e-05
0.0006
-0.000255
0.00037
-0.000189
0.000173
-0.000419
0.000502
-0.002657
0.000633
-0.000946
-9e-05
0.000173
0.000107
0.00014
8e-06
0.000107
-0.000189
0.000107
0.001258
0.000107
7.4e-05
0.000107
-5.8e-05
0.000206
-0.00065
8e-06
-2.5e-05
-0.000123
-0.001077
7.4e-05
-0.000189
4.1e-05
0.000304
0.000107
7.4e-05
4.1e-05
7.4e-05
-2.5e-05
-9e-05
-9e-05
-9e-05
-2.5e-05
7.4e-05
7.4e-05
0.00014
0.00014
0.000173
0.00014
4.1e-05
8e-06
-9e-05
8e-06
-0.001045
0.000403
-0.000255
0.000304
-0.000321
0.000765
0.000962
0.000337
-0.000156
-0.000288
0.001818
8e-06
0.000535
4.1e-05
0.001193
8e-06
0.003331
0.001522
0.000864
0.000897
-2.5e-05
0.001127
-0.00111
-2.5e-05
0.000173
0.000633
0.000535
0.000633
0.000403
4.1e-05
0.000271
0.002541
-9e-05
0.000403
0.000798
0.000107
0.001357
0.000173
0.000173
4.1e-05
0.000206
0.00037
-0.00111
-2.5e-05
-0.000156
0.00014
4.1e-05
0.001489
0.000271
7.4e-05
0.000568
7.4e-05
-2.5e-05
0.000107
0.000732
0.002048
-5.8e-05
0.001982
-0.000321
0.001489
0.000206
0.001554
-5.8e-05
0.0006
0.000239
0.000271
0.000699
0.001094
0.000633
0.001127
0.001423
0.00037
0.001127
0.000107
0.002015
0.000633
0.000995
-0.001571
0.002245
0.000929
0.001225
0.001324
0.002311
0.002509
0.003726
0.003726
0.007575
0.005831
0.010865
0.017675
0.010832
0.014484
0.009286
0.00695
0.010536
0.011753
0.01603
0.018103
0.027347
0.034684
0.033006
0.033335
0.02488
0.021722
0.005338
0.00218
0.0082
0.007411
0.011654
0.008233
0.00241
0.004351
0.011194
0.015405
0.023761
0.026558
0.031229
0.037941
0.040408
0.046889
0.050048
0.05847
0.057351
0.064951
0.054489
0.041231
0.028203
0.024123
0.025604
0.027413
0.031789
0.036493
0.041033
0.035638
0.039257
0.041296
0.045771
0.049488
0.053897
0.057121
0.06222
0.065839
0.069228
0.07663
0.071794
0.058174
0.055509
0.025834
0.032249
0.036131
0.036
0.030111
0.028959
0.022281
0.027808
0.03146
0.037151
0.040474
0.044389
0.046396
0.048765
0.056167
0.055904
0.057746
0.059424
0.060773
0.064688
0.065148
0.068504
0.065017
0.053634
0.027578
0.030571
0.032776
0.037349
0.035276
0.04202
0.047745
0.047909
0.053436
0.052449
0.058437
0.050508
0.01932
0.001554
0.00139
0.008134
0.01524
0.022083
0.021787
0.01524
0.022215
0.024123
0.028137
0.031229
0.038039
0.041428
0.042251
0.037809
0.044981
0.04735
0.048008
0.050113
0.054357
0.055279
0.053469
0.056989
0.057351
0.062977
0.06347
0.042283
0.034388
0.037842
0.043007
0.032611
0.026031
0.023399
0.03248
0.029848
0.031262
0.028466
0.0284
0.021195
0.017872
0.015109
0.013694
0.015405
0.014879
0.017609
0.017543
0.015076
0.015306
0.018432
0.011885
0.0158
0.014122
0.016853
0.014122
0.014451
0.017938
0.018629
0.019846
0.022939
0.031229
0.03521
0.039487
0.042876
0.029683
0.032611
0.035934
0.04031
0.047284
0.045244
0.050508
0.052416
0.051758
0.046955
0.046495
0.046495
0.038961
0.024485
0.017971
0.01705
0.017116
0.024452
0.02761
0.032381
0.034388
0.038829
0.000798
0.000107
-0.001604
0.004614
0.009253
0.016425
0.019287
0.016195
0.015043
0.019649
0.027907
0.027874
0.034092
0.031262
0.036033
0.037612
0.039125
0.038895
0.032841
0.036395
0.038007
0.038467
0.038994
0.037875
0.037151
0.036493
0.031756
0.030703
0.026887
0.026327
0.018892
0.025275
0.027084
0.024452
0.015405
0.016984
0.017675
0.020471
0.021327
0.027742
0.025406
0.008726
0.014221
0.01932
0.023005
0.02136
0.024913
0.022544
0.022445
0.025604
0.026327
0.023827
0.024189
0.020866
0.014319
0.004877
0.005305
0.007772
0.010404
0.013859
0.013925
0.016293
0.016951
0.021064
0.020241
0.024419
0.017938
0.018794
0.016655
0.016754
0.019583
0.021162
0.019682
0.011227
0.012115
0.01149
0.013596
0.01376
0.013793
0.011918
0.016293
0.018563
0.020307
0.018629
0.002114
0.008529
0.001258
-0.000683
0.000239
0.008332
0.009187
0.000962
0.005305
0.006292
0.012938
0.01955
0.022412
0.031822
0.030506
0.029157
0.025834
0.033434
0.033236
0.015339
0.014879
0.018333
0.022248
0.017511
0.013497
0.009023
0.002838
0.002772
0.009681
0.010075
0.014352
0.009549
0.002081
0.006226
0.011391
0.011885
0.005437
0.003265
0.007674
0.010733
0.009549
0.006588
0.001291
0.001587
0.011029
0.018662
0.022215
0.029124
0.024353
0.031098
0.026624
0.01932
0.01524
0.001094
0.006226
0.009352
0.009878
0.006292
0.008726
0.007772
0.002509
0.003759
0.006193
0.008003
0.003693
0.007509
0.010832
0.011325
0.000239
8e-06
0.005042
0.00162
-0.000913
0.000469
0.000173
-2.5e-05
8e-06
0.000337
-0.002328
0.000502
-0.000156
0.006259
0.006983
-0.000288
0.000995
0.002311
0.000765
-5.8e-05
-0.000584
0.00366
4.1e-05
-0.000518
0.000535
0.000831
0.000337
0.002311
0.007378
0.005535
0.006884
4.1e-05
-0.002393
0.000107
0.001489
-0.001242
-0.000946
0.006884
0.01399
0.011753
0.009878
0.014648
0.00718
0.003397
0.000568
0.005239
0.004186
0.004417
0.004252
0.003594
0.004713
0.00287
0.001225
-0.001801
-0.001867
-0.002525
0.000337
0.001587
0.00116
0.000239
0.001127
0.000271
0.000535
0.003463
0.000403
0.002903
0.003035
-5.8e-05
0.00014
4.1e-05
-0.000288
0.001357
0.000831
0.005371
0.001719
0.003101
0.000535
0.001719
-0.000222
0.003693
0.00672
0.006325
0.012082
0.011819
0.023498
0.026097
0.032282
0.036197
0.044224
0.045573
0.050771
0.053995
0.059819
0.061233
0.069261
0.073899
0.078209
0.084197
0.087158
0.089691
0.090678
0.094955
0.096336
0.10341
0.103706
0.103969
0.108016
0.112918
0.111009
0.119432
0.119629
0.120188
0.124827
0.12463
0.125452
0.132657
0.13417
0.134269
0.137131
0.135947
0.139697
0.138283
0.140026
0.143481
0.145553
0.144369
0.14552
0.148646
0.152396
0.152331
0.153614
0.154535
0.157364
0.15766
0.158581
0.161838
0.159272
0.166017
0.161049
0.167267
0.16503
0.165786
0.16651
0.169142
0.167727
0.166971
0.169339
0.166477
0.17105
0.168681
0.170688
0.172432
0.171873
0.172004
0.174998
0.173254
0.173452
0.173057
0.169932
0.168879
0.171182
0.16901
0.169603
0.167892
0.168352
0.177005
0.167892
0.167069
0.164174
0.162661
0.160193
0.161805
0.160391
0.163056
0.161608
0.158647
0.159174
0.156213
0.156213
0.155423
0.1572
0.156278
0.157627
0.158351
0.157627
0.156476
0.155982
0.145981
0.152561
0.152692
0.150982
0.149074
0.146606
0.140026
0.141869
0.143316
0.141902
0.14427
0.139072
0.142066
0.140553
0.142033
0.142625
0.138974
0.121241
0.103936
0.000962
0.000568
0.002344
0.006917
0.011325
0.017872
0.024781
0.026953
0.036066
0.037085
0.04327
0.043731
0.0511
0.055673
0.057121
0.06074
0.065872
0.057943
0.057384
0.050804
0.051693
0.053798
0.053667
0.05495
0.052943
0.048501
0.039421
0.043599
0.043073
0.048139
0.046001
0.052976
0.053601
0.045409
0.044488
0.047416
0.046495
0.045639
0.03975
0.035375
0.021294
0.001587
0.003726
0.000765
0.000535
0.000173
0.000897
0.000271
0.001883
0.000337
0.000403
-0.000189
0.000271
0.002048
0.000206
0.000568
0.00014
-0.000123
-5.8e-05
-0.000189
-0.000123
4.1e-05
0.000469
0.000469
0.000337
0.000107
-0.000189
0.000239
-2.5e-05
-2.5e-05
0.000568
0.000699
-0.000222
0.000304
-2.5e-05
0.000206
0.000239
4.1e-05
0.00014
0.000107
-2.5e-05
-9e-05
4.1e-05
7.4e-05
0.000173
0.000107
0.000173
7.4e-05
-2.5e-05
-9e-05
-5.8e-05
-9e-05
-0.000255
7.4e-05
8e-06
0.000173
0.00014
0.00014
-0.000189
0.000271
4.1e-05
0.000633
0.002574
0.002936
0.003035
0.005963
0.007049
0.003923
0.009648
0.011062
0.015175
0.010371
0.008891
0.010141
0.007049
0.005305
0.009549
0.013201
0.019616
0.008529
0.006325
0.006358
0.002344
0.000765
0.001982
0.008726
0.002311
0.001916
-0.000716
0.002377
-0.000913
0.002147
0.000831
-0.000189
0.001719
0.000403
0.003232
0.000173
0.000206
0.000206
0.00139
0.003528
0.001818
0.003167
0.00139
-0.000847
0.001982
-0.005223
-0.001012
0.007805
0.011654
0.015767
0.015405
0.002541
0.000173
0.001785
-0.000748
0.003397
0.00116
0.000568
4.1e-05
0.000173
0.000666
0.00366
0.001357
0.004483
0.008562
0.013596
0.011885
0.017478
0.016227
0.020669
0.026821
0.023334
0.029979
0.023136
0.017116
0.003101
0.00162
-0.000485
0.002344
0.001752
0.001225
0.000699
0.000897
0.003298
0.004581
0.007805
0.005075
0.008463
0.009648
0.013892
0.017412
0.019254
0.022807
0.025373
0.027742
0.03317
0.030637
0.028038
0.024814
0.023202
0.024025
0.022741
0.0208
0.016984
0.016655
0.012641
0.016853
0.011622
0.005831
0.00593
0.002344
0.002969
0.00445
0.00389
0.007147
0.006983
0.006522
0.013925
0.013234
0.021162
0.023498
0.012247
0.018103
0.022083
0.013267
0.011918
0.0107
0.01228
0.016326
0.016622
0.015701
0.010306
0.014385
0.012378
0.00945
0.007213
0.011029
0.014484
0.018958
0.023465
0.023696
0.018794
0.018892
0.018168
0.019353
0.020833
0.017938
0.019419
0.021722
0.022741
0.026097
0.03067
0.036362
0.040145
0.044224
0.049784
0.053469
0.054456
0.055871
0.06176
0.066201
0.064984
0.061431
0.011819
0.00797
0.014648
0.011622
0.012148
0.019715
0.023728
0.030933
0.036691
0.037151
0.042086
0.046198
0.053535
0.054851
0.059292
0.06324
0.060509
0.061562
0.065444
0.067879
0.072847
0.07084
0.081269
0.08344
0.086467
0.092125
0.097587
0.093935
0.099133
0.102785
0.10591
0.107062
0.108081
0.115319
0.114957
0.117885
0.115253
0.108279
0.091073
0.089724
0.067879
0.028071
0.013563
4.1e-05
0.009977
0.007016
0.007476
0.010832
0.017445
0.019353
0.010207
0.009582
0.012806
0.005897
0.002377
0.006193
0.000699
-0.000354
0.004844
0.004483
0.001785
0.005568
0.013036
0.021689
0.024913
0.031493
0.038599
0.044817
0.043896
0.049258
0.048995
0.055871
0.056825
0.06551
0.008134
0.001587
-0.000189
0.002772
0.000239
0.00218
0.000206
0.000535
0.001193
0.000864
0.005108
0.00899
0.014418
0.009319
0.008496
0.010602
0.004384
-0.001834
0.002015
0.002607
0.002278
0.001028
0.004779
0.00797
0.004219
0.010437
0.016359
0.027051
0.032249
0.039816
0.046429
0.050377
0.053009
0.059358
0.061464
0.064293
0.063832
0.071695
0.078209
0.075051
0.081038
0.081828
0.087223
0.086565
0.093244
0.065411
0.007147
-0.000847
0.003759
0.00491
0.012674
0.016227
0.020504
0.024814
0.029025
0.037414
0.040013
0.050113
0.05314
0.059753
0.056759
0.0612
0.061003
0.07028
0.066727
0.071662
0.071761
0.075281
0.078209
0.075281
0.077156
0.069787
0.065477
0.065576
0.060082
0.060148
0.059194
0.053798
0.051791
0.028433
0.033269
0.029552
0.02182
0.023235
0.02386
0.031164
0.027808
0.024682
0.016293
0.015208
0.008825
0.007641
0.005042
0.008496
0.006358
0.008463
0.003956
0.008101
0.009615
0.011918
0.016754
0.012641
0.000995
0.007509
0.0082
0.010668
0.017839
0.019287
0.006325
0.004318
0.00366
0.000502
-0.000518
0.002147
0.006687
0.007838
0.001456
0.005766
0.005075
-0.002229
0.000897
0.000403
0.000403
8e-06
-0.001472
0.00445
0.000666
0.0006
-0.000518
-9e-05
-5.8e-05
0.002574
0.000436
0.000864
-0.000551
-0.002196
-0.000255
0.001193
0.002048
-0.000419
0.001456
0.009352
0.018958
0.025044
0.030637
0.035769
0.041132
0.045738
0.052811
0.054094
0.047613
0.050113
0.052186
0.05564
0.057878
0.063438
0.063569
0.013793
0.0057
0.012444
0.016491
0.02136
0.023465
0.031196
0.029486
0.036033
0.042711
0.038467
0.046527
0.04656
0.048995
0.031328
0.028828
0.031098
0.041
0.039487
0.040606
0.040408
0.035704
0.038895
0.017741
0.005272
0.0082
0.012905
0.014254
0.016688
0.013168
0.013793
0.018004
0.01705
0.013135
0.016063
0.015898
0.019912
0.018004
0.020833
0.022774
0.024847
0.015504
0.014385
0.011391
0.003397
0.007016
0.008397
0.012345
0.017116
0.018925
0.02363
0.026262
0.029091
0.035111
0.038533
0.039652
0.044652
0.047449
0.050837
0.054522
0.060674
0.064161
0.005108
0.010437
0.020274
0.02284
0.031196
0.025637
0.033269
0.035539
0.051298
0.051265
0.054423
0.060509
0.063799
0.070807
0.071958
0.074195
0.082025
0.084756
0.086631
0.087914
0.088638
0.093705
0.092093
0.096962
0.100054
0.09785
0.105252
0.105976
0.11022
0.11226
0.113937
0.115615
0.116701
0.114168
0.116273
0.113905
0.113707
0.108312
0.110549
0.109661
0.108476
0.109661
0.106963
0.107917
0.105252
0.10545
0.104364
0.101535
0.096633
0.101238
0.081828
0.072616
0.047251
0.043632
0.015569
0.002805
0.003265
0.0057
0.009483
0.016129
0.020439
0.027018
0.02965
0.029979
0.03248
0.034585
0.033598
0.033763
0.039981
0.035868
0.03873
0.042909
0.043731
0.039092
0.042711
0.040046
0.032052
0.034322
0.031887
0.034322
0.028992
0.033828
0.027742
0.028499
0.022412
0.019254
0.015306
0.01728
0.01705
0.018596
0.020537
0.024452
0.025768
0.0284
0.029124
0.023169
0.02534
0.011622
0.009352
0.008332
0.014089
0.014714
0.018201
0.020537
0.023794
0.025308
0.025472
0.027216
0.030177
0.032085
0.035013
0.038862
0.037184
0.03975
0.040079
0.046231
0.041198
0.041066
0.039421
0.043468
0.041593
0.048468
0.043205
0.041922
0.046824
0.04735
0.04939
0.049455
0.054357
0.052811
0.051791
0.046198
0.042974
0.041066
0.039783
0.040902
0.033861
0.005371
0.004614
0.015767
0.020175
0.030341
0.036098
0.041856
0.044817
0.050212
0.054719
0.061036
0.062056
0.06278
0.070642
0.075709
0.07561
0.079196
0.083506
0.085052
0.088868
0.091303
0.097455
0.100712
0.014714
0.019583
0.008891
-0.000913
0.006851
-0.001242
0.004976
0.012872
0.020998
0.004384
0.005963
0.00139
0.000929
0.004811
0.007279
0.015175
0.021162
0.027874
0.034947
0.041198
0.046791
0.054785
0.05541
0.064326
0.068405
0.073011
0.080545
0.083736
0.087421
0.091467
0.091435
0.099199
0.104594
0.104232
0.110516
0.113214
0.117754
0.118478
0.120846
0.107884
0.104397
0.106404
0.100975
0.103114
0.101304
0.107358
0.108542
0.111536
0.112391
0.117392
0.11907
0.123347
0.126044
0.127492
0.131571
0.133776
0.133808
0.137855
0.139533
0.141277
0.146869
0.144994
0.147922
0.153449
0.153449
0.150653
0.153712
0.153482
0.155522
0.154469
0.156542
0.148448
0.157463
0.147297
0.149008
0.149863
0.148942
0.149172
0.153811
0.150159
0.150061
0.151738
0.148679
0.150719
0.150258
0.147297
0.129235
0.123939
0.122096
0.12407
0.123083
0.123379
0.123478
0.123676
0.123347
0.114694
0.113345
0.113773
0.115582
0.116405
0.117885
0.098903
0.097225
0.098639
0.101732
0.09433
0.09581
0.092685
0.09252
0.091599
0.090415
0.089954
0.087256
0.086302
0.080841
0.081729
0.08242
0.079755
0.07913
0.080216
0.079196
0.07969
0.07515
0.07584
0.074886
0.073373
0.073307
0.071366
0.070116
0.069688
0.064523
0.062582
0.061431
0.054226
0.056693
0.054982
0.053732
0.042777
0.037842
0.027282
0.026492
0.001258
0.009088
0.01501
0.017905
0.025406
0.02534
0.027709
0.028926
0.032183
0.029848
0.033401
0.033927
0.034585
0.036987
0.033434
0.032874
0.032973
0.033039
0.029782
0.03294
0.026097
0.02692
0.026426
0.024781
0.025011
0.028203
0.025439
0.027742
0.024781
0.025669
0.026854
0.025571
0.025077
0.026525
0.02613
0.027084
0.025702
0.027216
0.010437
0.014056
0.018497
0.019748
0.019912
0.021294
0.021524
0.021886
0.021656
0.021228
0.018201
0.021327
0.020965
0.020175
0.024321
0.022215
0.012345
0.012674
0.016787
0.019155
0.020965
0.023367
0.023761
0.025472
0.023597
0.020603
0.008068
0.003068
0.007082
0.005798
0.00593
0.006358
0.013661
0.014155
0.015208
0.017214
0.01626
0.014451
0.014319
0.014582
0.020471
0.019221
0.019945
0.023301
0.02159
0.022051
0.021524
0.024518
0.02034
0.022807
0.023136
0.0259
0.025373
0.025768
0.025834
0.025801
0.023597
0.014615
0.011556
0.017511
0.022511
0.022116
0.023432
0.019978
0.019846
0.022445
0.024321
0.022215
0.023399
0.022807
0.023399
0.02057
0.025472
0.024913
0.023103
0.023893
0.029584
0.028795
0.025308
0.027907
0.025702
0.02057
0.021228
0.020439
0.018333
0.02238
0.021195
0.026821
0.021327
0.020768
0.022873
0.022643
0.027479
0.026163
0.029716
0.02817
0.0309
0.031854
0.032315
0.031262
0.035144
0.033072
0.037809
0.040704
0.040079
0.041954
0.043435
0.046495
0.046396
0.046626
0.037875
0.038994
0.040277
0.045376
0.043896
0.044981
0.04837
0.047383
0.045935
0.046264
0.042612
0.042974
0.043501
0.042283
0.043205
0.042448
0.042612
0.044323
0.04735
0.051495
0.054324
0.04985
0.057516
0.060213
0.059753
0.058963
0.06528
0.060674
0.060806
0.064556
0.068142
0.070412
0.071366
0.074853
0.075446
0.077617
0.080084
0.081828
0.078407
0.075511
0.078012
0.079163
0.079459
0.082519
0.083078
0.085151
0.08525
0.087026
0.092948
0.092981
0.096468
0.094001
0.099363
0.100811
0.101831
0.104528
0.110845
0.112753
0.113444
0.115648
0.115648
0.117392
0.120221
0.123544
0.121636
0.124399
0.125386
0.13088
0.130749
0.132723
0.13394
0.132131
0.136276
0.140191
0.139599
0.141638
0.142231
0.14812
0.143612
0.147429
0.152034
0.152396
0.156081
0.155226
0.155982
0.157167
0.161904
0.163747
0.16526
0.164964
0.165227
0.169767
0.172531
0.168023
0.172629
0.17059
0.170886
0.174011
0.173189
0.178387
0.17513
0.176117
0.174636
0.173912
0.17661
0.180624
0.180821
0.181742
0.183552
0.18194
0.184637
0.182861
0.186052
0.185262
0.184901
0.185526
0.183946
0.183683
0.186381
0.185493
0.188783
0.189901
0.191711
0.189934
0.191283
0.191612
0.187203
0.192731
0.189737
0.188092
0.195527
0.191809
0.19454
0.195033
0.188783
0.189934
0.191151
0.193191
0.19375
0.194408
0.192862
0.193125
0.197106
0.196086
0.195165
0.195724
0.194737
0.194244
0.195823
0.18977
0.193685
0.193421
0.191776
0.194343
0.192632
0.194244
0.192994
0.193158
0.194277
0.196415
0.193948
0.192895
0.193356
0.194474
0.191415
0.190592
0.194079
0.193487
0.189803
0.190757
0.190362
0.189408
0.191151
0.191053
0.188816
0.190855
0.188947
0.18875
0.189934
0.188125
0.19329
0.187631
0.189737
0.186282
0.187565
0.180657
0.186118
0.18523
0.18115
0.181611
0.181315
0.177465
0.182499
0.180328
0.179012
0.17286
0.170721
0.173912
0.169767
0.174044
0.17082
0.164997
-0.002064
0.009713
0.01478
0.024321
0.033467
0.037941
0.045376
0.053634
0.059786
0.062516
0.070511
0.073472
0.079525
0.081367
0.088046
0.094428
0.09683
0.100284
0.104594
0.107325
0.110384
0.113608
0.117622
0.122787
0.121833
0.126636
0.127294
0.130848
0.136309
0.136342
0.136868
0.140651
0.140224
0.141441
0.145323
0.14256
0.147462
0.148284
0.151278
0.1521
0.154535
0.157529
0.156904
0.157035
0.160095
0.162069
0.165556
0.161378
0.163121
0.162036
0.163352
0.163516
0.164865
0.169175
0.167431
0.169076
0.176742
0.171083
0.172169
0.174175
0.173518
0.174011
0.172004
0.176018
0.173715
0.173156
0.173156
0.168714
0.169504
0.173748
0.175623
0.174768
0.175722
0.172827
0.175788
0.176873
0.178255
0.176149
0.182038
0.173945
0.175656
0.175162
0.172432
0.173057
0.174077
0.176018
0.175195
0.177235
0.174011
0.173123
0.147922
0.148054
0.147297
0.151311
0.149732
0.153745
0.154864
0.156213
0.155982
0.154272
0.153877
0.156344
0.154436
0.1572
0.157265
0.1572
0.158417
0.153153
0.154041
0.151048
0.153449
0.155489
0.157101
0.150521
0.13621
0.137559
0.135552
0.134861
0.134499
0.141375
0.140816
0.143086
0.142954
0.148185
0.143908
0.148481
0.14983
0.151969
0.152758
0.155785
0.156969
0.155982
0.155588
0.154041
0.157463
0.156509
0.150982
0.150028
0.150554
0.150653
0.1496
0.150686
0.155226
0.154798
0.158252
0.160029
0.163023
0.161575
0.164503
0.163747
0.162431
0.162595
0.1673
0.167333
0.16526
0.167036
0.165918
0.16799
0.166773
0.167892
0.169997
0.168023
0.168681
0.173847
0.170195
0.174011
0.170458
0.170918
0.171642
0.170951
0.171511
0.173353
0.17184
0.170129
0.171675
0.172498
0.171379
0.17105
0.172267
0.167431
0.169339
0.164503
0.163286
0.16276
0.160621
0.162661
0.155653
0.031789
0.034717
0.043599
0.046527
0.052515
0.052778
0.039882
0.044192
0.050837
0.056825
0.061595
0.063438
0.06653
0.073735
0.070708
0.077091
0.078242
0.083835
0.085546
0.089362
0.092191
0.097093
0.099199
0.102587
0.107094
0.108345
0.112983
0.115582
0.118708
0.121932
0.123215
0.122392
0.128939
0.132229
0.132624
0.137526
0.136704
0.138546
0.143053
0.139895
0.145948
0.148152
0.15335
0.153252
0.155357
0.155719
0.151311
0.157726
0.158318
0.165391
0.161509
0.164799
0.162924
0.170458
0.164766
0.16878
0.168583
0.169241
0.170063
0.173781
0.176117
0.174801
0.17536
0.17536
0.17684
0.17638
0.178222
0.177959
0.177992
0.179735
0.178354
0.178288
0.180064
0.179538
0.182565
0.183387
0.182631
0.184341
0.183749
0.184572
0.185624
0.18546
0.181315
0.186973
0.181084
0.185197
0.182367
0.182104
0.17911
0.162792
0.154173
0.142231
0.094889
0.063207
0.000436
0.006095
0.014484
0.017576
0.028926
0.033565
0.041987
0.047909
0.054061
0.055147
0.066366
0.066727
0.076531
0.079788
0.08038
0.088441
0.090777
0.093935
0.095251
0.098179
0.099758
0.102587
0.101271
0.102982
0.107818
0.108049
0.111404
0.113872
0.114628
0.116997
0.121504
0.12305
0.12486
0.125617
0.131177
0.131933
0.134039
0.13746
0.142329
0.140586
0.14654
0.145882
0.144073
0.144599
0.145126
0.146804
0.146376
0.151015
0.148942
0.150521
0.148712
0.150225
0.152561
0.152199
0.152429
0.155456
0.151705
0.155193
0.15085
0.158647
0.155028
0.15618
0.155785
0.154239
0.150488
0.148679
0.151804
0.152758
0.153943
0.150357
0.148284
0.149962
0.152429
0.131736
0.128709
0.130716
0.129499
0.130946
0.130551
0.135552
0.138776
0.128874
0.132821
0.131111
0.131177
0.138085
0.132756
0.134631
0.13848
0.14325
0.144534
0.151278
0.149435
0.150422
0.151936
0.152199
0.156871
0.154798
0.154206
0.154962
0.158548
0.158022
0.156969
0.162167
0.161871
0.161608
0.163023

Kurve 4

-0.005848
-0.000156
-0.003775
-0.003676
-0.002492
-0.003545
-0.003775
-0.004499
-0.002558
-0.004631
-0.00417
-0.003084
-0.003413
-0.005716
-0.000452
-0.003611
-0.001999
-0.004005
-0.003117
-0.003479
-0.003347
-0.003249
-0.003282
-0.005387
-0.003117
-0.004565
-0.005946
-0.004729
-0.005058
-0.004334
-0.006078
-0.003084
-0.005617
0.002443
-0.001077
-0.003413
-0.003084
-0.00338
-0.005091
-0.005585
-0.006769
-0.006308
-0.004334
-0.006604
-0.002459
-0.005782
-0.002755
-0.00496
-0.002624
-0.007328
-0.00292
-0.003742
-0.003973
-0.001966
-0.00417
-0.006637
-0.008085
-0.003347
-0.007427
-0.004861
-0.007131
-0.003347
-0.005486
-0.00417
-0.005815
-0.002196
-0.003578
-0.002755
-0.004104
-0.002525
-0.000551
-0.005552
-0.000123
-0.003775
-0.004005
-0.004466
-0.001834
-0.002032
-0.002196
-0.004367
-0.003446
-0.001308
-0.002755
-0.000518
-0.001768
-0.004236
-0.002854
-0.002591
-0.002229
-0.001703
-0.004137
-0.007493
-0.001077
-0.003841
-0.00315
-0.002196
-0.002953
-0.002163
-0.00315
-0.000748
-0.000946
0.000535
-0.000913
-0.000321
-0.004696
-0.004071
-0.006111
-0.002064
-0.001801
-0.004433
-0.006045
-0.00167
0.001653
-0.003051
-0.005025
-0.00315
-0.000617
-0.000683
0.001094
4.1e-05
-0.002064
0.000929
-0.005091
-0.000156
-0.000716
-0.001045
-0.002558
-0.000387
-0.002262
0.000929
-0.00236
-0.001077
-9e-05
-0.001077
0.000107
-0.001999
-0.002689
-0.001439
-0.003775
-0.002032
0.001258
-0.001275
-0.00236
-0.001209
0.000403
-0.001472
-0.001637
-0.002196
0.000436
-0.001637
-0.000979
-0.000716
0.000897
-0.001374
0.001522
0.000732
-0.001604
-0.000288
-0.002163
0.002936
-0.001374
-0.000222
-0.003479
0.000798
-0.001012
-0.004334
0.001193
0.001028
-0.000123
0.000304
0.001653
0.000239
0.003035
-0.00236
0.000633
-0.001176
-0.002558
-0.000518
0.000699
-0.00167
-0.005289
-0.000321
0.000469
-0.001933
-0.000288
0.000173
-0.001439
-0.001801
0.004548
0.004943
-0.000321
0.001982
-0.000255
0.000337
-0.001374
-0.000518
-0.001242
-0.000156
-0.002393
0.000173
-0.001077
-0.001374
0.000206
0.000535
-0.001143
-0.002591
-0.001406
-0.004598
-0.000419
-0.00292
-0.002689
-0.000814
0.000304
-0.000814
0.000995
-0.001834
-0.001077
-0.001406
-0.004466
0.001489
-0.002525
-0.000748
0.000304
0.001982
0.000699
0.00218
-0.000123
0.001324
-0.000518
-5.8e-05
-0.002657
-0.001374
-0.001374
-0.001933
-0.001505
-0.002887
-0.000946
-0.001966
-0.002262
-0.000123
-0.001077
-0.002525
-0.003051
-0.00394
0.001291
-0.001571
0.000304
0.000765
-0.004367
-0.001341
-0.003018
0.003199
0.007608
0.015767
0.020768
0.028367
0.035144
0.041494
0.046889
0.053601
0.058371
0.06426
0.068175
0.07357
0.077617
0.082322
0.085118
0.089888
0.094034
0.092158
0.10012
0.103015
0.106436
0.110384
0.113378
0.120616
0.122261
0.12282
0.124761
0.127656
0.128446
0.130749
0.134006
0.135815
0.137493
0.141145
0.140125
0.14654
0.145488
0.147988
0.148679
0.150028
0.150455
0.152692
0.149403
0.157265
0.158614
0.159799
0.161411
0.161674
0.161476
0.16345
0.163911
0.1622
0.165062
0.162134
0.165062
0.167036
0.168385
0.169997
0.170655
0.171313
0.172432
0.17286
0.173156
0.172531
0.172761
0.173847
0.175031
0.17763
0.174175
0.176478
0.175886
0.17582
0.17661
0.17967
0.178123
0.177696
0.180558
0.178156
0.179505
0.181249
0.180196
0.179735
0.181973
0.181315
0.183157
0.180525
0.18036
0.178913
0.177301
0.173847
0.167267
0.165622
0.164372
0.159766
0.158417
0.156015
0.152265
0.156739
0.15391
0.155423
0.158088
0.156443
0.157956
0.161805
0.159766
0.162266
0.164997
0.166313
0.166214
0.167892
0.16855
0.170918
0.172234
0.171774
0.174406
0.174406
0.174866
0.176676
0.175261
0.176742
0.177334
0.175886
0.177729
0.178485
0.180591
0.179999
0.180986
0.182795
0.182762
0.183289
0.182894
0.18421
0.184012
0.183321
0.182367
0.184966
0.184243
0.186348
0.182992
0.186184
0.18467
0.185493
0.187697
0.188651
0.186743
0.187434
0.191809
0.190164
0.192237
0.190724
0.191513
0.18546
0.188618
0.18648
0.189309
0.188454
0.19125
0.188585
0.190395
0.192763
0.191053
0.193191
0.192204
0.192599
0.190395
0.193388
0.191678
0.192237
0.192369
0.193356
0.192961
0.193191
0.194014
0.191184
0.193816
0.192204
0.192204
0.192533
0.191415
0.194211
0.196547
0.193421
0.195033
0.188223
0.192402
0.193915
0.19454
0.194079
0.191579
0.191744
0.192928
0.193454
0.194343
0.194112
0.196251
0.193553
0.191612
0.195593
0.19352
0.192895
0.191875
0.19454
0.194014
0.194606
0.192007
0.192138
0.189375
0.193915
0.189934
0.190033
0.193224
0.197139
0.194277
0.194145
0.193421
0.194211
0.195099
0.195066
0.193619
0.194046
0.193158
0.191744
0.194112
0.196744
0.193586
0.196316
0.193816
0.199475
0.197896
0.195165
0.195066
0.196744
0.194869
0.197698
0.192237
0.194211
0.195757
0.194968
0.193652
0.194737
0.193685
0.19352
0.193158
0.192632
0.197271
0.18467
0.194079
0.194211
0.193586
0.197994
0.199179
0.194441
0.196415
0.194112
0.194902
0.195297
0.191184
0.193816
0.195033
0.197205
0.195066
0.200363
0.195461
0.19329
0.19704
0.196119
0.196448
0.198126
0.19987
0.197238
0.195988
0.19704
0.198356
0.193948
0.194474
0.194704
0.193125
0.194211
0.196843
0.197303
0.198225
0.196711
0.198619
0.197797
0.196415
0.19454
0.196218
0.199212
0.196218
0.195494
0.197665
0.195132
0.196514
0.198159
0.193652
0.197764
0.193454
0.196152
0.196711
0.200528
0.194672
0.194869
0.19431
0.196481
0.196415
0.196645
0.197205
0.196876
0.197698
0.196876
0.197632
0.195691
0.199343
0.196514
0.198323
0.197731
0.199902
0.198521
0.194935
0.199014
0.198258
0.198981
0.197238
0.20056
0.200133
0.200297
0.198685
0.199738
0.191776
0.198159
0.199146
0.195395
0.196251
0.197534
0.197764
0.198323
0.196744
0.198587
0.193652
0.195198
0.198521
0.197205
0.197435
0.196218
0.198751
0.200001
0.200199
0.198948
0.198356
0.193981
0.195198
0.192336
0.197271
0.197797
0.196251
0.196514
0.197336
0.200758
0.198258
0.199606
0.199442
0.196974
0.198488
0.199409
0.196547
0.196909
0.197271
0.198685
0.199639
0.198718
0.198455
0.197238
0.199541
0.195527
0.198521
0.197534
0.197534
0.200264
0.200264
0.197172
0.199837
0.193027
0.198323
0.199014
0.194145
0.200528
0.19829
0.193619
0.199705
0.199277
0.197139
0.199672
0.19829
0.200791
0.202041
0.198323
0.196613
0.198587
0.197468
0.199047
0.197731
0.198948
0.196251
0.199343
0.197929
0.197435
0.195132
0.197896
0.197698
0.198027
0.19931
0.196547
0.198916
0.197139
0.198488
0.197238
0.19579
0.197205
0.198093
0.197632
0.19704
0.198718
0.200495
0.199771
0.198192
0.199245
0.196711
0.201679
0.202271
0.198422
0.20135
0.197698
0.195955
0.195955
0.199475
0.197501
0.199376
0.198323
0.197929
0.197205
0.198916
0.197402
0.200297
0.200922
0.196744
0.198126
0.197172
0.19681
0.198126
0.197073
0.195889
0.195593
0.194606
0.198916
0.195659
0.196218
0.194737
0.200922
0.194737
0.197534
0.198225
0.198159
0.198554
0.197172
0.19704
0.197961
0.195033
0.197896
0.198751
0.196942
0.199738
0.198652
0.199508
0.198554
0.199902
0.19806
0.199639
0.198192
0.201942
0.199606
0.200034
0.198323
0.201778
0.196218
0.196876
0.194046
0.19375
0.198389
0.194145
0.19908
0.198619
0.198027
0.199376
0.201613
0.196218
0.196876
0.197205
0.196448
0.196185
0.196218
0.197797
0.189803
0.197369
0.194507
0.188783
0.19579
0.19704
0.197435
0.19783
0.196876
0.199705
0.196678
0.200725
0.198619
0.197764
0.198356
0.196349
0.197731
0.196678
0.197303
0.194573
0.194046
0.198718
0.19783
0.196514
0.198422
0.197567
0.198948
0.198126
0.200626
0.199902
0.197698
0.200824
0.198192
0.198488
0.197271
0.198554
0.198455
0.199376
0.19533
0.196974
0.196909
0.195955
0.198948
0.198027
0.196086
0.200857
0.198093
0.197896
0.199968
0.194836
0.195264
0.195757
0.197139
0.196251
0.199804
0.195428
0.197863
0.197665
0.195724
0.199705
0.198718
0.1976
0.197731
0.19908
0.197665
0.198652
0.200231
0.198356
0.199606
0.197369
0.196613
0.19829
0.194408
0.196843
0.198554
0.197303
0.195593
0.197994
0.200758
0.199014
0.200988
0.19987
0.198751
0.196415
0.197961
0.195922
0.197139
0.193125
0.19829
0.195922
0.197238
0.1976
0.197468
0.198389
0.195593
0.197205
0.199014
0.196974
0.197567
0.200791
0.195494
0.200725
0.196382
0.196053
0.194046
0.195922
0.196349
0.197238
0.196349
0.197073
0.200922
0.199409
0.198488
0.198652
0.20283
0.196349
0.199343
0.199606
0.199837
0.200264
0.198817
0.19681
0.198488
0.197567
0.196415
0.198718
0.198126
0.198619
0.201317
0.198192
0.198685
0.199705
0.198521
0.20056
0.197468
0.198554
0.200692
0.197073
0.195264
0.198619
0.19681
0.197534
0.197961
0.200067
0.197007
0.1976
0.198817
0.20056
0.198159
0.197336
0.196349
0.195856
0.19704
0.190559
0.195691
0.193586
0.198488
0.196251
0.193619
0.197731
0.196185
0.199442
0.196349
0.197271
0.198751
0.199508
0.197336
0.197205
0.195955
0.196284
0.196645
0.197961
0.1976
0.194277
0.197797
0.194277
0.199113
0.19885
0.202107
0.198554
0.199146
0.19829
0.198554
0.196152
0.19931
0.196349
0.198159
0.19908
0.197007
0.1976
0.19783
0.197731
0.198159
0.19931
0.19658
0.19783
0.197797
0.198619
0.200889
0.199639
0.196415
0.19829
0.195033
0.199277
0.197797
0.196185
0.198784
0.197961
0.199179
0.195033
0.198159
0.197238
0.199442
0.198751
0.202633
0.198323
0.197205
0.195593
0.195033
0.199475
0.196974
0.198916
0.198093
0.197863
0.198587
0.198554
0.197797
0.201284
0.198784
0.200528
0.195395
0.196678
0.196349
0.198784
0.196119
0.198389
0.198093
0.196349
0.197238
0.198652
0.197172
0.197402
0.19602
0.199935
0.200462
0.196974
0.200593
0.197468
0.195297
0.192895
0.195856
0.196218
0.197238
0.19704
0.201547
0.200001
0.198422
0.200199
0.198455
0.197336
0.199146
0.200889
0.194902
0.199014
0.196974
0.195856
0.200297
0.197929
0.196645
0.199902
0.197369
0.195691
0.198948
0.195165
0.199935
0.196218
0.200593
0.197961
0.198554
0.196316
0.199179
0.194737
0.196349
0.196349
0.19783
0.196744
0.198685
0.197665
0.197205
0.200264
0.197896
0.201745
0.193586
0.199409
0.199376
0.198422
0.196152
0.197106
0.198554
0.196251
0.195099
0.198652
0.198225
0.197534
0.195527
0.19931
0.197731
0.19704
0.197632
0.198554
0.199047
0.197567
0.199113
0.19829
0.19885
0.196152
0.198225
0.196547
0.198981
0.197303
0.198784
0.1496
0.146442
0.149271
0.122623
0.012543
0.008332
-0.001801
0.00116
0.006917
0.00843
0.012905
0.010075
0.015537
0.019287
0.021985
0.024715
0.024946
0.026591
0.027479
0.02761
0.027051
0.03044
0.028663
0.037349
0.0461
0.048205
0.0511
0.060937
0.062122
0.067978
0.073899
0.079196
0.083901
0.087585
0.092191
0.094593
0.101732
0.104166
0.107917
0.110746
0.115188
0.11726
0.120583
0.123083
0.127229
0.12963
0.131736
0.134697
0.139566
0.138612
0.142165
0.14381
0.147659
0.148942
0.147133
0.149403
0.151278
0.155653
0.155588
0.158548
0.158121
0.161115
0.156542
0.164997
0.163352
0.163121
0.167267
0.167563
0.170918
0.170622
0.17411
0.170425
0.173616
0.168418
0.17559
0.174866
0.171905
0.174011
0.177169
0.175722
0.174965
0.181051
0.181446
0.18115
0.18138
0.182663
0.185295
0.184341
0.185295
0.18671
0.185526
0.187697
0.185493
0.184802
0.183519
0.18648
0.186249
0.187894
0.187796
0.187467
0.190954
0.19
0.189112
0.189638
0.189112
0.188454
0.194343
0.191283
0.192829
0.192007
0.191678
0.191776
0.189671
0.191118
0.191842
0.191776
0.189539
0.194014
0.191513
0.191579
0.192796
0.192928
0.194507
0.198126
0.190987
0.194803
0.192599
0.192566
0.193158
0.190395
0.190395
0.191382
0.192204
0.19023
0.194343
0.193158
0.194902
0.194869
0.19306
0.195527
0.194145
0.194737
0.194343
0.194704
0.194408
0.193619
0.193717
0.19681
0.193257
0.193323
0.192698
0.194902
0.19204
0.193915
0.194112
0.198192
0.19533
0.196843
0.196415
0.193948
0.195922
0.193257
0.191678
0.194112
0.191316
0.194474
0.193783
0.191217
0.19431
0.187401
0.192171
0.192895
0.195724
0.19556
0.19829
0.192467
0.197665
0.193717
0.192961
0.192467
0.191678
0.190066
0.192237
0.194474
0.190987
0.195461
0.195428
0.197435
0.193849
0.19375
0.195856
0.197896
0.194902
0.196218
0.19681
0.190724
0.197172
0.197238
0.197501
0.195066
0.195593
0.192994
0.19556
0.19556
0.195132
0.192862
0.195066
0.194836
0.198685
0.195198
0.197863
0.197238
0.196152
0.197632
0.197534
0.195231
0.194244
0.194343
0.194737
0.197402
0.193849
0.19783
0.196316
0.194672
0.197534
0.199935
0.197271
0.196053
0.197303
0.194441
0.196777
0.192467
0.19454
0.197534
0.196744
0.197632
0.199245
0.194803
0.196152
0.197435
0.195626
0.198948
0.198027
0.200692
0.199475
0.197994
0.198225
0.200429
0.196514
0.199409
0.19783
0.198192
0.197007
0.194079
0.19704
0.19806
0.197632
0.198521
0.199968
0.197961
0.199935
0.197764
0.199343
0.196974
0.197468
0.19658
0.199705
0.197896
0.198718
0.198554
0.19931
0.196942
0.197764
0.199442
0.198225
0.19885
0.197073
0.19681
0.194606
0.196185
0.197929
0.197665
0.198554
0.19987
0.198093
0.200133
0.196974
0.198883
0.198093
0.199113
0.198455
0.198619
0.199508
0.198981
0.199113
0.198093
0.199179
0.197501
0.198093
0.194441
0.203883
0.200889
0.199113
0.199047
0.197961
0.197665
0.197764
0.19681
0.198422
0.20033
0.196974
0.197764
0.199639
0.201646
0.197929
0.198323
0.199277
0.198225
0.199771
0.199245
0.199113
0.198751
0.199672
0.197369
0.198685
0.196349
0.196251
0.194507
0.197731
0.200297
0.196481
0.196974
0.201515
0.199245
0.199902
0.196843
0.195955
0.199343
0.199606
0.198027
0.197501
0.197698
0.198093
0.199935
0.197106
0.198554
0.198488
0.198554
0.19908
0.203817
0.196909
0.198652
0.201251
0.199245
0.19829
0.200429
0.200922
0.197336
0.197205
0.196448
0.198126
0.196053
0.198356
0.200264
0.198554
0.199738
0.199705
0.196547
0.201909
0.199212
0.195823
0.200626
0.196909
0.198751
0.198323
0.197238
0.196645
0.198356
0.194704
0.197929
0.202863
0.197336
0.198685
0.198619
0.196152
0.199014
0.19829
0.198619
0.201284
0.197303
0.197205
0.200067
0.198258
0.19783
0.198587
0.197567
0.198422
0.196316
0.202436
0.200264
0.199804
0.200824
0.199113
0.199902
0.198554
0.201186
0.197929
0.198159
0.197271
0.199212
0.198587
0.200363
0.197468
0.198948
0.197271
0.19806
0.197073
0.198159
0.19806
0.19829
0.199606
0.198981
0.200297
0.200297
0.198981
0.196448
0.197336
0.195527
0.201251
0.193454
0.1976
0.19783
0.197238
0.199343
0.198619
0.199442
0.201778
0.198554
0.196974
0.198521
0.19829
0.198817
0.198159
0.200725
0.195362
0.201153
0.199245
0.197205
0.195823
0.198027
0.199639
0.197567
0.197106
0.200725
0.198883
0.199277
0.199837
0.2001
0.198554
0.198027
0.199541
0.197632
0.200067
0.19658
0.199113
0.198093
0.199771
0.198817
0.202962
0.198619
0.199804
0.199639
0.196876
0.200626
0.198159
0.198587
0.195395
0.196119
0.194606
0.2001
0.192467
0.196678
0.197797
0.198389
0.197797
0.198192
0.20214
0.19908
0.200659
0.199014
0.194079
0.200528
0.198554
0.200001
0.199541
0.196415
0.197961
0.199837
0.197929
0.200824
0.201449
0.200495
0.198948
0.200133
0.199573
0.201909
0.197435
0.201547
0.200462
0.199771
0.199343
0.19987
0.197929
0.1976
0.196678
0.19908
0.199146
0.199639
0.201778
0.200528
0.198981
0.199541
0.201284
0.200495
0.200725
0.19658
0.20056
0.199738
0.198356
0.200955
0.203061
0.198126
0.199705
0.200889
0.198619
0.203159
0.198389
0.199639
0.197896
0.202567
0.19806
0.198389
0.200988
0.202567
0.199606
0.200528
0.200034
0.203456
0.200889
0.2001
0.198488
0.200396
0.195362
0.1976
0.200528
0.199804
0.20112
0.201218
0.200495
0.199179
0.199935
0.200659
0.199475
0.19806
0.200001
0.199113
0.198587
0.199146
0.198225
0.199245
0.198488
0.199705
0.198718
0.201087
0.197698
0.200824
0.195955
0.19908
0.199672
0.195856
0.200396
0.200955
0.199343
0.198718
0.19783
0.196777
0.202798
0.198619
0.200429
0.198784
0.201416
0.198916
0.201054
0.199146
0.201975
0.199672
0.200199
0.200922
0.1976
0.195066
0.199935
0.196284
0.193586
0.201646
0.198455
0.19908
0.195691
0.19885
0.200791
0.201317
0.199409
0.201284
0.20158
0.200133
0.196974
0.198587
0.198389
0.198521
0.199672
0.198652
0.200593
0.198751
0.199606
0.201021
0.199343
0.19987
0.199508
0.199541
0.20056
0.197369
0.197501
0.200857
0.19829
0.196974
0.198455
0.199672
0.198027
0.199277
0.199475
0.198488
0.198751
0.201054
0.198718
0.202271
0.199573
0.203719
0.199705
0.196284
0.19658
0.19556
0.199475
0.196349
0.202205
0.203324
0.201646
0.19908
0.191316
0.198619
0.198027
0.197369
0.200692
0.197369
0.197073
0.198258
0.199508
0.198784
0.199212
0.200758
0.199047
0.199014
0.1976
0.201317
0.197797
0.199475
0.201054
0.200462
0.198159
0.19987
0.197534
0.1976
0.196942
0.196876
0.200231
0.198422
0.201811
0.199508
0.201778
0.198422
0.201153
0.198488
0.202469
0.198685
0.19908
0.201153
0.199672
0.200824
0.196251
0.198554
0.198126
0.199672
0.199606
0.202107
0.200593
0.198883
0.19908
0.199146
0.197698
0.196053
0.199672
0.199771
0.198751
0.200692
0.200133
0.19704
0.199245
0.201317
0.200659
0.19931
0.19783
0.201646
0.200001
0.19806
0.199771
0.197534
0.195033
0.19579
0.196481
0.197336
0.1976
0.197567
0.198718
0.197698
0.198258
0.201284
0.19885
0.198389
0.201054
0.200264
0.197994
0.199475
0.197929
0.199047
0.198554
0.199245
0.199902
0.199376
0.195461
0.197402
0.203061
0.198488
0.20158
0.19829
0.199475
0.196547
0.198323
0.199902
0.199508
0.197567
0.198751
0.197106
0.195659
0.199672
0.197698
0.198718
0.198192
0.203094
0.198751
0.200363
0.197435
0.199738
0.199935
0.199442
0.201449
0.199047
0.19885
0.196415
0.195593
0.197402
0.198751
0.197172
0.198225
0.195593
0.199014
0.198587
0.199212
0.199508
0.200955
0.20056
0.200889
0.198126
0.199409
0.198751
0.198225
0.199475
0.198356
0.200396
0.200264
0.200264
0.202173
0.201876
0.203061
0.201186
0.201087
0.198784
0.201449
0.20362
0.198685
0.199738
0.198718
0.197534
0.199804
0.19431
0.198225
0.20158
0.199573
0.19931
0.202403
0.196448
0.203028
0.198817
0.201218
0.199935
0.199212
0.199639
0.199343
0.198751
0.197961
0.196843
0.198718
0.201153
0.194277
0.201383
0.197731
0.200199
0.197665
0.201613
0.20033
0.200264
0.2001
0.19908
0.200462
0.200264
0.199146
0.199146
0.199409
0.199179
0.199968
0.201186
0.200955
0.200955
0.204772
0.200791
0.201909
0.200857
0.202732
0.197731
0.198652
0.196876
0.197402
0.196316
0.199212
0.19987
0.196152
0.200034
0.196514
0.20033
0.19931
0.201844
0.199245
0.200922
0.197863
0.200166
0.196843
0.197468
0.199376
0.198817
0.198883
0.196909
0.199672
0.196053
0.197303
0.195856
0.200429
0.198356
0.19783
0.201449
0.203653
0.196777
0.201876
0.200922
0.198488
0.200001
0.19931
0.199705
0.198685
0.199146
0.197929
0.20464
0.200725
0.200988
0.202469
0.200659
0.19908
0.200725
0.198718
0.199212
0.198488
0.200231
0.200659
0.198619
0.200922
0.200001
0.199146
0.197205
0.201449
0.199047
0.199672
0.199245
0.199771
0.200659
0.200429
0.200001
0.199409
0.198356
0.19783
0.198323
0.198554
0.198356
0.197238
0.200001
0.19908
0.20033
0.196382
0.200922
0.197961
0.198718
0.199902
0.200626
0.203159
0.199277
0.201811
0.201186
0.201021
0.197402
0.202107
0.199968
0.200297
0.202238
0.202765
0.201186
0.200199
0.200462
0.199047
0.202798
0.200791
0.202798
0.199376
0.205923
0.199968
0.201317
0.201416
0.199606
0.202238
0.20112
0.198521
0.201416
0.202502
0.198554
0.199343
0.201778
0.204212
0.204179
0.199968
0.204311
0.20135
0.198587
0.201482
0.193586
0.19806
0.19987
0.20214
0.195757
0.200133
0.197731
0.200791
0.200889
0.201186
0.202436
0.2026
0.200922
0.201054
0.20283
0.200725
0.203488
0.197698
0.204936
0.202765
0.203061
0.203258
0.203785
0.196415
0.197172
0.202962
0.201942
0.201416
0.203686
0.204311
0.204311
0.201975
0.199738
0.203094
0.201284
0.201679
0.200824
0.202041
0.200429
0.203028
0.199738
0.201054
0.199606
0.204344
0.203554
0.2026
0.203291
0.200659
0.203752
0.199047
0.202436
0.199212
0.200231
0.199639
0.197665
0.200001
0.204146
0.197271
0.200988
0.201811
0.201613
0.201844
0.199343
0.20214
0.201975
0.202929
0.202041
0.203423
0.200692
0.199014
0.199343
0.202271
0.20135
0.200659
0.199508
0.201186
0.201975
0.201482
0.203423
0.202337
0.201712
0.193816
0.200922
0.199376
0.202765
0.200067
0.204048
0.200824
0.201186
0.201876
0.199475
0.199573
0.196053
0.201515
0.199935
0.201054
0.199245
0.200824
0.19987
0.200495
0.199343
0.20112
0.20056
0.198422
0.20283
0.201613
0.200725
0.2026
0.201449
0.200857
0.201811
0.20339
0.199968
0.200396
0.201646
0.200955
0.202567
0.198488
0.20112
0.199475
0.199672
0.200034
0.200297
0.19908
0.200363
0.200034
0.199409
0.199837
0.201054
0.199343
0.200166
0.20214
0.197665
0.204936
0.198981
0.201284
0.20158
0.200725
0.200528
0.196613
0.20237
0.201284
0.197896
0.200067
0.201745
0.199343
0.201909
0.199705
0.19908
0.19806
0.196645
0.200231
0.199146
0.200725
0.20339
0.2026
0.20112
0.201646
0.199606
0.199705
0.19987
0.200889
0.200626
0.202304
0.200297
0.200264
0.196974
0.199804
0.200889
0.203719
0.199245
0.199573
0.199376
0.200857
0.201186
0.20158
0.199837
0.200462
0.200758
0.198356
0.200462
0.198685
0.199804
0.205989
0.202732
0.199245
0.202995
0.199573
0.201547
0.203949
0.202107
0.202502
0.198126
0.204475
0.20283
0.199245
0.199508
0.202732
0.1976
0.199179
0.19783
0.199442
0.199212
0.202666
0.200462
0.202732
0.200462
0.199935
0.202567
0.201218
0.201383
0.2026
0.20056
0.1976
0.199409
0.197501
0.198587
0.198159
0.200922
0.200199
0.205627
0.201876
0.201909
0.200857
0.199475
0.201876
0.199968
0.201087
0.197007
0.199508
0.19783
0.200067
0.197205
0.202502
0.196251
0.193092
0.187236
0.179012
0.178518
0.178419
0.178946
0.176972
0.174833
0.17684
0.176939
0.174603
0.176117
0.174044
0.174669
0.176544
0.176314
0.17661
0.17059
0.174274
0.179176
0.170853
0.169866
0.172004
0.165984
0.166642
0.163944
0.166477
0.164832
0.166247
0.166214
0.168122
0.165128
0.165852
0.167629
0.169668
0.169701
0.169109
0.172596
0.173616
0.174965
0.171675
0.175755
0.160522
0.159897
0.158548
0.15641
0.153021
0.150521
0.152002
0.147626
0.144731
0.146343
0.142724
0.133611
0.128084
0.119793
0.114431
0.104923
0.099528
0.091928
0.087914
0.085414
0.079953
0.077584
0.078933
0.081203
0.085348
0.090217
0.093672
0.098409
0.094922
0.098738
0.09535
0.098771
0.101271
0.107884
0.103673
0.107358
0.11249
0.11397
0.116833
0.117129
0.11953
0.121767
0.124432
0.126406
0.121471
0.126571
0.126636
0.125584
0.12509
0.128874
0.131374
0.134565
0.138908
0.135914
0.141178
0.140421
0.142329
0.143316
0.14302
0.146014
0.147363
0.150817
0.153679
0.156443
0.15766
0.159733
0.160161
0.161707
0.158219
0.164339
0.16424
0.164997
0.167398
0.16674
0.169076
0.173221
0.169076
0.171511
0.174537
0.172202
0.175952
0.172958
0.176972
0.177235
0.177301
0.175557
0.178518
0.179703
0.177663
0.181512
0.179045
0.179637
0.18138
0.180196
0.183289
0.179703
0.174932
0.175031
0.173386
0.174603
0.176939
0.175985
0.177531
0.179077
0.179176
0.177235
0.177235
0.18194
0.181347
0.181907
0.187171
0.184572
0.184012
0.182005
0.185328
0.18342
0.185164
0.183881
0.187697
0.187532
0.188684
0.187203
0.184078
0.184868
0.188421
0.186644
0.185789
0.187796
0.187039
0.190921
0.189408
0.191151
0.190066
0.191415
0.190789
0.192862
0.192467
0.190428
0.192467
0.191809
0.192763
0.192731
0.19329
0.192731
0.194803
0.192204
0.192303
0.192434
0.193783
0.199343
0.198554
0.196053
0.195691
0.19454
0.195231
0.196382
0.193981
0.196415
0.191151
0.196119
0.195922
0.19454
0.19556
0.196613
0.194211
0.19431
0.195724
0.195691
0.196711
0.196415
0.190197
0.188158
