Ladekurvenmessung

Zeit: 2018_05_02 15.05.44

Info: FVA3, v = 0.0404, T = 40, F = 20, h = 58.8

Ladewiderstand[Ohm]: 1012700

Störkapazität[nF]: 0.000000

Entladezeit[ms]: 100

Abtastrate[Hz]: 250000

Anzahl der Messwerte: 2500

Verzögerung [ms]: 1


Kurve 1

-9e-05
8e-06
-0.000123
-9e-05
8e-06
8e-06
0.00014
7.4e-05
0.000107
0.000107
4.1e-05
8e-06
-2.5e-05
-9e-05
-5.8e-05
-0.000123
4.1e-05
4.1e-05
7.4e-05
0.000107
4.1e-05
0.000107
-5.8e-05
-9e-05
-5.8e-05
-5.8e-05
-2.5e-05
8e-06
4.1e-05
0.000107
0.000107
0.00014
0.000107
-2.5e-05
8e-06
-0.000123
-9e-05
-2.5e-05
-2.5e-05
0.00014
0.000107
0.00014
0.000107
4.1e-05
0.00014
0.000107
-5.8e-05
0.000535
-0.00065
0.000666
0.000173
-2.5e-05
4.1e-05
-0.000518
0.000206
-0.000321
-0.000419
0.000897
-0.001077
-2.5e-05
-2.5e-05
8e-06
0.000107
0.00014
0.000107
7.4e-05
4.1e-05
-9e-05
-5.8e-05
-9e-05
-0.000156
8e-06
7.4e-05
7.4e-05
0.00014
0.000107
0.000107
-2.5e-05
8e-06
-9e-05
-9e-05
0.000107
-2.5e-05
7.4e-05
0.00014
0.000107
0.000107
0.000107
8e-06
-2.5e-05
-5.8e-05
-9e-05
-0.000189
-9e-05
7.4e-05
7.4e-05
0.000107
0.000107
7.4e-05
4.1e-05
-5.8e-05
-5.8e-05
-9e-05
-0.000123
8e-06
4.1e-05
0.000107
7.4e-05
0.00014
0.00014
-9e-05
-2.5e-05
-5.8e-05
-5.8e-05
-5.8e-05
-5.8e-05
4.1e-05
4.1e-05
7.4e-05
0.00014
7.4e-05
4.1e-05
8e-06
-5.8e-05
-9e-05
-5.8e-05
-2.5e-05
4.1e-05
4.1e-05
0.00014
7.4e-05
0.000173
-2.5e-05
-2.5e-05
-9e-05
-5.8e-05
-5.8e-05
-0.000123
7.4e-05
7.4e-05
7.4e-05
0.00014
0.000107
4.1e-05
8e-06
-0.000123
-2.5e-05
-0.000123
-2.5e-05
4.1e-05
0.000107
0.00014
0.000107
0.00014
0.000107
8e-06
-5.8e-05
-9e-05
-0.000123
-2.5e-05
-2.5e-05
0.000107
0.000107
7.4e-05
0.000107
0.000107
-2.5e-05
-9e-05
-9e-05
-0.000123
-5.8e-05
0.000107
7.4e-05
0.00014
0.000173
7.4e-05
-9e-05
8e-06
-0.000123
-0.000288
-5.8e-05
-0.000288
0.000107
-0.000814
-0.000222
0.000239
-2.5e-05
0.00037
0.000206
-0.000123
0.000798
-9e-05
8e-06
4.1e-05
-5.8e-05
-0.000518
8e-06
-0.001374
0.000633
-0.000255
-9e-05
-0.000222
-5.8e-05
-0.000814
0.001423
-9e-05
8e-06
0.001258
-0.000255
0.000271
0.000173
-0.000189
7.4e-05
-0.000189
-5.8e-05
0.000732
8e-06
0.000107
4.1e-05
0.000239
4.1e-05
8e-06
8e-06
-0.000222
-9e-05
-0.000222
8e-06
7.4e-05
4.1e-05
0.000107
4.1e-05
0.000107
8e-06
-2.5e-05
8e-06
-0.000123
4.1e-05
-2.5e-05
0.000107
7.4e-05
4.1e-05
0.000107
8e-06
8e-06
-2.5e-05
-5.8e-05
-2.5e-05
-0.000156
-5.8e-05
0.000206
-0.000123
-0.000123
-0.000123
0.000206
-9e-05
0.000633
-0.000222
-0.000847
-0.000847
0.000403
-0.000255
-9e-05
0.000337
-0.000189
0.000666
-0.000222
7.4e-05
-0.000156
-9e-05
-0.001077
0.000107
7.4e-05
0.00014
0.00014
0.000173
0.000107
7.4e-05
-2.5e-05
-2.5e-05
0.00014
-2.5e-05
7.4e-05
4.1e-05
7.4e-05
0.000107
4.1e-05
0.000206
4.1e-05
-5.8e-05
-2.5e-05
-0.000123
-5.8e-05
-5.8e-05
8e-06
7.4e-05
7.4e-05
0.00014
4.1e-05
8e-06
-5.8e-05
-5.8e-05
-5.8e-05
-5.8e-05
-2.5e-05
8e-06
7.4e-05
0.00014
7.4e-05
0.000173
4.1e-05
4.1e-05
4.1e-05
-0.000123
-9e-05
-5.8e-05
0.000107
8e-06
0.000206
0.000107
0.000206
0.000107
8e-06
4.1e-05
-9e-05
0.00014
-2.5e-05
0.000206
0.000107
0.00037
0.00014
0.000699
0.000765
8e-06
-2.5e-05
8e-06
-0.000321
7.4e-05
0.0006
7.4e-05
0.000403
0.002903
0.001061
0.002739
0.000206
-0.002262
0.003265
0.005502
0.002377
-0.000156
0.001357
0.003463
0.002706
0.002278
0.001587
0.002903
-0.000123
0.002739
0.001423
0.001225
0.001324
0.000732
0.002147
0.001028
0.003167
0.001719
-0.000222
0.00037
-0.000255
-0.000189
-9e-05
4.1e-05
0.000666
-0.000419
0.000568
0.00037
0.000403
0.00014
0.000436
-2.5e-05
-0.000123
-0.000617
0.000107
4.1e-05
0.000107
8e-06
0.000107
7.4e-05
7.4e-05
-2.5e-05
-2.5e-05
-5.8e-05
0.0006
4.1e-05
4.1e-05
0.000239
0.000107
0.000304
0.000304
0.000206
-2.5e-05
-2.5e-05
0.000107
-0.000716
-5.8e-05
0.000107
0.00014
0.000107
0.000107
0.000107
0.00014
-0.000123
7.4e-05
-0.000123
0.000897
7.4e-05
0.000107
0.00014
0.00014
0.000107
7.4e-05
8e-06
-5.8e-05
-2.5e-05
-9e-05
-0.000123
-2.5e-05
0.000107
0.000107
0.00014
0.000107
0.000173
7.4e-05
8e-06
-5.8e-05
-5.8e-05
0.000206
8e-06
-2.5e-05
4.1e-05
7.4e-05
0.000107
0.00014
-2.5e-05
-2.5e-05
8e-06
-5.8e-05
-0.000189
8e-06
0.000107
0.000107
4.1e-05
0.00014
4.1e-05
-2.5e-05
8e-06
-5.8e-05
-5.8e-05
-9e-05
8e-06
7.4e-05
0.000107
0.000107
0.00014
0.000107
7.4e-05
-9e-05
-2.5e-05
-0.000123
-5.8e-05
8e-06
8e-06
0.00014
7.4e-05
0.000107
0.000107
8e-06
-5.8e-05
-5.8e-05
-9e-05
-5.8e-05
-5.8e-05
7.4e-05
0.000107
4.1e-05
0.00014
7.4e-05
4.1e-05
-2.5e-05
-5.8e-05
-5.8e-05
-9e-05
-9e-05
4.1e-05
7.4e-05
8e-06
0.000107
0.000107
4.1e-05
8e-06
-5.8e-05
-5.8e-05
-0.000123
-2.5e-05
4.1e-05
4.1e-05
7.4e-05
0.000107
0.000107
0.000107
-2.5e-05
-2.5e-05
-5.8e-05
-0.000123
8e-06
8e-06
0.000107
4.1e-05
7.4e-05
0.00014
0.000107
-5.8e-05
-5.8e-05
-5.8e-05
-9e-05
8e-06
8e-06
0.000107
7.4e-05
0.00014
0.000107
0.000107
-2.5e-05
-9e-05
-9e-05
-5.8e-05
-2.5e-05
8e-06
7.4e-05
4.1e-05
0.000107
7.4e-05
7.4e-05
-2.5e-05
-2.5e-05
-2.5e-05
-5.8e-05
-9e-05
8e-06
4.1e-05
0.000107
7.4e-05
0.000107
7.4e-05
-5.8e-05
-5.8e-05
-0.000123
-2.5e-05
-5.8e-05
8e-06
7.4e-05
4.1e-05
0.000107
0.000107
7.4e-05
8e-06
-9e-05
-2.5e-05
-9e-05
-2.5e-05
8e-06
8e-06
7.4e-05
7.4e-05
0.000107
0.000107
4.1e-05
-5.8e-05
-5.8e-05
-9e-05
-5.8e-05
8e-06
7.4e-05
7.4e-05
0.00014
0.000107
0.000107
-2.5e-05
-9e-05
-9e-05
-5.8e-05
-5.8e-05
-2.5e-05
4.1e-05
7.4e-05
0.00014
0.000107
0.00014
-2.5e-05
-2.5e-05
8e-06
-9e-05
-5.8e-05
-2.5e-05
0.000107
0.00014
0.000107
0.000107
7.4e-05
-2.5e-05
8e-06
-0.000123
-5.8e-05
-2.5e-05
4.1e-05
0.000107
7.4e-05
0.000107
0.00014
7.4e-05
4.1e-05
-2.5e-05
-9e-05
-9e-05
-0.000189
8e-06
4.1e-05
0.000107
4.1e-05
0.000107
0.000107
-2.5e-05
8e-06
-2.5e-05
8e-06
-5.8e-05
-2.5e-05
7.4e-05
0.000107
7.4e-05
0.00014
0.000107
4.1e-05
-2.5e-05
-9e-05
-5.8e-05
-0.000123
8e-06
4.1e-05
4.1e-05
0.000107
0.000107
0.00014
8e-06
-2.5e-05
4.1e-05
0.000173
8e-06
-0.000156
4.1e-05
7.4e-05
0.000535
-0.000123
8e-06
0.000469
7.4e-05
0.000699
0.00014
-2.5e-05
-0.000156
0.000173
0.00014
0.001719
0.000469
7.4e-05
7.4e-05
0.000206
-9e-05
-5.8e-05
-9e-05
4.1e-05
4.1e-05
-5.8e-05
0.000107
0.000173
0.000239
7.4e-05
8e-06
-9e-05
8e-06
-9e-05
4.1e-05
4.1e-05
0.000206
0.00014
0.000173
0.00014
7.4e-05
7.4e-05
-5.8e-05
8e-06
-9e-05
-2.5e-05
8e-06
4.1e-05
0.00014
0.000107
0.000107
0.000107
-2.5e-05
-2.5e-05
-9e-05
-9e-05
8e-06
8e-06
7.4e-05
0.000107
0.000107
0.000107
4.1e-05
8e-06
-5.8e-05
-2.5e-05
-9e-05
-9e-05
7.4e-05
0.000107
4.1e-05
0.000173
7.4e-05
4.1e-05
-2.5e-05
-2.5e-05
-5.8e-05
-9e-05
-2.5e-05
-2.5e-05
4.1e-05
7.4e-05
0.00014
0.000173
7.4e-05
-5.8e-05
8e-06
-2.5e-05
-9e-05
-9e-05
4.1e-05
0.000107
0.000107
0.000107
0.000107
7.4e-05
8e-06
-5.8e-05
-5.8e-05
-0.000156
-9e-05
8e-06
7.4e-05
0.000107
0.000107
0.000107
7.4e-05
8e-06
-2.5e-05
-5.8e-05
-9e-05
-9e-05
8e-06
0.000107
4.1e-05
0.00014
7.4e-05
7.4e-05
8e-06
-9e-05
-5.8e-05
-9e-05
-2.5e-05
-2.5e-05
7.4e-05
4.1e-05
0.000107
7.4e-05
7.4e-05
8e-06
4.1e-05
-9e-05
-5.8e-05
0.000173
-2.5e-05
0.000107
0.00014
0.000173
0.000107
7.4e-05
-2.5e-05
-2.5e-05
-9e-05
-5.8e-05
-0.000189
8e-06
7.4e-05
7.4e-05
0.00014
0.000107
0.000107
8e-06
-5.8e-05
-2.5e-05
-0.000123
-9e-05
4.1e-05
8e-06
0.000107
7.4e-05
0.000239
0.000107
4.1e-05
-5.8e-05
-9e-05
-9e-05
-2.5e-05
-5.8e-05
0.000107
4.1e-05
0.000173
0.00014
0.000107
4.1e-05
-5.8e-05
-2.5e-05
-9e-05
-9e-05
-2.5e-05
4.1e-05
0.000173
4.1e-05
8e-06
7.4e-05
4.1e-05
8e-06
-2.5e-05
-2.5e-05
8e-06
-9e-05
7.4e-05
0.000107
0.00014
0.000107
0.000107
0.000107
7.4e-05
-9e-05
-5.8e-05
-9e-05
8e-06
8e-06
0.000107
0.00014
0.000107
0.000206
0.000173
7.4e-05
-2.5e-05
8e-06
-9e-05
8e-06
4.1e-05
8e-06
0.000173
0.000173
0.000239
4.1e-05
8e-06
-5.8e-05
-2.5e-05
-5.8e-05
-0.000222
0.000107
7.4e-05
0.000107
0.00014
0.000206
0.000403
-5.8e-05
4.1e-05
-2.5e-05
-2.5e-05
8e-06
0.000107
0.000206
-0.000189
0.000798
8e-06
0.001225
7.4e-05
-2.5e-05
4.1e-05
0.00014
-0.000485
0.000502
7.4e-05
0.000173
0.000107
4.1e-05
7.4e-05
8e-06
-5.8e-05
-9e-05
-5.8e-05
8e-06
4.1e-05
8e-06
0.000173
4.1e-05
0.000732
4.1e-05
7.4e-05
-9e-05
-0.000222
-0.000123
-2.5e-05
4.1e-05
7.4e-05
0.00014
8e-06
7.4e-05
0.000107
8e-06
8e-06
8e-06
-9e-05
-2.5e-05
4.1e-05
4.1e-05
0.000107
0.000107
0.00014
0.000107
8e-06
-2.5e-05
-0.000123
-0.000123
-5.8e-05
8e-06
4.1e-05
0.00014
0.000107
0.000107
0.000107
4.1e-05
-2.5e-05
-0.000123
-2.5e-05
-0.000123
4.1e-05
7.4e-05
4.1e-05
0.000173
0.000107
0.000107
8e-06
-0.000156
-2.5e-05
-0.000123
-2.5e-05
-2.5e-05
4.1e-05
0.000107
4.1e-05
0.000206
4.1e-05
4.1e-05
-5.8e-05
-9e-05
-5.8e-05
-9e-05
4.1e-05
8e-06
0.000107
0.000107
0.00014
0.000107
7.4e-05
-2.5e-05
-2.5e-05
-5.8e-05
-9e-05
-2.5e-05
4.1e-05
0.00014
0.000107
7.4e-05
0.00014
4.1e-05
-5.8e-05
-2.5e-05
-0.000123
-5.8e-05
-5.8e-05
7.4e-05
7.4e-05
0.000107
0.000107
7.4e-05
4.1e-05
-5.8e-05
-9e-05
-5.8e-05
-2.5e-05
-9e-05
7.4e-05
-2.5e-05
0.000107
0.00014
7.4e-05
4.1e-05
-5.8e-05
-2.5e-05
-9e-05
-2.5e-05
-5.8e-05
7.4e-05
0.000107
0.000107
0.000107
7.4e-05
8e-06
8e-06
-9e-05
-9e-05
-5.8e-05
4.1e-05
4.1e-05
7.4e-05
0.00014
0.00014
0.000107
0.000107
-2.5e-05
-2.5e-05
-9e-05
-9e-05
4.1e-05
8e-06
0.000107
0.000107
0.000107
0.00014
7.4e-05
-2.5e-05
-5.8e-05
-9e-05
-5.8e-05
-2.5e-05
7.4e-05
7.4e-05
7.4e-05
0.000107
7.4e-05
0.000107
-2.5e-05
-5.8e-05
-2.5e-05
-9e-05
-0.000123
4.1e-05
4.1e-05
0.000107
0.000173
0.00014
0.000107
-5.8e-05
4.1e-05
-5.8e-05
-5.8e-05
-5.8e-05
7.4e-05
0.000107
4.1e-05
0.000107
4.1e-05
4.1e-05
8e-06
-2.5e-05
-5.8e-05
-5.8e-05
-0.000123
8e-06
8e-06
0.00014
0.000107
7.4e-05
7.4e-05
-2.5e-05
-5.8e-05
-5.8e-05
-0.000123
-0.000123
8e-06
0.00014
0.000107
0.000107
0.000107
7.4e-05
4.1e-05
-2.5e-05
-5.8e-05
4.1e-05
-2.5e-05
4.1e-05
7.4e-05
7.4e-05
0.000173
0.000107
0.000107
8e-06
-2.5e-05
-2.5e-05
-0.000123
-0.000123
8e-06
0.00014
4.1e-05
0.000107
0.000107
0.000173
-5.8e-05
8e-06
-2.5e-05
-9e-05
-9e-05
4.1e-05
0.000469
0.00014
0.000173
0.000107
0.000107
8e-06
-2.5e-05
-0.000123
0.000271
0.000633
0.00014
0.000206
-5.8e-05
7.4e-05
0.000568
0.000271
4.1e-05
0.000173
0.000107
-9e-05
-0.001801
0.000271
7.4e-05
0.000568
0.000173
0.0006
0.000107
0.000864
0.000798
0.003627
0.000436
-0.000518
4.1e-05
-0.000156
0.000403
0.000173
0.000502
-0.000716
-9e-05
0.001061
0.000436
0.000929
0.002245
0.000271
0.000929
0.003792
0.002706
0.002278
-0.000123
0.008924
0.00264
-0.000551
0.002838
0.000699
-0.000485
0.000831
0.000633
0.000436
0.00116
8e-06
0.003331
0.00139
0.000206
0.00037
0.002509
0.001258
0.002673
0.00241
0.004811
0.003759
0.005535
0.006555
0.002278
0.001587
-2.5e-05
0.000962
0.001127
0.000403
0.000304
0.001653
0.000206
0.007246
0.003561
0.003199
0.003726
0.002936
0.002509
0.003397
0.001752
0.002048
0.005108
0.003167
0.006555
0.004417
0.003265
0.001094
0.004713
0.005272
-9e-05
0.003759
0.001851
0.00593
0.001587
0.000206
0.001061
-0.000781
0.00014
0.000304
0.000206
0.000239
0.000271
0.000633
0.000239
0.001489
0.00037
4.1e-05
0.000173
0.000962
0.001719
0.000633
0.001752
0.003956
0.006062
0.003397
0.004614
-0.001209
0.002081
0.001193
0.001456
-0.000419
-2.5e-05
0.000239
0.001982
0.001061
0.00241
0.000403
0.00139
-0.000781
4.1e-05
0.000732
-0.000321
-5.8e-05
-0.000321
0.001719
0.000765
0.000469
0.001193
0.002344
-0.000222
0.000897
0.002147
0.001522
-0.000452
0.000173
-5.8e-05
7.4e-05
0.00037
4.1e-05
0.000469
7.4e-05
0.0006
-9e-05
0.000239
-2.5e-05
0.001324
0.001554
0.00037
0.000337
0.001225
0.002245
0.003101
0.001785
0.001883
0.002311
0.001193
-0.000189
0.00014
0.000107
0.000995
0.001028
0.000403
-2.5e-05
0.000239
0.00162
0.001357
0.001489
0.006456
-0.000156
4.1e-05
0.000732
0.001785
0.000765
0.002015
0.000732
0.001291
0.000337
0.000206
-0.005321
0.001061
0.002673
0.002607
0.000239
0.001916
0.00116
0.000535
0.001225
0.000271
-0.000419
0.000107
-2.5e-05
-9e-05
0.000995
-0.000255
0.000633
0.000271
0.000995
0.000568
0.001094
0.00037
0.000765
-0.000288
0.000469
0.00139
-0.00065
0.000962
-0.001143
0.000436
-0.000354
-0.000814
-0.000419
0.000995
-0.000551
0.001258
0.000173
0.000436
0.001127
-0.000716
0.000304
-0.000551
0.000403
-9e-05
4.1e-05
-0.000255
0.00037
-0.000189
0.000502
0.000239
0.000502
0.001127
0.000666
-0.000222
0.001818
0.000568
0.001686
0.001719
0.000304
0.001127
0.000732
0.003693
0.001489
0.001554
-0.000156
7.4e-05
0.00014
8e-06
0.000929
0.000864
0.001291
0.001291
0.001851
0.000929
0.001554
0.000699
0.000666
0.000271
0.000107
0.000469
0.0006
7.4e-05
0.000337
-0.000913
0.0006
0.000107
0.001587
0.001982
0.000633
0.000962
0.00162
0.001949
0.00241
0.000699
-0.000452
0.001653
8e-06
0.001522
-9e-05
0.000304
-0.000781
-0.000387
-2.5e-05
0.000271
0.000633
0.000403
-5.8e-05
0.000436
0.000239
4.1e-05
0.000568
0.001423
0.001357
0.000206
0.000568
-9e-05
0.000568
0.000271
0.000107
0.000666
0.000502
0.000403
0.00014
0.000732
0.000469
0.000337
0.00014
0.000798
0.00037
-0.000123
-0.000222
0.001291
-0.000617
-0.000781
8e-06
0.00037
0.000568
0.000173
0.001028
0.000765
-0.000419
0.002212
0.001094
-0.000255
0.00139
0.000864
0.001752
0.00139
-0.000716
0.000403
0.000271
-5.8e-05
0.000403
-0.000255
0.000337
-9e-05
0.000633
0.000535
0.000107
0.000633
-2.5e-05
0.000502
8e-06
0.00014
-0.000222
0.000173
0.000173
4.1e-05
8e-06
0.000107
0.00014
0.000206
0.000271
4.1e-05
0.000173
-5.8e-05
0.00014
0.000304
0.000304
4.1e-05
0.000206
4.1e-05
0.00014
7.4e-05
-2.5e-05
-0.000123
-5.8e-05
-2.5e-05
-0.000387
-2.5e-05
4.1e-05
0.000271
7.4e-05
0.000337
8e-06
0.000436
-0.000156
0.000173
-0.000617
7.4e-05
-0.000781
0.003002
0.00116
-5.8e-05
0.001719
-5.8e-05
0.001225
-0.000123
-9e-05
0.000436
0.00287
-0.000189
0.000633
0.000173
0.001489
0.002476
-2.5e-05
0.001061
0.000239
0.001686
-2.5e-05
0.000304
-0.000123
0.000535
-0.000189
0.00139
0.000107
0.001423
0.001028
0.000929
0.000535
0.000436
0.000173
0.000929
0.001522
0.000765
0.000469
0.000107
0.001489
0.000765
0.000239
4.1e-05
0.000173
-2.5e-05
0.000173
7.4e-05
0.000633
0.000304
0.00037
0.000469
0.000436
-5.8e-05
-0.000123
8e-06
-2.5e-05
-9e-05
-2.5e-05
0.000666
-0.00167
0.001818
-0.000419
0.000535
0.000107
7.4e-05
0.000798
-5.8e-05
7.4e-05
7.4e-05
0.000304
0.000173
0.000173
-2.5e-05
4.1e-05
-0.000222
0.000239
-0.000156
0.000206
-0.000452
0.000107
0.00014
0.000239
0.000173
0.000271
4.1e-05
8e-06
4.1e-05
-9e-05
-9e-05
-2.5e-05
7.4e-05
-2.5e-05
0.00014
7.4e-05
0.000173
0.000107
0.000239
4.1e-05
7.4e-05
4.1e-05
-2.5e-05
0.00014
8e-06
0.00014
0.000107
0.000206
4.1e-05
0.000337
-0.000551
4.1e-05
-5.8e-05
0.000206
4.1e-05
0.000403
0.000173
0.00014
0.000206
0.000239
4.1e-05
-2.5e-05
-5.8e-05
8e-06
-0.000321
-9e-05
0.000173
-2.5e-05
0.000239
0.00014
0.00014
-9e-05
8e-06
-9e-05
0.000107
4.1e-05
0.000173
0.000271
4.1e-05
0.000173
0.000173
0.00014
-2.5e-05
0.00014
-0.000255
0.000337
0.001686
4.1e-05
0.001127
0.000337
0.002311
0.001258
0.000962
0.002344
4.1e-05
-0.001012
0.003496
-0.003249
0.001258
0.001686
0.001883
-0.000452
0.001094
-0.000288
-0.000123
0.000206
-0.000354
0.001587
-0.000123
0.003232
0.006456
0.00264
0.002114
0.003134
0.002048
0.00366
0.00241
0.000436
-0.000222
4.1e-05
-2.5e-05
0.00037
0.000173
0.000897
0.000666
-0.000419
0.001489
0.001193
7.4e-05
0.002048
0.004614
0.001061
0.001752
0.000995
0.001818
0.000535
0.000995
0.001554
0.000732
0.001522
-0.000748
0.001193
0.001489
0.00014
0.000239
0.001357
-2.5e-05
0.001851
0.000831
0.001587
0.000633
0.000107
0.000633
-5.8e-05
0.000666
0.000403
0.001982
0.000337
0.001818
0.001949
0.00139
-0.000814
0.002574
-9e-05
0.001456
0.002476
0.000568
0.002772
-0.000156
0.000403
-0.001045
0.002278
0.000732
0.000666
-0.000847
0.002245
7.4e-05
-0.000387
0.001225
0.001785
0.00037
0.002311
0.000535
0.002048
4.1e-05
0.000568
0.000535
0.001456
-5.8e-05
0.000699
0.001061
-0.000617
0.00116
-0.000551
-2.5e-05
-0.000946
0.001193
0.00037
-9e-05
0.000765
0.001028
0.000765
0.000206
4.1e-05
0.000699
7.4e-05
-0.000189
0.000239
-9e-05
7.4e-05
0.000107
0.00014
0.000107
0.000173
7.4e-05
4.1e-05
-5.8e-05
-0.000123
-9e-05
-0.000189
0.000107
0.000107
7.4e-05
0.000107
0.00014
0.000107
-2.5e-05
-2.5e-05
-2.5e-05
-9e-05
-9e-05
4.1e-05
4.1e-05
0.000107
0.000107
0.000107
0.000107
-2.5e-05
-2.5e-05
-5.8e-05
-9e-05
-9e-05
8e-06
0.00014
0.000107
0.000107
0.00014
7.4e-05
-2.5e-05
-2.5e-05
-5.8e-05
8e-06
8e-06
7.4e-05
0.000107
4.1e-05
0.000107
7.4e-05
0.00014
-2.5e-05
-5.8e-05
-2.5e-05
-2.5e-05
-9e-05
8e-06
8e-06
0.00014
0.000107
7.4e-05
0.000107
-2.5e-05
4.1e-05
-9e-05
-5.8e-05
0.000107
-2.5e-05
0.000107
0.000107
0.000107
0.00014
4.1e-05
4.1e-05
-5.8e-05
-2.5e-05
-5.8e-05
-0.000255
7.4e-05
4.1e-05
0.00014
0.000107
0.000107
0.00014
8e-06
-2.5e-05
-5.8e-05
-9e-05
-9e-05
-2.5e-05
8e-06
0.000107
0.000107
0.000206
0.000107
-2.5e-05
8e-06
-0.000123
-5.8e-05
-9e-05
-2.5e-05
4.1e-05
7.4e-05
0.000107
0.000107
0.000107
8e-06
-2.5e-05
-9e-05
-9e-05
-9e-05
-5.8e-05
4.1e-05
0.00014
0.00014
0.00014
0.00014
8e-06
-2.5e-05
-9e-05
-5.8e-05
-5.8e-05
-0.000123
7.4e-05
7.4e-05
7.4e-05
0.00014
0.00014
8e-06
8e-06
-2.5e-05
-5.8e-05
-5.8e-05
-2.5e-05
8e-06
0.000107
4.1e-05
0.000107
0.000173
4.1e-05
-2.5e-05
-5.8e-05
-2.5e-05
-9e-05
-5.8e-05
4.1e-05
0.000107
0.000107
0.00014
0.00014
0.00014
-5.8e-05
-9e-05
8e-06
-9e-05
-5.8e-05
8e-06
4.1e-05
0.000107
7.4e-05
0.00014
7.4e-05
-2.5e-05
-2.5e-05
-0.000123
-5.8e-05
-2.5e-05
4.1e-05
7.4e-05
0.000107
0.00014
0.000107
8e-06
8e-06
-9e-05
-9e-05
-0.000123
-9e-05
4.1e-05
4.1e-05
7.4e-05
0.000107
0.000107
0.00014
-2.5e-05
-2.5e-05
8e-06
-0.000123
-2.5e-05
7.4e-05
0.000107
0.000107
7.4e-05
0.00014
0.00014
-2.5e-05
-9e-05
-9e-05
-9e-05
-9e-05
-2.5e-05
0.000107
7.4e-05
0.00014
0.000107
4.1e-05
-2.5e-05
-2.5e-05
-5.8e-05
-9e-05
-2.5e-05
4.1e-05
7.4e-05
0.000107
7.4e-05
0.00014
4.1e-05
8e-06
-2.5e-05
-9e-05
-9e-05
-5.8e-05
8e-06
0.000107
7.4e-05
0.000107
0.00014
4.1e-05
4.1e-05
-9e-05
-9e-05
-9e-05
-0.000156
8e-06
7.4e-05
7.4e-05
0.000107
0.000107
7.4e-05
-2.5e-05
-5.8e-05
-5.8e-05
-9e-05
7.4e-05
-5.8e-05
0.000107
7.4e-05
0.000107
0.00014
7.4e-05
4.1e-05
-5.8e-05
-5.8e-05
-9e-05
-0.000156
-2.5e-05
0.000107
7.4e-05
0.00014
7.4e-05
7.4e-05
4.1e-05
-5.8e-05
-2.5e-05
-5.8e-05
-5.8e-05
8e-06
7.4e-05
0.00014
0.000107
0.00014
0.000107
8e-06
-2.5e-05
-9e-05
-0.000123
-9e-05
-5.8e-05
0.000107
7.4e-05
0.000107
0.00014
7.4e-05
4.1e-05
-5.8e-05
-2.5e-05
-5.8e-05
-0.000123
8e-06
4.1e-05
4.1e-05
0.00014
0.00014
0.000107
4.1e-05
-2.5e-05
-2.5e-05
-9e-05
-9e-05
-9e-05
4.1e-05
7.4e-05
0.000107
0.00014
0.000107
4.1e-05
-2.5e-05
-2.5e-05
-2.5e-05
-0.000123
-0.000123
4.1e-05
4.1e-05
0.000107
0.000107
0.000107
7.4e-05
-5.8e-05
-5.8e-05
-0.000123
-5.8e-05
-2.5e-05
4.1e-05
0.000107
0.000107
7.4e-05
0.00014
7.4e-05
8e-06
-5.8e-05
-5.8e-05
-9e-05
-2.5e-05
4.1e-05
4.1e-05
0.00014
0.00014
7.4e-05
0.000107
-2.5e-05
8e-06
-0.000156
-9e-05
-5.8e-05
4.1e-05
0.000107
0.000107
7.4e-05
0.00014
7.4e-05
-2.5e-05
8e-06
-9e-05
-5.8e-05
-9e-05
4.1e-05
4.1e-05
4.1e-05
0.000107
0.000107
4.1e-05
8e-06
-5.8e-05
-9e-05
-0.000123
-5.8e-05
8e-06
4.1e-05
7.4e-05
4.1e-05
0.00014
7.4e-05
-2.5e-05
-2.5e-05
-2.5e-05
-5.8e-05
-0.000123
4.1e-05
0.000107
0.000107
0.000107
0.00014
7.4e-05
8e-06
-2.5e-05
-5.8e-05
-2.5e-05
-5.8e-05
4.1e-05
7.4e-05
0.00014
0.00014
7.4e-05
0.000107
-2.5e-05
-9e-05
-5.8e-05
-9e-05
-9e-05
-2.5e-05
7.4e-05
0.000107
4.1e-05
0.000173
4.1e-05
4.1e-05
-2.5e-05
-5.8e-05
-9e-05
-0.000123
4.1e-05
7.4e-05
0.000107
0.000107
0.000107
4.1e-05
4.1e-05
-9e-05
-5.8e-05
-9e-05
-9e-05
8e-06
8e-06
0.00014
7.4e-05
0.00014
4.1e-05
8e-06
8e-06
-2.5e-05
-9e-05
-9e-05
-2.5e-05
4.1e-05
7.4e-05
0.000107
0.00014
0.000107
0.000107
-5.8e-05
-2.5e-05
-2.5e-05
-9e-05
-2.5e-05
4.1e-05
0.000107
0.000107
0.000107
0.000107
4.1e-05
-5.8e-05
-5.8e-05
-9e-05
-9e-05
-2.5e-05
4.1e-05
7.4e-05
0.00014
0.00014
0.00014
4.1e-05
-2.5e-05
-5.8e-05
-5.8e-05
-5.8e-05
-5.8e-05
0.000107
0.000107
0.000107
0.00014
0.000107
7.4e-05
-2.5e-05
-2.5e-05
-9e-05
-9e-05
-2.5e-05
4.1e-05
0.000107
7.4e-05
0.00014
0.000107
8e-06
-2.5e-05
-5.8e-05
-9e-05
-9e-05
8e-06
7.4e-05
7.4e-05
7.4e-05
0.000107
7.4e-05
7.4e-05
-2.5e-05
8e-06
-5.8e-05
-0.000123
-2.5e-05
8e-06
0.000107
7.4e-05
4.1e-05
0.00014
7.4e-05
8e-06
-5.8e-05
-5.8e-05
-5.8e-05
-2.5e-05
4.1e-05
0.000107
4.1e-05
7.4e-05
0.000107
0.000107
-2.5e-05
-5.8e-05
-5.8e-05
-9e-05
-5.8e-05
4.1e-05
4.1e-05
4.1e-05
0.000107
0.000107
0.000107
-2.5e-05
-2.5e-05
-5.8e-05
-9e-05
-5.8e-05
7.4e-05
0.000107
0.000107
7.4e-05
0.000107
-2.5e-05
8e-06
-5.8e-05
-2.5e-05
-2.5e-05
-2.5e-05
7.4e-05
7.4e-05
0.000107
0.00014
7.4e-05
7.4e-05
8e-06
-2.5e-05
-5.8e-05
-9e-05
-9e-05
8e-06
4.1e-05
0.00014
0.000107
0.000107
0.00014
8e-06
-2.5e-05
-5.8e-05
8e-06
-5.8e-05
8e-06
4.1e-05
0.000107
0.000107
0.000107
7.4e-05
-2.5e-05
-5.8e-05
-9e-05
-2.5e-05
-2.5e-05
4.1e-05
7.4e-05
7.4e-05
7.4e-05
0.00014
0.000107
-5.8e-05
8e-06
-5.8e-05
-5.8e-05
-0.000123
4.1e-05
0.000107
0.000107
0.000107
0.000107
0.000107
-2.5e-05
-2.5e-05
-5.8e-05
-5.8e-05
-2.5e-05
8e-06
4.1e-05
7.4e-05
0.000107
7.4e-05
7.4e-05
8e-06
8e-06
-2.5e-05
-9e-05
-0.000123
4.1e-05
4.1e-05
0.000107
0.000107
0.00014
7.4e-05
8e-06
4.1e-05
-5.8e-05
-2.5e-05
-9e-05
8e-06
7.4e-05
4.1e-05
0.000107
0.000107
0.00014
8e-06
-9e-05
-5.8e-05
-9e-05
-9e-05
-2.5e-05
4.1e-05
0.00014
0.00014
0.00014
0.000107
-2.5e-05
-2.5e-05
-9e-05
-2.5e-05
-9e-05
-5.8e-05
4.1e-05
4.1e-05
4.1e-05
0.00014
0.000107
4.1e-05
-2.5e-05
-5.8e-05
-5.8e-05
-9e-05
8e-06
4.1e-05
0.000107
0.000107
4.1e-05
0.00014
8e-06
-5.8e-05
-2.5e-05
-9e-05
-9e-05
8e-06
8e-06
0.000107
7.4e-05
0.00014
0.000107
7.4e-05
-2.5e-05
-0.000123
-5.8e-05
-2.5e-05
-9e-05
4.1e-05
4.1e-05
7.4e-05
0.000173
0.000107
7.4e-05
-2.5e-05
-2.5e-05
-0.000123
-2.5e-05
-5.8e-05
4.1e-05
7.4e-05
4.1e-05
0.000107
0.000173
7.4e-05
-2.5e-05
-2.5e-05
-5.8e-05
-9e-05
8e-06
7.4e-05
7.4e-05
0.000173
0.00014
0.000206
7.4e-05
