Ladekurvenmessung

Zeit: 2018_05_02 15.13.26

Info: FVA3, v = 0.1510, T = 40, F = 20, h = 123.8

Ladewiderstand[Ohm]: 1012700

Störkapazität[nF]: 0.000000

Entladezeit[ms]: 100

Abtastrate[Hz]: 250000

Anzahl der Messwerte: 2500

Verzögerung [ms]: 1


Kurve 1

0.003134
0.001489
7.4e-05
-0.000288
0.000173
-0.001834
-0.00213
-0.001176
-0.002821
0.0006
-0.003216
-0.003709
-0.002953
-0.001406
-0.001341
0.00162
0.000271
0.003167
0.003298
0.000107
-0.00065
0.000239
0.000436
-0.000913
-0.000551
-0.002821
0.000798
-0.002262
-0.002097
-2.5e-05
-0.000518
-0.003512
0.001752
-0.00236
0.004121
-0.001406
-0.000683
-0.000189
-0.003183
-0.000748
0.001587
-0.00167
-0.005124
-0.000452
-0.004367
0.00014
-0.002295
0.000568
-0.000222
0.00139
-9e-05
-0.005157
-0.001077
-0.001308
-0.001077
0.001818
-0.004598
-0.000814
0.001357
-0.000551
0.000568
-0.003512
-0.002328
-0.003907
-0.000156
0.001028
0.002838
0.000897
0.002805
0.003956
0.003956
0.005897
0.001883
0.002377
-0.000387
0.00037
0.000173
0.002739
-0.000683
0.002805
0.003265
0.003265
0.000666
0.004811
0.004285
0.005009
-0.000222
-0.002196
0.000403
-0.001637
0.002443
0.000666
-0.000419
-0.004071
0.003134
-0.000321
0.004943
-0.000617
0.002443
0.000239
0.00139
0.002936
0.002377
0.001982
0.000929
0.00241
0.000831
0.00139
0.001028
0.005173
-0.00394
-0.000551
-0.003282
-0.004038
-9e-05
0.001127
8e-06
0.000864
0.001851
0.001489
0.004647
0.001225
0.0006
0.001028
0.0006
0.001061
0.002509
0.001982
0.002903
0.00264
0.000239
-0.000518
-0.002722
-0.002689
0.000239
-0.001045
0.001193
0.001127
0.000732
-0.000354
-0.000485
0.001785
0.000765
-0.000189
0.001489
0.003627
0.000502
0.003002
0.00014
0.001324
7.4e-05
0.00389
0.002015
0.000403
0.002509
-0.000584
0.003265
0.000107
0.001258
0.001193
0.002147
-0.001077
0.001587
-0.002689
-0.001242
-0.000485
-0.002328
0.004483
0.000798
0.002212
0.001916
0.003923
-0.002459
0.003101
0.001258
0.001456
0.002147
0.001587
0.002278
0.002114
0.001028
0.000633
0.002048
-0.000551
0.002805
-0.000979
0.002377
0.000666
0.003265
0.001719
0.002048
0.002772
-0.000156
-0.000419
-0.001077
0.000436
-0.001439
-0.004894
-0.002591
-0.002558
-0.002262
-0.00111
-0.00111
-9e-05
0.001752
-0.000847
-0.001406
-0.001275
-9e-05
0.00241
0.000765
0.002509
-0.002163
-0.00111
-0.001735
-0.002624
0.00014
-0.004203
0.001423
0.000304
-0.001604
0.001127
0.006391
0.002048
0.00343
0.001982
0.003923
0.0006
0.000897
-0.003446
0.002377
0.000864
-0.000387
-0.001012
-0.001966
0.002706
0.002443
-9e-05
0.000962
0.002377
0.000666
0.002081
0.000765
0.00037
0.000469
-0.001077
0.001982
-0.000419
0.001357
-0.001472
0.001456
0.005108
0.011622
0.019813
0.024946
0.033236
0.041856
0.046363
0.052054
0.056397
0.061496
0.069359
0.07288
0.076301
0.081993
0.086565
0.090908
0.09581
0.098245
0.105153
0.104199
0.110319
0.113674
0.1218
0.122557
0.125781
0.123676
0.128939
0.128742
0.131473
0.132887
0.124432
0.106568
0.076301
0.062747
0.054588
0.050706
0.051791
0.050837
0.042119
0.038796
0.035704
0.038434
0.038599
0.044751
0.051857
0.051857
0.05768
0.060904
0.065115
0.068142
0.073241
0.075742
0.080249
0.083243
0.086796
0.090546
0.095448
0.098639
0.099659
0.100548
0.106601
0.110154
0.115319
0.118839
0.121438
0.128643
0.128084
0.130617
0.132525
0.137033
0.138316
0.140619
0.143481
0.148185
0.14529
0.14937
0.152002
0.154798
0.153285
0.156871
0.161049
0.158845
0.163549
0.162891
0.165128
0.166543
0.166905
0.16901
0.17003
0.170261
0.170261
0.172234
0.173847
0.178222
0.175689
0.177169
0.177761
0.179275
0.178979
0.181841
0.179176
0.180986
0.18115
0.183453
0.180788
0.183289
0.184078
0.184275
0.185295
0.186414
0.189868
0.181018
0.182663
0.18569
0.186381
0.18592
0.187302
0.189474
0.190066
0.189539
0.19046
0.184802
0.188783
0.192171
0.188223
0.189506
0.191546
0.188552
0.191184
0.193586
0.192434
0.193882
0.191908
0.194441
0.19329
0.196119
0.190987
0.197896
0.192566
0.19602
0.196152
0.193421
0.19658
0.193224
0.194112
0.194639
0.195099
0.195626
0.199409
0.194277
0.199541
0.199573
0.196942
0.197007
0.195856
0.19602
0.194803
0.196909
0.196284
0.195231
0.19579
0.202633
0.19885
0.197961
0.195593
0.200495
0.199212
0.200692
0.19829
0.198225
0.198521
0.199245
0.198356
0.19987
0.196777
0.193421
0.198356
0.198587
0.200001
0.197468
0.199738
0.197435
0.201284
0.198356
0.199837
0.200067
0.197698
0.198587
0.200659
0.197007
0.196251
0.199475
0.199212
0.199935
0.195428
0.200922
0.19885
0.201844
0.197435
0.201646
0.198817
0.19829
0.198587
0.198093
0.197336
0.196251
0.198554
0.192698
0.194902
0.197106
0.200166
0.193092
0.19431
0.198258
0.198488
0.197665
0.198883
0.199146
0.195856
0.197632
0.19885
0.174603
0.162463
0.166839
0.167201
0.166642
0.163286
0.168517
0.168616
0.174603
0.172333
0.175689
0.174932
0.17638
0.174669
0.178288
0.177202
0.182762
0.181479
0.181841
0.180854
0.180788
0.18092
0.176347
0.097554
0.101896
0.105186
0.110022
0.115813
0.116701
0.121241
0.123676
0.126077
0.127689
0.129564
0.129532
0.132756
0.13371
0.13519
0.137394
0.139105
0.142362
0.142691
0.146968
0.150653
0.148481
0.146836
0.14937
0.150982
0.153219
0.15562
0.153745
0.15789
0.156443
0.159667
0.15766
0.163681
0.157923
0.163747
0.15947
0.162003
0.162365
0.161904
0.163681
0.163319
0.165786
0.166082
0.157726
0.163615
0.163845
0.163582
0.163779
0.163023
0.163286
0.165391
0.166543
0.164569
0.165622
0.164174
0.164141
0.164898
0.166477
0.164141
0.16503
0.15664
0.148745
0.146968
0.005272
0.014221
0.019583
0.024189
0.031328
0.038599
0.041362
0.050081
0.058042
0.054028
0.061233
0.064523
0.068208
0.073866
0.080446
0.077847
0.08423
0.089066
0.092257
0.093408
0.101831
0.100811
0.104627
0.105581
0.107785
0.114003
0.11453
0.11624
0.115056
0.117754
0.122656
0.125649
0.127492
0.130453
0.131506
0.13496
0.137756
0.137592
0.139467
0.141309
0.140421
0.14427
0.144698
0.149106
0.150093
0.151179
0.152034
0.152758
0.154403
0.15437
0.155588
0.150521
0.010404
0.016787
0.027117
0.028038
0.037316
0.042086
0.048995
0.049916
0.056759
0.064753
0.067418
0.071761
0.072024
0.078045
0.078801
0.079065
0.077847
0.076038
0.074261
0.076992
0.001225
0.00945
0.011622
0.016951
0.025308
0.026064
0.034059
0.03975
0.047481
0.05041
0.055673
0.04781
0.053535
0.056627
0.059523
0.063569
0.06574
0.068701
0.072287
0.074623
0.076301
0.082058
0.088276
0.090448
0.088901
0.004318
0.002903
0.000864
0.002344
0.010898
0.016162
0.023465
0.0284
0.036559
0.043994
0.050837
0.055048
0.05972
0.06301
0.061793
0.068603
0.071202
0.069524
0.073274
0.079262
0.08038
0.088539
0.085447
0.094297
0.096994
0.098146
0.101041
0.107259
0.107456
0.104397
0.104463
0.095152
0.094001
0.08877
0.093935
0.088836
0.096435
0.092027
0.098014
0.097883
0.072485
0.063668
0.060049
0.063799
0.066727
0.070511
0.077058
0.063931
0.004943
0.011457
0.01909
0.029584
0.034355
0.043106
0.043994
0.042678
0.001357
0.005009
-0.000255
0.008858
0.013793
0.02136
0.026558
0.035506
0.015208
0.020011
0.026985
0.033039
0.039915
0.046166
0.050179
0.056463
0.035901
0.038105
0.044027
0.024946
0.002739
0.011161
0.017017
0.023235
0.026821
0.036888
0.039882
0.047547
0.050015
0.055608
0.062089
0.057746
0.064655
0.005535
0.001127
0.002147
-0.000288
0.00218
0.011622
0.00718
0.008595
0.000107
0.001554
0.005798
0.008759
0.012148
0.018465
0.025373
0.032381
0.035473
0.042316
0.04656
0.052778
0.057022
0.062615
0.069524
0.074557
0.080545
0.039586
0.040704
0.043007
0.050541
0.050903
0.058634
0.063372
0.067122
0.061825
0.066497
0.071893
0.003232
0.005798
0.007937
0.009615
0.014451
0.005502
0.005206
0.015833
0.021458
0.029913
0.031953
0.035309
0.035967
0.034848
0.039915
0.041165
0.039849
0.041066
0.042283
0.040112
0.044718
0.045935
0.050541
0.051298
0.016655
0.012247
0.017905
0.01705
0.02057
0.018366
0.02011
0.023761
0.029486
0.038566
0.041165
0.048468
0.045935
0.046396
0.048403
0.055311
0.061858
0.063898
0.067747
0.074623
0.07788
0.082223
0.087454
0.09002
0.096172
0.099791
0.102258
0.106338
0.110779
0.113905
0.119333
0.116635
0.121537
0.126472
0.127854
0.127755
0.131242
0.130913
0.132229
0.135651
0.141178
0.143843
0.146014
0.150061
0.1496
0.151969
0.151442
0.156377
0.155259
0.156871
0.157397
0.161016
0.162036
0.1622
0.162299
0.158812
0.164898
0.166082
0.164964
0.167267
0.17059
0.168122
0.175689
0.170918
0.173879
0.173221
0.173583
0.175195
0.176182
0.177235
0.177729
0.176873
0.177432
0.180689
0.180459
0.182302
0.180887
0.183058
0.182433
0.185789
0.183552
0.182367
0.185065
0.184966
0.187138
0.187171
0.185822
0.18569
0.190691
0.188848
0.186907
0.18671
0.18898
0.185065
0.189803
0.189934
0.189671
0.18592
0.19148
0.189177
0.190362
0.188289
0.189177
0.189901
0.188684
0.189506
0.189243
0.190329
0.187829
0.188125
0.190428
0.193652
0.188552
0.189079
0.19204
0.190888
0.19125
0.192467
0.189868
0.190263
0.192731
0.191678
0.194639
0.191382
0.191579
0.191349
0.19306
0.192105
0.192533
0.192138
0.193257
0.194046
0.177268
0.040803
0.046264
0.05212
0.057713
0.062089
0.066793
0.067649
0.076893
0.080315
0.085875
0.091073
0.09479
0.098639
0.101436
0.1067
0.110319
0.113937
0.115122
0.121109
0.125321
0.123314
0.128775
0.131966
0.130058
0.134861
0.140125
0.137625
0.142494
0.142
0.146968
0.147429
0.15187
0.153318
0.153318
0.154502
0.157134
0.156838
0.162365
0.162529
0.161213
0.165786
0.16322
0.167629
0.168056
0.168945
0.167333
0.168912
0.171642
0.174208
0.176051
0.17411
0.175524
0.177202
0.178551
0.176182
0.179571
0.17355
0.176084
0.177334
0.180591
0.176742
0.1799
0.179143
0.183223
0.181479
0.183091
0.182696
0.182927
0.183617
0.184111
0.185131
0.182663
0.185493
0.17434
0.176446
0.181315
0.18013
0.178814
0.178781
0.17911
0.181117
0.180163
0.184572
0.180854
0.180591
0.184111
0.182828
0.177696
0.133183
0.142921
0.144599
0.145915
0.144665
0.147527
0.146705
0.15562
0.150554
0.155357
0.15789
0.157989
0.151705
0.149139
0.040869
0.04712
0.053502
0.055871
0.063405
0.071662
0.070774
0.074228
0.078538
0.081367
0.086927
0.090053
0.095448
0.098672
0.102061
0.108674
0.110253
0.026788
0.025406
0.031394
0.03771
0.042251
0.044488
0.052351
0.058536
0.067023
0.06982
0.073537
0.082025
0.081927
0.090119
0.092783
0.097488
0.099692
0.103245
0.107884
0.114464
0.115418
0.090349
0.000206
-5.8e-05
-0.000189
4.1e-05
-9e-05
0.00139
-0.000189
0.004746
0.008595
0.007378
0.016195
0.020471
0.023761
0.030407
0.040902
0.039257
0.050048
0.053699
0.05722
0.064359
0.067254
0.071794
0.079262
0.083506
0.087289
0.092093
0.094231
0.099001
0.101633
0.106338
0.108476
0.111766
0.116339
0.116076
0.118774
0.122919
0.124728
0.12509
0.128578
0.132032
0.133808
0.136769
0.13542
0.137131
0.147429
0.142987
0.143514
0.147264
0.131703
0.13292
0.137098
0.13802
0.13973
0.142494
0.144106
0.145586
0.14483
0.147889
0.151936
0.149797
0.149797
0.151376
0.156147
0.151113
0.153318
0.154732
0.155489
0.156509
0.154798
0.156936
0.15562
0.159338
0.159206
0.161805
0.161773
0.161279
0.164898
0.16276
0.165852
0.163253
0.168616
0.163187
0.167201
0.166444
0.167596
0.165753
0.168089
0.169438
0.168813
0.167694
0.170918
0.172267
0.166707
0.167234
0.168813
0.168977
0.16855
0.170129
0.173287
0.170392
0.170853
0.177465
0.173221
0.173912
0.172892
0.134861
0.126604
0.11351
0.111832
0.109233
0.094395
0.097751
0.100778
0.09581
0.104528
0.10818
0.114266
0.114595
0.120945
0.119563
0.123741
0.12588
0.125584
0.129992
0.127887
0.129663
0.132723
0.132328
0.135815
0.135749
0.132229
0.136638
0.137197
0.140158
0.141606
0.142395
0.141112
0.144073
0.145652
0.144665
0.144928
0.142724
0.142362
0.138546
0.138875
0.134368
0.135585
0.130453
0.129203
0.128545
0.126933
0.123018
0.123248
0.116372
0.114793
0.114924
0.112885
0.110845
0.115813
0.114398
0.111207
0.113674
0.111141
0.114892
0.110812
0.110582
0.110384
0.110121
0.113148
0.117326
0.116043
0.115911
0.117162
0.119004
0.120945
0.116043
0.122787
0.123478
0.126998
0.12486
0.125781
0.120748
0.122886
0.116931
0.121866
0.109726
0.084822
0.087585
0.091467
0.096468
0.096665
0.103212
0.100942
0.107193
0.110549
0.112589
0.114497
0.117194
0.119695
0.123347
0.124959
0.129038
0.129367
0.132394
0.133973
0.133874
0.138546
0.137394
0.135026
0.14075
0.143448
0.144336
0.145224
0.14812
0.148777
0.148613
0.15187
0.151311
0.154272
0.15766
0.159832
0.158022
0.154601
0.125814
0.12861
0.132492
0.131835
0.139664
0.139993
0.141178
0.13871
0.141902
0.090777
0.081367
0.08923
0.092816
0.097587
0.098804
0.10239
0.104232
0.110286
0.109529
0.118609
0.118609
0.122952
0.123018
0.126439
0.124564
0.127064
0.127591
0.128084
0.13088
0.125551
0.128742
0.122919
0.100515
0.066727
0.011161
0.005766
7.4e-05
0.000107
0.000666
0.00014
0.009187
0.014977
0.023268
0.030506
0.036526
0.040079
0.048337
0.054851
0.055706
0.064918
0.06982
0.074327
0.078867
0.08696
0.089888
0.096501
0.094099
0.098113
0.104792
0.10772
0.108246
0.10841
0.112556
0.116504
0.120057
0.121142
0.124169
0.130222
0.131769
0.130486
0.135749
0.135124
0.138974
0.137723
0.141704
0.146244
0.142231
0.144501
0.146804
0.148317
0.147856
0.151541
0.149041
0.15391
0.15335
0.156575
0.158516
0.158581
0.155588
0.154962
0.158614
0.155259
0.156838
0.157002
0.160851
0.159437
0.160457
0.158713
0.160161
0.156542
0.160193
0.161147
0.15868
0.159338
0.158845
0.161378
0.162957
0.159272
0.155949
0.156278
0.157002
0.155884
0.15414
0.153614
0.158647
0.159272
0.158285
0.161213
0.158943
0.164668
0.16447
0.168583
0.168912
0.169471
0.168089
0.168089
0.169866
0.000173
0.002772
0.008332
0.021195
0.024584
0.037151
0.038829
0.046001
0.051956
0.053831
0.05768
0.072353
0.071761
0.076794
0.083802
0.069326
0.062878
0.060773
0.071169
0.070116
0.076202
0.081203
0.086533
0.090809
0.092915
0.096698
0.093014
0.082914
0.076005
0.068965
0.062812
0.058832
0.051528
0.050344
0.050936
0.053535
0.057713
0.057483
0.060773
0.068668
0.072353
0.07742
0.077979
0.085447
0.089987
0.092981
0.094231
0.097784
0.103081
0.10137
0.094856
0.076137
0.072781
0.06801
0.057022
0.047087
0.033072
0.015734
0.012477
0.0158
0.011852
0.011951
0.009648
0.010141
0.005042
0.004581
0.005437
0.008167
0.005469
0.009878
0.009483
0.010865
0.008825
0.014648
0.006621
0.009417
0.011687
0.01024
0.014451
0.013793
0.017116
0.018465
0.019846
0.017675
0.016096
0.019781
0.027216
0.030999
0.038895
0.043007
0.047021
0.054719
0.058733
0.061496
0.064852
0.069623
0.072748
0.077847
0.0814
0.083736
0.089033
0.092125
0.095185
0.099561
0.099857
0.102686
0.103048
0.104627
0.102094
0.103969
0.106798
0.106502
0.108739
0.021656
0.000864
0.010766
0.014221
0.002541
0.007904
0.010832
0.01149
0.014977
0.000962
0.00343
0.017313
0.013925
0.005437
0.001094
0.001094
0.000732
0.00264
0.005239
0.012378
0.019978
0.028433
0.034914
0.036033
0.044784
0.049126
0.051298
0.056956
0.05893
0.060773
0.039553
0.023202
0.02636
0.03419
0.038467
0.045047
0.045771
0.048008
0.052351
0.054226
0.051166
0.054193
0.052811
0.056496
0.053864
0.056562
0.056627
0.059457
0.063043
-0.000354
0.005437
0.010371
0.000173
0.003825
0.013365
0.015504
0.02136
0.024913
0.027775
0.001818
0.007147
0.000864
0.002969
0.00037
-0.000387
0.000206
4.1e-05
0.000107
4.1e-05
-9e-05
-5.8e-05
4.1e-05
8e-06
0.000107
0.00014
0.000173
0.000107
0.000173
-0.000123
-2.5e-05
-0.000123
0.003594
0.007476
0.011325
0.017872
0.017247
0.021524
0.017675
0.021096
0.024057
0.028959
0.01932
0.017774
0.021425
0.021656
0.024518
0.021886
0.019123
0.019057
0.020241
0.021722
0.019057
0.020768
0.022972
0.02409
0.0208
0.020998
0.022643
0.022051
0.019484
0.01909
0.014648
0.016556
0.013859
0.011753
0.012115
0.009483
0.009648
0.012839
0.006884
0.006654
0.008661
0.012477
0.009121
0.003397
0.011095
0.013332
0.012016
0.013135
0.007114
0.010437
0.009812
0.007772
0.008397
0.005798
0.008529
0.006095
-0.000419
0.000436
0.000732
0.00139
0.000666
0.00037
0.002838
0.00366
0.003693
0.000337
0.000107
0.004384
0.001258
0.004252
0.003331
0.003298
0.002278
-5.8e-05
0.004548
0.005733
0.005108
0.005996
0.004154
0.002114
0.003561
0.001686
0.003232
0.001949
0.000403
-0.000781
0.002212
-0.000156
-9e-05
0.000206
0.004713
0.005469
0.003693
0.004943
0.004746
0.003199
0.006292
0.003857
0.000732
0.000535
0.000633
-0.000485
0.001949
0.000304
0.000107
0.000403
-2.5e-05
0.001193
0.000568
0.000107
-0.000288
0.001127
0.001818
0.001686
0.001225
0.000666
0.001949
0.002838
0.002607
0.000271
0.003397
0.000765
0.000962
-0.000255
0.000239
0.000239
0.000798
0.000962
0.002048
0.00241
0.00218
0.002081
0.001127
0.000633
0.00162
0.002673
0.000502
0.001028
0.000502
0.00264
-0.002393
0.000897
0.003331
-0.002821
0.002245
0.001752
0.003002
0.003561
0.005305
0.003068
0.005634
0.003397
0.00695
0.001653
0.003857
0.004121
0.006226
0.002969
0.000929
0.00116
0.005766
0.003496
0.003825
0.003627
0.005371
0.006884
0.005502
0.008101
0.00264
0.003068
0.00445
0.006818
0.01172
0.00264
0.003331
0.000304
0.000436
0.00264
0.002245
0.003989
0.005634
0.006424
0.006687
0.003397
0.00899
0.00366
0.003792
0.002509
0.00366
0.003726
0.002443
0.007049
0.014221
0.015471
0.020669
0.003331
0.005206
0.014023
0.016129
0.013135
0.013168
0.016096
0.021524
0.023531
0.024946
0.027314
0.029881
0.027841
0.028795
0.029979
0.033039
0.02919
0.026426
0.02363
0.032249
0.032874
0.00014
-9e-05
7.4e-05
-0.000255
-9e-05
0.0006
-0.001867
-9e-05
8e-06
7.4e-05
0.000107
7.4e-05
4.1e-05
4.1e-05
-2.5e-05
-9e-05
-5.8e-05
0.000765
-2.5e-05
0.000699
0.000271
0.002344
0.006917
0.000271
0.003496
0.001258
0.001752
0.000962
-0.00167
-0.001077
0.007608
0.000239
0.006917
0.015866
0.023301
0.030308
0.037414
0.038303
0.044553
0.01047
0.017445
0.025011
0.029617
0.036098
0.04054
0.046264
0.050541
0.057022
0.057779
0.062944
0.063174
0.073834
0.070116
0.076202
0.080084
0.082782
0.087322
0.080117
0.08979
0.088178
0.092125
0.09604
0.098014
0.097159
0.093441
0.08117
0.083736
0.087125
0.085677
0.080249
0.079328
0.082749
0.085447
0.089263
0.086763
0.089888
0.091171
0.091204
0.093145
0.098672
0.07288
0.021064
0.008595
0.012312
0.016359
0.020011
0.025735
0.032611
0.005733
0.00116
0.011457
0.016853
0.028005
0.030571
0.037283
0.041428
0.042316
0.039915
0.04883
0.052285
0.056891
0.061398
0.065247
0.068043
0.049028
0.019254
0.027972
0.030341
0.033203
0.030144
0.021491
0.025275
0.028861
0.034223
0.036395
0.036691
0.026525
0.033861
0.037283
0.04031
0.045211
0.049061
0.052647
0.052647
0.059292
0.061431
0.0663
0.063109
0.06676
0.066464
0.065082
0.053239
0.04712
0.042909
0.000337
7.4e-05
-2.5e-05
-9e-05
8e-06
7.4e-05
8e-06
0.001127
0.004417
0.012181
0.01297
0.012016
0.012609
0.015142
0.003068
0.006127
0.009779
7.4e-05
0.000107
0.002212
0.005634
0.002903
0.008792
0.011622
0.012641
0.013628
0.008628
0.001686
0.005173
0.005568
0.006818
0.002541
0.002574
0.003561
0.004943
0.005502
0.002936
0.0082
0.005404
0.003035
0.005963
0.009878
0.013234
0.012609
0.010339
0.013892
0.010964
0.013267
0.005305
0.002048
0.000798
0.006621
0.009746
0.004186
0.00593
0.002476
0.006292
0.000436
0.005502
0.006489
0.005766
-0.000354
4.1e-05
4.1e-05
0.000173
0.00014
0.000173
-2.5e-05
-5.8e-05
-2.5e-05
-9e-05
-9e-05
-5.8e-05
4.1e-05
0.00014
0.000107
0.000173
0.000107
4.1e-05
-5.8e-05
-0.000123
-5.8e-05
-0.000123
-9e-05
4.1e-05
4.1e-05
0.000107
0.000107
0.000107
7.4e-05
8e-06
-9e-05
-5.8e-05
-0.000123
-2.5e-05
4.1e-05
0.00014
7.4e-05
7.4e-05
0.000107
4.1e-05
-2.5e-05
-5.8e-05
-9e-05
-9e-05
-9e-05
4.1e-05
7.4e-05
0.000107
0.000107
0.00014
4.1e-05
-2.5e-05
-9e-05
-5.8e-05
-9e-05
-9e-05
7.4e-05
-2.5e-05
7.4e-05
7.4e-05
7.4e-05
4.1e-05
4.1e-05
-2.5e-05
-0.000123
-5.8e-05
-9e-05
4.1e-05
0.000107
7.4e-05
0.000107
0.00014
4.1e-05
4.1e-05
-0.000123
-2.5e-05
-9e-05
-2.5e-05
0.000173
-0.000716
7.4e-05
0.000173
0.00014
0.000798
-5.8e-05
0.008266
0.000502
0.004055
0.000107
0.000107
0.000107
-0.000419
0.003167
0.009055
0.000403
0.000962
4.1e-05
0.00014
-2.5e-05
0.000502
7.4e-05
0.001357
0.001357
4.1e-05
-0.000123
0.000206
7.4e-05
8e-06
0.000304
-0.000452
0.000206
0.000206
0.000666
-0.000123
0.000436
-0.000518
0.000864
-0.001045
0.000897
0.00241
0.000304
0.005667
0.000403
-0.000255
0.00014
0.000403
-0.000255
0.000633
0.00037
0.001291
-0.000683
0.000271
-0.003874
0.001949
8e-06
0.000864
-9e-05
0.00116
7.4e-05
-0.000748
0.00116
-0.000189
7.4e-05
-5.8e-05
-5.8e-05
-0.000387
0.00014
8e-06
-0.000617
0.000271
0.000864
0.000271
0.001094
0.000568
8e-06
8e-06
7.4e-05
0.000107
0.000173
7.4e-05
8e-06
4.1e-05
-2.5e-05
8e-06
-9e-05
-0.000123
-5.8e-05
0.000239
7.4e-05
0.000206
0.000173
7.4e-05
4.1e-05
-2.5e-05
-9e-05
-5.8e-05
-9e-05
-0.000189
0.000173
4.1e-05
0.000107
0.00014
7.4e-05
0.000271
0.000304
-2.5e-05
0.00037
0.000173
0.000929
7.4e-05
0.00014
0.000239
0.000107
0.000206
0.00014
0.000206
0.00037
-0.000123
-9e-05
8e-06
0.000107
0.000271
0.000107
0.000206
0.000633
0.000929
8e-06
-5.8e-05
0.000173
0.000173
0.00014
4.1e-05
0.000107
-2.5e-05
0.000107
-0.000222
8e-06
-2.5e-05
0.000502
-9e-05
0.000929
0.000765
0.000107
0.00014
0.000206
0.001949
0.000436
-0.000123
4.1e-05
0.000798
-0.000419
0.000403
-5.8e-05
0.000304
7.4e-05
0.000337
0.000502
0.000568
0.000535
0.000666
0.000864
-5.8e-05
0.000403
-0.000156
0.000206
0.000699
0.001225
-9e-05
0.000633
-0.000354
0.00037
0.000502
0.00014
0.00014
-0.000156
0.000469
0.000107
0.00116
-2.5e-05
0.00139
-0.000123
0.000239
-0.000781
0.000502
-5.8e-05
8e-06
8e-06
0.000107
7.4e-05
0.000107
0.00014
7.4e-05
8e-06
-2.5e-05
-5.8e-05
-9e-05
-5.8e-05
-2.5e-05
7.4e-05
4.1e-05
7.4e-05
7.4e-05
7.4e-05
-2.5e-05
-2.5e-05
-2.5e-05
-9e-05
-5.8e-05
8e-06
8e-06
0.000107
0.000107
0.000107
0.00014
4.1e-05
-5.8e-05
-9e-05
-9e-05
-9e-05
-2.5e-05
7.4e-05
4.1e-05
7.4e-05
0.00014
0.000107
8e-06
8e-06
-9e-05
-9e-05
-0.000156
8e-06
4.1e-05
7.4e-05
0.000107
0.000107
0.00014
8e-06
-5.8e-05
-2.5e-05
-0.000156
-5.8e-05
8e-06
7.4e-05
0.00014
7.4e-05
0.000107
4.1e-05
7.4e-05
-2.5e-05
-2.5e-05
-9e-05
-0.000123
-5.8e-05
7.4e-05
4.1e-05
0.000107
0.000107
0.000107
0.000107
-5.8e-05
-2.5e-05
-0.000123
-5.8e-05
-2.5e-05
4.1e-05
7.4e-05
0.000107
7.4e-05
0.000173
4.1e-05
-5.8e-05
-5.8e-05
-0.000123
-5.8e-05
-5.8e-05
7.4e-05
4.1e-05
7.4e-05
0.000107
0.00014
8e-06
-2.5e-05
-2.5e-05
-9e-05
-0.000123
-2.5e-05
8e-06
7.4e-05
0.000107
4.1e-05
0.00014
4.1e-05
-5.8e-05
-2.5e-05
-9e-05
-2.5e-05
-9e-05
-2.5e-05
0.00014
7.4e-05
0.00014
0.00014
4.1e-05
-2.5e-05
-2.5e-05
-0.000123
-9e-05
-0.000123
4.1e-05
7.4e-05
0.00014
0.000107
4.1e-05
0.000107
-5.8e-05
4.1e-05
-5.8e-05
-9e-05
8e-06
8e-06
7.4e-05
0.000107
0.00014
0.000107
0.000107
-5.8e-05
-5.8e-05
-9e-05
-9e-05
-0.000123
4.1e-05
4.1e-05
7.4e-05
0.000107
0.00014
7.4e-05
8e-06
-5.8e-05
-2.5e-05
-0.000123
-5.8e-05
4.1e-05
8e-06
0.00014
0.000107
0.00014
4.1e-05
4.1e-05
-2.5e-05
-5.8e-05
-2.5e-05
-9e-05
8e-06
7.4e-05
4.1e-05
0.00014
7.4e-05
7.4e-05
7.4e-05
-0.000123
-2.5e-05
-5.8e-05
-0.000189
4.1e-05
4.1e-05
0.000173
0.00014
7.4e-05
0.000107
8e-06
-2.5e-05
-5.8e-05
-5.8e-05
0.000337
-2.5e-05
4.1e-05
4.1e-05
0.00014
0.000206
0.000107
-2.5e-05
-5.8e-05
4.1e-05
4.1e-05
-0.000354
4.1e-05
0.000107

Kurve 2

0.00389
0.001916
-0.001571
0.001883
-0.002064
0.002015
-0.000518
0.000107
-0.000255
-2.5e-05
4.1e-05
-2.5e-05
-2.5e-05
-2.5e-05
-9e-05
-0.000255
8e-06
-0.000321
0.001291
-0.000781
0.000929
0.000732
0.00287
0.001883
0.000403
-0.000452
-0.000683
-0.000222
-0.001308
0.001258
-0.00065
0.000798
-0.002064
0.005108
-0.000847
0.002509
0.000831
0.001193
0.000962
-0.00167
-0.001703
0.000436
-0.000419
-0.000814
0.000173
-2.5e-05
-9e-05
-9e-05
-5.8e-05
-9e-05
0.000107
0.000107
0.00014
0.000107
0.00014
4.1e-05
-9e-05
-0.000189
-0.000452
-0.000716
0.000206
0.000535
-0.001209
0.001686
-0.000814
0.001225
7.4e-05
0.000173
0.00037
-5.8e-05
0.000337
0.000699
8e-06
0.000173
-0.000419
0.000403
-9e-05
7.4e-05
-2.5e-05
-0.000123
-2.5e-05
-0.000123
-5.8e-05
4.1e-05
7.4e-05
0.00014
7.4e-05
0.00014
0.000107
-5.8e-05
-9e-05
-9e-05
-9e-05
-9e-05
8e-06
4.1e-05
0.000107
0.000107
7.4e-05
8e-06
8e-06
-5.8e-05
-9e-05
-5.8e-05
-9e-05
8e-06
7.4e-05
7.4e-05
0.000107
0.000107
7.4e-05
-0.000123
8e-06
-0.000156
-5.8e-05
8e-06
-5.8e-05
0.000107
0.000107
0.000107
0.000173
7.4e-05
-2.5e-05
-2.5e-05
7.4e-05
-0.000156
-2.5e-05
8e-06
4.1e-05
0.000107
0.00014
0.000239
7.4e-05
8e-06
-5.8e-05
-2.5e-05
-0.000123
-0.000255
4.1e-05
0.000107
-0.000518
4.1e-05
-5.8e-05
-0.000123
-0.000123
-0.000222
0.000173
-0.000354
-2.5e-05
-2.5e-05
0.00014
0.000107
0.00014
0.000107
7.4e-05
8e-06
8e-06
-5.8e-05
-0.000123
-0.000123
8e-06
4.1e-05
7.4e-05
0.00014
7.4e-05
0.00014
-5.8e-05
-0.000123
8e-06
-9e-05
-0.000354
0.000239
0.00014
0.00014
0.000107
8e-06
0.000206
8e-06
7.4e-05
-9e-05
0.000107
-0.000255
-5.8e-05
4.1e-05
8e-06
7.4e-05
0.000173
0.00014
4.1e-05
-5.8e-05
-9e-05
-9e-05
-0.000123
8e-06
-2.5e-05
0.000107
7.4e-05
0.00014
-9e-05
4.1e-05
8e-06
-9e-05
-2.5e-05
-2.5e-05
-0.000189
0.000107
0.00014
0.000107
0.00014
0.00014
7.4e-05
-2.5e-05
-2.5e-05
-0.000123
-5.8e-05
-0.000222
0.000239
-0.000419
-0.00111
0.000436
0.000107
0.00366
-0.001012
0.000173
-0.000189
0.001028
0.001291
0.001028
8e-06
-0.00213
0.000535
0.002081
0.000436
0.001752
0.000864
0.002805
0.002114
0.000173
0.001883
-0.001077
-0.002558
-0.000551
8e-06
-0.002459
0.002969
0.001291
0.001785
0.005437
0.004417
0.004285
0.003232
0.008365
0.011325
0.019057
0.018267
0.023432
0.008496
0.014352
0.019386
0.026064
0.0284
0.031328
0.036164
0.038665
0.039915
0.04531
0.046889
0.046758
0.050245
0.051627
0.054719
0.053897
0.05666
0.057746
0.060937
0.058042
0.059917
0.061825
0.066037
0.06449
0.063602
0.062418
0.062385
0.065082
0.065576
0.067023
0.068997
0.069787
0.070017
0.071662
0.067879
0.076696
0.07459
0.073011
0.077025
0.078275
0.082157
0.082025
0.083868
0.084723
0.087355
0.08798
0.089066
0.089526
0.092125
0.087881
0.088408
0.086862
0.088112
0.089691
0.090908
0.092422
0.094165
0.096698
0.096139
0.097784
0.095646
0.098705
0.099824
0.103147
0.104331
0.109101
0.107226
0.112227
0.109496
0.114859
0.111996
0.117129
0.120221
0.119004
0.120978
0.123774
0.126505
0.127031
0.130716
0.130848
0.124103
0.130354
0.136605
0.130551
0.134039
0.136671
0.137394
0.141606
0.14154
0.143152
0.145356
0.146376
0.144994
0.150686
0.147856
0.151376
0.151804
0.152758
0.155259
0.158088
0.153679
0.155423
0.156575
0.155456
0.158483
0.159601
0.160062
0.16118
0.161411
0.161378
0.167004
0.161082
0.16628
0.167563
0.168319
0.16628
0.168714
0.164997
0.168583
0.168813
0.169372
0.171774
0.173386
0.174504
0.172399
0.176972
0.175031
0.176446
0.175491
0.177761
0.180755
0.177103
0.145915
0.145685
0.149172
0.150324
0.152133
0.152462
0.153054
0.154074
0.158779
0.160325
0.161115
0.16424
0.166181
0.166181
0.167365
0.168846
0.167629
0.171116
0.175261
0.171576
0.173616
0.172037
0.176018
0.17559
0.176051
0.179341
0.177827
0.175886
0.167102
0.168616
0.170721
0.170129
0.167333
0.17184
0.170129
0.167201
0.168287
0.171609
0.164437
0.169537
0.171346
0.170195
0.175162
0.173616
0.177169
0.17786
0.178354
0.178255
0.181479
0.177367
0.182203
0.183387
0.181775
0.181644
0.179275
0.183025
0.180953
0.183223
0.183058
0.187203
0.184835
0.186743
0.187006
0.188881
0.186381
0.189177
0.189835
0.18977
0.187467
0.19
0.191612
0.190395
0.18819
0.19329
0.188092
0.189309
0.190658
0.190888
0.192698
0.190131
0.193421
0.195724
0.190789
0.191283
0.191941
0.19046
0.189375
0.189901
0.188322
0.19125
0.191513
0.192467
0.192731
0.192796
0.193421
0.190296
0.190329
0.193421
0.190197
0.194277
0.190197
0.190099
0.190625
0.194408
0.187664
0.188881
0.192533
0.19306
0.192434
0.189737
0.196613
0.189013
0.192204
0.191349
0.185855
0.190954
0.191809
0.191447
0.190691
0.190395
0.189276
0.192237
0.190296
0.190888
0.18977
0.191217
0.184473
0.189375
0.188487
0.187039
0.189737
0.188059
0.186776
0.188322
0.189441
0.187434
0.188355
0.183782
0.186315
0.186776
0.187796
0.187039
0.189835
0.188223
0.187532
0.187171
0.187039
0.186217
0.187697
0.186085
0.182861
0.183979
0.184802
0.188289
0.185493
0.184966
0.18592
0.188125
0.18671
0.190066
0.18546
0.186842
0.184473
0.185888
0.189342
0.186578
0.187631
0.189046
0.192895
0.188059
0.19125
0.185394
0.184901
0.183387
0.185328
0.185789
0.182367
0.184901
0.187203
0.184736
0.14302
0.070642
0.045672
0.026591
0.032776
0.042612
0.046659
0.051199
0.056101
0.064819
0.068208
0.074985
0.077781
0.081499
0.084822
0.089494
0.09479
0.098376
0.100778
0.107127
0.113839
0.112852
0.114727
0.119267
0.122458
0.123215
0.126439
0.128216
0.131966
0.13246
0.138447
0.140026
0.141507
0.145257
0.148481
0.147165
0.14756
0.152824
0.15312
0.152561
0.15743
0.160621
0.16072
0.163253
0.160786
0.166082
0.164701
0.164076
0.164306
0.167069
0.168418
0.167201
0.170458
0.170129
0.172136
0.173879
0.174044
0.173847
0.176478
0.176248
0.177794
0.177334
0.17911
0.182861
0.180854
0.179604
0.181216
0.183321
0.180624
0.180262
0.18013
0.183223
0.180821
0.18138
0.184045
0.184736
0.181808
0.18546
0.186842
0.185953
0.186249
0.187006
0.188947
0.185065
0.185328
0.18977
0.185591
0.189375
0.192369
0.187697
0.185723
0.189309
0.188388
0.188322
0.189441
0.187861
0.192073
0.189737
0.190428
0.189868
0.186381
0.187598
0.190987
0.189737
0.192665
0.189539
0.183256
0.188092
0.184999
0.184933
0.177334
0.171017
0.162003
0.134795
0.088868
0.061661
0.064523
0.067089
0.073505
0.077288
0.077222
0.079821
0.088342
0.087651
0.090744
0.095613
0.101238
0.103739
0.109858
0.110713
0.112556
0.113279
0.114859
0.11907
0.121175
0.122162
0.122327
0.125189
0.12384
0.131867
0.129926
0.131078
0.131703
0.13473
0.14177
0.145422
0.138875
0.140355
0.142527
0.142823
0.144007
0.141573
0.145685
0.144764
0.143777
0.131177
0.034388
-0.000222
0.000206
0.000173
0.001489
0.001357
0.000502
0.000107
0.001916
0.005437
-0.000748
0.002739
0.003627
0.009911
0.015175
0.019945
0.027479
0.031657
0.033565
0.039487
0.040869
0.031131
0.010766
0.009384
0.01251
0.011819
0.011424
0.012247
0.013464
0.012312
0.007772
0.006654
0.012641
0.015931
0.024748
0.027347
0.035342
0.038138
0.043369
0.052614
0.056298
0.061464
0.067879
0.073406
0.075939
0.081795
0.085908
0.087125
0.090711
0.095218
0.096238
0.101732
0.104759
0.10818
0.111865
0.114102
0.116273
0.121406
0.123083
0.122129
0.122261
0.124531
0.129235
0.129071
0.132756
0.130946
0.131802
0.133874
0.133085
0.132196
0.131703
0.131341
0.128874
0.121504
0.104068
0.080249
0.066102
0.058108
0.045639
0.047087
0.042152
0.046725
0.04939
0.053864
0.058996
0.065214
0.067978
0.070511
0.075084
0.078637
0.087125
0.090744
0.096008
0.097225
0.103377
0.10818
0.108871
0.113872
0.114497
0.115352
0.120254
0.121965
0.125781
0.131209
0.129992
0.13269
0.135289
0.140158
0.136539
0.142165
0.143218
0.14654
0.146178
0.148481
0.149468
0.153021
0.151245
0.154798
0.15414
0.154995
0.156147
0.157858
0.150982
0.115878
0.119497
0.124268
0.128084
0.129005
0.136605
0.133118
0.136111
0.137098
0.142428
0.142658
0.144895
0.145027
0.148416
0.151705
0.15335
0.156311
0.150126
0.153285
0.150982
0.151376
0.152166
0.150982
0.148284
0.149468
0.149106
0.153087
0.151508
0.148448
0.149271
0.151508
0.152758
0.155522
0.153679
0.153515
0.159272
0.159174
0.158746
0.157858
0.15993
0.16118
0.160687
0.161871
0.165819
0.163944
0.163121
0.168681
0.167925
0.171346
0.169043
0.171938
0.170951
0.174669
0.172662
0.173616
0.173353
0.174998
0.175985
0.17763
0.179505
0.177038
0.180788
0.177564
0.17661
0.178946
0.18092
0.181479
0.184243
0.179374
0.180393
0.182598
0.181512
0.181216
0.184012
0.182696
0.182104
0.183486
0.18194
0.184275
0.182696
0.18342
0.183223
0.182367
0.185131
0.174801
0.100975
0.105515
0.10591
0.110384
0.114234
0.113543
0.115319
0.117458
0.119399
0.119464
0.124334
0.127031
0.129729
0.13371
0.132361
0.133118
0.135388
0.135355
0.13802
0.138283
0.141145
0.141737
0.143974
0.146639
0.145191
0.145126
0.143547
0.147922
0.147692
0.14404
0.141309
0.146211
0.139928
0.142296
0.140191
0.142823
0.134795
0.13723
0.137131
0.138151
0.136901
0.131506
0.132953
0.129235
0.126044
0.105384
0.102423
0.093606
0.072222
0.060806
0.015306
-0.000584
-0.000156
-0.000288
-0.002953
0.002114
0.001028
0.00116
0.000765
4.1e-05
0.000107
0.000107
0.000206
4.1e-05
-2.5e-05
-9e-05
-2.5e-05
-9e-05
-0.000288
-5.8e-05
4.1e-05
0.00014
0.000107
0.000206
7.4e-05
0.000107
-5.8e-05
-9e-05
0.000107
-5.8e-05
4.1e-05
7.4e-05
-5.8e-05
0.000173
7.4e-05
0.00014
8e-06
-2.5e-05
-5.8e-05
-0.000156
-0.000123
-0.000123
4.1e-05
7.4e-05
0.000107
0.000107
0.000107
-2.5e-05
-5.8e-05
0.000897
-9e-05
0.00014
-0.00065
0.000699
0.000798
0.001225
0.001127
0.000798
0.00037
0.000173
8e-06
-9e-05
-2.5e-05
4.1e-05
8e-06
0.00014
7.4e-05
7.4e-05
0.000173
4.1e-05
-5.8e-05
-5.8e-05
-9e-05
-5.8e-05
-9e-05
0.000107
4.1e-05
7.4e-05
0.00014
0.000173
7.4e-05
-2.5e-05
-0.000123
-9e-05
-0.000123
8e-06
4.1e-05
-5.8e-05
0.000173
7.4e-05
0.000107
0.000271
-9e-05
8e-06
-5.8e-05
-5.8e-05
8e-06
-5.8e-05
0.000107
0.000107
4.1e-05
0.00014
0.00014
-0.000156
4.1e-05
-9e-05
-0.000847
0.000206
0.000535
-0.000156
-0.000584
0.001587
0.00037
0.000271
8e-06
0.000107
-0.001966
0.004614
-0.001801
0.003331
-9e-05
0.000831
0.002015
0.002936
0.001061
0.002081
0.004779
0.001719
0.001949
0.00287
0.003989
0.003134
0.010306
0.006259
0.01126
0.008924
0.013859
0.007082
0.006391
0.006753
0.005831
0.010437
0.010766
0.01853
0.014977
0.010371
0.00514
0.005239
0.007213
0.010536
0.006621
0.00445
0.004943
0.008759
0.008299
0.005042
0.001686
0.003496
0.005634
0.001554
0.007049
0.011654
0.009911
0.00774
0.013892
0.009615
0.013661
0.015833
0.017609
0.022676
0.022281
0.025571
0.028466
0.019254
0.024419
0.017346
0.008036
0.010898
0.011424
0.015339
0.017642
0.019123
0.022018
0.027676
0.02534
0.022544
0.026327
0.024189
0.024452
0.026097
0.019978
0.026262
0.027907
0.012938
0.00218
-0.000551
-0.001439
0.007082
0.007838
0.014648
0.011654
0.015997
0.005996
0.003035
0.00139
-9e-05
-0.000156
8e-06
0.00014
0.000107
7.4e-05
0.000173
0.000107
7.4e-05
-2.5e-05
-5.8e-05
-9e-05
-9e-05
-5.8e-05
7.4e-05
4.1e-05
0.00014
7.4e-05
0.00014
4.1e-05
-5.8e-05
-9e-05
-9e-05
-9e-05
-5.8e-05
7.4e-05
0.000107
0.000107
0.000173
0.000502
0.002311
0.013102
0.019287
0.023038
0.031361
0.034717
0.040244
0.044224
0.047153
0.049192
0.057614
0.057976
0.059621
0.067681
0.07005
0.070708
0.074327
0.073143
0.073011
0.078341
0.075314
0.077749
0.078538
0.081894
0.081565
0.08321
0.077979
0.082716
0.079558
0.078538
0.078801
0.082618
0.081565
0.076992
0.076827
0.072682
0.074327
0.072518
0.075643
0.07209
0.072518
0.070215
0.069162
0.067616
0.065773
0.064326
0.064688
0.066135
0.065773
0.065773
0.060641
0.063635
0.063602
0.063273
0.062878
0.063832
0.062483
0.064523
0.061858
0.062516
0.061562
0.059523
0.056562
0.060575
0.062681
0.060707
0.063109
0.059457
0.058437
0.059786
0.060806
0.05791
0.058766
0.055015
0.056002
0.057976
0.060181
0.059292
0.064227
0.066958
0.070807
0.072847
0.072616
0.076564
0.073834
0.075742
0.080973
0.079788
0.080578
0.086467
0.088276
0.092783
0.094395
0.099758
0.097291
0.099922
0.103673
0.106239
0.112128
0.10795
0.11499
0.115846
0.116898
0.12134
0.114464
0.122261
0.126472
0.129268
0.129828
0.132657
0.131703
0.135355
0.133479
0.134532
0.136934
0.136605
0.133512
0.136473
0.133282
0.132591
0.132887
0.135618
0.136539
0.136473
0.131374
0.132953
0.131407
0.132163
0.133677
0.130584
0.130486
0.129301
0.131604
0.127327
0.129235
0.123577
0.125485
0.122228
0.120517
0.117655
0.119037
0.113839
0.112161
0.113312
0.110483
0.109595
0.108707
0.107292
0.109726
0.106733
0.100449
0.103476
0.100383
0.100482
0.100712
0.099034
0.100646
0.100942
0.099857
0.100613
0.099659
0.096402
0.096468
0.09104
0.099034
0.092323
0.089658
0.088112
0.090053
0.083769
0.080051
0.077387
0.070149
0.061595
0.058174
0.043435
0.043139
0.041856
0.042415
0.039915
0.041132
0.04304
0.043238
0.042974
0.045508
0.045113
0.043534
0.028071
0.028861
0.011622
0.000436
0.007937
0.012543
0.006588
0.008332
0.011819
0.020932
0.022741
0.025735
0.025571
0.012938
0.00797
0.015043
0.016951
0.022478
0.02261
0.02692
0.028861
0.030308
0.031493
0.031591
0.034453
0.032776
0.032578
0.030078
0.032512
0.03373
0.033565
0.032414
0.031328
0.027578
0.029387
0.028565
0.026854
0.028137
0.028203
0.03044
0.026558
0.026887
0.022248
0.02261
0.021393
0.008299
0.013365
0.012905
0.012345
0.020142
0.0183
0.018168
0.018103
0.017149
0.021162
0.019649
0.016063
0.019254
0.015898
0.017116
0.01603
0.013201
0.011885
0.007904
0.008299
0.007246
0.008858
0.006753
0.007542
0.007838
0.005996
0.002147
0.005831
0.004515
0.004614
0.005502
0.002772
0.006621
0.001522
0.007378
0.004515
0.002739
0.003134
-0.001966
0.00139
0.003134
0.009417
0.008726
0.008628
0.008299
0.00843
0.005996
0.008397
0.006292
0.010306
0.00899
0.013135
0.012181
0.012872
0.016195
0.015931
0.015997
0.01399
0.014155
0.009911
0.014286
0.011358
0.014714
0.013431
0.015866
0.014254
0.019945
0.019945
0.018563
0.018596
0.017839
0.018432
0.018366
0.015208
0.017182
0.017938
0.018432
0.021656
0.020241
0.018991
0.017543
0.022149
0.022774
0.024518
0.018629
0.021129
0.018596
0.018662
0.020406
0.01932
0.020044
0.019879
0.02261
0.018497
0.021886
0.01682
0.020603
0.019748
0.021393
0.020965
0.019649
0.017478
0.017247
0.016918
0.014056
0.016392
0.014681
0.01478
0.0158
0.018662
0.018399
0.019715
0.018958
0.018629
0.016951
0.015898
0.016063
0.01376
0.0158
0.018925
0.019649
0.019287
0.020603
0.021294
0.029058
0.027907
0.030407
0.033138
0.038237
0.041856
0.049587
0.052844
0.057976
0.065642
0.071202
0.072452
0.078999
0.082256
0.08344
0.089987
0.092619
0.095053
0.098475
0.103114
0.103574
0.109957
0.112753
0.118576
0.122754
0.126834
0.125847
0.13269
0.13088
0.13394
0.137855
0.136769
0.142461
0.143119
0.146672
0.147955
0.147429
0.149962
0.152857
0.150653
0.155094
0.153482
0.156048
0.000831
0.010273
0.016293
0.024222
0.028071
0.035408
0.042251
0.047613
0.053403
0.059391
0.065411
0.070642
0.077288
0.077189
0.082815
0.090744
0.086237
0.096008
0.099001
0.101567
0.104792
0.106404
0.107588
0.114892
0.114727
0.117951
0.119399
0.119596
0.122195
0.126669
0.128347
0.129301
0.12792
0.13542
0.137658
0.133447
0.13246
0.1319
0.134532
0.13542
0.139105
0.138579
0.137789
0.139204
0.142165
0.141737
0.143119
0.141737
0.14381
0.143481
0.143514
0.146507
0.146047
0.145191
0.147231
0.148712
0.142954
0.143974
0.143283
0.144534
0.139895
0.141342
0.139796
0.143448
0.141309
0.147692
0.147396
0.143645
0.142658
0.138677
0.138842
0.140257
0.141079
0.135486
0.136506
0.135092
0.139039
0.134105
0.134763
0.134795
0.13723
0.133216
0.137329
0.135059
0.129367
0.116405
0.111964
0.11453
0.112885
0.117162
0.1168
0.120748
0.121208
0.121833
0.121669
0.122919
0.121011
0.126077
0.127064
0.119563
0.123511
0.121603
0.12305
0.121636
0.120649
0.120024
0.122425
0.115878
0.110911
0.105877
0.106502
0.108081
0.106996
0.105647
0.107489
0.109496
0.008233
0.00037
0.000633
0.000535
8e-06
0.000666
-0.000781
0.002838
0.005897
0.009088
0.008529
0.00287
0.00491
0.004483
0.004779
0.01126
0.014385
0.019484
0.023959
0.025933
0.031361
0.030308
0.029848
0.030966
0.038171
0.037118
0.029354
0.028466
0.033368
0.032743
0.002936
0.007937
0.013793
0.016885
0.021294
0.026459
0.026426
0.029223
0.030078
0.035408
0.030407
0.036066
0.035572
0.038632
0.038039
0.038336
0.036427
0.041461
0.038533
0.036724
0.039981
0.039191
0.039981
0.038566
0.042218
0.035901
0.03419
-9e-05
0.005568
0.015076
0.023432
0.026492
0.031525
0.034519
0.02261
0.027282
0.025209
0.029223
0.031756
0.033236
0.032677
0.031328
0.0309
0.030736
0.027545
0.024715
0.023399
0.028861
0.029913
0.032907
0.032611
0.028301
0.027972
0.029782
0.026887
0.024946
0.024057
0.022083
0.022083
0.021524
0.020866
0.020077
0.01932
0.013859
0.01853
0.014911
0.013793
0.020142
0.016754
0.018662
0.017116
0.015898
0.017708
0.016622
0.011095
0.013036
0.013003
0.01297
0.009023
0.010733
0.010832
0.011951
0.008036
0.010766
0.0158
0.014648
0.01524
0.012839
0.012674
0.011786
0.013135
0.012312
0.011325
0.010569
0.010865
0.010207
0.010371
0.006292
0.007476
0.003134
0.001522
0.004055
-0.000156
0.000929
0.000304
0.000271
-0.000913
0.008332
-0.003545
0.000337
0.001752
0.000535
-0.000123
0.001554
0.005272
0.002212
-0.000255
0.002377
0.007345
0.005996
0.009944
0.00843
0.010207
0.012477
0.014122
0.009713
0.012905
0.011918
0.012115
0.001653
0.00218
0.006062
0.003825
0.004746
0.005634
0.010075
0.007937
0.012641
0.012444
0.019188
0.020307
0.018136
0.023038
0.026229
0.031328
0.038368
0.038039
0.041954
0.043665
0.042777
0.045442
0.047679
0.055246
0.057154
0.05041
0.050804
0.059753
0.061069
0.066102
0.069063
0.074195
0.080117
0.082354
0.018168
0.00514
0.014023
0.020142
0.023728
0.02919
0.029223
0.028367
0.004055
0.00014
0.001193
0.000436
0.001028
-0.001308
0.002114
0.001456
-0.000189
-0.000387
0.000502
0.002476
0.00162
0.001949
0.002936
0.001357
0.001028
0.002311
0.002311
0.005272
0.004811
0.005371
0.002344
0.008299
-0.001571
0.003496
0.013398
0.015833
0.029913
0.030177
0.038368
0.043139
0.050442
0.056364
0.06301
0.066727
0.071432
0.077354
0.081664
0.085381
0.089395
0.086796
0.097554
0.101469
0.104199
0.114036
0.10999
0.113872
0.120846
0.122919
0.124992
0.130157
0.130288
0.13473
0.13871
0.136309
0.134072
0.137888
0.139237
0.144731
0.148383
0.147955
0.151179
0.151015
0.152265
0.155259
0.16095
0.158647
0.160588
0.162365
0.165523
0.165194
0.162628
0.164076
0.164832
0.168418
0.166905
0.158845
0.156311
0.159141
0.159601
0.142592
0.13394
0.124926
0.114957
0.109266
0.106996
0.105581
0.107818
0.107983
0.109036
0.106864
0.109364
0.113608
0.116898
0.118839
0.123445
0.122458
0.129466
0.124432
0.130453
0.13019
0.129466
0.128281
0.135684
0.13723
0.137131
0.137756
0.139796
0.141408
0.143481
0.146047
0.143218
0.148745
0.145159
0.151771
0.152528
0.148481
0.129268
0.103805
0.101271
0.102785
0.107522
0.108476
0.114365
0.113707
0.119399
0.116701
0.014714
0.003561
8e-06
0.003232
0.011325
0.021064
0.025406
0.031723
0.039553
0.043238
0.05064
0.05439
0.061464
0.068965
0.068636
0.077485
0.07913
0.084921
0.086171
0.089165
0.092619
0.096205
0.100449
0.102357
0.103739
0.10943
0.111832
0.108049
0.122261
0.125123
0.129071
0.125123
0.130979
0.129466
0.132295
0.134137
0.132492
0.132887
0.135947
0.139204
0.140717
0.142428
0.145586
0.146869
0.150192
0.154732
0.152298
0.152034
0.154897
0.153647
0.157759
0.157529
0.15743
0.158812
0.157858
0.157627
0.152363
0.145849
0.147198
0.148054
0.147659
0.139105
0.136177
0.001127
8e-06
0.000239
0.001949
0.006884
0.021195
0.011457
0.019616
0.022873
0.024288
0.031065
0.029486
0.039323
0.008266
-0.000156
0.000239
-0.002755
0.004614
0.009746
0.016853
0.021294
0.026064
0.027709
0.029486
0.035473
0.026163
0.000271
0.001127
-0.00167
0.00116
-0.000814
0.013135
0.006753
0.01603
0.019517
0.023827
0.0259
0.036329
0.03475
0.038072
0.036098
0.036395
0.04508
0.039454
0.042086
0.036756
0.014517
0.00139
0.001916
0.004581
0.014681
0.010635
0.013826
0.013694
0.023169
0.029453
0.033631
0.0309
0.032743
0.032776
0.028894
0.013793
0.004811
0.013859
0.016326
0.022544
0.028301
0.029979
0.02613
0.031098
0.03271
0.035473
0.036658
0.035901
0.042053
0.045179
0.048797
0.046034
0.048633
0.053864
0.064721
0.06097
0.062747
0.061332
0.060312
0.060674
0.057022
0.051528
0.044784
0.04531
0.042744
0.020603
0.024715
0.020439
0.006884
0.016162
0.01626
0.023794
0.019583
0.014484
0.001357
0.00491
0.001456
0.003265
0.001291
0.002607
0.00445
0.001456
0.004384
0.002739
0.003923
0.003792
0.003693
0.002936
0.009746
0.004943
-0.001571
0.005338
0.006983
0.005371
0.007575
0.011918
0.016392
0.001883
0.000107
0.00843
0.013267
0.020702
0.022116
0.025209
0.023959
0.018465
0.014747
0.004976
0.010174
0.008792
0.009286
0.018728
0.021195
0.020998
0.014188
-0.000387
0.000535
0.005798
0.012411
0.02034
0.024584
0.029913
0.036098
0.043599
0.031196
0.038994
0.044422
0.002114
0.00718
0.012181
0.006983
0.008924
0.012115
0.013892
0.012049
0.0158
0.019419
0.024321
0.027676
0.029058
0.024781
0.031624
0.014615
0.008792
0.014056
0.022906
0.023926
0.029848
0.036197
0.032282
0.014385
0.013299
0.017083
0.021985
0.022873
0.01353
0.013267
0.00343
0.011227
0.011029
0.006358
0.013168
0.014122
0.012378
0.01126
0.009648
0.013661
0.015635
0.014188
0.006555
0.007016
0.009648
0.003068
0.008134
0.007082
0.011029
0.02011
0.026656
0.032315
0.039059
0.039059
0.043007
0.050113
0.051989
0.062451
0.064753
0.068866
0.072551
0.076564
0.076794
0.081565
0.085151
0.082058
0.004121
0.002245
0.008134
0.013036
0.021031
0.028203
0.035539
0.036822
0.044784
0.04406
0.051462
0.056529
0.059588
0.06222
0.056035
0.053634
0.061036
0.066004
0.070313
0.078341
0.081335
0.084065
0.086631
0.07311
0.076071
0.081466
0.084295
0.067023
0.072222
0.076202
0.082025
0.086171
0.088276
0.001423
0.008924
0.019846
0.022347
0.030966
0.040211
0.042514
0.052383
0.055279
0.063964
0.066727
0.07209
0.076137
0.080216
0.084888
0.093145
0.0966
0.100383
0.104561
0.106765
0.11249
0.113905
0.116602
0.121241
0.125584
0.12611
0.130617
0.130157
0.137098
0.135782
0.137362
0.127031
0.12917
0.129137
0.12861
0.130486
0.131571
0.139303
0.136967
0.140257
0.143908
0.148317
0.148152
0.152265
0.151245
0.154272
0.154995
0.15414
0.155949
0.159141
0.159634
0.160555
0.164174
0.163187
0.166675
0.165391
0.164503
0.140092
0.140158
0.146935
0.14937
0.145389
0.150324
0.153614
0.155094
0.158384
0.158285
0.160621
0.160983
0.161147
0.164372
0.166773
0.165128
0.168517
0.170326
0.170853
0.169142
0.173814
0.175459
0.174998
0.173287
0.174735
0.17582
0.174504
0.177992
0.174833
0.176676
0.177926
0.181907
0.179571
0.184506
0.182696
0.184308
0.182466
0.184275
0.183058
0.181644
0.185493
0.184769
0.182631
0.164668
0.154995
0.147659
0.145027
0.138743
0.141046
0.139533
0.141507
0.110779
0.058503
0.024781
0.018103
0.016754
0.0208
0.031196
0.035079
0.04281
0.045277
0.05268
0.055015
-0.002328
0.0057
0.000666
0.006851

Kurve 3

0.004088
0.006654
0.004811
0.007378
0.008595
0.003857
0.004647
0.005042
0.006193
0.005371
0.003627
0.007147
0.00899
0.008529
0.009023
0.004943
0.006193
0.003035
0.003726
0.004976
0.00514
0.00491
0.006095
0.007838
0.005766
0.007246
0.009023
0.004384
0.004548
0.006424
0.005338
0.005535
0.000173
0.005798
0.003331
0.004318
0.004844
-0.003051
0.00468
0.00343
0.00491
0.003627
0.004713
0.00343
0.003857
0.00241
0.003364
0.002541
0.001686
0.000271
0.00162
0.000732
-9e-05
0.002969
0.002936
0.00491
0.000633
-5.8e-05
0.001851
0.005996
-0.001045
0.003627
-9e-05
0.000798
0.000929
0.002212
0.001818
0.004055
0.005766
0.002476
0.000765
0.001357
0.001752
0.000699
0.001489
0.001127
0.003298
0.00218
0.003134
0.001061
0.001456
0.002673
0.002048
0.002081
-0.00065
-0.00167
0.000337
0.003561
0.003298
0.001587
-0.001472
-0.001406
-0.001966
0.000666
-0.000222
-0.000288
-0.000748
0.000107
0.001423
-0.0019
-0.000189
-0.001472
-0.000452
-0.001012
0.000568
-0.000354
0.000897
-0.003183
-0.001143
-0.001768
-0.00292
-0.002755
0.000107
0.00014
0.001094
0.000732
-0.000288
-0.000354
-0.007262
-0.004696
-0.002492
-0.001505
-0.002196
0.001423
-0.002097
-0.000979
0.001258
-0.001209
-0.001801
0.00037
-0.001472
0.002377
-0.001834
-0.000518
-0.000288
-0.000946
-0.000419
0.001193
-0.004137
-0.003183
0.000732
-0.001867
0.001193
-0.003413
0.000107
-0.001768
0.000337
7.4e-05
0.00116
-0.002196
-0.001308
-0.001637
-0.000979
0.000337
-0.001077
-0.000683
-0.002591
-0.001341
-0.004861
-0.002032
-0.004795
-0.001209
-0.004236
0.000239
-0.00088
-0.000781
0.000962
0.001982
0.003232
0.001883
0.001357
-0.004729
-0.001406
-0.001735
0.000535
-0.002821
-0.003479
-0.000979
0.0006
-0.000123
0.001982
-0.000387
-0.001966
0.001949
-0.001242
0.00116
-0.000452
0.000436
0.007016
0.001094
-0.003841
0.000107
0.001423
-0.002196
-0.001999
-0.001867
-0.000354
0.000304
7.4e-05
0.001357
0.001686
-0.000419
0.002212
-0.005914
-0.002459
-0.001571
0.001686
-0.003413
-0.00292
-0.003282
0.000502
0.004055
-0.000321
0.001949
0.002015
-0.000354
0.000666
-0.000814
-0.001472
0.002574
0.002673
0.004088
0.002574
0.002344
-2.5e-05
0.001258
-0.001703
-0.002295
0.0006
-0.001012
-0.000683
0.002344
0.005437
0.001061
0.002772
0.000732
0.004088
0.002278
-0.00088
-0.003413
0.000403
-0.001176
0.002805
0.003035
-0.000946
-0.001637
0.00264
0.002081
0.005502
-0.000946
0.000568
0.005897
0.010174
0.020011
0.022972
0.026492
0.028926
0.035177
0.039849
0.047876
0.042119
0.051725
0.053864
0.057779
0.064095
0.065971
0.07413
0.075906
0.077452
0.076433
0.081828
0.082552
0.085217
0.08344
0.082354
0.07584
0.07459
0.073866
0.072452
0.07515
0.074952
0.081367
0.081598
0.08979
0.089066
0.094099
0.09479
0.094461
0.101436
0.105713
0.105285
0.10489
0.106667
0.108509
0.108049
0.107621
0.107917
0.110154
0.108114
0.098245
0.082058
0.079986
0.075939
0.079097
0.078834
0.080512
0.082453
0.081598
0.079591
0.078933
0.078966
0.077485
0.074294
0.073274
0.073439
0.067155
0.063207
0.064589
0.063306
0.064128
0.05949
0.053995
0.039092
0.026031
0.018892
0.014418
0.009121
0.007641
0.008661
0.009483
0.014286
0.016162
0.029913
0.029552
0.031164
0.032052
0.032776
0.023202
0.022083
0.028663
0.032644
0.03702
0.042843
0.050113
0.055081
0.058832
0.065938
0.069984
0.072353
0.076827
0.078012
0.082914
0.078966
0.074788
0.059226
0.03498
0.015833
0.004811
0.006917
0.001193
0.002114
0.003331
0.008068
0.008726
0.010141
0.014517
0.01001
0.013464
0.016359
0.017083
0.023005
0.02182
0.026558
0.026163
0.030966
0.034289
0.041033
0.04406
0.04712
0.049982
0.052285
0.054818
0.055114
0.061595
0.062122
0.063997
0.068208
0.073998
0.072222
0.074459
0.0713
0.066727
0.059424
0.056891
0.051495
0.054061
0.056529
0.057581
0.062681
0.055377
0.057812
0.056298
0.058568
0.060674
0.062516
0.056858
0.062812
0.062154
0.065115
0.065247
0.061727
0.059391
0.056956
0.054785
0.052219
0.046824
0.040737
0.037447
0.036789
0.038632
0.036822
0.039619
0.036329
0.037875
0.035671
0.034256
0.032809
0.024748
0.023663
0.02159
0.018958
0.015537
0.011753
0.011194
0.013957
0.012214
0.013299
0.006456
0.005601
0.007542
0.004811
0.005075
0.001094
0.002772
0.006489
0.007904
0.00718
0.009746
0.011128
0.008101
0.008036
0.0107
0.008792
0.008924
0.009812
0.008167
0.011161
0.009055
0.006127
0.007016
0.005535
0.003101
0.005733
0.002574
0.001719
0.003035
0.003232
0.000403
0.004811
0.001061
0.004877
0.009088
0.001522
0.007871
0.005009
0.006325
0.006292
0.00774
0.006358
0.0082
0.008397
0.00672
0.007476
0.011325
0.006325
0.006029
0.002212
0.001094
0.002048
0.003134
0.00445
0.002673
0.00514
0.005042
0.005996
0.00241
0.007707
0.001225
0.004581
0.003199
0.00491
0.002541
0.005305
0.001554
0.005963
0.001225
0.002805
0.001686
0.004186
0.004943
0.003528
0.004417
0.003463
0.006424
0.000732
0.002838
0.00366
0.002015
0.000271
0.002212
0.001258
0.002805
0.002081
0.00139
0.001127
-0.001966
0.005305
0.000304
-0.000222
0.001719
0.000929
-0.000321
0.001324
-5.8e-05
0.001225
-0.003446
-0.001176
-0.000847
0.000699
-0.002295
7.4e-05
-0.000452
0.000568
0.002311
-0.000288
0.000173
-9e-05
0.00014
-2.5e-05
0.001028
-0.000156
0.00139
-0.001209
0.000633
0.000107
-0.000189
7.4e-05
0.000239
7.4e-05
-0.00167
0.001883
0.000765
0.003956
0.001752
0.003199
0.001324
0.000765
0.00014
0.000304
-0.000485
0.001587
0.00218
0.000732
0.000633
0.00241
0.00014
0.000403
0.001094
0.000206
0.001818
0.000337
-0.000123
0.000304
0.000995
0.000568
0.002048
-0.002097
0.000897
8e-06
-9e-05
-0.000814
0.000666
0.000107
0.000271
-0.000387
-0.000354
0.001554
0.000436
0.00366
0.001982
0.001489
0.001028
0.001489
-0.000189
0.00037
4.1e-05
0.000107
0.00014
8e-06
8e-06
0.000436
-5.8e-05
0.000206
0.000206
-0.000321
0.000436
-2.5e-05
0.000239
-0.000123
-0.000354
8e-06
0.000271
0.000831
0.001127
0.003825
0.001456
0.005009
0.001719
0.004779
0.002607
0.00445
0.002772
0.001291
0.001028
0.000206
0.000206
-0.000716
0.00241
0.004811
0.005535
0.007904
0.008957
0.00797
0.008167
0.009582
0.007049
0.014155
0.01126
0.012609
0.014517
0.014451
0.018563
0.016885
0.019024
0.019155
0.016293
0.017346
0.016951
0.016293
0.014385
0.014615
0.007082
0.000535
4.1e-05
7.4e-05
0.000502
0.001456
-0.00088
0.001785
-0.001209
0.009582
0.014846
0.018925
0.02307
0.026229
0.026426
0.032282
0.03646
0.037809
0.042251
0.039553
0.041198
0.040013
0.041296
0.042316
0.042349
0.039191
0.03873
0.038895
0.034684
0.032841
0.041198
0.042316
0.042876
0.047646
0.048172
0.054061
0.053667
0.05518
0.056397
0.052482
0.056397
0.055805
0.057878
0.055937
0.056891
0.056562
0.057878
0.059161
0.059786
0.055673
0.057252
0.05268
0.050541
0.0461
0.040836
0.036395
0.032381
0.030242
0.029519
0.031032
0.027512
0.025176
0.022018
0.020702
0.020998
0.022116
0.019188
0.019781
0.01047
0.013793
0.012609
0.01274
0.017938
0.018925
0.021327
0.018991
0.020669
0.023268
0.030111
0.03248
0.034059
0.038566
0.038665
0.039981
0.045705
0.04939
0.047416
0.050804
0.053798
0.054982
0.055838
0.054094
0.054785
0.054324
0.0511
0.050508
0.045277
0.047251
0.046593
0.043764
0.038566
0.036658
0.033796
0.034519
0.028861
0.023367
0.018333
0.013859
0.012806
0.0107
0.009253
0.006391
0.009253
0.004713
0.006391
0.005963
0.005864
0.003265
0.005864
0.002476
0.003265
0.004844
0.002509
0.006588
0.002838
0.007509
0.005996
0.00672
0.006687
0.009878
0.005075
0.009779
0.012477
0.013332
0.013694
0.016458
0.012938
0.017149
0.021261
0.018267
0.021754
0.021327
0.022281
0.01932
0.017017
0.015142
0.015767
0.014385
0.014385
0.013925
0.013036
-0.000419
0.002838
0.003857
0.004186
0.00945
0.005897
0.008792
0.012806
0.015701
0.012214
0.016293
0.020307
0.021491
0.021689
0.023136
0.016195
0.013299
0.009286
0.010536
0.008891
0.009055
0.012609
0.009746
0.016096
0.013826
0.025209
0.024123
0.029584
0.033269
0.04054
0.044553
0.043994
0.0486
0.05393
0.05087
0.051693
0.053634
0.058634
0.059095
0.05791
0.059687
0.051002
0.054982
0.054489
0.04758
0.056759
0.058305
0.056331
0.059819
0.061793
0.062023
0.06755
0.06959
0.073603
0.075676
0.079163
0.078176
0.083407
0.082025
0.087684
0.086862
0.089165
0.095152
0.093014
0.093441
0.093869
0.094066
0.088901
0.088441
0.089691
0.088572
0.088046
0.089329
0.086171
0.087026
0.084657
0.080216
0.081828
0.079295
0.076729
0.07765
0.074294
0.075479
0.077749
0.078275
0.074952
0.073735
0.078209
0.063503
0.062319
0.056693
0.055114
0.053831
0.055542
0.058009
0.058799
0.058174
0.057943
0.062483
0.059194
0.063931
0.064194
0.066069
0.064457
0.064293
0.060049
0.05745
0.05314
0.049719
0.044948
0.040408
0.031131
0.018728
0.007707
0.004943
0.003463
0.004022
-0.000156
0.002936
0.004055
-0.000781
0.000337
0.000271
0.000403
0.000403
0.000864
0.000502
0.000962
-0.000123
0.000271
-0.000255
-0.000354
0.000271
4.1e-05
0.000107
0.000173
-0.000123
0.000206
-0.000617
-0.000518
0.000304
-0.000123
0.00037
0.000239
0.000535
0.000239
0.001949
0.000568
0.000469
0.000765
0.000568
0.000271
0.000271
-0.000189
-0.000156
-0.000222
-5.8e-05
0.000173
0.000107
7.4e-05
0.00014
7.4e-05
8e-06
8e-06
-9e-05
-9e-05
8e-06
8e-06
7.4e-05
8e-06
4.1e-05
0.000107
4.1e-05
-2.5e-05
-5.8e-05
-5.8e-05
-5.8e-05
-0.000123
4.1e-05
4.1e-05
4.1e-05
0.000107
7.4e-05
0.000107
-2.5e-05
-2.5e-05
-9e-05
-9e-05
-0.000123
-2.5e-05
4.1e-05
0.000107
0.000107
4.1e-05
0.000107
-2.5e-05
8e-06
-5.8e-05
-9e-05
0.000206
-2.5e-05
0.00014
0.000107
0.000107
4.1e-05
0.00014
-5.8e-05
8e-06
-2.5e-05
-0.000123
-0.000288
-0.000123
4.1e-05
4.1e-05
0.00014
7.4e-05
0.00014
-2.5e-05
-2.5e-05
-2.5e-05
-9e-05
-9e-05
-5.8e-05
4.1e-05
8e-06
4.1e-05
0.00014
0.00014
8e-06
-2.5e-05
-0.000123
-2.5e-05
-0.000156
-2.5e-05
4.1e-05
4.1e-05
0.00014
7.4e-05
0.00014
8e-06
-2.5e-05
-9e-05
-5.8e-05
-0.000123
-5.8e-05
-2.5e-05
0.000107
0.00014
0.00014
-0.000123
0.000666
0.00037
4.1e-05
0.000502
8e-06
0.000897
0.000173
0.000995
0.000502
0.000699
0.000206
0.003035
0.000107
0.002212
0.004088
0.003002
0.005272
0.007509
0.007213
0.009187
0.008759
0.007575
0.009187
0.007279
0.00774
0.006391
0.007082
0.005108
0.004318
0.005338
0.002509
0.001818
0.000929
0.001719
0.001028
0.002147
0.003825
0.002541
0.001193
0.005469
0.005437
0.005272
0.006127
0.000436
0.001851
0.004548
0.0006
0.00287
0.00162
-2.5e-05
0.003134
0.002377
0.002838
0.002212
0.002344
0.00139
0.004318
0.003496
0.003923
0.001785
0.001982
0.001554
0.00264
0.001818
0.00037
0.002377
-0.001834
0.005009
0.0006
0.002541
0.001225
0.001061
0.001785
0.002607
0.001522
0.001225
0.001324
0.002015
0.005206
0.000633
0.001752
-5.8e-05
0.004219
0.002344
0.004779
0.003232
0.003496
0.004614
0.005897
0.005042
0.006687
-0.000485
-0.000518
0.002607
0.00445
0.01047
0.00843
0.010371
0.010898
0.012806
0.012938
0.019386
0.010371
0.008266
0.006095
0.00264
0.002936
0.005897
0.00514
0.003561
0.001752
0.007542
0.01172
0.011325
0.014155
0.013661
0.014615
0.014056
0.018103
0.01853
0.020932
0.020241
0.024617
0.024353
0.028795
0.026459
0.025242
0.026755
0.025867
0.029124
0.030637
0.03271
0.030308
0.033532
0.033335
0.033499
0.032118
0.03044
0.031065
0.03271
0.036296
0.039257
0.040803
0.040112
0.04077
0.028696
0.02465
0.019155
0.018037
0.019057
0.021096
0.018826
0.017379
0.013135
0.016556
0.020274
0.023367
0.027676
0.02919
0.031262
0.039257
0.028466
0.032973
0.035276
0.036855
0.04406
0.045014
0.046297
0.04327
0.036493
0.035506
0.03544
0.034848
0.030078
0.0309
0.02761
0.031065
0.031723
0.037645
0.038533
0.045837
0.048468
0.053041
0.051035
0.041494
0.012806
0.019452
0.025571
0.017083
0.021228
0.024617
0.033894
0.038303
0.039224
0.046988
0.052712
0.05666
0.060608
0.067254
0.067945
0.072386
0.06959
0.073209
0.075676
0.082486
0.082716
0.082651
0.085546
0.08775
0.087256
0.088934
0.083341
0.087092
0.088046
0.086401
0.087355
0.077255
0.076827
0.071761
0.069294
0.072156
0.070149
0.070906
0.069754
0.070642
0.076005
0.076466
0.080512
0.083144
0.087355
0.088474
0.095514
0.097258
0.09989
0.101107
0.101107
0.101304
0.101107
0.097093
0.098179
0.101238
0.102653
0.106831
0.105351
0.108904
0.109825
0.114727
0.115056
0.112227
0.114431
0.11022
0.11068
0.112391
0.113148
0.109858
0.109693
0.109759
0.111273
0.109562
0.113411
0.107884
0.112325
0.108147
0.110253
0.110121
0.108542
0.109364
0.110384
0.110549
0.106765
0.11045
0.101798
0.106305
0.105548
0.104364
0.101831
0.104199
0.103311
0.104528
0.10568
0.103114
0.089197
0.086533
0.087849
0.091204
0.092323
0.090711
0.082256
0.083802
0.087256
0.08877
0.090415
0.087914
0.086006
0.009845
0.001489
0.010832
0.019748
0.023893
0.036263
0.041889
0.047646
0.051693
0.049752
0.05393
0.056496
0.059424
0.064721
0.066925
0.06755
0.073998
0.067254
0.060871
0.057976
0.061003
0.058075
0.057285
0.059852
0.065379
0.068372
0.071893
0.077551
0.075676
0.079723
0.074459
0.065477
0.044553
0.02919
0.02159
0.024321
0.000666
0.009516
0.013727
0.018925
0.024979
0.029519
0.033203
0.035408
0.045508
0.048238
0.054094
0.057384
0.002015
0.003726
0.017412
0.020011
0.027545
0.036164
0.043599
0.051462
0.055213
0.056726
0.058305
0.067418
0.068076
0.074853
0.075643
0.079558
0.0814
0.081861
0.081894
0.086105
0.086467
0.088046
0.08979
0.084986
0.091665
0.091829
0.092191
0.093902
0.095975
0.094363
0.09762
0.097455
0.099462
0.097981
0.097784
0.098014
0.096731
0.092257
0.094659
0.094856
0.091862
0.089855
0.089099
0.085118
0.087158
0.087618
0.085743
0.089461
0.085019
0.083966
0.077255
0.074985
0.074557
0.071169
0.070215
0.072847
0.072945
0.067352
-0.000551
0.003956
0.0082
0.008332
0.000831
-0.002328
0.002772
0.00037
0.000666
0.000502
0.000173
-0.000189
0.001949
0.000107
0.002607
0.001949
-0.000288
0.001225
0.000897
0.000699
0.000107
0.000403
-9e-05
-2.5e-05
4.1e-05
0.000107
0.000173
0.000239
-0.000979
0.000798
0.000173
8e-06
-0.000255
0.002443
-0.000156
0.000239
0.005667
0.001752
0.001587
7.4e-05
0.000765
-0.000288
0.000633
0.000173
-0.000189
-0.000321
0.001028
-0.004236
-0.000781
-0.000123
0.0006
0.000206
0.000304
0.000173
8e-06
0.000107
8e-06
4.1e-05
-0.000123
0.000206
0.000107
7.4e-05
0.000173
0.000239
7.4e-05
-5.8e-05
0.000107
-5.8e-05
-0.000156
0.000173
8e-06
7.4e-05
0.00014
0.00014
0.00014
4.1e-05
0.000107
-2.5e-05
-5.8e-05
-5.8e-05
0.000271
-2.5e-05
0.000239
0.00014
7.4e-05
0.000173
0.000535
0.00116
8e-06
0.002476
7.4e-05
0.000206
0.000864
0.000107
0.001357
0.001916
0.00014
0.002476
0.00116
-0.002492
0.00287
0.000535
0.001193
0.0006
0.000337
0.001554
0.001061
8e-06
0.000436
0.000469
-0.000716
0.001456
0.001357
0.001653
0.002805
0.000929
0.000337
0.004055
-0.000913
0.000699
-0.000288
0.000173
0.001193
0.001324
-0.002492
0.003528
-0.000387
0.000831
0.000929
0.001522
0.00139
0.001028
0.000502
0.000173
0.001094
-0.000452
0.000502
0.000502
0.000337
7.4e-05
0.001324
-0.000946
0.000699
7.4e-05
0.000304
0.00014
-2.5e-05
-5.8e-05
8e-06
0.000206
0.00014
0.000206
0.000206
0.000173
-2.5e-05
-5.8e-05
-9e-05
-0.000156
-9e-05
8e-06
7.4e-05
0.000107
7.4e-05
0.000107
8e-06
-5.8e-05
-5.8e-05
-2.5e-05
8e-06
7.4e-05
8e-06
0.00014
0.000173
0.00014
0.000304
0.000107
0.000633
8e-06
0.000403
0.00037
-0.001341
0.000929
-0.00088
-0.000288
-0.000189
0.001752
0.000206
0.001324
-0.000156
-2.5e-05
0.00139
0.003232
0.003068
0.003792
0.002936
0.003726
0.007312
0.006193
0.011819
0.01399
0.016458
0.011852
0.01172
0.004746
0.008694
0.008825
0.011029
0.013431
0.013168
0.017083
0.013332
0.014418
0.011819
0.004943
0.0057
0.010668
0.005042
0.005667
0.000239
0.000502
0.004252
0.010075
0.007476
0.009549
0.008036
0.004548
0.005667
0.007016
0.005568
0.00241
0.00241
0.00287
0.005502
0.000502
0.00468
0.001061
-0.000946
0.00014
0.000337
-0.000551
7.4e-05
7.4e-05
0.001752
0.000633
0.000107
0.000897
0.000304
0.000962
0.000995
0.002903
0.002114
0.00593
0.007279
0.009779
0.005634
0.009023
0.008167
0.011424
0.014286
0.008726
0.011293
0.010174
0.011029
0.012609
0.013497
0.009681
0.012082
0.010437
0.009681
0.01172
0.008101
0.009286
0.009944
0.008694
0.0082
0.007246
0.006588
0.010931
0.007674
0.008332
0.007805
0.009746
0.010141
0.009352
0.001949
0.006654
0.005766
0.008332
0.008332
0.007608
0.008661
0.008562
0.008595
0.008332
0.010339
0.006095
0.00797
0.006292
0.006654
0.0082
0.002015
0.00241
0.007049
0.002969
0.002114
0.002541
0.002147
0.004219
0.003693
0.00287
0.005634
0.007871
0.003167
0.006983
0.007082
0.00843
0.00162
0.00389
0.003298
0.007838
0.003956
0.00287
0.003035
0.001916
0.003496
0.000403
0.00264
-0.001571
0.001851
0.004515
0.003134
0.006358
0.006785
8e-06
0.003759
0.00218
0.005437
0.001028
-0.000156
0.007016
0.008397
0.007147
0.005667
0.004417
0.007476
0.008562
0.0082
0.010174
0.00797
0.007542
0.011029
0.011391
0.012049
0.013661
0.012839
0.014122
0.01353
0.014319
0.010733
0.008825
0.015273
0.011589
0.012411
0.007443
0.008397
0.008167
0.01297
0.009878
0.008858
0.010536
0.012641
0.013464
0.009977
0.010503
0.002838
0.008365
0.009384
0.010635
0.00695
0.00468
0.002245
0.00366
0.003167
0.004088
0.004713
0.004088
0.009384
0.004647
0.008167
0.006522
0.008134
0.006095
0.008299
0.004581
0.008068
0.00718
0.005831
0.006489
0.00139
0.002673
0.002739
0.003496
0.002969
0.00241
0.004581
0.005766
0.004384
0.006325
0.005404
0.004055
0.005009
-2.5e-05
0.001324
0.002541
0.001193
0.000765
0.000304
0.003101
0.002344
0.006753
0.003035
0.001851
0.000995
0.00116
0.005502
0.000798
0.002476
0.002147
0.00162
0.000633
0.001094
8e-06
-0.000452
-0.000288
0.000995
0.004746
0.002377
7.4e-05
0.000666
0.000173
0.000568
0.001587
0.001653
0.006588
0.002377
0.000469
0.001719
0.004384
0.003232
0.00343
0.005272
0.001061
0.002344
0.005798
0.008463
0.007443
0.009911
0.007312
0.008233
0.008101
0.012016
0.009516
0.006062
0.002739
0.004713
0.000271
-5.8e-05
0.00037
0.003167
0.004581
0.003463
0.007016
0.000633
0.001949
0.000271
0.001094
-0.000156
0.000239
-9e-05
-2.5e-05
-5.8e-05
0.000239
-0.000222
0.000403
0.002114
0.001094
0.00162
0.001193
0.000765
0.000271
0.000436
7.4e-05
0.00014
0.000107
4.1e-05
4.1e-05
0.000107
-0.000222
0.000239
0.001785
0.004186
0.027841
0.003199
0.007674
0.004976
0.004976
0.006555
0.013859
0.012609
0.014286
0.014319
0.010306
0.006358
0.000765
0.002772
0.00445
0.006292
0.011654
0.015701
0.012707
0.00287
0.003298
0.006391
0.014517
0.013069
0.014254
0.018366
0.017017
0.023696
0.023827
0.02261
0.019452
0.023038
0.020142
0.013135
0.017313
0.017872
0.01682
0.014319
0.018333
0.019715
0.02238
0.020735
0.024551
0.021952
0.022248
0.024222
0.026689
0.027676
0.026689
0.030835
0.020669
0.025505
0.01399
0.012674
0.015339
0.019057
0.011786
0.002245
0.011589
0.01172
0.003561
0.001982
0.00037
0.001982
0.001258
-0.000814
0.00389
0.002476
0.002969
0.000107
0.006753
0.00593
0.010766
0.018234
0.020998
0.025834
0.037645
0.037283
0.044159
0.047251
0.044981
0.001851
0.003331
0.002509
0.006522
0.006588
-0.000979
0.000699
0.000831
-0.001077
7.4e-05
0.000962
0.00014
0.00037
0.000239
0.000206
0.000337
-0.000123
-0.000123
-5.8e-05
-0.000123
-2.5e-05
4.1e-05
7.4e-05
0.002838
0.000239
0.000666
0.002443
0.000469
-0.000452
0.000929
-0.000452
0.00014
0.00014
0.000173
0.000107
0.000107
8e-06
-2.5e-05
8e-06
-2.5e-05
4.1e-05
-0.000123
0.000469
-0.000123
0.000962
-0.000156
0.002081
0.002212
0.002476
0.000765
0.000271
0.002903
0.010733
0.014813
-0.001308
0.000239
0.000107
0.000304
-0.000354
0.001554
-0.000189
0.002772
0.008365
0.009648
0.013168
0.017971
0.024584
0.026985
0.030506
0.034388
0.039915
0.039717
0.046067
0.04077
0.047778
0.044159
0.042843
0.042744
0.043665
0.045902
0.046297
0.049653
0.049719
0.049587
0.04554
0.050113
0.041625
0.045277
0.046001
0.045573
0.045672
0.04429
0.041461
0.040671
0.036625
0.029091
0.030835
0.033664
0.036625
0.037678
0.041987
0.044586
0.04656
0.048008
0.047942
0.046758
0.04508
0.04962
0.04406
0.042382
0.042152
0.040606
0.041033
0.041099
0.040046
0.040112
0.038237
0.038829
0.028301
0.031196
0.030308
0.0284
0.028466
0.028597
0.027282
0.030539
0.026656
0.026393
0.023959
0.023597
0.023334
0.020471
0.022018
0.020735
0.016951
0.017642
0.018136
0.017083
0.017379
0.01705
0.015405
0.01149
0.014911
0.011885
0.011029
0.010931
0.009549
0.01251
0.005766
0.006029
0.008332
0.007707
0.00445
0.006127
0.005272
0.00514
0.002607
0.004055
0.005108
0.003167
0.00389
0.004943
0.004186
0.004285
0.005305
0.003989
0.003923
0.003825
0.00672
0.007279
0.006621
0.003528
0.005437
0.004088
0.00389
0.00389
0.002706
0.003989
0.001225
0.000831
0.001193
0.003923
0.004186
0.003561
0.002048
0.004976
0.002311
0.004811
0.003265
0.002805
0.00593
0.000864
-0.000123
0.001719
0.000666
-0.000748
0.000798
-0.000156
0.001258
-0.000189
0.001324
0.00116
0.002443
0.000897
0.003199
0.001061
0.003199
0.002377
0.003265
0.001916
0.004022
0.000765
0.003134
0.002607
0.000469
0.002212
0.001456
0.001423
0.00218
0.002344
0.001291
0.002739
0.001489
0.000864
-0.000387
0.00139
0.001752
0.001258
0.001982
-9e-05
0.001949
0.000304
0.00264
-0.00065
0.001291
0.001456
0.001719
0.001127
-9e-05
0.000535
0.002443
0.001982
0.001193
0.001653
0.002212
0.007674
-0.000551
0.00241
-5.8e-05
0.00287
0.000666
0.001982
0.003594
0.001719
0.003068
0.002443
0.002772
0.002739
0.003331
-0.000189
0.002212
0.000436
-0.001045
0.001094
0.000206
0.000798
0.00014
0.000699
0.00037
0.000962
0.00116
0.000403
0.004022
0.00616
0.002541
0.001324
0.001193
0.00014
0.002081
0.001851
0.002015
0.002015
0.001193
0.003956
-0.004038
0.002311
0.002344
0.003693
0.003825
0.003956
0.004318
0.00389
0.005338
0.000765
0.004943
0.002015
0.002311
0.003496
0.005667
0.003265
0.004088
-0.001538
0.001982
0.001258
0.003825
0.002311
0.001522
0.001456
0.000962
0.002541
0.002673
0.001785
0.002311
0.004844
0.001818
0.002969
8e-06
0.003167
7.4e-05
0.002706
0.004219
0.002476
0.002509
0.000502
0.004581
0.000239
0.003759
0.003068
0.004417
0.005009
0.006193
0.005437
0.007443
0.006851
0.00899
0.006095
0.005469
-2.5e-05
0.001851
0.003627
0.003693
0.005338
0.005469
0.007147
0.007476
0.00945
0.003035
0.007114
0.003397
0.004384
0.001851
0.000864
4.1e-05
0.000469
0.001193
0.00139
0.001094
0.000107
4.1e-05
-5.8e-05
0.002509
0.000633
0.001225
0.000962
0.003496
0.002212
0.001291
-0.000321
0.001028
-0.000156
4.1e-05
0.000436
0.000502
0.000271
0.001127
0.001094
-0.000419
0.00116
7.4e-05
0.001127
0.002574
-0.000452
0.000403
0.001061
-0.000189
0.000436
-0.000222
0.000206
0.000173
0.001653
0.002212
0.001225
0.002081
0.000304
-0.000156
-0.003347
-0.000419
0.000173
0.000699
0.000699
0.000699
-0.000716
0.000568
0.000666
-0.000156
0.001324
-0.00088
0.000831
0.000995
0.000107
-0.000255
0.001489
-0.000781
0.000271
0.000107
8e-06
8e-06
0.000173
-0.000123
0.000337
-0.000419
0.00014
0.000666
0.000271
0.001818
0.002245
0.006193
0.004779
0.008595
0.00514
0.006095
0.005239
0.008595
0.004285
0.004877
0.010766
0.011786
0.016721
0.0158
0.017938
0.017083
0.022873
0.022873
0.025637
0.030933
0.035079
0.038599
0.046922
0.043435
0.044455
0.043073
0.04304
0.050607
0.053469
0.057022
0.060444

Kurve 4

0.00116
0.003792
0.005075
0.001324
0.001752
-0.001999
0.000304
4.1e-05
-0.001143
0.000929
-0.007855
-0.001242
-9e-05
-0.000485
-2.5e-05
0.002772
-0.000123
0.003167
0.001456
0.002706
0.001554
0.001489
0.000173
0.000929
0.000897
-0.002459
0.000633
-5.8e-05
0.00014
0.00037
0.003627
-0.000485
0.005173
-0.002163
-0.001275
0.001324
0.000107
0.002278
0.002706
0.00389
0.002509
0.003825
0.002015
0.003989
0.0006
0.005831
0.002805
0.001554
0.001423
0.003167
0.002015
0.003068
0.003035
0.004055
0.003331
0.004219
-0.00065
0.001258
0.002509
0.000633
0.004351
0.002048
0.002574
0.001028
0.000765
0.000929
0.004746
-0.002953
-0.001538
0.00116
-0.000452
0.002114
0.00037
0.001851
0.003956
0.000535
-0.001472
0.004515
-0.002426
0.00037
0.001258
0.002147
4.1e-05
0.003134
8e-06
0.001324
0.001982
0.000206
0.001916
0.002903
-0.001209
0.000666
0.003561
-0.000781
0.001094
0.002278
0.001686
-0.001209
0.000403
0.00037
0.000962
-0.003973
0.000798
0.003594
0.002081
0.001225
0.000995
0.001127
-0.000288
0.002509
0.000436
0.000962
4.1e-05
-0.00065
0.002212
0.000633
-0.001999
0.000403
-0.00111
-5.8e-05
-5.8e-05
0.000699
-0.00167
-0.002887
-0.00088
-0.000288
-0.000255
-0.001735
0.003035
0.001653
0.002739
0.001522
0.002377
-0.000321
0.004647
0.000897
-0.000452
0.000798
-0.000781
0.001193
-0.000584
0.001653
0.000897
0.003594
-0.001374
0.001686
-0.001176
-0.000584
-0.001143
0.000765
0.000699
0.000403
-0.00111
-0.000222
0.003265
-0.00088
0.000403
-0.00065
-0.003051
0.002739
0.00116
-0.000123
0.003825
0.000831
0.002509
0.002509
0.001949
0.001193
-0.000354
0.000831
-0.000189
-0.000814
0.000864
0.002212
-0.000979
8e-06
-0.00417
-5.8e-05
0.000271
0.002805
-0.000123
0.003167
0.001094
-0.001571
-0.000814
0.002245
-0.000716
0.001324
0.000337
-0.003841
0.001193
-2.5e-05
0.000995
-0.00236
0.004022
0.000107
0.001686
0.002344
8e-06
0.001225
-0.003249
-0.000123
0.000929
-0.000617
0.000831
0.002574
-0.002591
0.002574
0.000831
-0.000321
0.003232
0.001324
0.000502
0.000765
0.001522
0.003792
0.000897
0.001752
-0.000518
-0.000255
-9e-05
0.001522
-2.5e-05
-0.002591
-0.000419
-0.001077
0.000864
0.000995
0.001357
0.001028
0.001949
-0.000979
0.002114
0.002607
7.4e-05
0.000633
-0.001472
0.000304
-0.003841
-0.001637
-0.001045
0.002081
-0.002393
0.000337
-9e-05
4.1e-05
-0.001637
0.001851
-0.000354
0.000206
0.012082
0.008726
0.015997
0.019846
0.029321
0.031032
0.038994
0.043073
0.051265
0.054555
0.055246
0.043698
0.041362
0.048666
0.05643
0.059523
0.06676
0.071169
0.072156
0.078768
0.081762
0.084493
0.089197
0.090513
0.094626
0.099988
0.10239
0.105811
0.102949
0.041198
0.001982
0.003463
0.006193
0.007049
0.01274
0.011622
0.013497
0.012345
0.00695
0.001982
0.00922
0.00264
0.004417
0.006687
0.012641
0.017938
0.004746
0.012905
0.013168
0.00343
0.002969
0.014977
0.0183
0.026624
0.03169
0.039882
0.045409
0.05041
0.05495
0.061496
0.066135
0.07186
0.075709
0.081038
0.085414
0.088145
0.093836
0.0991
0.098475
0.103739
0.110549
0.109036
0.115911
0.116504
0.12009
0.118839
0.124037
0.127492
0.130255
0.132953
0.137065
0.136078
0.139961
0.141573
0.142395
0.148185
0.145224
0.139335
0.132032
0.129268
0.129203
0.134137
0.129663
0.134664
0.132525
0.038829
0.046922
0.05212
0.057252
0.064786
0.069359
0.073505
0.07969
0.083901
0.086302
0.092685
0.094494
0.099199
0.101699
0.104693
0.108246
0.108641
0.11476
0.117063
0.119399
0.123314
0.124761
0.127492
0.129038
0.130913
0.132953
0.137197
0.135124
0.132525
0.130749
0.128709
0.076005
0.029387
0.038401
0.043665
0.044619
0.043896
0.051824
0.054489
0.060608
0.064786
0.071267
0.078571
0.07992
0.001686
0.00241
0.01024
0.018103
0.023663
0.03146
0.036954
0.042119
0.048139
0.057088
0.061299
0.065411
0.0713
0.075577
0.082881
0.083802
0.091138
0.092027
0.098442
0.100548
0.105515
0.10772
0.112095
0.113016
0.117129
0.120451
0.118971
0.126965
0.128841
0.132131
0.133381
0.138349
0.137723
0.141869
0.139039
0.143876
0.146869
0.145718
0.148613
0.151969
0.152298
0.155259
0.157233
0.156213
0.160161
0.160128
0.162332
0.164339
0.165819
0.162167
0.164668
0.169537
0.168681
0.156476
0.158384
0.051956
0.009615
0.0107
0.014681
0.019057
0.028795
0.03373
0.03827
0.04429
0.045244
0.054818
0.055673
0.059687
0.062418
0.040507
-0.000748
0.003528
-2.5e-05
-2.5e-05
0.00389
0.002969
0.006325
0.000962
0.001061
0.000502
0.000173
0.005075
0.000633
0.00468
0.0006
0.000107
0.004055
4.1e-05
0.000206
0.00014
0.000271
-0.000551
7.4e-05
0.00014
8e-06
-2.5e-05
0.000239
-0.000683
-0.000551
0.001291
-0.00065
0.0006
0.005996
0.000535
0.000666
0.000568
-0.000189
8e-06
0.000929
0.00014
8e-06
0.000107
0.001258
0.000337
0.000304
-2.5e-05
0.00162
-0.000387
0.006753
0.000271
0.006325
0.014319
0.018004
0.028005
0.036362
0.040178
0.044915
0.051791
0.048797
0.036493
0.024682
0.018366
0.01478
0.017938
0.015438
0.015537
0.013201
0.016162
0.015997
0.013628
0.013793
0.012115
0.013135
0.011983
0.014484
0.015866
0.020603
0.016556
0.017083
0.022511
0.023367
0.026755
0.024617
0.034618
0.026624
0.028992
0.033894
0.000666
0.000337
8e-06
-5.8e-05
-0.000156
0.000173
0.005667
0.012049
0.017412
0.023959
0.030308
0.036296
0.043994
0.049982
0.053963
0.061891
0.065938
0.073011
0.072912
0.072616
0.051002
0.033796
0.030111
0.038665
0.041593
0.049982
0.057154
0.060641
0.066958
0.06857
0.073011
0.079459
0.082782
0.082223
0.084526
0.08525
0.093836
0.095646
0.099199
0.101732
0.104331
0.102818
0.108805
0.111437
0.112556
0.115253
0.117425
0.121998
0.123182
0.125715
0.127492
0.135388
0.12634
0.132394
0.131144
0.124893
0.119958
0.096304
0.007509
0.013398
0.018794
0.025735
0.028992
0.030275
0.036658
0.037941
0.043501
0.023235
0.001225
0.006062
0.012938
0.020439
0.021162
0.026163
0.022314
0.01251
0.015043
0.015076
0.025472
0.0309
0.034486
0.036427
0.029848
0.014155
0.015504
0.014056
0.004121
0.012543
0.008694
0.000666
0.001028
0.007114
0.013727
0.020406
0.028301
0.031493
0.037283
0.039849
0.044817
0.046067
0.053963
0.055739
0.055509
0.051364
0.037612
0.042218
0.037217
0.0082
0.014418
0.009648
0.00491
0.005996
0.010799
0.018695
0.024288
0.031887
0.037184
0.033467
0.045113
0.05337
0.055706
0.062648
0.066004
0.06903
0.073801
0.073307
0.082782
0.084657
0.087454
0.089362
0.098047
0.095317
0.10285
0.104594
0.108081
0.110878
0.115747
0.116898
0.12009
0.119793
0.121471
0.124992
0.123347
0.126044
0.12815
0.132624
0.130815
0.131209
0.129992
0.132953
0.132427
0.135717
0.133841
0.134763
0.135223
0.136177
0.139434
0.137427
0.137
0.137954
0.137329
0.138151
0.143053
0.137493
0.142757
0.142
0.146178
0.149172
0.149139
0.152627
0.151771
0.151673
0.1521
0.15266
0.144632
0.142691
0.139303
0.127459
0.117162
0.107884
0.098113
0.097883
0.090086
0.088638
0.089033
0.08525
0.085348
0.087355
0.084756
0.08344
0.083341
0.083045
0.084559
0.082618
0.083407
0.084197
0.08321
0.079953
0.084822
0.083473
0.084328
0.086072
0.088408
0.091895
0.092586
0.093672
0.098738
0.100975
0.101699
0.105779
0.107358
0.11147
0.108608
0.116602
0.116536
0.121142
0.123149
0.126768
0.125649
0.129532
0.130486
0.132887
0.136473
0.13802
0.142527
0.139434
0.146146
0.144172
0.145784
0.144435
0.147001
0.149732
0.152528
0.152265
0.155226
0.154732
0.157265
0.160193
0.163319
0.162233
0.161838
0.164766
0.162069
0.169438
0.164372
0.167234
0.168616
0.170063
0.167431
0.170129
0.170655
0.168254
0.169668
0.170458
0.171675
0.171379
0.171576
0.174899
0.175491
0.173156
0.176972
0.173287
0.169471
0.173123
0.173814
0.171576
0.173682
0.17128
0.172465
0.170524
0.172202
0.173452
0.173978
0.171017
0.169471
0.170162
0.17105
0.170557
0.166839
0.16855
0.168122
0.168747
0.163977
0.157693
0.161509
0.159799
0.15789
0.154765
0.155259
0.147725
0.144369
0.138743
0.136506
0.130979
0.133282
0.130815
0.134039
0.129235
0.127294
0.125222
0.123708
0.122886
0.119267
0.1168
0.116438
0.116372
0.113049
0.11351
0.109529
0.10466
0.100548
0.102883
0.095942
0.097455
0.091007
0.078176
0.07209
0.06676
0.061266
0.063438
0.064885
0.063701
0.009352
0.009187
0.013892
0.018201
0.024847
0.02817
0.035276
0.033894
0.038862
0.041132
0.042876
0.047778
0.049291
0.052548
0.052943
0.055246
0.05791
0.063339
0.062681
0.067023
0.069195
0.07788
0.077025
0.080644
0.084789
0.082486
0.076992
0.069458
0.072254
0.073834
0.078176
0.080907
0.086006
0.086894
0.091731
0.093474
0.097159
0.100712
0.100877
0.108608
0.106502
0.109661
0.116898
0.116668
0.117589
0.120517
0.124366
0.126505
0.126044
0.127952
0.125649
0.133019
0.130058
0.132657
0.136506
0.137888
0.138381
0.143711
0.144468
0.145488
0.146902
0.146771
0.146935
0.148514
0.147198
0.146442
0.145159
0.14552
0.148876
0.147922
0.14756
0.143415
0.121142
0.11953
0.10568
0.097323
0.098672
0.092356
0.071037
0.054686
0.052482
0.057647
0.060542
0.06732
0.068537
0.072353
0.076893
0.081729
0.087421
0.08979
0.091895
0.098804
0.101535
0.10443
0.11022
0.108345
0.116175
0.117129
0.119728
0.118478
0.122129
0.127854
0.131736
0.126933
0.133348
0.135519
0.134269
0.137691
0.141441
0.142527
0.145849
0.145685
0.14552
0.149995
0.150422
0.15187
0.149106
0.152824
0.152561
0.155324
0.148547
0.155324
0.155456
0.156838
0.154732
0.154403
0.156344
0.154699
0.156706
0.156739
0.158581
0.157726
0.1572
0.158877
0.161838
0.160193
0.162233
0.160457
0.122656
0.117984
0.121965
0.122425
0.123972
0.124399
0.124005
0.131966
0.130584
0.133677
0.135256
0.136769
0.140487
0.14256
0.140158
0.143678
0.143678
0.14552
0.146672
0.146113
0.148876
0.149304
0.148843
0.138974
0.136276
0.135914
0.137526
0.134236
0.136046
0.082322
0.085447
0.089165
0.093507
0.096665
0.102061
0.102916
0.10614
0.108707
0.112983
0.115977
0.117951
0.119925
0.121077
0.123708
0.114464
0.112654
0.109661
0.108312
0.108476
0.063569
0.035605
0.014484
0.022676
0.023827
0.031295
0.033335
0.038829
0.035243
0.037809
0.019945
0.011852
0.01478
0.018497
0.02534
0.02919
0.023301
0.03021
0.028762
0.027874
0.024057
0.025801
0.037151
0.036987
0.046396
0.049554
0.055904
0.023235
0.000666
-0.002032
0.003923
-0.000946
0.007476
0.012707
0.019748
0.027084
0.022248
4.1e-05
0.001818
0.008595
0.015273
0.022215
0.031229
0.03725
0.041099
0.050344
0.031427
0.03975
0.022149
0.000864
0.000206
0.002607
-0.000913
0.001028
0.000798
0.00014
0.000206
0.000173
-2.5e-05
-2.5e-05
-5.8e-05
-9e-05
0.004515
0.002048
0.003167
0.002936
-0.001703
0.001225
0.001357
-0.000288
-0.000156
0.001686
0.002969
-0.000551
0.001653
0.007049
0.010174
0.014879
0.011128
0.009779
0.000732
7.4e-05
-0.000485
0.002015
0.003989
0.004219
0.004581
-0.001374
0.007904
0.011654
0.019057
0.023202
0.027446
0.036033
0.038895
0.038467
0.050344
0.058503
0.056792
0.064984
0.0688
0.073866
0.078308
0.081762
0.084032
0.089132
0.093277
0.098113
0.104002
0.107062
0.10943
0.113279
0.114464
0.122557
0.122952
0.124959
0.125057
0.130551
0.13088
0.131933
0.135322
0.139105
0.142099
0.140421
0.148481
0.146606
0.150587
0.151245
0.152956
0.153778
0.156246
0.155456
0.158943
0.160292
0.160819
0.163253
0.164832
0.164865
0.16322
0.163615
0.168221
0.165359
0.167826
0.16674
0.165786
0.170228
0.169635
0.17128
0.167826
0.172925
0.171478
0.172202
0.171017
0.167431
0.170951
0.170293
0.173583
0.17286
0.174504
0.17286
0.00287
0.006292
0.017445
0.02386
0.032151
0.035934
0.042612
0.052647
0.053831
0.060773
0.064622
0.070708
0.073866
0.080512
0.082749
0.086796
0.091467
0.095909
0.100021
0.101074
0.107489
0.111404
0.114661
0.11578
0.120649
0.119826
0.123248
0.124366
0.128775
0.129301
0.132854
0.132229
0.138151
0.134039
0.142954
0.142889
0.140355
0.148317
0.145126
0.148317
0.149074
0.149074
0.149271
0.155785
0.155193
0.156838
0.155456
0.155686
0.156443
0.158746
0.155818
0.157923
0.157989
0.156213
0.161707
0.161904
0.160292
0.162595
0.163747
0.161575
0.167333
0.163154
0.163977
0.163582
0.167563
0.165819
0.168813
0.168648
0.169964
0.168484
0.170754
0.169833
0.168977
0.169899
0.167826
0.170787
0.169405
0.172234
0.167563
0.170524
0.168023
0.16651
0.166477
0.166049
0.164372
0.162924
0.166049
0.16503
0.165819
0.165852
0.1698
0.16095
0.169899
0.169964
0.169208
0.166642
0.168583
0.170491
0.174208
0.168977
0.172662
0.161246
0.168023
0.169405
0.16799
0.171478
0.164404
0.158877
0.159042
0.151278
0.152462
0.156114
0.15664
0.157759
0.1572
0.158713
0.157825
0.15993
0.140586
0.144139
0.14529
0.144731
0.14812
0.146836
0.14835
0.151442
0.003923
0.004943
0.007509
0.011852
0.023202
0.028992
0.025275
0.023696
0.029223
0.029486
0.038007
0.046166
0.049423
0.057252
0.061102
0.069425
0.072057
0.078275
0.08015
0.087256
0.090579
0.093507
0.096994
0.105252
0.108641
0.110582
0.11068
0.111569
0.114628
0.116076
0.12236
0.123544
0.122261
0.125847
0.130551
0.130058
0.136671
0.135124
0.139664
0.142757
0.142296
0.142823
0.145488
0.142263
0.144797
0.14733
0.151673
0.153647
0.152528
0.157331
0.156607
0.159996
0.159437
0.164273
0.162167
0.164569
0.166313
0.163812
0.165786
0.165095
0.168254
0.167497
0.167069
0.166477
0.1723
0.168023
0.171313
0.171609
0.174274
0.17434
0.174472
0.176775
0.176117
0.173978
0.177597
0.17513
0.174833
0.176248
0.17513
0.176709
0.174899
0.175853
0.179077
0.176347
0.179374
0.180755
0.18138
0.18013
0.178288
0.177992
0.179604
0.175162
0.176709
0.176215
0.178288
0.1774
0.175195
0.172958
0.174899
0.168747
0.174143
0.170853
0.171873
0.169997
0.171905
0.170162
0.170293
0.169274
0.170721
0.168517
0.167431
0.169076
0.167431
0.168352
0.164076
0.169208
0.166411
0.168977
0.168221
0.171708
0.168846
0.172136
0.172399
0.171873
0.174899
0.1723
0.173287
0.172563
0.173419
0.173649
0.174241
0.173814
0.17786
0.178255
0.178387
0.17809
0.182729
0.1824
0.181315
0.181216
0.183683
0.179604
0.180262
0.185394
0.181479
0.181479
0.182927
0.178222
0.176051
0.175459
0.168418
0.166477
0.165589
0.164372
0.166609
0.167958
0.170721
0.169997
0.05722
0.06301
0.071103
0.074426
0.079163
0.085118
0.087914
0.091665
0.098409
0.100284
0.105417
0.109364
0.113148
0.114957
0.11374
0.124531
0.128874
0.130979
0.127689
0.13246
0.134697
0.13802
0.139467
0.144139
0.143448
0.147922
0.148745
0.149666
0.153548
0.15108
0.155028
0.156509
0.155686
0.161476
0.162957
0.159075
0.163253
0.167102
0.166707
0.167135
0.168616
0.165293
0.169043
0.168319
0.167102
0.166477
0.168188
0.17059
0.1698
0.169208
0.170195
0.169899
0.168221
0.167234
0.164503
0.164964
0.161345
0.163977
0.162628
0.16322
0.162529
0.157397
0.155785
0.159338
0.161937
0.153285
0.123972
0.125682
0.128874
0.126472
0.131111
0.130387
0.129597
0.130519
0.129597
0.127031
0.128413
0.128972
0.129926
0.129861
0.128347
0.128939
0.122425
0.125551
0.123577
0.125222
0.128281
0.123182
0.123676
0.126275
0.124597
0.122491
0.114924
0.115582
0.11476
0.112457
0.111832
0.110154
0.112786
0.109924
0.110187
0.11295
0.112687
0.112819
0.113115
0.111667
0.11295
0.111898
0.111174
0.111371
0.10897
0.106733
0.10897
0.108378
0.112786
0.1117
0.111996
0.107423
0.112885
0.114563
0.112227
0.11703
0.115385
0.118083
0.117359
0.115451
0.115221
0.119695
0.11601
0.118346
0.120649
0.121274
0.124597
0.12384
0.129268
0.1319
0.130617
0.130387
0.131374
0.133249
0.134203
0.135684
0.134368
0.13621
0.137329
0.140553
0.140421
0.140553
0.138118
0.14279
0.141638
0.146014
0.145718
0.148383
0.149534
0.15266
0.154041
0.155785
0.15766
0.156739
0.159766
0.159634
0.162299
0.162036
0.161345
0.164997
0.165622
0.167267
0.163187
0.168188
0.170129
0.170886
0.172004
0.173649
0.176182
0.178452
0.177531
0.181512
0.181709
0.181051
0.181117
0.182565
0.182104
0.18898
0.184078
0.183716
0.184374
0.186315
0.187894
0.187368
0.187401
0.190921
0.190855
0.191151
0.193849
0.191184
0.189342
0.19227
0.193553
0.192007
0.193882
0.193257
0.192862
0.193849
0.19477
0.196152
0.194606
0.195593
0.195724
0.197534
0.194704
0.196284
0.195724
0.198817
0.196251
0.198192
0.198389
0.19602
0.194803
0.194277
0.195527
0.194079
0.192928
0.19806
0.195889
0.198619
0.200264
0.197929
0.198948
0.198159
0.198587
0.198093
0.198455
0.195362
0.196942
0.194277
0.197271
0.19533
0.199902
0.200199
0.203192
0.201811
0.199935
0.201844
0.197764
0.201251
0.199705
0.202074
0.199541
0.201909
0.197797
0.200659
0.196086
0.198323
0.196777
0.198093
0.200791
0.199606
0.201515
0.199935
0.203225
0.199705
0.198685
0.198784
0.20339
0.200922
0.198619
0.198817
0.204048
0.197402
0.196876
0.202173
0.195955
0.1976
0.198981
0.200889
0.20135
0.201876
0.201317
0.202962
0.202929
0.202041
0.20339
0.200231
0.197402
0.201844
0.200626
0.200626
0.202304
0.203488
0.202041
0.198587
0.198587
0.203916
0.201449
0.20056
0.203061
0.201515
0.20362
0.201745
0.201679
0.201646
0.201317
0.201087
0.193027
0.197139
0.200264
0.203061
0.200791
0.201054
0.201251
0.207074
0.202666
0.206252
0.203423
0.200495
0.204673
0.198356
0.202041
0.201975
0.200889
0.199968
0.199902
0.19908
0.201844
0.200067
0.200791
0.198422
0.206844
0.202173
0.203982
0.201942
0.203554
0.205397
0.206647
0.202929
0.204212
0.201679
0.202008
0.203324
0.19987
0.201745
0.202436
0.204739
0.203949
0.204475
0.203587
0.203357
0.199245
0.20668
0.203357
0.200889
0.200791
0.201942
0.203883
0.200758
0.202436
0.201383
0.203949
0.199409
0.200429
0.200988
0.201679
0.201284
0.203094
0.203982
0.199771
0.199508
0.197994
0.20056
0.200067
0.201416
0.20283
0.200824
0.199541
0.203258
0.202666
0.199475
0.202436
0.202633
0.202337
0.203291
0.203094
0.205561
0.206713
0.202502
0.202732
0.202271
0.201087
0.201646
0.201876
0.204475
0.203521
0.202107
0.201482
0.200429
0.202041
0.199935
0.201745
0.202765
0.202699
0.203094
0.200955
0.201251
0.203686
0.200001
0.199672
0.200429
0.200791
0.202863
0.197632
0.200001
0.198126
0.200692
0.201679
0.203225
0.199935
0.19658
0.196481
0.198225
0.201021
0.197369
0.201515
0.200955
0.201218
0.200001
0.204903
0.199014
0.202074
0.198192
0.200264
0.200922
0.199639
0.204015
0.204278
0.20283
0.201251
0.203258
0.199541
0.199968
0.201317
0.203094
0.194902
0.196711
0.197238
0.198619
0.199343
0.198751
0.202798
0.198488
0.200034
0.200528
0.200692
0.200067
0.196678
0.198784
0.201251
0.197863
0.202896
0.203192
0.196119
0.19783
0.19806
0.199343
0.197665
0.197863
0.200034
0.19602
0.19454
0.196974
0.191415
0.196119
0.195626
0.199573
0.197994
0.19806
0.195757
0.197534
0.197271
0.198817
0.199573
0.198027
0.197863
0.200067
0.201811
0.198718
0.199113
0.19556
0.201021
0.198422
0.199968
0.194014
0.19556
0.193388
0.19829
0.195428
0.199541
0.194935
0.197797
0.200824
0.19658
0.19885
0.198027
0.198422
0.199475
0.196152
0.198126
0.195494
0.197567
0.196843
0.199343
0.198422
0.194474
0.197205
0.196711
0.197271
0.198027
0.194737
0.192007
0.193092
0.199738
0.196284
0.198323
0.192763
0.197698
0.198159
0.199442
0.194902
0.197271
0.196876
0.194672
0.197205
0.194639
0.199935
0.199146
0.197567
0.197468
0.198948
0.196316
0.197369
0.194672
0.198159
0.195889
0.199014
0.202041
0.196974
0.196974
0.195362
0.197632
0.193191
0.19579
0.195132
0.193717
0.19533
0.192928
0.197665
0.195856
0.191316
0.195165
0.195494
0.194277
0.195922
0.194606
0.195099
0.195659
0.192796
0.196251
0.194836
0.195461
0.195198
0.196481
0.196645
0.1925
0.195231
0.195626
0.199409
0.197698
0.196974
0.197896
0.193717
0.197534
0.197994
0.19658
0.195395
0.19987
0.195593
0.197994
0.196316
0.198587
0.19533
0.196974
0.196514
0.197567
0.198587
0.198455
0.195823
0.194244
0.19556
0.19477
0.195988
0.19556
0.197435
0.194244
0.19783
0.19477
0.197303
0.197369
0.19783
0.196645
0.196251
0.19704
0.199343
0.198619
0.193619
0.197731
0.1976
0.191974
0.193356
0.199837
0.193783
0.195231
0.195593
0.196284
0.196942
0.198652
0.199902
0.196744
0.199541
0.196218
0.196119
0.19602
0.196119
0.196678
0.196284
0.191809
0.197369
0.191447
0.192895
0.195297
0.196547
0.19658
0.197402
0.195724
0.198751
0.197863
0.192533
0.194606
0.195428
0.194836
0.194737
0.196909
0.19375
0.197435
0.19227
0.195494
0.196843
0.199771
0.197896
0.198356
0.195428
0.196251
0.197139
0.196086
0.197764
0.196251
0.197994
0.197665
0.194375
0.193586
0.19829
0.193487
0.192533
0.196645
0.195856
0.195856
0.201449
0.197402
0.196251
0.198126
0.196218
0.198619
0.198258
0.195691
0.19352
0.193816
0.190493
0.19783
0.191842
0.196613
0.19783
0.195757
0.194474
0.1976
0.19602
0.195889
0.197402
0.191086
0.198422
0.194737
0.196218
0.195395
0.195823
0.193092
0.195922
0.191415
0.194606
0.197073
0.191809
0.196152
0.194244
0.194507
0.196316
0.197764
0.195659
0.197929
0.195395
0.195165
0.192007
0.191678
0.194211
0.191974
0.19477
0.192566
0.196547
0.195659
0.197007
0.195988
0.196382
0.196053
0.196744
0.196974
0.199508
0.195297
0.198817
0.198126
0.193191
0.193948
0.195297
0.193323
0.191875
0.195494
0.195494
0.196218
0.196415
0.196613
0.196843
0.199343
0.198751
0.198093
0.195428
0.196284
0.195527
0.193981
0.192763
0.190592
0.193125
0.194606
0.19375
0.193717
0.193882
0.192632
0.19352
0.194375
0.194079
0.191974
0.192698
0.189539
0.192566
0.192665
0.192796
0.190855
0.193487
0.193388
0.192763
0.193454
0.192138
0.194968
0.192007
0.194704
0.1925
0.196119
0.192533
0.194704
0.193388
0.195132
0.200988
0.188947
0.193586
0.194112
0.191546
0.191283
0.190395
0.190559
0.192369
0.1925
0.191283
0.19681
0.196086
0.193981
0.19704
0.193257
0.195395
0.189901
0.192961
0.192731
0.194178
0.194606
0.194474
0.194441
0.194902
0.197731
0.194704
0.19556
0.195461
0.196382
0.194836
0.200166
0.196514
0.196645
0.194408
0.197303
0.19579
0.194112
0.197271
0.196678
0.197731
0.196251
0.197139
0.196843
0.195889
0.195823
0.198652
0.198751
0.200133
0.194836
0.196777
0.20214
0.196185
0.198093
0.19885
0.195626
0.198422
0.199212
0.196053
0.203225
0.194112
0.198784
0.200363
0.197007
0.19375
0.197073
0.196843
0.200133
0.197863
0.198192
0.199277
0.19829
0.196777
0.20112
0.197435
0.19602
0.197698
0.196415
0.197698
0.196053
0.198916
0.197205
0.196678
0.19931
0.198883
0.196777
0.19681
0.200034
0.198093
0.197402
0.197007
0.19987
0.197271
0.19908
0.196645
0.19931
0.197731
0.198916
0.198981
0.201547
0.196349
0.196481
0.199804
0.197567
0.19931
0.198159
0.200659
0.197501
0.200034
0.196711
0.199508
0.197665
0.197271
0.19829
0.1976
0.197994
0.200955
0.194408
0.196119
0.203159
0.197007
0.201218
0.197172
0.200067
0.200429
0.199409
0.199113
0.201284
0.201284
0.197303
0.199705
0.199277
0.197303
0.197929
0.198817
0.198751
0.199705
0.198455
0.202271
0.200922
0.20033
0.201449
0.199277
0.198323
0.200495
0.197567
0.201021
0.200231
0.200692
0.202041
0.199902
0.197205
0.198883
0.200659
0.1976
0.201942
0.19806
0.20135
0.199442
0.201449
0.200034
0.20441
0.197271
0.198126
0.204443
0.199606
0.205298
0.198784
0.199804
0.200264
0.202107
0.199343
0.195198
0.200495
0.203653
0.198422
0.201547
0.199047
0.198981
0.198027
0.198883
0.197501
0.197205
0.195856
0.198159
0.199672
0.198554
0.200791
0.200297
0.202732
0.20158
0.20385
0.200429
0.201317
0.200988
0.199639
0.20112
0.201087
0.201482
0.199376
0.201218
0.201251
0.20112
0.200857
0.202896
0.200462
0.2001
0.199409
0.20214
0.202271
0.199047
0.202502
0.202633
0.200922
0.199179
0.201646
