Ladekurvenmessung

Zeit: 2018_05_04 10.03.23

Info: FVA3, v = 0.747, T = 23, F = 20, h = 457.0

Ladewiderstand[Ohm]: 1012700

Störkapazität[pF]: 0.000000

Entladezeit[ms]: 200

Abtastrate[Hz]: 250000

Anzahl der Messwerte: 2500.000000

Verzögerung[ms]: 3

Ladespannung[V]: 0.200000


Kurve 1

-0.001662
0.000803
-0.006757
-0.001662
-0.000512
-0.002648
-0.002648
0.000146
-0.004456
-0.001991
-0.001991
0.00146
-0.000841
-0.002813
-0.005443
-0.001827
-0.000512
-0.001827
-0.001169
-0.000676
0.002775
-0.000512
0.00146
-0.002155
-0.001498
-0.004128
-0.000676
-0.001005
0.000146
-0.001827
0.000639
0.001789
0.002282
-0.000183
0.00031
-0.000183
-0.002813
0.002118
-0.002813
0.001789
0.001296
0.001625
-0.001991
0.002775
0.00146
0.001625
0.000967
0.001132
0.00146
-0.002484
0.001954
0.000803
0.001954
0.001132
-0.001005
-0.002813
-0.003635
0.000967
-0.000676
-0.000512
0.002775
-0.000183
-0.001005
-1.9e-05
-0.005114
-0.004456
-0.000183
-0.003306
0.001132
0.00409
0.000639
-0.000347
-0.00232
0.003597
-0.002648
0.00146
0.002775
0.00294
0.002775
0.004583
-0.000347
0.000803
0.003433
0.00031
0.002447
0.000803
-1.9e-05
-1.9e-05
0.003104
0.002118
0.000967
0.00294
0.001132
0.001296
0.001132
0.001954
-0.000676
0.000803
0.00294
0.003433
0.001625
0.002118
0.002118
0.000146
0.003268
-0.000347
-0.005936
-0.002813
-0.004949
0.004419
-1.9e-05
-0.000841
0.00146
0.004912
0.004583
0.001789
0.005241
0.00146
0.003926
0.002611
0.00294
0.00146
0.00146
-0.002155
0.005076
0.002611
0.001132
0.002775
-0.000841
0.000803
0.003597
0.003433
0.001625
0.004255
0.003104
0.00294
0.003104
0.001132
0.001132
0.004583
0.001954
-0.000841
0.001625
0.000967
0.001625
0.001132
0.00294
0.00146
0.00409
0.002611
0.004583
0.001789
0.002447
0.002611
0.000803
0.002611
-0.001498
-0.001991
-0.001169
0.002447
-0.005443
0.00409
-1.9e-05
0.003926
0.000967
0.005405
0.010664
0.004583
0.003433
0.003926
0.001625
0.000474
0.00294
0.00294
0.000803
-0.000347
0.002118
0.001296
0.004748
-0.001334
0.003104
0.001954
0.001132
0.000803
0.001132
0.002775
0.001954
0.001296
0.002611
0.002447
-0.001827
-0.001498
-0.002155
-0.000512
-0.001169
0.001132
-0.001498
-0.000512
-0.000183
-1.9e-05
0.00031
0.000474
-0.001991
-0.001827
0.000474
0.001789
0.000639
-0.001991
-0.002648
-0.004292
-0.001169
-0.004621
-0.000841
-0.003963
-0.000347
-0.004621
-0.001334
0.000639
-0.003306
-0.003306
-0.000512
-0.000841
-0.000676
-0.002648
-0.003306
0.000967
-0.000841
0.000146
0.002611
-0.000183
-1.9e-05
0.000803
0.003104
-0.00232
-0.001334
0.00031
0.00146
0.000639
0.001789
-0.003142
0.000639
-0.000841
0.001625
0.002447
0.000474
0.001954
-0.000841
-0.000841
-0.000183
-0.000183
-0.001005
0.001296
0.000146
0.001625
0.000474
0.003104
0.005734
0.004255
-0.001005
0.000803
0.001132
-0.002648
-0.002648
-0.000676
0.000967
-0.000512
-0.002648
-0.004949
0.000967
0.000967
-0.001662
-0.000676
0.004255
0.000639
-1.9e-05
0.005241
-0.001005
-0.001169
0.002447
-0.002813
-0.001169
0.000146
-0.001334
-1.9e-05
-0.005936
0.001296
-0.001169
-0.001005
-0.001169
-0.000347
-0.001005
-0.000676
-0.002813
0.003597
-0.000183
-0.00347
0.001625
-0.001991
-0.001005
-0.001662
0.002611
-0.003963
-0.000347
-0.002648
-0.001498
0.001789
0.00409
0.004419
0.00146
-0.00232
0.000967
-0.000841
-0.002155
-0.001498
-0.002977
0.001954
-0.000512
0.000146
0.001625
0.005076
-0.000183
0.001789
0.004748
0.000474
0.006556
0.000639
0.000146
0.00146
0.003926
-0.002155
0.00294
0.002611
0.002118
0.003926
0.002118
-0.000183
0.001296
0.002775
0.000639
0.005076
0.004912
0.003268
0.003268
0.001789
0.003597
0.001625
0.000967
0.000474
0.002447
0.002447
0.005569
0.004419
0.000803
0.003104
0.00146
-0.000347
-0.00347
0.001132
0.002611
0.000146
0.000967
0.005241
0.006391
0.003104
0.005898
0.003104
0.003104
0.001132
0.006062
0.007213
0.006062
0.003597
0.007706
0.007542
0.007377
0.007049
0.002118
0.011158
0.002118
0.005241
0.000146
0.008035
0.004255
0.010336
0.001625
0.004419
0.006556
0.006227
0.013787
0.005076
0.006227
0.003104
0.006391
0.00409
0.00672
0.004912
0.007706
0.007213
0.009021
0.005405
0.006062
0.007213
0.006391
0.011979
0.004912
0.010171
0.002282
0.001296
0.002118
0.006884
-0.006264
0.003926
0.00672
0.00935
0.008199
0.009021
0.007542
0.00787
0.0105
0.011158
0.009678
-0.000841
0.008528
0.008692
0.008692
0.011979
0.0105
0.008035
0.008199
0.008692
0.009021
0.009185
0.008035
0.009843
0.009185
0.012965
0.008035
0.012637
0.005734
0.004912
0.005898
0.008035
0.005569
0.008692
0.004748
0.006391
0.007377
0.008528
0.009514
0.008857
0.006391
0.008363
0.008692
0.008692
0.010664
0.004583
0.00935
0.006391
0.00146
0.005076
0.006227
0.001296
0.004255
0.00672
0.006391
0.007049
0.005241
0.007706
0.007377
0.007049
0.00294
0.003926
0.002118
0.001954
0.004748
0.007542
0.00294
0.004748
0.003433
0.002282
0.000803
0.002775
0.004748
0.000474
0.004748
0.008199
0.001296
0.00146
0.001954
-0.000347
0.000803
0.001789
-0.000676
-0.002648
-0.000676
-0.001005
-0.003142
-0.000183
-0.000841
0.000967
-0.002484
-0.00347
-0.002155
-0.001827
-0.004292
-0.003142
-0.004128
-0.002155
-0.002648
-0.005278
-0.001005
-0.004292
-0.003635
-0.006757
-0.004128
-0.006922
-0.004621
-0.005114
-0.004949
-0.006757
-0.008072
-0.007415
-0.005936
-0.005443
-0.0061
-0.006757
-0.007579
-0.006593
-0.007744
-0.006922
-0.007415
-0.006429
-0.005936
-0.007086
-0.00988
-0.006757
-0.008894
-0.00347
-0.010045
-0.009223
-0.006593
-0.008072
-0.001662
-0.0061
-0.009058
-0.010538
-0.007415
-0.008565
-0.008565
-0.00873
-0.007579
-0.010538
-0.011195
-0.006922
-0.008565
-0.007744
-0.008401
-0.008072
-0.010373
-0.009551
-0.009223
-0.005771
-0.00988
-0.007908
-0.008401
-0.005771
-0.011524
-0.006429
-0.009223
-0.011031
-0.007086
-0.00873
-0.004456
-0.008072
-0.005114
-0.003635
-0.005278
-0.007086
-0.003963
-0.006757
-0.004949
-0.005607
-0.004621
-0.00873
-0.007086
-0.005278
-0.006922
-0.004621
-0.006757
-0.002813
-0.00347
-0.005114
-0.002648
-0.001827
-0.004785
-0.001169
-0.003142
-0.000676
-0.001827
-0.000512
-0.0061
-0.00347
-0.002648
-0.004292
-0.001005
-0.002484
-0.001498
-0.001991
0.000639
-0.000183
-0.002648
0.000803
0.002118
-0.001662
0.002118
0.00146
0.001132
0.00146
0.002118
0.00031
0.00031
-0.000183
-0.001334
0.003597
-0.000183
0.001296
0.001954
0.004255
0.002611
0.007377
0.002775
0.001954
0.005405
0.002447
0.003926
0.001625
0.003433
0.00146
0.003268
0.000803
0.005076
0.00146
0.004748
0.002611
0.004255
0.004912
0.005569
0.002118
0.004255
0.006391
0.00672
0.003597
0.004583
0.005241
0.003926
0.00409
0.002611
0.002447
0.001789
0.002118
0.005241
0.001789
0.005405
0.005734
0.005405
0.001789
0.005898
0.004255
0.005569
0.003926
0.005734
0.00409
0.006884
0.003761
0.00672
0.005241
0.004419
0.005405
0.00672
0.006556
0.003926
0.00294
0.003433
0.005898
0.001954
0.007049
0.004255
0.007542
0.007377
0.005569
0.005241
0.007377
0.006556
0.006227
0.006884
0.006062
0.005734
0.006556
0.007706
0.006556
0.008528
0.006391
0.010336
0.006884
0.007706
0.007706
0.006062
0.003926
0.007542
0.003761
0.008692
0.006884
0.008035
0.009678
0.00935
0.008692
0.009021
0.010007
0.006391
0.009185
0.006556
0.00787
0.00672
0.007377
0.005076
0.002775
0.004583
0.003597
0.00672
0.00409
0.006556
0.005076
0.008528
0.010171
0.008199
0.008035
0.006227
0.007213
0.00787
0.005898
0.005569
0.002611
0.003761
0.005898
-0.000183
0.003597
0.00294
0.004748
0.004419
0.004912
0.004255
0.009021
0.016746
0.025292
0.028744
0.036962
0.046659
0.049453
0.057671
0.064574
0.069504
0.069176
0.079037
0.082324
0.08972
0.093336
0.098102
0.103197
0.107635
0.113059
0.118811
0.118647
0.127358
0.126207
0.131302
0.131302
0.132289
0.137877
0.13952
0.14215
0.147574
0.152176
0.147245
0.150697
0.152669
0.151683
0.15497
0.157928
0.159408
0.160065
0.166475
0.164338
0.168283
0.167132
0.168447
0.168118
0.172227
0.167625
0.173542
0.170748
0.172227
0.174364
0.179788
0.177487
0.178802
0.176829
0.179623
0.179295
0.175515
0.18176
0.181924
0.181267
0.182417
0.183897
0.178637
0.182417
0.182417
0.184883
0.183568
0.186033
0.185869
0.18554
0.187513
0.186198
0.189649
0.186198
0.189156
0.1908
0.188499
0.189978
0.187677
0.187513
0.186362
0.187841
0.18554
0.191293
0.191786
0.193429
0.191293
0.190964
0.193101
0.189485
0.191457
0.194087
0.190635
0.193594
0.194087
0.191293
0.193758
0.192772
0.194087
0.192115
0.193594
0.193429
0.196717
0.192115
0.190635
0.191786
0.19195
0.191128
0.192115
0.195566
0.194251
0.199182
0.196223
0.196059
0.195402
0.195566
0.194087
0.194416
0.195566
0.195895
0.194087
0.195073
0.195566
0.199018
0.197045
0.197867
0.197867
0.197703
0.194416
0.189485
0.197867
0.195566
0.202798
0.196223
0.198196
0.193429
0.197045
0.193922
0.196552
0.195566
0.197374
0.197374
0.198196
0.206249
0.196223
0.198689
0.196388
0.197703
0.196059
0.198689
0.197045
0.197045
0.193758
0.197374
0.201483
0.189814
0.200332
0.195402
0.197538
0.198689
0.197867
0.198853
0.206085
0.197703
0.200497
0.199675
0.198196
0.196059
0.198689
0.197045
0.199182
0.197045
0.196223
0.199182
0.19721
0.200168
0.191128
0.194909
0.195073
0.201154
0.199675
0.199511
0.198524
0.19836
0.194744
0.197867
0.196717
0.184883
0.194251
0.197538
0.199346
0.195237
0.200004
0.198031
0.198524
0.199346
0.20214
0.199182
0.198031
0.195895
0.199346
0.20099
0.197045
0.197867
0.197045
0.196223
0.199346
0.200004
0.19836
0.199675
0.19836
0.200004
0.19721
0.203784
0.200004
0.201154
0.200168
0.200497
0.204606
0.197867
0.199182
0.198524
0.19836
0.198196
0.199839
0.198853
0.200497
0.19573
0.200332
0.203126
0.202305
0.201319
0.201319
0.195895
0.201319
0.205756
0.200825
0.199675
0.201154
0.198853
0.198524
0.200825
0.197867
0.201154
0.197703
0.199511
0.199018
0.203291
0.19836
0.199839
0.201976
0.200004
0.201154
0.19836
0.200004
0.195895
0.195073
0.195402
0.19836
0.19573
0.201319
0.196881
0.198031
0.200661
0.199839
0.20099
0.200004
0.199346
0.201812
0.201647
0.198524
0.201154
0.200497
0.200168
0.20099
0.202798
0.200497
0.199018
0.201812
0.202469
0.20099
0.201812
0.200332
0.201647
0.201483
0.199675
0.199839
0.200661
0.200661
0.198524
0.20362
0.198524
0.20099
0.198524
0.204277
0.197538
0.200661
0.198689
0.202469
0.202633
0.200168
0.201976
0.200168
0.204113
0.204934
0.209043
0.197867
0.202305
0.201319
0.200661
0.198524
0.199182
0.196388
0.198196
0.200825
0.198031
0.203948
0.201812
0.202798
0.201319
0.205756
0.201483
0.203455
0.200332
0.204277
0.200661
0.20214
0.200497
0.202305
0.205921
0.200168
0.205263
0.198524
0.202962
0.199018
0.201812
0.198031
0.201647
0.199182
0.201319
0.202633
0.202962
0.201647
0.199511
0.198853
0.20214
0.201647
0.198196
0.202798
0.199511
0.202469
0.197045
0.198689
0.198524
0.199018
0.201319
0.203291
0.200825
0.201319
0.200825
0.199839
0.20214
0.200825
0.198853
0.198853
0.200168
0.19721
0.202305
0.198524
0.200332
0.199018
0.202962
0.201319
0.202469
0.201647
0.201812
0.20099
0.200168
0.205263
0.202305
0.200497
0.20099
0.200168
0.19836
0.203291
0.197374
0.200332
0.200004
0.202469
0.201647
0.200332
0.200168
0.198853
0.203948
0.199018
0.201647
0.199839
0.20099
0.200497
0.200168
0.199346
0.198689
0.193758
0.191786
0.198031
0.197374
0.200332
0.199839
0.199675
0.199018
0.20099
0.200004
0.198196
0.197045
0.198853
0.200004
0.200168
0.198853
0.199675
0.200332
0.200168
0.197867
0.199018
0.200004
0.198196
0.19721
0.20099
0.203784
0.202469
0.202633
0.199675
0.202469
0.199346
0.200332
0.198524
0.198853
0.197045
0.198853
0.196552
0.194909
0.19836
0.196059
0.198853
0.198689
0.200004
0.198031
0.201976
0.196717
0.201647
0.201812
0.198853
0.199675
0.199675
0.199182
0.19721
0.197374
0.194744
0.200168
0.195402
0.19573
0.200825
0.199675
0.196388
0.199675
0.19836
0.199018
0.199346
0.198853
0.200497
0.197374
0.201154
0.197538
0.199182
0.196717
0.201647
0.196059
0.195566
0.199675
0.201976
0.200661
0.200497
0.203126
0.200168
0.202305
0.198031
0.199675
0.197867
0.198031
0.193429
0.196881
0.196552
0.200168
0.198689
0.19836
0.197374
0.198524
0.199182
0.198031
0.199675
0.198524
0.20099
0.199346
0.202798
0.198689
0.198031
0.199511
0.199182
0.196223
0.196881
0.197374
0.197867
0.200332
0.196223
0.200004
0.201319
0.194087
0.202962
0.201812
0.198853
0.200497
0.19721
0.199675
0.199346
0.199675
0.200825
0.201154
0.197538
0.197374
0.202633
0.200825
0.20099
0.202305
0.201154
0.200497
0.198031
0.201647
0.203126
0.199346
0.199839
0.202633
0.201319
0.198524
0.200332
0.199839
0.198196
0.200661
0.200004
0.203455
0.199839
0.200497
0.197867
0.19836
0.199182
0.201483
0.197045
0.199839
0.200168
0.198031
0.199675
0.199675
0.200004
0.199182
0.199511
0.197374
0.200825
0.198524
0.199346
0.200004
0.202962
0.198853
0.205592
0.199346
0.20099
0.203948
0.200004
0.199839
0.199511
0.199346
0.199346
0.204277
0.199839
0.202305
0.199346
0.202962
0.200825
0.200497
0.198853
0.202305
0.200168
0.204113
0.202962
0.200661
0.203126
0.199346
0.198524
0.202305
0.202798
0.197374
0.200332
0.20099
0.198524
0.195895
0.193594
0.20214
0.200332
0.200168
0.207728
0.201483
0.199839
0.20099
0.200497
0.200168
0.199675
0.200168
0.199511
0.201812
0.200332
0.202798
0.199018
0.198031
0.201319
0.199675
0.201319
0.200661
0.200497
0.201319
0.199511
0.202305
0.18932
0.19458
0.198196
0.199182
0.199839
0.199346
0.197374
0.198689
0.198524
0.200168
0.199018
0.189649
0.197045
0.196388
0.198196
0.200825
0.197538
0.200004
0.197703
0.200004
0.201483
0.200004
0.196881
0.197045
0.197045
0.197374
0.200332
0.199182
0.19836
0.195402
0.202798
0.199182
0.203126
0.200825
0.202798
0.20099
0.199182
0.199511
0.200168
0.199346
0.199182
0.200004
0.198524
0.202305
0.199182
0.200497
0.199511
0.201154
0.201812
0.200661
0.198524
0.200168
0.200168
0.198524
0.198689
0.201812
0.197374
0.199511
0.199346
0.19721
0.198689
0.197045
0.199018
0.197538
0.197538
0.200332
0.200825
0.199018
0.201647
0.200825
0.198689
0.202798
0.20099
0.200332
0.199675
0.198689
0.198689
0.201154
0.196881
0.198524
0.201154
0.199018
0.199839
0.203126
0.19836
0.200004
0.203948
0.196388
0.201319
0.201319
0.200168
0.199346
0.199182
0.197703
0.200332
0.197538
0.199018
0.199346
0.200332
0.200004
0.204934
0.202798
0.200825
0.201812
0.201647
0.200661
0.199182
0.200825
0.199346
0.200168
0.199182
0.201647
0.195237
0.197374
0.199018
0.201154
0.201812
0.199346
0.201319
0.197703
0.200497
0.200004
0.202469
0.196388
0.200004
0.198031
0.197045
0.19721
0.19836
0.198689
0.197867
0.199182
0.199675
0.198196
0.195566
0.199182
0.194744
0.202305
0.200168
0.203126
0.197703
0.201154
0.199511
0.197867
0.199346
0.198524
0.199018
0.19721
0.197703
0.197374
0.199839
0.196717
0.201812
0.200332
0.199675
0.199675
0.200497
0.198031
0.199346
0.201154
0.197374
0.196881
0.19836
0.19721
0.196388
0.201483
0.198689
0.200497
0.196717
0.19573
0.19721
0.198689
0.196552
0.201319
0.198853
0.200004
0.197703
0.19721
0.198031
0.194744
0.195402
0.196059
0.198196
0.196717
0.200332
0.19721
0.200332
0.199018
0.198524
0.197538
0.20099
0.199675
0.199346
0.205921
0.194909
0.199675
0.19721
0.199182
0.199182
0.19836
0.198031
0.199018
0.192443
0.195402
0.19836
0.197045
0.199182
0.200661
0.200332
0.200168
0.202305
0.196223
0.199839
0.19721
0.197374
0.201483
0.201976
0.196223
0.199675
0.196223
0.196881
0.198031
0.198031
0.199182
0.197538
0.201976
0.197703
0.197045
0.196717
0.199839
0.199018
0.200332
0.200661
0.197703
0.194744
0.199511
0.196552
0.198031
0.199675
0.199839
0.201154
0.200168
0.203948
0.202305
0.200497
0.20099
0.201319
0.198524
0.197703
0.199675
0.202305
0.202305
0.197045
0.198524
0.20099
0.197867
0.199182
0.193922
0.197045
0.195895
0.195895
0.199839
0.197867
0.200497
0.198689
0.198689
0.199675
0.196388
0.198196
0.198524
0.199182
0.196388
0.199675
0.197867
0.197538
0.196881
0.197374
0.19573
0.196717
0.195073
0.199182
0.19836
0.199675
0.202305
0.199346
0.19836
0.201647
0.199346
0.197703
0.19836
0.197045
0.197867
0.19721
0.198524
0.199018
0.199346
0.197045
0.199839
0.199839
0.200004
0.201154
0.198689
0.200168
0.196717
0.198031
0.200661
0.201483
0.192936
0.202962
0.194416
0.199018
0.197374
0.199018
0.199182
0.200497
0.198853
0.200825
0.201483
0.199839
0.200004
0.197374
0.198853
0.197703
0.197045
0.195073
0.198524
0.193758
0.198031
0.200661
0.201154
0.199511
0.199839
0.198689
0.202962
0.201483
0.195237
0.20099
0.197538
0.201483
0.198689
0.199675
0.200497
0.20099
0.197703
0.199182
0.201154
0.197703
0.199346
0.202469
0.200661
0.200497
0.202469
0.200168
0.203291
0.201483
0.201319
0.199839
0.198689
0.200825
0.201647
0.198031
0.198689
0.199346
0.200004
0.199511
0.201154
0.19836
0.197045
0.202962
0.198196
0.202469
0.199018
0.199182
0.198524
0.197374
0.19836
0.195566
0.193101
0.196552
0.196717
0.200332
0.200661
0.199675
0.200497
0.202798
0.201319
0.200661
0.199675
0.199182
0.197867
0.201154
0.199182
0.200004
0.20099
0.198524
0.19836
0.200332
0.199675
0.200004
0.199346
0.199839
0.199346
0.20099
0.199675
0.202962
0.199839
0.197867
0.198196
0.196388
0.196223
0.195566
0.198524
0.197045
0.201154
0.19836
0.200497
0.19836
0.20099
0.200661
0.205263
0.198031
0.200004
0.198689
0.201483
0.198853
0.200332
0.199675
0.201647
0.201812
0.202469
0.202633
0.193265
0.199182
0.197374
0.197867
0.198196
0.200004
0.199018
0.200825
0.198689
0.200168
0.194744
0.197538
0.20099
0.19836
0.201647
0.196059
0.200332
0.197045
0.201319
0.196717
0.195566
0.186855
0.199182
0.199018
0.202469
0.200004
0.201154
0.204113
0.19573
0.20214
0.199018
0.200004
0.190307
0.198853
0.197867
0.196717
0.197867
0.198031
0.198196
0.197867
0.200332
0.199839
0.197703
0.195895
0.199346
0.196717
0.197374
0.193758
0.194909
0.197374
0.19573
0.198196
0.19836
0.197703
0.19836
0.197538
0.19721
0.200168
0.198853
0.199346
0.200825
0.200497
0.200332
0.202469
0.199182
0.20099
0.198689
0.199839
0.197703
0.200497
0.196717
0.199675
0.197703
0.196552
0.19836
0.196717
0.199675
0.19836
0.203784
0.20099
0.202469
0.200497
0.201319
0.199018
0.200497
0.199675
0.199346
0.199018
0.196717
0.200661
0.199182
0.197374
0.197045
0.198689
0.195073
0.19836
0.200168
0.202962
0.205592
0.203126
0.202305
0.199182
0.201319
0.199346
0.20099
0.200004
0.206742
0.19721
0.200661
0.200168
0.199675
0.200332
0.200332
0.198853
0.202469
0.20099
0.200661
0.202798
0.200004
0.199346
0.197867
0.201483
0.201319
0.203126
0.200004
0.201319
0.198689
0.196552
0.197867
0.201976
0.200825
0.198853
0.204277
0.200004
0.202305
0.200825
0.202633
0.20099
0.200497
0.20099
0.201483
0.198524
0.199675
0.199182
0.200332
0.201976
0.201976
0.200168
0.200332
0.198524
0.199018
0.202798
0.200004
0.200168
0.204113
0.200332
0.200661
0.202962
0.200168
0.202962
0.200497
0.200825
0.203784
0.204441
0.203948
0.200661
0.202305
0.201976
0.202962
0.201319
0.201154
0.198689
0.200168
0.202305
0.20099
0.20099
0.202962
0.199346
0.19836
0.199182
0.198853
0.200332
0.19836
0.201647
0.203948
0.20099
0.200332
0.209372
0.200004
0.203126
0.202469
0.202305
0.20099
0.19836
0.205921
0.200004
0.196717
0.198196
0.203784
0.200168
0.206085
0.202469
0.20099
0.20477
0.206249
0.200332
0.202469
0.202962
0.203455
0.204277
0.200332
0.202469
0.201319
0.198853
0.199511
0.201154
0.200332
0.201647
0.20099
0.202962
0.20214
0.20477
0.199018
0.200825
0.202469
0.200004
0.200332
0.201976
0.20214
0.201647
0.201812
0.199018
0.201154
0.197703
0.201483
0.200661
0.202962
0.20214
0.20099
0.203291
0.20214
0.200825
0.203455
0.199511
0.197867
0.19458
0.195895
0.19836
0.195566
0.200825
0.198031
0.195895
0.199182
0.201647
0.199839
0.201812
0.200661
0.200004
0.201812
0.199018
0.201319
0.201976
0.200004
0.19836
0.200825
0.197374
0.199675
0.199675
0.198524
0.199839
0.197867
0.204113
0.205099
0.204277
0.199511
0.201483
0.198196
0.198689
0.20362
0.204113
0.199675
0.199675
0.201647
0.200497
0.200004
0.200332
0.200497
0.198853
0.201483
0.201319
0.198689
0.199018
0.199018
0.19573
0.195895
0.199675
0.200825
0.198689
0.202962
0.199346
0.197538
0.196881
0.20099
0.198853
0.201812
0.202469
0.199839
0.200661
0.200661
0.200825
0.198524
0.201154
0.199018
0.199675
0.20214
0.201976
0.198196
0.201319
0.199511
0.201812
0.197538
0.195073
0.201812
0.198524
0.200332
0.197703
0.201319
0.199675
0.199346
0.203126
0.203455
0.199182
0.20099
0.200825
0.199511
0.199839
0.203455
0.201154
0.198196
0.201976
0.199346
0.197867
0.196223
0.198853
0.196223
0.201154
0.200332
0.201976
0.204113
0.201154
0.199182
0.202798
0.204934
0.198031
0.20099
0.20099
0.198196
0.198031
0.201483
0.201319
0.201154
0.20099
0.201154
0.199182
0.200168
0.201812
0.200168
0.202305
0.198853
0.205592
0.206085
0.200168
0.19836
0.20214
0.200661
0.202469
0.201154
0.199346
0.200004
0.202305
0.205263
0.203291
0.204441
0.201483
0.20362
0.203126
0.201483
0.201812
0.200497
0.199839
0.201154
0.202633
0.199839
0.199511
0.204113
0.202305
0.200168
0.199182
0.202633
0.204934
0.199511
0.205099
0.201812
0.197867
0.201976
0.19836
0.198689
0.20099
0.199511
0.201319
0.199346
0.200661
0.204606
0.20099
0.20099
0.201976
0.204277
0.199839
0.204441
0.20362
0.205921
0.201647
0.202633
0.202469
0.200825
0.19836
0.203126
0.202469
0.195237
0.207728
0.202962
0.199182
0.202469
0.202469
0.202469
0.202305
0.198853
0.202798
0.202305
0.202305
0.203948
0.200497
0.200497
0.198524
0.20099
0.201647
0.200497
0.198196
0.200332
0.199675
0.201812
0.201483
0.199675
0.199018
0.205263
0.200332
0.202469
0.203455
0.196552
0.201976
0.200168
0.200004
0.201154
0.202962
0.199839
0.201647
0.199346
0.202798
0.198524
0.198031
0.202305
0.201976
0.202305
0.203126
0.200004
0.198853
0.199839
0.196059
0.199182
0.201319
0.200168
0.197374
0.202469
0.198689
0.20214
0.19573
0.199182
0.200661
0.198853
0.200825
0.19836
0.198031
0.199018
0.199675
0.195566
0.20099
0.197045
0.19836
0.197374
0.197867
0.197867
0.198853
0.19836
0.199511
0.204934
0.201812
0.197538
0.196059
0.202305
0.19836
0.194416
0.198031
0.198853
0.197045
0.195566
0.198196
0.197867
0.197538
0.193265
0.197374
0.198031
0.197045
0.199018
0.200497
0.197867
0.201483
0.197374
0.199346
0.206907
0.200332
0.196717
0.198524
0.19721
0.19573
0.197538
0.198689
0.199675
0.197538
0.200168
0.193758
0.199346
0.194744
0.200661
0.192608
0.194909
0.198031
0.19721
0.200168
0.198031
0.197374
0.185047
0.197867
0.196388
0.19836
0.200168
0.197045
0.197045
0.199511
0.197867
0.198689
0.200661
0.192279
0.196717
0.193594
0.202633
0.197867
0.19836
0.203784
0.193265
0.195566
0.203948
0.195566
0.198689
0.196552
0.197045
0.19721
0.200497
0.198031
0.201976
0.198689
0.197703
0.200332
0.197867
0.197867
0.195566
0.197045
0.196388
0.200168
0.195566
0.198689
0.198524
0.198524
0.19721
0.198689
0.196552
0.192115
0.194744
0.196059
0.200168
0.195073
0.197703
0.196881
0.200004
0.195895
0.198689
0.192772
0.192608
0.196059
0.196552
0.198524
0.198689
0.199675
0.196059
0.200168
0.198689
0.197703
0.197867
0.200661
0.19721
0.198524
0.196388
0.197867
0.196881
0.193101
0.199018
0.199182
0.194416
0.196388
0.198689
0.19458
0.197045
0.193429
0.196059
0.196223
0.198689
0.19836
0.198196
0.196717
0.197045
0.198689
0.197867
0.195237
0.19573
0.195237
0.199839
0.193922
0.192608
0.199182
0.193922
0.197867
0.198524
0.197867
0.196552
0.198524
0.196223
0.195402
0.194909
0.19721
0.199182
0.196388
0.198031
0.198524
0.197374
0.196717
0.197374
0.19458
0.202798
0.195566
0.20099
0.199018
0.197867
0.198031
0.201319
0.194251
0.196881
0.195566
0.196059
0.196388
0.192115
0.196881
0.196552
0.19573
0.201154
0.19836
0.195895
0.198196
0.197045
0.19721
0.197045

Kurve 2

-0.001169
0.006556
0.004255
0.006062
-0.001991
0.002611
-0.002484
0.002447
-0.000183
0.00294
0.001296
-1.9e-05
0.004419
0.001296
0.00146
-0.00347
0.00294
-0.001005
0.002775
0.00146
0.001625
-0.000183
0.002118
0.003597
-0.001991
-0.000347
-1.9e-05
-0.000347
0.002118
-0.001991
0.001296
-0.000347
0.002447
0.005241
0.005405
0.001296
-0.001334
0.000639
-0.002155
0.000474
-0.001498
-0.000347
-0.000512
-0.001334
-0.001662
-0.000347
-0.001334
-0.00232
-1.9e-05
-0.002648
0.001625
-0.002813
-0.00232
-0.002648
-0.00232
-0.000347
-0.001827
-0.001498
0.00031
0.000967
0.000639
0.001625
-0.001005
-0.001498
0.002775
-0.000512
0.00031
0.001625
0.000803
0.00031
0.001954
-0.001169
0.000474
-0.002648
-0.001498
-0.000183
0.000967
-0.002484
0.000146
-0.002648
-0.000841
-0.003306
-0.000676
-0.003963
0.00031
0.004912
0.002282
0.002118
-0.000347
-0.001662
-0.000347
-0.000512
-0.000347
-0.001005
-0.003635
-0.001991
-0.001169
-0.000841
-0.001991
-0.001169
-0.003635
-0.001169
-0.001498
0.000967
0.002611
0.002447
0.000639
0.000639
0.001625
-0.002484
0.000803
-0.001662
0.000639
-0.002648
-0.001169
-0.000512
0.000803
-0.000676
0.001625
-0.000512
-0.000512
0.002447
0.005241
-0.001662
-0.000183
0.002611
-0.00347
-0.000512
-0.00347
0.001789
0.000474
-1.9e-05
-0.002648
-0.000183
-0.005443
0.000474
-1.9e-05
0.000967
0.000146
-0.001662
0.003433
-0.002813
-0.004785
-1.9e-05
-0.002813
-0.004949
-0.001334
-0.003635
0.000146
-0.001169
0.000639
0.001789
0.003597
0.001954
0.00031
0.000639
-0.004456
0.00031
-0.002155
-0.000347
-0.001169
-0.001169
-0.001334
0.000146
-0.000512
-0.000183
0.000146
-0.002648
0.001132
-0.001334
0.00146
-0.000841
0.000967
0.000474
-0.001334
-0.001005
0.00031
0.000146
-0.002977
-0.00347
0.002611
-0.003963
-0.002813
-0.001498
-0.002648
-0.000183
-0.001005
-0.001005
-0.000512
0.002118
0.000803
-0.000347
-0.001662
-0.001662
-0.002648
0.002447
0.000639
-0.002648
-0.000512
0.000803
0.001296
0.003104
0.002118
0.000639
0.000639
-0.000183
0.007542
0.001132
0.00294
0.001132
0.00294
-0.000183
-0.000183
-0.000512
-0.001498
-0.000183
-0.00347
0.00146
-0.000512
-1.9e-05
-0.000512
-0.000841
-0.000347
0.001625
-0.002648
0.002611
-1.9e-05
0.000146
0.004419
-0.000676
-0.000347
-0.00232
0.000146
-0.001498
0.003268
-0.008237
0.006062
-0.004621
-0.003635
0.001132
0.000803
0.000474
0.000967
0.001789
-0.00232
-0.001827
-0.001662
-0.000841
-0.002813
-0.002648
0.003104
0.002118
-0.001498
-1.9e-05
-0.000676
0.000803
-0.001005
-0.002648
-0.000841
0.000967
0.001625
0.001132
0.001296
-0.000183
0.000474
-0.000347
-1.9e-05
-0.000841
-0.000841
-0.002484
0.001132
-0.000512
0.000639
-1.9e-05
0.000146
0.001132
0.00294
-0.001005
0.001625
0.001625
-0.000347
0.001954
0.000967
0.002611
0.000639
0.001625
-0.002484
0.005076
-0.002484
-0.003799
0.002611
0.000803
0.000803
0.00409
0.000639
-0.000841
0.001625
-0.002977
0.004255
-0.003799
0.000639
-0.002813
-0.003635
0.000146
0.000803
0.001132
-0.002977
-0.002977
0.002611
-0.000676
-0.001334
0.000146
0.00031
0.000474
-0.001334
0.005076
0.001296
0.002611
0.000639
-1.9e-05
-0.009716
-0.001334
0.000803
0.000639
0.000474
-0.002484
0.002118
-0.004949
-0.000512
-0.001169
-1.9e-05
-0.009551
-0.000512
0.003433
0.00294
0.00146
-0.001334
0.003926
-0.001005
-0.000347
0.00146
0.000474
-0.005771
-0.001827
-1.9e-05
-0.001991
-0.004621
-1.9e-05
0.000474
0.00146
-0.000347
0.000803
-0.002648
0.000803
-0.001169
-0.000512
0.00146
-0.002813
0.006062
0.000146
0.000803
0.000474
0.000803
-0.001005
0.003104
0.001789
0.00294
-0.002155
0.000967
0.001789
0.000967
0.001296
0.001296
-0.000347
0.001132
0.002118
-0.000183
-0.001334
-0.001498
-0.001169
0.000803
0.003433
-0.003635
0.002447
0.006391
0.004748
0.002775
0.000967
0.002611
-0.001662
0.003268
0.001625
-0.001498
-0.005114
-0.000841
-0.000183
0.001132
0.001296
-0.000347
0.006556
-0.002484
0.000967
0.001132
0.002611
-0.001662
0.003597
0.002447
0.002447
0.005569
0.003268
-0.002648
0.002611
-0.000512
0.00409
0.000967
-0.001005
0.003597
0.002118
0.005076
0.000967
0.007377
0.001296
0.000639
0.004419
0.003926
0.001954
0.004912
0.003597
0.002775
0.003761
0.001296
0.004255
0.00031
0.004255
0.004583
0.005076
0.00409
0.003104
0.004583
0.00409
0.00294
0.003268
0.004419
0.004748
0.000639
0.00409
0.00031
-0.002155
0.00031
0.000803
0.000803
0.000474
0.005241
0.002447
0.002118
-1.9e-05
0.004748
0.001625
0.000803
-0.001169
0.000803
0.005734
-0.001169
0.002447
0.003104
0.000803
-0.002813
0.00409
-0.000183
-0.000183
0.00031
0.001625
0.001132
0.001789
-1.9e-05
0.000146
-0.000512
0.001296
-0.001005
-0.002813
0.000639
0.000474
-1.9e-05
-0.000347
0.003597
-1.9e-05
0.00294
-0.000183
0.000967
0.000146
0.000803
-0.000183
-0.000512
0.004583
-0.004128
-0.000841
-0.001498
-0.001662
-0.001827
-0.001334
-0.003635
-0.005278
-0.001005
-0.001827
-0.000183
0.000474
-0.000183
0.00294
0.001954
0.002775
0.00294
0.000474
0.001625
-0.000183
0.00031
-0.001498
0.000474
-0.004128
-0.000183
-0.001498
-0.002648
-0.001662
-0.002155
0.002611
-0.002813
-0.001169
-0.002648
-0.000841
-0.000676
0.001789
-0.002155
-0.000841
-0.000676
-0.002484
-0.000183
0.00146
-0.000676
-0.003799
0.000474
-0.002648
-0.000512
-0.001334
-0.004949
-0.005607
-0.001991
-0.00232
-0.000841
-0.004128
-0.001991
-0.00232
-0.00347
-0.003306
-0.003306
-0.002484
-0.003142
-0.001169
-0.001169
0.000146
-0.001991
-0.001827
0.003268
-0.000512
0.002611
0.00146
-0.001005
-0.000347
0.000803
-0.001662
-1.9e-05
-0.001334
-1.9e-05
-0.000841
0.000967
0.00146
0.002611
-0.002813
-0.000347
-0.001334
0.00031
0.002611
-0.000183
0.002447
0.000639
0.001132
0.002611
0.001954
-0.002648
-0.000347
-0.001169
-0.000183
-0.00347
-0.001662
-0.003306
-0.0061
0.000474
-0.002648
-0.001498
-0.000512
0.000474
0.001296
0.000803
-0.003142
-0.000676
-0.002484
0.000146
-0.000676
0.000967
-0.003142
-1.9e-05
-0.001662
0.000146
-0.003306
-0.002813
-0.001169
0.000474
-0.000183
0.000474
0.002118
-0.000512
-1.9e-05
0.00146
0.001789
-0.002155
-0.000347
-0.002484
0.002775
-0.000347
0.000474
-0.000676
0.000967
0.000639
-1.9e-05
-0.001005
0.00146
0.002447
-0.001334
-0.000183
-0.002484
0.004748
-0.007579
-0.000183
-0.000347
-0.001334
-0.003306
-0.002813
-0.001169
-0.003963
-1.9e-05
-0.000512
-0.00232
0.005076
0.001789
-0.002155
0.001954
-0.002977
0.000639
0.001789
-0.001991
0.001954
0.000146
-0.000183
-1.9e-05
-0.001991
0.001296
0.002775
0.002611
0.000474
-1.9e-05
0.002611
0.00146
0.000967
0.002118
-0.005607
-0.00347
0.000967
0.000803
-0.000183
-0.000841
0.000639
0.000474
0.000474
0.001954
0.000474
0.001296
-0.003142
0.000474
-1.9e-05
0.000967
0.00146
0.002118
0.001789
0.003104
0.002447
-0.000512
-0.00347
0.000803
-0.000512
-0.000183
-0.00232
-0.000676
0.006884
0.005241
0.003268
0.001132
0.00294
0.000803
-0.000347
0.001625
0.000474
0.000967
0.000639
0.000146
0.003268
0.008199
-0.000183
0.004748
-0.000183
-0.000676
-0.000512
0.00031
0.001296
0.003761
-0.000183
0.00294
0.004255
0.000474
0.002118
-0.000183
0.000146
-0.001169
0.002611
-0.002648
0.001789
-0.001498
0.000639
0.000474
-1.9e-05
0.00146
0.002775
0.002775
0.000639
0.000803
-0.002484
0.001789
-0.002155
0.003597
-0.00232
0.001132
-1.9e-05
0.001296
0.000803
0.005734
0.01313
0.020197
0.0271
0.038112
0.046001
0.045344
0.05652
0.0603
0.067203
0.072463
0.0769
0.086269
0.086269
0.087748
0.097938
0.099417
0.102869
0.109936
0.113552
0.118647
0.11651
0.123085
0.124893
0.129495
0.130809
0.134918
0.139192
0.138534
0.144122
0.145273
0.144615
0.151518
0.153819
0.150039
0.154806
0.154312
0.159736
0.158586
0.159736
0.163023
0.164338
0.163352
0.171899
0.16779
0.170913
0.171077
0.16894
0.172392
0.17157
0.170748
0.175186
0.177815
0.176501
0.187019
0.177651
0.181103
0.182746
0.183732
0.184883
0.184554
0.180938
0.190142
0.183239
0.183404
0.1908
0.184554
0.187513
0.188499
0.1908
0.187348
0.191457
0.187184
0.191621
0.190471
0.1908
0.18932
0.192608
0.191457
0.19195
0.193594
0.193265
0.195895
0.187019
0.19573
0.193594
0.194744
0.183404
0.192115
0.19458
0.196223
0.194087
0.192443
0.195566
0.194087
0.193265
0.194087
0.197703
0.18817
0.197045
0.198524
0.194416
0.195566
0.198689
0.194909
0.197374
0.196881
0.196717
0.198031
0.198031
0.197045
0.197538
0.197867
0.196223
0.195073
0.196717
0.200661
0.196059
0.197045
0.200004
0.199346
0.196388
0.199511
0.197538
0.19836
0.199018
0.195237
0.199839
0.19836
0.200168
0.198689
0.195073
0.196717
0.201976
0.199675
0.200332
0.200004
0.199675
0.198524
0.198031
0.201154
0.198689
0.197538
0.193922
0.195237
0.196223
0.196552
0.19721
0.202469
0.199675
0.202305
0.205427
0.203291
0.201319
0.201154
0.20099
0.19836
0.199511
0.19836
0.197374
0.19721
0.201483
0.199511
0.200004
0.199675
0.203455
0.205592
0.205592
0.202962
0.204113
0.201319
0.199675
0.199839
0.200004
0.199675
0.198689
0.201154
0.198031
0.198689
0.199018
0.19721
0.201154
0.202633
0.200168
0.203126
0.201319
0.203126
0.20362
0.198853
0.199839
0.197867
0.200168
0.19836
0.198031
0.196388
0.200004
0.200825
0.199839
0.201976
0.200168
0.20214
0.198524
0.198853
0.200661
0.200661
0.20099
0.203126
0.199018
0.200332
0.202633
0.201319
0.197374
0.200168
0.199675
0.199018
0.19836
0.19573
0.197374
0.199182
0.199182
0.203126
0.201812
0.200332
0.20099
0.19836
0.199018
0.193265
0.20214
0.194744
0.196552
0.199018
0.200825
0.205099
0.19573
0.201647
0.19836
0.20099
0.201647
0.202469
0.19836
0.20099
0.197867
0.20099
0.197538
0.19836
0.198031
0.200168
0.201154
0.199675
0.202469
0.19836
0.202469
0.200661
0.200825
0.198524
0.204441
0.202798
0.204606
0.199018
0.201319
0.201812
0.200825
0.201319
0.200497
0.199511
0.198524
0.199018
0.199182
0.200497
0.199182
0.199346
0.200332
0.201483
0.199839
0.202962
0.202962
0.20214
0.202305
0.202305
0.197538
0.199346
0.199182
0.199839
0.202962
0.197703
0.202798
0.198689
0.199018
0.201319
0.200332
0.199511
0.198031
0.20099
0.198689
0.202305
0.199018
0.200661
0.19721
0.196717
0.199018
0.200661
0.198031
0.201483
0.198031
0.200497
0.20099
0.198196
0.197867
0.197703
0.201483
0.198524
0.200168
0.200497
0.200004
0.199182
0.202633
0.200825
0.20214
0.198031
0.204277
0.198196
0.196388
0.199182
0.198689
0.200332
0.199018
0.196223
0.197867
0.196388
0.197374
0.202305
0.198031
0.203455
0.199182
0.200497
0.199018
0.197867
0.199182
0.198853
0.199675
0.199182
0.200825
0.197045
0.199675
0.199018
0.199346
0.199675
0.202962
0.199018
0.202798
0.201647
0.199839
0.199182
0.199839
0.199839
0.201976
0.202469
0.205921
0.20362
0.202798
0.202469
0.201812
0.200661
0.20214
0.203455
0.198689
0.204277
0.201319
0.198853
0.199018
0.199346
0.197374
0.201647
0.200004
0.200168
0.197703
0.199675
0.201812
0.202798
0.204113
0.198689
0.203126
0.202962
0.200332
0.201483
0.200661
0.198689
0.200332
0.199018
0.197867
0.197045
0.195237
0.202962
0.196388
0.198689
0.197538
0.201976
0.20099
0.201976
0.198853
0.203291
0.198853
0.198853
0.201812
0.200825
0.198031
0.197045
0.201976
0.199675
0.201319
0.199839
0.200004
0.200825
0.200661
0.203126
0.201319
0.200661
0.202305
0.202798
0.201319
0.201976
0.195895
0.203126
0.199182
0.203455
0.202798
0.20214
0.199182
0.199018
0.19573
0.197045
0.200168
0.199839
0.20099
0.200825
0.204441
0.201154
0.202633
0.199511
0.201976
0.196223
0.196552
0.199182
0.199182
0.194251
0.198689
0.200825
0.201483
0.20099
0.200661
0.199675
0.201812
0.202962
0.199839
0.206085
0.200004
0.200168
0.201154
0.199182
0.199346
0.202469
0.198853
0.205592
0.198031
0.199675
0.201812
0.199839
0.201812
0.201812
0.205099
0.200825
0.203455
0.203455
0.20099
0.201319
0.201976
0.193922
0.200497
0.199018
0.201976
0.205427
0.199675
0.203291
0.200332
0.200825
0.200168
0.202305
0.199511
0.201647
0.200825
0.20477
0.200004
0.200332
0.199511
0.198524
0.201647
0.196059
0.20099
0.197867
0.201976
0.199839
0.202305
0.200168
0.200332
0.201976
0.202633
0.20362
0.204113
0.199018
0.199675
0.199675
0.198524
0.200661
0.196717
0.202633
0.199182
0.201483
0.196388
0.19836
0.197867
0.202469
0.199675
0.202633
0.200661
0.196223
0.198031
0.196717
0.201647
0.185705
0.197703
0.195895
0.198196
0.197374
0.202798
0.197538
0.200168
0.199839
0.200497
0.201154
0.196881
0.200004
0.199675
0.200168
0.19836
0.200497
0.200168
0.199675
0.200332
0.198853
0.197374
0.201154
0.19836
0.204113
0.203291
0.200168
0.202305
0.200825
0.201647
0.205921
0.205263
0.201976
0.20214
0.199511
0.202469
0.200332
0.200497
0.200004
0.200332
0.196059
0.199675
0.202305
0.199346
0.201319
0.19836
0.197538
0.202469
0.202469
0.197374
0.204606
0.19836
0.199182
0.203291
0.20362
0.200004
0.202798
0.197538
0.198689
0.199346
0.196717
0.201647
0.194251
0.199839
0.199511
0.20099
0.198689
0.204441
0.200332
0.202469
0.200661
0.200332
0.201319
0.197538
0.201976
0.202305
0.202469
0.200332
0.204441
0.199839
0.198689
0.200825
0.201483
0.201647
0.202305
0.201319
0.202798
0.204113
0.200004
0.203784
0.20477
0.201647
0.200332
0.202633
0.199346
0.200004
0.200332
0.204606
0.201647
0.203126
0.203126
0.202305
0.202305
0.202469
0.201319
0.19721
0.200825
0.201647
0.201483
0.201319
0.200168
0.201154
0.200004
0.19721
0.198031
0.199675
0.200332
0.201154
0.205921
0.202469
0.202633
0.203291
0.204277
0.204934
0.200332
0.200661
0.201647
0.20214
0.198689
0.201483
0.197867
0.200332
0.201647
0.200661
0.201154
0.202469
0.20214
0.203784
0.203784
0.20214
0.203455
0.203455
0.204113
0.20099
0.204113
0.20362
0.203291
0.200004
0.199018
0.203784
0.200168
0.203126
0.203455
0.201319
0.199182
0.206249
0.200825
0.204113
0.202469
0.20362
0.202469
0.202962
0.205756
0.200004
0.198524
0.20099
0.203291
0.202305
0.201976
0.201483
0.201812
0.203291
0.204606
0.206085
0.206742
0.201154
0.203126
0.202305
0.200497
0.203291
0.19836
0.197703
0.200661
0.200825
0.199839
0.203291
0.201154
0.20214
0.201154
0.201483
0.199675
0.20362
0.200661
0.202305
0.201483
0.201976
0.203948
0.197045
0.197045
0.198524
0.201647
0.194087
0.201976
0.198031
0.203291
0.202962
0.202469
0.201319
0.202962
0.199018
0.20362
0.20099
0.19836
0.197703
0.197374
0.199839
0.197374
0.197703
0.198524
0.201812
0.196223
0.202633
0.193429
0.201319
0.200168
0.202305
0.200332
0.199675
0.200825
0.200661
0.201154
0.196223
0.198031
0.199182
0.197374
0.19721
0.200332
0.197374
0.196552
0.198196
0.199182
0.201154
0.200497
0.19836
0.199182
0.200168
0.199346
0.197374
0.197703
0.195073
0.194416
0.201483
0.197867
0.198689
0.202305
0.199839
0.19573
0.200004
0.198196
0.19836
0.199839
0.198524
0.200004
0.195237
0.199182
0.196059
0.18932
0.187677
0.18817
0.18817
0.191128
0.187841
0.187513
0.186691
0.1908
0.191293
0.187513
0.193922
0.191457
0.194087
0.194744
0.190307
0.192443
0.195566
0.195237
0.193265
0.19458
0.19458
0.192115
0.193429
0.194416
0.195073
0.195073
0.196059
0.196717
0.197703
0.199675
0.193429
0.200004
0.194416
0.19573
0.194087
0.195566
0.195566
0.196552
0.191128
0.191128
0.196223
0.194416
0.200825
0.194416
0.195566
0.193101
0.193594
0.19721
0.193922
0.198196
0.199018
0.198524
0.19721
0.199839
0.199675
0.197045
0.195566
0.198196
0.195895
0.194744
0.196223
0.197374
0.196223
0.199018
0.195402
0.198196
0.197538
0.197374
0.198853
0.197703
0.192115
0.198853
0.198853
0.196223
0.198196
0.194909
0.199346
0.196223
0.199675
0.199182
0.199675
0.195895
0.200661
0.199511
0.199675
0.201483
0.192936
0.199346
0.197538
0.197374
0.201154
0.199182
0.198031
0.202469
0.197374
0.197703
0.196223
0.201319
0.198524
0.197703
0.196717
0.19836
0.19836
0.198689
0.204441
0.200661
0.200825
0.200332
0.202305
0.196881
0.201483
0.197867
0.199675
0.19721
0.196388
0.201812
0.19836
0.199346
0.200332
0.203784
0.19836
0.202305
0.200004
0.198524
0.198853
0.200825
0.201483
0.202305
0.199182
0.203784
0.203784
0.199182
0.201647
0.198031
0.199346
0.200661
0.20214
0.202469
0.202798
0.199839
0.206414
0.202305
0.200497
0.20099
0.200661
0.19836
0.197374
0.199346
0.197374
0.200825
0.196388
0.199675
0.198031
0.200168
0.200004
0.202798
0.200332
0.201647
0.204606
0.199018
0.202633
0.199675
0.199511
0.196059
0.19573
0.195895
0.198524
0.197703
0.19836
0.19836
0.19721
0.179295
0.17798
0.179295
0.182253
0.17798
0.180445
0.180774
0.17798
0.181431
0.186691
0.183897
0.183568
0.186033
0.184225
0.194416
0.184061
0.189814
0.18817
0.189649
0.191293
0.192936
0.18817
0.190307
0.189156
0.18817
0.193758
0.188827
0.191128
0.190307
0.194251
0.192443
0.191293
0.1908
0.195895
0.197045
0.191786
0.192772
0.195237
0.19721
0.195895
0.197867
0.194744
0.193922
0.198524
0.198689
0.195566
0.198689
0.18439
0.19573
0.196552
0.194744
0.197374
0.19836
0.198689
0.195895
0.200661
0.197538
0.199675
0.184718
0.187677
0.190142
0.1908
0.191621
0.193265
0.191293
0.189485
0.194909
0.191457
0.193101
0.191457
0.191786
0.190635
0.195073
0.190471
0.194087
0.192443
0.196717
0.193101
0.195073
0.196717
0.195566
0.191621
0.194744
0.196881
0.195402
0.196388
0.196388
0.195566
0.198031
0.200004
0.195073
0.200004
0.199839
0.196717
0.19836
0.198031
0.198524
0.19573
0.195073
0.198196
0.197703
0.196388
0.200497
0.195073
0.19836
0.19721
0.198196
0.197045
0.199018
0.197045
0.19721
0.199511
0.196388
0.19836
0.197538
0.198689
0.197538
0.198031
0.198196
0.201483
0.196223
0.196223
0.200004
0.199839
0.196059
0.197703
0.199839
0.197374
0.199346
0.198031
0.20099
0.201812
0.199511
0.201483
0.200168
0.198031
0.200332
0.198031
0.198853
0.200004
0.199839
0.202305
0.199346
0.199839
0.201319
0.203126
0.198689
0.203291
0.196552
0.201976
0.199182
0.201154
0.196552
0.200825
0.19721
0.200004
0.200661
0.199511
0.203784
0.203948
0.201483
0.200168
0.203784
0.200332
0.201812
0.198689
0.202469
0.200825
0.202305
0.200825
0.202469
0.198524
0.201647
0.202305
0.199675
0.198853
0.202305
0.198524
0.197867
0.200004
0.202633
0.202633
0.201812
0.202798
0.198689
0.202798
0.201483
0.200497
0.202305
0.201483
0.199675
0.198689
0.199182
0.201154
0.20099
0.201647
0.204441
0.200661
0.203784
0.202633
0.202798
0.201976
0.202633
0.204606
0.201319
0.199839
0.200825
0.200825
0.200661
0.200332
0.200332
0.203948
0.202469
0.205592
0.203291
0.204441
0.201976
0.202469
0.202798
0.20214
0.202798
0.202633
0.204606
0.205263
0.204934
0.199839
0.204441
0.195566
0.19836
0.200497
0.202469
0.202469
0.206249
0.203948
0.204277
0.206907
0.202962
0.203455
0.202469
0.20362
0.201154
0.207564
0.206578
0.206085
0.204113
0.204441
0.205099
0.204606
0.202962
0.205263
0.204441
0.205427
0.205592
0.20362
0.206249
0.203784
0.205263
0.202962
0.203455
0.202305
0.200168
0.201647
0.205592
0.200825
0.204934
0.205099
0.205592
0.205592
0.205099
0.206414
0.203126
0.205427
0.202962
0.202633
0.201319
0.202305
0.20362
0.199182
0.200168
0.209536
0.204441
0.202305
0.204606
0.204441
0.205427
0.201812
0.2074
0.20362
0.205756
0.203455
0.207071
0.202469
0.202305
0.201976
0.203948
0.202962
0.202962
0.20099
0.20362
0.203455
0.205263
0.203126
0.20362
0.203455
0.202305
0.205592
0.201812
0.201647
0.202962
0.203126
0.203126
0.20477
0.200661
0.201483
0.201319
0.198031
0.200825
0.19836
0.065067
0.016581
0.004748
0.003761
0.013623
0.021676
0.028251
0.034168
0.042221
0.047152
0.04896
0.055041
0.065231
0.070983
0.074435
0.08331
0.086926
0.089885
0.094651
0.101061
0.103033
0.106813
0.105827
0.117168
0.119469
0.119633
0.124893
0.126043
0.128015
0.130316
0.134261
0.136562
0.142314
0.14215
0.146588
0.147903
0.14971
0.148724
0.152176
0.154477
0.155463
0.157928
0.156613
0.159079
0.16138
0.165324
0.159243
0.162037
0.16516
0.170091
0.167461
0.172392
0.170255
0.172227
0.17157
0.176994
0.179623
0.174528
0.178966
0.176336
0.181267
0.178473
0.180445
0.18176
0.181596
0.18176
0.186526
0.186362
0.19195
0.188827
0.185869
0.191293
0.186526
0.187513
0.188663
0.189649
0.188663
0.194251
0.191128
0.191293
0.189814
0.192608
0.189978
0.191786
0.190964
0.1908
0.192608
0.191128
0.198196
0.195073
0.193101
0.194909
0.195566
0.192936
0.195237
0.193265
0.196059
0.192936
0.196059
0.011322
0.021183
0.024799
0.033181
0.040084
0.047316
0.050768
0.057177
0.062437
0.066053
0.074435
0.079859
0.094651
0.090049
0.095308
0.099746
0.105005
0.107964
0.111908
0.114045
0.120948
0.12177
0.126536
0.130645
0.129495
0.132946
0.135904
0.138863
0.139356
0.14478
0.146095
0.147245
0.150039
0.15119
0.15497
0.156942
0.155299
0.158914
0.160394
0.159736
0.16253
0.16253
0.163681
0.167297
0.169762
0.168447
0.172063
0.170584
0.172885
0.173542
0.170913
0.17535
0.175679
0.176008
0.175679
0.179459
0.174364
0.179295
0.178637
0.17913
0.182911
0.183239
0.183897
0.184225
0.184554
0.186362
0.186691
0.186691
0.182089
0.189649
0.187019
0.183897
0.187677
0.186362
0.190471
0.186198
0.190471
0.189156
0.187348
0.19195
0.191621
0.192279
0.192115
0.192279
0.191128
0.19573
0.192115
0.194744
0.190964
0.191293
0.191293
0.193429
0.192115
0.196881
0.192279
0.189978
0.197703
0.194744
0.198196
0.199182
0.196223
0.194744
0.197374
0.196552
0.201483
0.193265
0.195237
0.19195
0.195895
0.196059
0.192608
0.193922
0.19573
0.19573
0.198524
0.196223
0.194251
0.195895
0.195402
0.198524
0.194087
0.201154
0.195402
0.197374
0.198031
0.196059
0.188827
0.195237
0.19721
0.197703
0.198196
0.197374
0.199675
0.19721
0.201647
0.199346
0.199675
0.190471
0.197045
0.199675
0.197538
0.19721
0.198853
0.19573
0.195895
0.198031
0.194744
0.200332
0.194087
0.194251
0.196881
0.20099
0.201154
0.197703
0.19721
0.199839
0.199839
0.197867
0.194251
0.197374
0.197703
0.19458
0.196881
0.196059
0.199511
0.198031
0.199839
0.201647
0.202798
0.199346
0.205921
0.197538
0.198196
0.204277
0.195566
0.200332
0.197867
0.200497
0.198524
0.200497
0.198196
0.199346
0.199839
0.198689
0.19836
0.200497
0.198853
0.201976
0.200332
0.201319
0.200168
0.198689
0.200825
0.195402
0.198689
0.200332
0.201647
0.197703
0.201812
0.198196
0.193758
0.197045
0.201483
0.199018
0.199018
0.197703
0.196223
0.198853
0.197045
0.194909
0.198853
0.200332
0.198689
0.200497
0.199346
0.200004
0.198524
0.199839
0.197045
0.197045
0.201319
0.196717
0.203291
0.200332
0.203126
0.200004
0.201647
0.200825
0.204277
0.196223
0.199018
0.199839
0.199346
0.199182
0.197374
0.202798
0.19836
0.20362
0.200497
0.200168
0.198689
0.199511
0.198196
0.200497
0.198196
0.19836
0.200661
0.200168
0.19836
0.201976
0.201647
0.19836
0.200825
0.199511
0.200168
0.198031
0.200168
0.199018
0.200332
0.201483
0.200497
0.200168
0.201483
0.201483
0.20099
0.201154
0.200004
0.198196
0.198853
0.201483
0.200825
0.204606
0.203126
0.199182
0.200825
0.203126
0.199182
0.20362
0.202469
0.202305
0.203291
0.201483
0.205263
0.197374
0.202962
0.20099
0.198689
0.200825
0.202633
0.20362
0.201647
0.198853
0.203126
0.201976
0.204113
0.200661
0.201647
0.203455
0.201483
0.201647
0.205263
0.205592
0.201647
0.205756
0.199182
0.201154
0.199675
0.200332
0.201154
0.198524
0.200004
0.198853
0.203948
0.20099
0.204113
0.200168
0.199839
0.201154
0.200825
0.201976
0.20099
0.204441
0.198853
0.198031
0.202469
0.200004
0.201483
0.20477
0.201483
0.202962
0.201483
0.20362
0.202798
0.204934
0.201319
0.202633
0.20362
0.203455
0.201154
0.202798
0.20099
0.199346
0.202469
0.204113
0.203948
0.202305
0.20214
0.203948
0.205099
0.201154
0.207728
0.204934
0.205427
0.202305
0.200168
0.202633
0.202798
0.197867
0.201319
0.20214
0.197374
0.199346
0.200497
0.201319
0.201154
0.200004

Kurve 3

-0.017441
-0.016619
-0.012346
-0.015633
-0.017605
-0.012674
-0.01629
-0.016454
-0.01629
-0.017112
-0.017441
-0.015304
-0.017441
-0.018262
-0.019249
-0.016948
-0.018755
-0.016454
-0.017769
-0.016619
-0.018427
-0.021714
-0.019906
-0.018591
-0.019084
-0.020563
-0.016948
-0.014811
-0.022371
-0.020235
-0.019577
-0.019742
-0.017769
-0.020728
-0.015797
-0.016454
-0.015468
-0.014975
-0.016948
-0.01629
-0.01892
-0.016454
-0.017934
-0.013989
-0.013825
-0.016948
-0.017605
-0.015304
-0.016783
-0.012017
-0.01366
-0.014647
-0.013825
-0.017441
-0.015304
-0.016454
-0.013167
-0.014482
-0.013167
-0.013496
-0.012839
-0.01629
-0.013003
-0.015304
-0.01366
-0.013003
-0.012839
-0.009551
-0.009387
-0.011195
-0.013825
-0.009716
-0.010702
-0.009223
-0.010866
-0.007744
-0.00725
-0.012346
-0.011031
-0.008072
-0.009716
-0.00988
-0.007744
-0.011031
-0.008237
-0.008072
-0.009551
-0.009223
-0.008401
-0.007579
-0.005278
-0.006264
-0.005443
-0.006429
-0.007744
-0.008237
-0.00725
-0.007086
-0.006757
-0.00873
-0.000841
-0.002977
-0.004621
-0.00347
-0.003799
-0.007744
-0.007415
-0.002813
-0.00725
-0.005114
-0.00873
-0.005443
-0.00347
-0.005771
-0.006264
-0.004949
-0.005607
-0.005278
-0.004456
-0.0061
-0.002648
-0.00232
0.000146
-0.00232
-1.9e-05
-0.003306
-0.006429
-0.007086
-0.004456
-0.004949
-0.003306
-0.001334
-0.005771
-0.001334
-0.005607
-0.003799
-0.004621
-0.001991
-0.005443
-0.000676
-0.004292
-0.002484
-0.001169
-0.001005
-0.000183
-0.001662
-0.001662
-0.000841
0.00146
-0.005607
-0.001827
-0.004128
-0.001169
-0.00347
0.001789
0.002447
-0.003142
-0.000841
-0.001005
0.001789
-0.001991
-0.001827
-0.001827
-0.001991
-0.003142
-0.000512
-0.000183
-0.001334
-0.005114
-0.001498
0.004912
0.00031
-0.000841
-1.9e-05
-0.000676
-0.001991
-0.001827
0.004912
0.003268
-0.004292
-0.001334
-0.003799
-0.003142
-0.004949
-0.001334
-0.00232
-0.000512
-0.000841
0.001789
-0.002484
-0.002484
-0.000841
-0.011688
0.000639
-0.002155
0.003104
-0.003635
0.000803
0.004748
0.002447
0.001132
-0.000512
-0.00232
-0.004785
-0.003799
0.001789
-0.002484
-0.000347
0.001789
0.000967
-0.000676
0.004912
0.001132
0.000474
-0.000183
-0.00232
-0.000512
-0.001169
-0.001005
-0.000841
0.00294
0.000474
-0.001991
0.000146
-0.001169
-0.002484
-0.000676
0.001625
-0.001005
-0.001498
-0.002648
0.00146
-0.003799
-0.001991
-0.001005
0.000639
-0.001334
-0.002155
-0.002977
-0.00347
-0.001334
-0.000841
0.000803
-0.003963
-0.000183
0.00031
-0.000512
-0.005443
0.003597
0.000639
0.000474
0.001789
-0.001827
-0.002155
-0.003306
0.004583
0.000146
0.001296
-0.002977
0.001296
-0.000512
0.001954
-0.000841
0.00031
-0.000841
-0.001005
-0.002977
0.003433
-0.000676
-0.001827
0.005898
-0.000183
-1.9e-05
-0.000512
-0.000512
-0.002648
-0.001991
-0.000676
-0.00232
-0.006429
-0.003142
-0.001169
-0.00232
-0.003963
-0.001662
-0.001827
-0.002648
-0.001005
-0.001827
0.000474
-0.000676
-0.000841
-1.9e-05
-0.000183
-0.002813
-0.000512
-0.003963
-0.002813
-0.001169
0.002611
-0.001827
0.000474
-0.000183
-0.002977
0.003104
0.00294
0.000146
-1.9e-05
0.000639
-0.003306
0.000146
-0.000676
0.000639
-0.003142
-0.000183
-0.001005
-0.00232
-0.001662
-0.001498
-0.000841
0.000474
0.005241
-0.000183
0.004583
0.000803
0.001132
-0.00232
0.001789
-0.002155
-0.004128
0.001132
-0.001169
0.000639
-0.001827
-0.00232
-0.001334
-1.9e-05
-0.002977
-0.000841
-0.000347
0.00146
-0.001827
0.000967
-0.000676
-0.000183
0.000639
-0.002813
-0.001334
-0.002977
-0.000183
-0.002813
0.000146
-0.000183
0.001625
0.002775
0.007377
-0.004621
0.003433
0.001625
-0.000841
0.00031
-0.001827
-0.001334
-0.001169
-0.001005
-0.004456
0.00146
-0.002155
-0.000676
-0.001498
0.00146
0.002118
0.001954
0.000967
0.00146
0.000639
-0.000183
0.002775
-0.003142
-0.001991
0.002118
-0.001662
-0.005114
0.000146
-0.001827
-0.000676
-0.002484
0.000967
0.00031
0.001296
0.001132
0.001789
0.001954
-0.002484
0.001132
0.002282
0.001296
-0.003635
0.000474
-0.001005
-0.002484
0.002447
-0.000183
-0.001991
0.003104
0.00409
0.001789
0.001132
0.001625
-0.000347
0.002118
0.001296
-1.9e-05
-0.001827
-0.002648
-0.000512
-0.002484
0.002447
-0.001169
-0.001005
-0.002648
0.001132
0.002611
0.000967
0.001789
-0.001662
0.00031
0.000967
-0.000183
-0.004292
-0.002155
0.00031
-0.005607
-0.002155
-0.001005
0.000803
-0.001334
-0.000512
-0.000676
0.000967
-0.002484
0.00031
0.001132
0.000803
-0.002484
0.001789
-1.9e-05
-0.000183
-0.000512
-1.9e-05
-0.002155
-1.9e-05
-0.001662
0.001132
-0.001498
-0.003963
-1.9e-05
-0.001827
0.000803
0.000967
0.000146
-0.001827
0.000474
-0.002648
-1.9e-05
-0.000512
-1.9e-05
-0.001334
0.002282
-0.002484
-0.002813
-0.004292
-0.001991
-0.000183
-0.00347
0.001954
-0.000347
0.000474
-0.001005
-0.000512
-0.002648
-0.001991
-0.005443
-0.003963
-0.000841
-0.002977
0.001132
0.001954
0.002282
-0.003142
0.002775
-0.002977
0.000474
-0.005114
-0.00232
-0.000841
-0.001334
0.003926
0.001625
-0.000183
-0.000183
0.001296
-0.001005
0.002282
-0.001498
-0.001662
-0.004785
-0.000347
0.00031
-0.003142
-0.001169
-0.000512
-0.000676
0.001954
-0.001334
-0.003799
0.001132
0.000474
-0.001991
0.002282
0.002118
-0.0061
-0.001662
0.000146
-0.002484
-0.00232
-0.000512
-0.002813
0.000803
-0.001662
0.002282
-0.001498
-0.003306
0.001954
-0.001005
0.000474
-0.001662
0.001625
-0.001169
0.000639
-0.001498
-0.000183
0.000146
-0.002813
-1.9e-05
-0.001005
-0.000183
-0.000183
0.001296
-0.001169
0.002611
0.00031
0.003433
-0.001169
-0.001662
0.000803
0.001789
0.000146
-0.001827
-0.002155
-0.000183
-0.001169
0.000803
0.002282
-1.9e-05
0.002775
-0.002155
0.008363
-0.002813
0.000803
0.003104
-0.000347
-0.003306
0.002447
-0.001662
-0.000841
-0.001498
-0.000183
0.00146
-0.001005
0.001625
-0.003799
-0.000183
0.002282
0.003433
0.00146
0.002118
0.001954
0.003104
-0.000512
-0.000841
-0.000347
0.00409
0.000474
0.000474
0.003433
0.001132
0.002447
-0.001169
0.001954
-0.000183
0.000967
0.000474
0.002775
0.000803
0.002118
0.00294
-0.000347
0.003761
0.000967
0.001625
-0.001005
-0.000512
-0.001498
0.002118
-0.001498
0.000146
0.001296
0.00031
0.002118
0.005569
0.004419
0.003104
-0.000347
0.00146
0.000803
-0.001169
0.001132
0.001789
-0.005771
-0.000183
-0.001498
-0.002155
0.001789
-0.001991
0.000639
0.000474
-0.001005
0.000146
0.000474
0.001296
-0.000676
0.004748
0.000146
0.002447
0.001132
0.000474
-0.001498
0.000639
-0.001169
-1.9e-05
-0.000676
0.002118
0.001789
0.004583
0.00146
0.000474
0.001954
0.001954
0.001132
0.00294
-0.000512
0.000639
0.001132
-0.002813
0.000967
0.00146
-0.000676
0.001132
-0.003142
0.001296
0.000967
0.004255
-0.001498
0.002282
0.001789
0.002611
0.005076
0.001789
-1.9e-05
-0.003142
-0.002977
-0.002155
0.000146
-0.005607
-0.005607
-0.002813
-0.001498
0.00409
-1.9e-05
-0.003142
-0.000347
0.000967
0.000803
0.001132
0.000146
0.001954
0.000967
0.00031
0.00031
-0.00232
-0.002155
-1.9e-05
-0.000676
0.000146
0.000639
-0.001169
-0.000841
0.003104
-0.000347
-0.004949
-0.001991
0.002447
-0.001498
-0.000841
0.001296
-0.000347
-0.00347
-0.000347
0.000146
-0.002155
-0.007908
-0.0061
0.001132
-0.005771
0.00031
0.00146
0.002282
0.000967
0.00146
0.001132
-0.002155
-0.002484
-0.003306
-0.003306
-0.006264
-0.00347
-0.001169
0.003761
-0.003142
0.00031
-0.001498
0.003597
0.001625
-0.001005
0.001132
0.00031
0.001954
0.00031
-0.001005
-0.001169
0.005569
0.012308
0.018389
0.024142
0.035318
0.037948
0.047316
0.054548
0.061286
0.065395
0.071477
0.077558
0.083146
0.088405
0.089556
0.094487
0.098431
0.103691
0.106485
0.112566
0.115524
0.12292
0.120291
0.124564
0.129495
0.129823
0.13574
0.135411
0.134918
0.141164
0.144615
0.141821
0.148396
0.14971
0.152998
0.152998
0.159572
0.161544
0.159736
0.162202
0.161873
0.162695
0.163023
0.171406
0.169105
0.169926
0.169105
0.169926
0.175021
0.174857
0.176336
0.174693
0.178802
0.179623
0.178473
0.181596
0.179788
0.180774
0.18176
0.184883
0.183075
0.179459
0.183897
0.184718
0.187019
0.185869
0.189814
0.186526
0.189156
0.189814
0.191128
0.189156
0.187841
0.189156
0.190142
0.190964
0.193758
0.200332
0.192443
0.193758
0.1908
0.195237
0.189978
0.196059
0.192279
0.192608
0.196881
0.193265
0.196717
0.195073
0.196717
0.19573
0.198524
0.192608
0.19721
0.19573
0.197538
0.193922
0.19458
0.200332
0.196223
0.197045
0.201154
0.200168
0.194251
0.19721
0.196881
0.202633
0.196717
0.197703
0.196059
0.198031
0.195402
0.195073
0.196388
0.19721
0.19836
0.198524
0.198689
0.199511
0.199018
0.199675
0.201647
0.199675
0.200661
0.199182
0.199675
0.190964
0.197867
0.196059
0.194251
0.196717
0.198853
0.197703
0.199182
0.199346
0.202469
0.200004
0.19721
0.201976
0.200004
0.19836
0.198524
0.200661
0.199018
0.198524
0.197045
0.198689
0.199675
0.197703
0.20099
0.201647
0.199182
0.198689
0.202633
0.197867
0.203784
0.20477
0.198524
0.199839
0.199018
0.19836
0.199182
0.199511
0.199182
0.197703
0.198031
0.201154
0.198853
0.199675
0.198196
0.201483
0.198853
0.20099
0.199182
0.198524
0.200168
0.200497
0.199018
0.196552
0.196717
0.198853
0.199182
0.195895
0.199675
0.200004
0.199346
0.200004
0.201319
0.199511
0.20099
0.200661
0.199182
0.200332
0.198853
0.200004
0.198853
0.19836
0.197867
0.201154
0.197867
0.200497
0.199182
0.199511
0.200497
0.198853
0.197045
0.205592
0.197538
0.202798
0.201154
0.197703
0.201812
0.200661
0.199182
0.198524
0.200825
0.197045
0.200004
0.197703
0.200825
0.199018
0.201154
0.198031
0.204277
0.201483
0.199182
0.201647
0.199511
0.199346
0.195895
0.20099
0.198689
0.20099
0.198689
0.201976
0.198031
0.19836
0.199346
0.199346
0.202962
0.200332
0.20099
0.201154
0.20362
0.201812
0.205756
0.200168
0.206578
0.199675
0.200825
0.200825
0.200004
0.198196
0.199182
0.199182
0.200004
0.201319
0.200332
0.201812
0.200332
0.201319
0.198196
0.200332
0.199346
0.200332
0.199018
0.199511
0.201154
0.199511
0.19721
0.198524
0.199675
0.198524
0.196717
0.199839
0.202633
0.196223
0.197374
0.203948
0.198853
0.197374
0.201154
0.198524
0.201319
0.196717
0.199839
0.201812
0.199182
0.200004
0.200004
0.200332
0.198524
0.200004
0.201976
0.200661
0.198689
0.204113
0.197867
0.199346
0.199839
0.199182
0.198689
0.200332
0.197703
0.200825
0.199839
0.199839
0.202633
0.200497
0.200497
0.199511
0.201647
0.199346
0.203948
0.200168
0.20214
0.20099
0.202469
0.202798
0.198689
0.202469
0.19836
0.201976
0.199675
0.196223
0.198689
0.198031
0.196881
0.202305
0.20214
0.201647
0.199182
0.202305
0.202633
0.196881
0.198853
0.201976
0.197867
0.200332
0.202633
0.201154
0.20099
0.199346
0.198196
0.197867
0.199839
0.20099
0.200004
0.200168
0.202798
0.206085
0.204277
0.202633
0.200497
0.201154
0.201812
0.201154
0.196388
0.201647
0.198689
0.199346
0.203455
0.201812
0.202798
0.198689
0.199346
0.201647
0.20099
0.199018
0.200332
0.199346
0.200004
0.20477
0.204934
0.20099
0.199018
0.203948
0.207071
0.198031
0.195566
0.201319
0.196717
0.199018
0.200004
0.200825
0.201483
0.203455
0.200168
0.202962
0.198853
0.201319
0.200004
0.198524
0.202633
0.203126
0.20099
0.201319
0.202305
0.205099
0.190964
0.199346
0.201319
0.198853
0.20214
0.200497
0.202962
0.201647
0.201319
0.200497
0.201154
0.192443
0.200168
0.199675
0.19721
0.201647
0.199018
0.200825
0.200825
0.202798
0.200332
0.202962
0.199839
0.196059
0.201319
0.200004
0.199675
0.200661
0.20099
0.200004
0.20099
0.19836
0.201812
0.199511
0.197374
0.198524
0.202305
0.200168
0.203126
0.200168
0.195237
0.202798
0.201319
0.201483
0.201154
0.202962
0.199839
0.200332
0.198524
0.19836
0.19573
0.195895
0.199182
0.201154
0.200332
0.20214
0.200332
0.202305
0.201483
0.200332
0.202962
0.199018
0.198689
0.199346
0.199511
0.198524
0.199675
0.196059
0.200497
0.199346
0.199675
0.202305
0.202305
0.199511
0.201483
0.201976
0.199839
0.199346
0.19721
0.201647
0.200168
0.197703
0.198031
0.200004
0.197867
0.199018
0.202469
0.20214
0.20099
0.202305
0.201319
0.200661
0.203126
0.200004
0.204606
0.198196
0.202305
0.200825
0.200497
0.199018
0.202469
0.202962
0.200004
0.200825
0.201812
0.201647
0.19836
0.202305
0.199018
0.204113
0.200004
0.205099
0.20099
0.200168
0.202962
0.19836
0.200004
0.198853
0.200004
0.200004
0.200661
0.19573
0.2074
0.200661
0.200332
0.201154
0.20099
0.20099
0.200004
0.201976
0.202305
0.201154
0.199182
0.199675
0.199346
0.200004
0.199018
0.20099
0.196388
0.201319
0.199839
0.200004
0.198031
0.203126
0.202305
0.199018
0.199675
0.201154
0.20099
0.200168
0.200497
0.201976
0.200497
0.19721
0.201812
0.197703
0.201647
0.197374
0.200004
0.200661
0.200497
0.200497
0.202798
0.200332
0.201483
0.200497
0.201154
0.198524
0.200661
0.202798
0.195566
0.19836
0.198196
0.20214
0.19836
0.200332
0.200332
0.200168
0.19458
0.200168
0.201812
0.198689
0.200332
0.199018
0.202633
0.194744
0.198853
0.200497
0.199018
0.19836
0.201154
0.199511
0.199182
0.20099
0.200332
0.197045
0.199675
0.202962
0.196223
0.205263
0.197703
0.20099
0.19721
0.199511
0.201319
0.198689
0.19836
0.200661
0.200004
0.199675
0.20099
0.198031
0.201154
0.199675
0.199675
0.198853
0.201976
0.200332
0.202305
0.203455
0.203948
0.198031
0.199675
0.202633
0.199839
0.200332
0.198196
0.197703
0.197374
0.200004
0.200497
0.198031
0.19836
0.201976
0.200497
0.203291
0.200825
0.202469
0.20099
0.201483
0.20099
0.200332
0.200332
0.200168
0.199018
0.194909
0.199511
0.19836
0.20099
0.198524
0.202962
0.200661
0.203784
0.205263
0.202633
0.203126
0.202798
0.199018
0.200661
0.200825
0.198689
0.202305
0.19836
0.201154
0.19836
0.199839
0.200004
0.201154
0.200825
0.201319
0.203784
0.201483
0.202798
0.201812
0.200661
0.199018
0.201647
0.196881
0.194087
0.195237
0.201154
0.202469
0.196059
0.201319
0.202305
0.200825
0.201647
0.205263
0.196717
0.201154
0.199675
0.200332
0.200661
0.20099
0.201154
0.198689
0.197703
0.201812
0.200004
0.199182
0.198689
0.200497
0.201483
0.203948
0.198196
0.201483
0.202633
0.199839
0.201319
0.201647
0.199018
0.201483
0.199182
0.197867
0.200332
0.195402
0.201647
0.200332
0.19836
0.197867
0.198689
0.199511
0.199675
0.20099
0.20214
0.200168
0.199346
0.204113
0.198689
0.198031
0.196717
0.200004
0.197045
0.197538
0.200661
0.199018
0.200825
0.201154
0.200497
0.202305
0.203455
0.200825
0.206907
0.200004
0.200168
0.196223
0.200168
0.20099
0.19836
0.201647
0.198689
0.199839
0.200661
0.203948
0.196059
0.197867
0.20099
0.20214
0.200168
0.205099
0.202469
0.202469
0.202305
0.200332
0.202962
0.198689
0.199018
0.198524
0.201647
0.197538
0.201647
0.199511
0.202798
0.200661
0.20214
0.201483
0.201319
0.201319
0.200497
0.20214
0.198524
0.202962
0.200497
0.199018
0.199675
0.202633
0.201976
0.201976
0.200168
0.202305
0.200661
0.202469
0.20214
0.207235
0.199675
0.200825
0.200004
0.205592
0.196881
0.200332
0.201319
0.199346
0.201812
0.199182
0.203455
0.196388
0.204277
0.201319
0.206578
0.202633
0.201483
0.201319
0.202469
0.201812
0.199839
0.202633
0.201319
0.204277
0.200004
0.201647
0.197867
0.201483
0.201647
0.197045
0.201976
0.199839
0.203126
0.20214
0.200661
0.206578
0.19458
0.198689
0.203291
0.197374
0.200004
0.195895
0.204113
0.200661
0.200497
0.199839
0.198689
0.190471
0.198689
0.201483
0.203784
0.198524
0.199182
0.207235
0.199018
0.202305
0.201319
0.200825
0.193429
0.201319
0.202305
0.199182
0.204113
0.200497
0.203126
0.201154
0.201483
0.200497
0.200825
0.196059
0.199839
0.199511
0.200825
0.20362
0.20099
0.202305
0.200332
0.20099
0.200825
0.199839
0.19836
0.199346
0.198524
0.199839
0.199018
0.202633
0.19721
0.200661
0.200004
0.20362
0.202305
0.201483
0.20362
0.200332
0.200004
0.202469
0.199182
0.198689
0.20214
0.198196
0.205099
0.20099
0.201483
0.199182
0.200004
0.199511
0.201483
0.201647
0.202633
0.201154
0.202798
0.201812
0.201154
0.198524
0.197045
0.200661
0.202305
0.199018
0.198031
0.199675
0.197703
0.200825
0.197374
0.200825
0.200497
0.19836
0.202305
0.200168
0.202633
0.198196
0.200332
0.197867
0.200661
0.201812
0.199839
0.19573
0.196717
0.201154
0.197867
0.200004
0.198524
0.203126
0.201154
0.20477
0.200004
0.202962
0.200332
0.200332
0.200661
0.200661
0.198689
0.202962
0.201483
0.199675
0.200497
0.201154
0.199346
0.201647
0.200497
0.200825
0.203291
0.199346
0.201319
0.197538
0.199018
0.201483
0.201812
0.197374
0.201154
0.200004
0.199346
0.19721
0.194416
0.203291
0.199675
0.199018
0.201976
0.203126
0.20099
0.201812
0.201647
0.200825
0.200332
0.200332
0.197538
0.196881
0.19573
0.199511
0.19836
0.197867
0.201483
0.200661
0.20362
0.203126
0.202798
0.201483
0.201483
0.201976
0.20214
0.201647
0.199018
0.197703
0.20477
0.200497
0.200332
0.19836
0.197703
0.201976
0.198853
0.20214
0.201154
0.201647
0.200004
0.203291
0.197867
0.204934
0.201319
0.200168
0.201483
0.20214
0.201812
0.200332
0.197867
0.199839
0.203948
0.19836
0.200004
0.200497
0.200168
0.200497
0.201483
0.203291
0.200332
0.200004
0.197374
0.204441
0.19836
0.198196
0.200825
0.201812
0.200004
0.200332
0.201319
0.199511
0.20099
0.202469
0.203455
0.201647
0.201154
0.201154
0.204277
0.198196
0.198853
0.199511
0.201483
0.200332
0.199182
0.201483
0.201319
0.197374
0.201647
0.199839
0.198031
0.201976
0.202469
0.205756
0.200825
0.202469
0.200168
0.202962
0.201647
0.200825
0.199018
0.198196
0.196059
0.200661
0.197374
0.196881
0.198689
0.196552
0.200332
0.197374
0.200825
0.202962
0.200497
0.199675
0.200825
0.197045
0.202305
0.196717
0.199182
0.196717
0.198196
0.198031
0.197538
0.19836
0.196223
0.199675
0.196717
0.197045
0.198524
0.202962
0.200004
0.199346
0.196717
0.197867
0.19721
0.197045
0.196223
0.196059
0.197045
0.196717
0.198524
0.196223
0.199018
0.198524
0.200168
0.199182
0.196388
0.199182
0.202305
0.198853
0.20214
0.200497
0.19836
0.197374
0.199839
0.199182
0.199018
0.199182
0.199018
0.202798
0.198196
0.003268
0.011322
0.018554
0.027922
0.036304
0.011651
0.020033
0.027593
0.035154
0.044686
0.045837
0.056356
0.064409
0.065888
0.07049
0.080516
0.08216
0.088077
0.089227
0.097116
0.10517
0.108621
0.112073
0.11536
0.118976
0.121112
0.125714
0.127029
0.13196
0.130809
0.138534
0.140178
0.146259
0.143136
0.146095
0.145437
0.150204
0.152505
0.157928
0.158093
0.161215
0.165489
0.165489
0.164996
0.166146
0.173871
0.172392
0.173214
0.173542
0.176829
0.174693
0.177322
0.178473
0.178309
0.181596
0.18061
0.183239
0.183239
0.185869
0.188827
0.187184
0.18439
0.19195
0.189156
0.190142
0.189649
0.190471
0.191457
0.190964
0.193101
0.193429
0.192443
0.196059
0.194416
0.193265
0.192115
0.194087
0.196881
0.194416
0.196881
0.198196
0.19721
0.197045
0.19573
0.199346
0.19721
0.197374
0.197703
0.197867
0.197374
0.19721
0.198689
0.196552
0.196552
0.19458
0.19836
0.195566
0.198031
0.196552
0.196059
0.195073
0.194251
0.194744
0.194087
0.193265
0.195237
0.200168
0.200332
0.196059
0.198196
0.196717
0.199018
0.197538
0.19721
0.19573
0.192443
0.198524
0.197045
0.197045
0.192443
0.196059
0.193101
0.195237
0.192608
0.192936
0.193101
0.195402
0.197867
0.194744
0.194251
0.194251
0.19573
0.195073
0.194251
0.19195
0.192608
0.19195
0.192936
0.192443
0.194744
0.189156
0.195402
0.192115
0.194909
0.190307
0.195402
0.195237
0.19721
0.194416
0.193594
0.193594
0.18932
0.193265
0.190964
0.191293
0.193265
0.190964
0.191457
0.1908
0.190471
0.191457
0.189156
0.188663
0.189156
0.186691
0.186526
0.180281
0.180116
0.173378
0.173542
0.17272
0.169926
0.17157
0.170748
0.164338
0.163352
0.169926
0.169598
0.171734
0.174857
0.175679
0.176008
0.178802
0.176008
0.17535
0.180445
0.180774
0.179952
0.182911
0.178802
0.181924
0.181924
0.184554
0.185212
0.178637
0.183732
0.186362
0.184554
0.185869
0.190307
0.185869
0.190471
0.187348
0.190471
0.188006
0.191786
0.186198
0.188663
0.18932
0.189978
0.194087
0.190142
0.194087
0.191786
0.193101
0.192936
0.194251
0.191786
0.196388
0.195402
0.197538
0.194909
0.195895
0.195566
0.195402
0.192443
0.194251
0.197867
0.191128
0.20099
0.19573
0.198196
0.199675
0.195073
0.196717
0.199018
0.196388
0.197374
0.199675
0.198031
0.198853
0.199018
0.19573
0.204441
0.199346
0.196717
0.195895
0.204277
0.199182
0.196717
0.19721
0.193922
0.194416
0.192772
0.195895
0.191128
0.191128
0.197538
0.19458
0.196881
0.197045
0.197703
0.197045
0.177651
0.160722
0.117168
0.041892
0.027429
0.028086
0.033674
0.035647
0.042878
0.050439
0.053726
0.055863
0.046494
0.035647
0.05389
0.060465
0.06293
0.071312
0.074599
0.08331
0.086926
0.093007
0.099582
0.100239
0.108621
0.107471
0.116839
0.117825
0.123085
0.127687
0.13196
0.131302
0.134918
0.136398
0.14215
0.141493
0.141164
0.145273
0.144122
0.150697
0.153162
0.158586
0.159243
0.162859
0.163845
0.168447
0.165653
0.169926
0.171077
0.17157
0.171734
0.174528
0.175186
0.175679
0.179623
0.179295
0.182746
0.182417
0.182582
0.187184
0.189978
0.187019
0.19195
0.192443
0.190471
0.190635
0.193265
0.19195
0.191457
0.193429
0.191621
0.192772
0.194744
0.19721
0.195237
0.195237
0.197374
0.200004
0.197867
0.196881
0.199675
0.198031
0.20099
0.198689
0.197703
0.202633
0.200825
0.200497
0.203948
0.20099
0.203455
0.204606
0.203948
0.209372
0.207071
0.204606
0.209208
0.212002
0.206742
0.208386
0.208386
0.207728
0.210029
0.208715
0.207728
0.209043
0.206907
0.209701
0.206085
0.208386
0.210523
0.210358
0.210029
0.213152
0.213317
0.210194
0.215125
0.211016
0.212166
0.211344
0.21381
0.210358
0.212824
0.209372
0.217426
0.209536
0.212002
0.211837
0.212166
0.20855
0.211344
0.211673
0.214467
0.214303
0.217261
0.220055
0.212988
0.212824
0.211509
0.209536
0.210851
0.213152
0.209536
0.211673
0.212495
0.213152
0.21381
0.213481
0.210194
0.214796
0.214796
0.209701
0.213317
0.215618
0.211837
0.21118
0.210029
0.209865
0.214138
0.208386
0.209372
0.209372
0.20855
0.206085
0.208386
0.208386
0.208386
0.210194
0.208222
0.20855
0.205263
0.208222
0.208879
0.203455
0.204441
0.205756
0.202633
0.200661
0.200168
0.201483
0.204934
0.201483
0.201319
0.201976
0.20477
0.197045
0.199346
0.195895
0.199182
0.19836
0.198031
0.194909
0.19458
0.193594
0.193594
0.196717
0.189485
0.197045
0.192608
0.194251
0.192608
0.194909
0.191621
0.193101
0.191457
0.191457
0.18932
0.187184
0.188334
0.189156
0.18932
0.189485
0.187841
0.184061
0.189649
0.183732
0.18932
0.184554
0.186691
0.186033
0.186526
0.180774
0.18439
0.186855
0.181267
0.183075
0.182582
0.184225
0.183404
0.185047
0.184225
0.18439
0.182582
0.183404
0.182911
0.182911
0.182253
0.185047
0.184225
0.182417
0.183075
0.182253
0.18439
0.183239
0.187019
0.182746
0.184061
0.182417
0.184718
0.182911
0.181267
0.18554
0.184883
0.186362
0.186198
0.183732
0.187019
0.183239
0.183568
0.187348
0.183732
0.185705
0.185376
0.189156
0.190142
0.187513
0.185705
0.186526
0.185047
0.188499
0.18817
0.185376
0.188006
0.186033
0.18932
0.187513
0.189485
0.189156
0.191621
0.190964
0.187841
0.186526
0.188499
0.187841
0.188006
0.191128
0.186691
0.191786
0.18439
0.190307
0.18817
0.193101
0.190471
0.193429
0.191293
0.189814
0.193758
0.193758
0.190964
0.193922
0.197045
0.189814
0.193594
0.1908
0.193101
0.189978
0.198853
0.19573
0.195895
0.195566
0.196059
0.194251
0.195073
0.195237
0.197538
0.194251
0.196223
0.19573
0.19573
0.195073
0.189814
0.194744
0.193758
0.194744
0.196223
0.192936
0.197374
0.196881
0.198196
0.200497
0.195566
0.196059
0.196223
0.194087
0.19573
0.194744
0.195073
0.191621
0.189649
0.193265
0.196717
0.192443
0.195895
0.196717
0.199018
0.198031
0.198031
0.198196
0.195237
0.198524
0.19721
0.200825
0.196388
0.197045
0.193922
0.194251
0.195566
0.198853
0.195566
