Ladekurvenmessung

Zeit: 2018_05_03 11.48.09

Info: FVA3, v = 0.1, T = 60, F = 20, h = 81.6

Ladewiderstand[Ohm]: 1012700

Störkapazität[pF]: 0.000000

Entladezeit[ms]: 200

Abtastrate[Hz]: 250000

Anzahl der Messwerte: 2500.000000

Verzögerung[ms]: 3

Ladespannung[V]: 0.200000


Kurve 1

0.003104
0.003926
0.005898
0.007706
0.007049
0.001789
0.003104
0.003597
0.005241
0.001789
0.003104
0.004255
0.005241
0.005734
0.005405
0.004583
0.003433
0.003597
0.003761
0.007049
-0.000347
0.00409
0.003433
0.004255
0.002118
0.003268
0.002611
0.002611
0.004419
0.002447
0.00409
0.002611
0.005076
0.005076
0.005241
0.00031
0.007706
0.002282
0.005734
0.001954
0.003597
0.002447
0.002118
0.003433
0.00294
0.003433
0.003268
0.004583
-0.000183
0.003597
-0.000676
0.00031
0.001625
0.000146
-0.000347
0.003433
-0.001827
-0.002648
0.00146
-0.001827
-1.9e-05
0.001954
0.003926
0.001132
0.002447
0.002118
0.002611
0.000146
0.003268
0.002775
0.002447
0.001789
0.002447
0.00146
0.001132
0.001132
0.003597
0.000967
0.003104
0.000803
0.002611
0.003597
0.002611
0.004748
0.00294
0.003104
0.005241
0.007049
0.004583
0.004255
0.002447
0.005405
0.001789
0.002775
0.002447
0.003597
0.005076
0.002447
0.005734
0.003268
0.005734
0.003268
0.003433
0.001789
0.001132
0.001132
0.003104
0.000474
0.002118
-0.000676
-0.001334
0.002775
0.004748
0.005076
-0.000512
0.003597
0.000803
0.003104
0.003104
0.002118
0.003926
0.003926
0.002282
0.004255
-0.005443
0.002447
0.005076
0.00146
0.004419
0.003104
0.002282
0.003104
0.006391
0.00294
0.007049
0.004748
0.007049
0.004419
0.003268
0.001296
0.003268
-0.000183
0.002282
0.003597
0.000146
0.003268
0.004583
0.003268
0.00294
0.005405
0.005076
0.005241
0.003104
0.005734
0.003268
0.003597
0.004419
0.002775
0.001625
0.001954
0.003433
0.001625
0.002447
0.00409
0.00294
0.00409
0.004748
0.003268
0.003433
0.005405
0.004255
0.000967
0.004255
0.00294
0.003597
0.005734
0.005405
0.004748
0.002611
0.005405
0.005241
0.003104
0.003104
0.005076
0.003104
0.007049
0.005241
0.003268
0.003926
0.002118
0.003597
0.002775
0.000967
0.002447
0.004255
0.000639
0.005734
0.000967
-0.001498
0.000146
-0.000512
-0.000347
0.001625
-0.000183
0.001132
0.000146
-0.001498
0.000146
0.000639
0.000146
0.001954
0.002775
0.001132
0.005241
0.001296
0.002447
0.002775
0.003104
0.003104
0.003926
0.007049
0.005241
0.004748
0.003597
0.005241
0.000474
0.005241
0.007542
0.005076
0.003104
0.004583
0.003761
0.003433
0.004748
0.004419
0.005241
0.005076
0.004748
0.004255
0.004419
0.002447
0.004583
0.003104
0.005076
0.000967
0.005569
0.006391
0.003926
0.001296
0.00294
0.005076
0.004748
0.006062
0.004583
0.002611
0.006227
0.004419
0.002282
0.004583
0.003926
0.001625
0.002118
0.004748
0.001789
0.006227
0.003268
0.003926
0.003433
0.005898
0.003433
0.005405
0.005076
0.004255
0.005734
0.002775
0.005405
0.00031
0.002775
0.003761
0.007377
0.000967
0.002447
0.000474
0.004748
0.003433
0.00294
0.004419
0.004912
0.003268
0.007213
0.005898
0.004255
0.005569
0.002282
0.004419
0.002447
0.004583
0.003104
0.003104
0.003104
0.001625
0.00031
0.001296
0.004748
0.003433
0.003926
0.002118
0.005898
0.001296
0.000803
-0.001005
0.003926
0.000803
0.002775
0.002775
0.003926
0.002611
0.002447
0.002775
0.003104
0.005076
0.005076
0.004255
0.004255
0.005076
0.001954
0.001132
-0.002484
-0.000183
-0.000347
-0.000512
-0.001498
0.000474
-0.000841
-0.000347
0.000803
0.000146
-1.9e-05
0.00146
0.001789
0.002775
0.000639
-0.000841
0.002447
-0.000512
0.001625
0.004748
-0.000512
0.002118
0.000967
-0.001827
-0.001498
0.001625
-0.001662
0.001789
-0.002813
-0.001169
0.000639
0.002282
-0.000512
0.002282
-0.002155
0.003926
0.002118
-0.000347
-0.001498
0.000474
-0.000841
-0.001169
0.002282
-0.000347
0.00031
-0.001498
0.000967
0.000803
0.000967
0.000146
0.003926
0.001625
0.002775
0.001296
0.000803
0.001132
0.00146
0.000639
-0.000841
0.000803
-0.002484
0.004255
-0.001334
0.002447
-0.000183
-0.001005
-0.001005
-0.000183
0.000639
0.001954
0.00294
0.001296
0.002118
0.002611
0.002282
0.000803
0.002282
0.001296
0.000639
-0.000512
0.000474
0.003433
0.004419
0.000803
0.004912
0.003268
0.00409
0.004255
0.003433
0.00294
0.002118
0.001954
0.003268
0.004419
0.001789
0.003104
0.001132
0.001789
-0.002155
0.002611
-1.9e-05
0.000967
0.001132
-1.9e-05
-1.9e-05
-0.000512
0.000146
-0.001991
0.000146
-0.000347
-0.000676
-0.001498
0.000146
-0.001827
0.000146
-0.004621
-0.000347
-0.001991
0.007542
0.000803
0.003433
0.001296
-0.000512
0.001789
-0.001169
-0.000676
-0.003306
-0.000841
-0.001005
0.004419
-0.003963
-0.002813
-0.000183
-0.000183
0.002118
0.003104
0.001296
0.004255
0.000639
0.00146
-0.00725
-0.00232
-0.003963
-0.001005
-0.000841
-0.002155
0.001954
-0.000183
-0.001498
-0.000347
0.001789
0.000474
0.000639
0.000474
0.001954
0.002775
-0.000676
0.000639
-0.000841
0.00031
-0.000183
-0.000841
-0.001005
-0.000347
-0.000183
-0.000183
0.00031
0.000474
-0.002484
0.001789
-0.000347
-0.000183
0.000803
0.000474
0.002118
-0.000183
-0.002484
-0.000676
0.000967
-0.001827
0.003104
-0.003635
0.000474
-0.000183
0.000803
-0.000512
0.000803
0.000146
0.00031
0.000474
0.00031
0.000474
-0.000676
-0.000841
0.000146
-0.000183
-0.000841
0.000474
-0.001498
0.001296
0.00031
0.000474
0.000803
0.000803
-0.000347
-0.000347
-0.000676
0.001132
0.00146
-0.001498
0.001625
0.001132
-0.000183
-0.002813
0.002775
-0.001334
0.000639
0.000967
0.000803
0.002282
0.001789
0.006391
0.003597
0.003104
0.002775
0.002775
0.002775
0.001625
-0.000183
0.005405
-0.000183
0.001625
-0.001169
-0.000676
-1.9e-05
0.001296
0.001132
0.000146
-0.000347
-0.001169
0.001296
-1.9e-05
0.002447
0.000146
0.000967
0.000967
0.000967
0.001789
0.00146
-0.000183
0.000803
-0.000512
-0.001498
0.001132
-0.000841
-0.002977
0.001296
0.001132
-0.001662
0.002118
-0.000841
-0.000512
-0.000676
-0.000183
-0.000512
0.000474
-0.000183
0.000146
-1.9e-05
0.000803
-0.001005
0.00031
0.00031
-0.002977
0.001625
0.000639
0.00031
-0.00347
0.002118
0.001132
0.001789
-0.002155
0.000639
-0.000347
0.005734
0.000967
0.002118
0.002447
-0.000183
-0.000512
0.000639
0.002447
-0.000183
0.001625
0.000146
0.000803
-0.001005
0.00031
-0.001991
0.000146
-0.001005
-0.002484
-0.000676
-0.001827
0.00031
-0.001991
0.003761
0.002611
0.001132
-0.000347
0.000967
-0.000676
0.000146
-0.000676
0.000967
-0.000841
0.000474
-0.008894
-0.003799
0.001296
-0.000676
0.000474
0.000967
-0.002484
0.000146
0.000967
-0.00232
-0.000676
-0.001991
0.001132
0.00146
-0.000183
-0.000841
0.00146
-0.001662
0.000803
0.00031
-0.00232
-1.9e-05
-0.000183
-0.004128
-0.000841
0.000803
-0.000183
0.00031
-0.000676
-0.000512
-0.001991
-0.001169
-0.000841
-0.000676
-1.9e-05
-0.000347
-0.000676
-0.002813
0.001954
-0.000347
-0.000183
-0.002155
-0.000512
-0.001334
-0.000183
-0.000183
-0.000347
0.001132
0.000639
-0.000512
-0.000183
0.000803
-0.001334
-0.000512
-0.000347
-0.000512
-0.000183
-0.000347
-1.9e-05
0.002611
0.00146
0.00294
0.003268
0.002118
0.000967
-0.002484
0.000146
-0.002484
-0.002155
0.001954
0.001296
-0.001827
0.002118
-0.00232
0.000803
-0.000512
0.000967
0.000803
0.002611
-0.001169
0.001789
0.004255
0.000474
0.001625
-0.006429
-0.001498
-0.000841
0.001132
-0.001169
0.00409
0.00146
0.000639
0.000474
0.000803
-1.9e-05
0.000639
-0.000183
0.00031
0.000146
-0.001334
0.001625
-1.9e-05
-0.000512
0.00146
0.001789
-0.000512
0.002118
0.001789
0.003926
0.00409
-0.000183
-0.001498
0.003926
-0.000347
-1.9e-05
0.000639
0.000967
0.000474
-1.9e-05
-0.000183
-0.000841
-0.000347
0.00294
0.000639
-0.000183
-0.001334
0.002611
0.000967
0.00031
-1.9e-05
-1.9e-05
0.005241
0.003433
-0.00347
-0.001498
0.000803
-0.000183
0.00031
0.000474
0.000967
0.000146
-0.002648
-0.000347
0.00031
-0.000347
-1.9e-05
0.000639
0.00031
0.00031
0.000474
0.000146
0.000803
-0.000183
-0.000512
-0.000841
-0.000183
-0.000676
0.000803
-0.001005
0.000474
0.000639
0.000146
-1.9e-05
0.001954
0.003761
0.005241
0.002775
0.000639
-0.000347
0.000146
0.002447
0.000967
0.001789
-0.000512
0.000474
-0.000512
-0.000183
-0.002813
-0.000347
0.005734
0.002118
0.000967
-0.000347
0.003597
0.000803
0.004912
0.00031
0.005405
0.009021
0.008035
0.000474
0.006884
0.00787
0.011486
0.008692
0.012308
0.01576
0.017239
0.024799
0.026771
0.007542
0.011322
0.005241
0.009678
0.015924
0.022827
0.02973
0.030223
0.034168
0.036797
0.041564
0.047316
0.043371
0.040577
0.030387
0.03351
0.033017
0.034003
0.03351
0.020526
0.0105
0.015431
0.023649
0.023813
0.025457
0.013294
0.009843
0.015595
0.014938
0.0105
0.004255
0.00409
0.005241
0.008199
0.001625
0.008692
0.00672
-0.000183
0.004748
0.002282
0.004583
0.003268
0.000967
0.00787
0.000474
0.008692
0.001954
0.000474
0.005241
0.013294
0.003597
0.008199
0.011815
0.013787
0.007213
0.008035
0.009843
0.013787
0.01576
0.002775
0.002118
0.00146
0.00935
0.008692
0.013787
0.013459
0.003268
0.002118
0.001296
0.003761
0.013952
0.002611
0.00672
0.011651
0.010993
0.013952
0.01576
0.021019
0.005569
0.000474
0.001789
0.011815
0.004912
0.008528
0.007377
0.011979
0.001789
0.00787
0.013952
0.014445
0.015102
0.018389
0.025621
0.026771
0.02973
0.032031
0.009678
0.014116
0.018225
0.018389
0.024964
0.029401
0.025457
0.008692
0.014609
0.013952
0.020197
0.022663
0.02973
0.034332
0.035647
0.032524
0.026607
0.0271
0.031373
0.023813
0.019047
0.030552
0.032524
0.003268
0.00294
0.004255
0.003433
0.005569
0.005076
0.002611
0.003597
0.003761
0.000474
-0.001498
0.002611
-0.000841
0.007049
0.000474
-0.000347
0.003926
0.003104
0.001132
0.002282
0.00031
0.001789
0.002447
-0.001662
-0.004785
-0.001169
0.00146
0.001132
0.000967
0.002118
0.000474
0.000146
0.00031
-0.001498
0.00146
-0.001169
0.001625
0.001954
0.004255
0.000967
0.000639
0.001296
0.001296
-0.000183
0.00031
0.000967
-0.00347
-0.001169
0.000803
0.000146
-1.9e-05
0.000803
-0.000676
0.001625
0.003104
0.00031
0.003433
0.004912
0.00294
0.005734
0.016088
0.016746
0.018389
0.01954
0.027758
0.026114
0.018718
0.024635
0.034661
0.037619
0.043043
0.048138
0.053726
0.057177
0.059643
0.006556
0.006391
0.016417
0.022169
0.026771
0.030387
0.019868
0.00031
0.000639
0.001789
0.003104
0.00787
0.004748
0.000146
0.001954
0.0105
0.015595
0.023156
0.007706
0.000967
-0.000512
0.00672
0.013623
0.023156
0.023977
0.032195
0.038605
0.042878
0.048631
0.050932
0.056027
0.031045
0.02973
0.031373
0.039427
0.037619
0.045508
0.046166
0.046166
0.044029
0.049288
0.052247
0.056027
0.057671
0.059972
0.065724
0.069833
0.07197
0.072627
0.07575
0.07953
0.083968
0.084461
0.089391
0.091199
0.092186
0.097281
0.100403
0.102376
0.104019
0.107964
0.108128
0.111908
0.114702
0.112401
0.113881
0.11158
0.110593
0.109936
0.100239
0.096952
0.097116
0.090871
0.093993
0.095473
0.100403
0.103691
0.105992
0.108293
0.113223
0.11273
0.115195
0.116839
0.121277
0.123085
0.126372
0.128015
0.129166
0.128344
0.127358
0.129659
0.109114
0.005241
0.015595
0.021676
0.026771
0.037126
0.041235
0.048138
0.050932
0.059972
0.062273
0.069011
0.067696
0.073449
0.066875
0.071477
0.076407
0.07838
0.07953
0.07838
0.079859
0.077065
0.081831
0.071312
0.072627
0.071312
0.072956
0.070326
0.074764
0.077722
0.082653
0.090049
0.098431
0.096459
0.098267
0.098102
0.104184
0.109114
0.107635
0.113716
0.107635
0.109772
0.11158
0.118483
0.118976
0.123085
0.125386
0.126536
0.127687
0.123413
0.114209
0.114045
0.115853
0.114045
0.112401
0.111908
0.117825
0.117332
0.119797
0.115853
0.116017
0.118318
0.122427
0.115853
0.114538
0.10632
0.099089
0.097609
0.097281
0.105827
0.106813
0.108128
0.109936
0.11536
0.113716
0.117003
0.11651
0.117496
0.119304
0.122756
0.1267
0.126043
0.092186
0.084954
0.090871
0.099417
0.099746
0.101883
0.105663
0.106156
0.11158
0.110922
0.104019
0.062766
0.057999
0.050768
0.057671
0.054219
0.057999
0.066546
0.06556
0.072298
0.075914
0.069997
0.068354
0.071805
0.069504
0.070819
0.069997
0.075092
0.078544
0.081502
0.072134
0.075092
0.069504
0.040577
0.018389
0.018389
0.006884
0.008692
0.012801
0.012801
0.022991
0.028744
0.033346
-0.001005
0.009514
0.013623
0.017403
0.023156
0.013623
0.017074
0.014938
0.015924
0.017239
0.023156
0.016746
0.015924
0.010171
0.011486
0.003104
0.010007
0.008199
0.009678
0.013952
0.008035
0.016746
0.01954
0.020855
0.020033
0.025621
0.027429
0.034168
0.031867
0.034825
0.038441
0.046001
0.051918
0.048467
0.045344
0.042714
0.044851
0.049946
0.053069
0.028744
0.031867
0.033674
0.022169
0.023156
0.017732
0.012472
0.017896
0.016417
0.019211
0.021512
0.031702
0.025457
0.02595
0.023977
0.025292
0.032853
0.031373
0.024964
0.020526
0.025621
0.032031
0.039263
0.022169
0.005569
0.005405
0.008528
0.000146
0.005241
0.009185
0.008692
0.013787
0.010829
0.016088
0.011979
0.00935
0.011158
0.012801
0.015266
0.025292
0.027429
0.033181
0.008857
0.008363
0.011158
0.011322
-1.9e-05
0.003433
0.003104
0.002118
0.005405
0.004748
0.010007
0.006391
0.007706
0.011158
0.002447
0.002775
0.010171
0.006884
0.0105
0.009185
0.012144
0.018882
0.005734
0.005898
0.009021
0.012308
0.012308
0.019047
0.022663
0.026607
0.021019
0.017074
0.013459
0.015266
0.003104
0.004912
0.009185
0.003926
0.006227
0.010993
0.017567
0.019868
0.024799
0.002447
0.004912
0.003926
0.003761
0.000639
0.006884
0.002447
0.006391
0.00409
0.000474
0.004583
0.004255
0.001132
0.005405
0.006556
-0.000512
0.005569
0.006391
0.002775
0.004419
0.005569
0.00672
0.004255
0.000474
0.008528
0.005076
0.006062
0.004748
0.000146
0.00146
-0.000183
0.002775
-0.000183
0.003268
0.000639
0.001789
0.004583
0.000967
0.001296
0.002447
0.000803
0.00294
0.002611
0.008528
0.005076
0.00409
0.001954
0.000474
0.00294
0.00031
0.003926
0.001296
0.001296
0.001954
0.006062
0.003104
0.005898
0.000803
0.003268
0.002447
0.001625
0.001954
0.001132
0.004748
0.002118
0.003433
0.001132
0.001132
0.002775
0.002282
0.001296
0.003433
0.000474
0.001296
0.000803
0.003926
0.003926
0.001625
0.003433
0.000474
-0.001169
0.001954
0.003104
-0.000676
0.001789
-0.000676
0.000803
-0.001334
0.002118
0.005241
0.003268
0.00146
-0.002813
0.001954
0.002611
0.002282
0.001954
0.001132
0.00294
0.003268
0.007213
0.003433
-0.000676
0.002282
-0.000183
0.002447
0.001789
0.003597
0.002611
0.003104
0.001789
0.003761
0.001296
0.002282
0.00031
0.000474
-0.000841
-0.000841
0.008857
-0.000347
0.000967
0.001789
0.00146
0.003597
0.00294
-0.000183
0.003268
0.005898
0.000474
-0.004621
-0.000841
0.003597
0.001954
0.000967
-0.000512
0.004583
0.008035
0.001789
0.003433
0.009843
0.001296
0.00409
0.003433
0.001789
0.001954
0.001132
0.004912
0.002611
0.007049
0.008363
0.008692
0.009185
0.011322
0.003926
0.001132
0.000967
0.00031
0.003268
0.003268
0.000967
0.002118
0.003268
0.000639
0.00031
-0.000347
0.000967
0.001132
0.001789
0.00409
0.008035
0.005076
0.00146
0.00146
0.001132
0.005569
0.003104
0.001954
0.00294
0.001625
0.000967
0.00672
0.003597
0.000639
0.000474
0.000146
0.000803
0.000639
0.00031
0.000474
0.009843
0.002775
0.003104
0.000639
0.002611
-0.000841
0.00146
0.004255
0.000639
0.000474
0.005405
0.001789
0.000803
-0.001498
0.000639
-1.9e-05
-0.001005
0.004748
-0.001662
0.006884
0.000967
0.002447
0.003926
0.002775
0.000639
0.004583
0.002118
0.002118
0.002282
0.00294
0.00031
0.000474
0.000967
0.002447
0.005405
-0.000183
0.002447
0.000474
0.001132
0.003433
0.004748
-0.001334
0.002611
0.001132
0.002447
0.001625
0.001132
-0.000676
0.000803
-0.000676
0.001132
-0.001498
0.000967
0.00146
0.002282
0.002118
0.000639
0.002775
0.001132
0.003104
0.00031
0.000146
0.005734
0.00294
0.002118
0.001625
0.002611
0.002118
0.001789
0.001132
0.000146
0.002282
-0.000183
-1.9e-05
0.003268
0.000639
0.004255
0.003597
0.004583
0.005569
0.004419
0.003104
0.00294
0.003268
0.001954
0.003597
0.000639
0.003597
-1.9e-05
0.003104
0.001296
0.009021
0.012965
0.017239
0.017732
0.022005
0.021348
0.026114
0.029566
0.036633
0.036797
0.034332
0.031538
0.026607
0.034003
0.033017
0.039427
0.044193
0.047973
0.051754
0.015595
0.023649
0.028579
0.034661
0.040249
0.045837
0.049288
0.052411
0.056356
0.062437
0.065067
0.066875
0.074271
0.076736
0.081995
0.086762
0.089063
0.091528
0.098102
0.099253
0.103855
0.098431
0.103526
0.105498
0.107635
0.110429
0.114538
0.115853
0.118976
0.120455
0.124399
0.125714
0.001625
0.000146
0.005734
0.01313
0.022005
0.0271
0.032195
0.041564
0.044029
0.049124
0.055534
0.059314
0.065395
0.070819
0.07312
0.078544
0.083639
0.088734
0.092679
0.090542
0.104348
0.044193
0.000803
0.000639
-0.000183
0.000474
0.000146
-0.000512
0.00146
-0.001005
-1.9e-05
-0.000841
0.00031
-0.001005
0.001954
0.000639
0.002282
0.00031
0.000474
-0.001169
0.001132
0.003104
0.000803
0.002282
0.007542
0.013459
0.013294
0.010171
0.006062
0.010336
0.008035
0.004419
0.001625
0.00146
0.002118
0.001789
-1.9e-05
0.001296
0.00031
0.00031
-0.000347
0.00031
0.001132
-0.000676
0.000474
-0.000347
0.002118
-0.001005
-0.000676
0.00031
-1.9e-05
-0.000841
-0.001005
0.002118
0.000474
0.001789
0.002118
0.000967
0.002118
0.003104
0.006556
0.002775
0.003433
0.006556
0.005898
0.004419
0.005734
0.006391
0.008035
0.00672
0.013459
0.012965
0.021348
0.020197
0.025785
0.028086
0.019868
0.026771
0.026114
0.030059
0.034332
0.039098
0.028086
0.012144
0.015266
0.022334
0.026771
0.035647
0.039756
0.046659
0.050439
0.05537
0.062601
0.06408
0.067039
0.072134
0.075585
0.078051
0.085611
0.086926
0.093172
0.093172
0.096459
0.08709
0.090213
0.080845
0.083803
0.084954
0.08709
0.089885
0.100732
0.095473
0.100896
0.10254
0.107471
0.110265
0.10895
0.114374
0.115853
0.118811
0.119633
0.117168
0.094651
0.089556
0.088077
0.097938
0.099253
0.096952
0.103691
0.105334
0.109607
0.109279
0.110265
0.108621
0.044851
0.049124
0.054712
0.061779
0.065231
0.069669
0.076736
0.079694
0.083968
0.086762
0.088734
0.093665
0.097609
0.102376
0.104512
0.107142
0.111251
0.112401
0.111908
0.114209
0.115853
0.119304
0.118318
0.125386
0.126043
0.129001
0.011322
0.016417
0.023484
0.017896
0.012472
0.016746
0.024635
0.027429
0.038769
0.042714
0.047316
0.053233
0.058164
0.061286
0.068189
0.071477
0.078215
0.085118
0.083803
0.090049
0.094651
0.09498
0.099089
0.10517
0.104677
0.109936
0.112894
0.113388
0.113223
0.115195
0.116839
0.123413
0.12292
0.124564
0.126043
0.12818
0.13196
0.133275
0.132124
0.134261
0.137384
0.135904
0.139356
0.139849
0.143136
0.143136
0.146588
0.149382
0.150204
0.150204
0.153655
0.15497
0.153162
0.155299
0.153491
0.156942
0.152998
0.158421
0.158257
0.162202
0.159243
0.159243
0.155956
0.156942
0.157764
0.159079
0.159572
0.160229
0.162859
0.162859
0.13459
0.136891
0.13837
0.137877
0.140013
0.139849
0.142479
0.145766
0.144122
0.146423
0.146916
0.148396
0.147738
0.14971
0.149546
0.14856
0.141493
0.124728
0.090871
0.094487
0.100403
0.101554
0.10517
0.1101
0.111744
0.113059
0.115689
0.115853
0.117496
0.119797
0.121934
0.126372
0.127029
0.126207
0.128837
0.130809
0.12933
0.131302
0.135083
0.133275
0.127687
0.091035
0.096952
0.097609
0.100896
0.103855
0.108128
0.112073
0.113388
0.116182
0.121277
0.125714
0.122756
0.126372
0.12818
0.128015
0.127358
0.134097
0.1267
0.127522
0.126207
0.124728
0.123249
0.123085
0.12177
0.122592
0.122756
0.121441
0.119633
0.12555
0.128015
0.131796
0.133603
0.1267
0.092514
0.013787
0.001954
0.003761
0.005076
0.007542
0.003433
0.007706
0.012308
0.019211
0.023977
0.03088
0.038276
0.043043
0.048138
0.055534
0.056191
0.059478
0.06556
0.069176
0.0769
0.079037
0.084625
0.088898
0.090871
0.088734
0.097281
0.097281
0.104841
0.103526
0.107306
0.110593
0.111251
0.114538
0.11799
0.118483
0.11914
0.121441
0.123413
0.127358
0.124893
0.12818
0.128344
0.126865
0.132617
0.135904
0.136233
0.13574
0.138699
0.136398
0.137712
0.137712
0.136069
0.140013
0.138205
0.138699
0.142479
0.140671
0.140013
0.114538
0.006556
-0.001827
0.006556
-0.003799
-0.001334
0.006884
0.013952
0.015924
0.021676
0.028251
0.034661
0.041892
0.044522
0.050932
0.053562
0.0603
0.063916
0.06671
0.068189
0.068682
0.072463
0.075914
0.0769
0.081338
0.081667
0.08216
0.08594
0.087584
0.092186
0.089227
0.096623
0.096623
0.097774
0.09498
0.099417
0.096788
0.099746
0.097774
0.065888
0.015102
0.015924
0.026278
0.032031
0.037948
0.039427
0.04748
0.049453
0.056684
0.0603
0.066546
0.068189
0.004583
0.011815
0.021676
0.0271
0.02973
0.040084
0.043207
0.047152
0.051096
0.057177
0.061286
0.064409
0.070983
0.078051
0.077065
0.081667
0.084461
0.0935
0.093829
0.094487
0.098431
0.097281
0.097774
0.103197
0.100732
0.103033
0.106813
0.111251
0.110758
0.111744
0.116346
0.114867
0.115195
0.120291
0.124728
0.126207
0.128344
0.127851
0.132782
0.129823
0.132617
0.133439
0.127029
0.129988
0.126207
0.127358
0.122263
0.003268
0.011322
0.016253
0.021676
0.021676
0.02973
0.035975
0.039591
0.043865
0.052904
0.056849
0.060793
0.064409
0.066053
0.070162
0.077886
0.081667
0.084625
0.086104
0.086926
0.093665
0.09613
0.095308
0.098595
0.09613
0.094322
0.091857
0.088734
0.087912
0.074435
0.077558
0.073449
0.072463
0.058985
0.053562
0.040742
0.026771
0.01954
0.017896
0.019375
0.026114
0.028908
0.030223
0.028908
0.02332
0.019375
0.015102
0.010829
0.007049
0.004255
-1.9e-05
0.008528
0.010829
0.017239
0.013787
0.017567
0.021183
0.027265
0.031702
0.036304
0.044851
0.041235
0.047316
0.046001
0.048467
0.049781
0.051918
0.05274
0.05652
0.059643
0.056356
0.057999
0.054712
0.04633
0.031373
0.034661
0.035318
0.037126
0.036797
0.03729
0.036304
0.034661
0.028579
0.024142
0.014445
0.009185
0.002611
0.007542
0.008035
0.007706
0.009021
0.011979
0.011486
0.010993
0.016417
0.015595
0.020362
0.011322
0.012637
0.014773
0.018554
0.024306
0.02595
0.029401
0.019211
0.011979
0.015431
0.023484
0.023813
0.029072
0.036962
0.040084
0.039427
0.046001
0.048302
0.048795
0.049453
0.048631
0.042714
0.046659
0.051425
0.053726
0.058657
0.061451
0.065888
0.066381
0.069176
0.049617
0.053233
0.051261
0.058328
0.056356
0.062273
0.064574
0.068189
0.071312
0.06934
0.071148
0.07312
0.07838
0.075914
0.077393
0.07953
0.083146
0.084461
0.087748
0.092021
0.094487
0.095637
0.098924
0.101061
0.099417
0.100732
0.105498
0.103691
0.094322
0.093007
0.092021
0.093665
0.09498
0.095801
0.09235
0.095966
0.094487
0.100239
0.099746
0.10254
0.105827
0.113223
0.103691
0.106485
0.109279
0.110922
0.008857
0.006884
0.019704
0.024142
0.030387
0.035318
0.034003
0.044686
0.047809
0.026936
0.032688
0.030387
0.003761
-0.000183
0.002282
-1.9e-05
-0.000841
-0.000183
-0.001991
0.000803
0.00031
0.000803
0.000803
0.002447
0.001296
0.000474
-0.001662
0.002775
0.007542
0.012472
0.001789
0.00146
0.004912
0.001625
-0.000512
-0.000347
-0.000183
-0.000183
-0.000183
-0.000676
-0.000347
0.000146
0.00031
0.00146
0.009843
-0.000347
-0.000841
-0.000676
-1.9e-05
-0.001498
-0.000512
0.002118
0.001625
0.003433
0.000639
0.001789
0.00294
0.006391
0.00294
0.008528
0.001132
0.000146
0.008035
0.005405
0.002611
0.000146
0.002447
-0.000183
0.005734
0.002118
0.000474
-0.00347
0.001132
0.006062
0.006556
0.013952
0.022334
0.027429
0.034003
0.035482
0.040084
0.046494
0.035154
0.001954
0.007049
0.014116
0.017567
0.022334
0.022663
0.023813
0.025128
0.003597
-0.000347
0.000146
0.001954
-0.000183
0.00409
0.000967
0.000146
0.000967
0.00031
0.000146
-1.9e-05
-0.000183
-0.000183
-0.000512
-0.000512
-1.9e-05
0.000146
-1.9e-05
0.00031
0.004419
-1.9e-05
0.002775
0.005241
0.000803
-0.000512
0.004748
-0.000347
0.000967
0.007542
0.008528
0.000474
0.00146
-0.000347
-0.000512
-0.000183
0.00146
-0.000347
-0.000347
0.00146
0.00031
0.001625
-1.9e-05
0.000146
0.007377

Kurve 2

-0.000183
0.000474
0.000803
-0.000512
0.000803
-0.000512
-0.000183
-0.00232
0.000474
-0.000676
-0.000183
0.000146
0.00031
0.000146
-1.9e-05
-0.000347
-0.000512
-0.000347
-0.000512
0.000146
-1.9e-05
0.000146
-0.000347
0.000146
-0.000512
-0.000347
-0.000512
-0.001005
-0.000347
-0.001334
-0.000347
-1.9e-05
0.000474
0.000474
0.000474
0.000146
-1.9e-05
-0.000347
-0.000347
-0.000841
0.003597
-0.000347
-0.000347
0.000146
0.000146
-0.000183
0.00031
-0.000183
-0.000676
-0.000183
-0.000676
-0.002155
-0.000347
0.00031
0.000146
0.000474
0.000474
0.00031
-0.000183
-0.000347
-0.000676
-0.000676
-0.000676
-0.000512
0.000146
0.000146
-0.000183
0.00031
-0.000183
-0.000183
0.000146
-0.000347
-0.000183
-0.000676
-0.000676
-0.000183
-1.9e-05
0.000146
0.000474
0.000146
-0.000347
-0.000347
-0.000183
-0.000512
-0.000512
-0.000183
-0.000183
0.000474
0.000146
0.00031
-0.000183
-0.000183
-0.000512
-0.000512
-0.000676
-0.000841
-1.9e-05
-1.9e-05
0.000146
0.000146
0.000474
0.000639
0.000639
-0.000512
-0.000183
-0.000512
-0.000512
-0.000183
0.000146
0.000146
0.000146
0.00031
-1.9e-05
0.000474
-0.000512
-0.000512
-0.001005
-0.000183
-0.000183
0.000146
-1.9e-05
0.000146
0.00031
0.00031
0.000146
-0.000183
-0.000841
-0.000512
-0.000512
-0.000676
-1.9e-05
0.000146
0.00031
0.00031
-0.000183
-0.000347
-0.000183
-0.000347
-0.000512
-0.000347
0.000146
-1.9e-05
0.00031
-1.9e-05
0.000146
0.000146
-1.9e-05
-0.000183
-0.000512
-0.000512
-0.000347
-0.000676
-1.9e-05
0.00031
0.000146
0.00031
0.000474
0.000146
-0.000183
-0.000676
-0.000512
-0.000676
-0.000841
-0.000347
0.000146
0.00031
0.000146
0.000146
-0.000183
-0.000347
-0.000183
-0.000183
-0.000347
-1.9e-05
0.000146
0.000146
0.000146
0.000146
-1.9e-05
0.000146
-0.000512
-0.000183
-0.000676
-0.000512
-0.001005
-0.000183
0.00031
0.00031
-1.9e-05
0.000474
0.000639
-0.000676
-0.000183
-0.000512
-0.000347
-0.000841
-1.9e-05
-0.000183
0.000146
0.000146
0.000639
-1.9e-05
-0.000347
-0.000512
-0.000512
-0.000512
-0.000841
-0.000183
0.00031
0.000146
0.000474
-1.9e-05
0.000474
-1.9e-05
-0.000183
-0.000347
-0.001334
0.000474
-1.9e-05
0.000146
0.00031
0.000639
0.000146
-1.9e-05
-0.000183
-0.000512
-0.000183
-0.000183
-0.000841
-0.000676
-1.9e-05
-0.000183
0.00031
-0.000841
0.000639
-1.9e-05
-0.000512
-0.000347
-0.000512
-0.000347
-0.000183
0.000146
0.000146
0.000474
0.00031
0.000146
-0.000183
-0.000183
-0.000183
-0.000347
-0.001498
-0.000347
0.000146
0.000474
0.000146
0.000474
0.000146
-1.9e-05
-0.000183
-0.000512
0.000146
-0.000512
-0.000347
-0.000183
0.00031
-1.9e-05
0.000474
-0.000183
0.000967
-0.000676
-0.000676
-0.000512
-0.000512
0.00031
0.000474
0.00031
0.00031
0.000474
0.00031
0.00031
-0.000183
-0.000512
-0.000676
-0.000676
-0.000676
-1.9e-05
-1.9e-05
0.000146
-1.9e-05
-1.9e-05
0.000474
-0.000512
-0.000347
-0.001005
0.000146
-1.9e-05
0.00031
0.000146
0.00031
0.000639
0.000146
-1.9e-05
0.000146
-0.000676
-0.001005
-0.001005
-1.9e-05
0.000146
0.000146
0.00031
-0.000347
0.000639
-0.000347
-1.9e-05
-0.000676
-0.000347
-0.000676
-0.000676
-0.000841
-1.9e-05
-1.9e-05
0.000474
0.00031
-0.000347
-1.9e-05
-0.000512
-0.000512
-0.000347
0.000146
-0.000183
0.000474
-0.000347
0.000474
0.000146
-1.9e-05
-0.000512
-0.000676
-0.000512
-0.001169
-0.000676
-0.000347
0.000474
-0.000183
0.000146
0.000146
-1.9e-05
-1.9e-05
-0.000183
-0.000183
-0.000512
-0.001169
-1.9e-05
0.000146
-1.9e-05
-0.000183
0.00031
-1.9e-05
-0.000183
-0.000512
-0.000347
-0.000347
-0.000841
0.000146
-0.000183
0.000639
-1.9e-05
-1.9e-05
0.000146
-0.000841
-0.000676
-0.000512
-0.000841
-0.000347
-1.9e-05
-0.000841
0.000474
-1.9e-05
0.00031
0.000803
-1.9e-05
-0.000512
-1.9e-05
-0.000512
0.003104
-0.000347
0.00031
-1.9e-05
0.000146
0.000474
-0.000183
-0.000183
-0.000841
-0.000347
-0.000512
-0.003306
-0.000512
0.000146
-1.9e-05
0.000474
0.000146
0.00031
-0.000183
-0.000676
-0.000347
-0.000676
-0.000512
-0.000512
-0.000347
0.000146
0.000803
-0.000183
0.00031
-0.000183
-0.000183
-0.000512
-0.000183
-0.000676
-0.000841
0.000146
-1.9e-05
0.00031
-0.000183
-0.000183
-0.000512
-0.000183
-0.000512
-1.9e-05
-0.000512
0.000146
0.00031
0.000146
0.00031
0.000474
0.000474
0.00031
-0.000183
-0.000676
-0.000512
-0.000676
-0.000347
-0.000183
0.000146
-0.000183
0.000803
0.000474
0.000474
-0.000183
-0.000676
-0.000512
-0.000676
0.000146
0.00031
-1.9e-05
0.000146
0.000146
0.000474
0.000474
-0.000512
-0.000183
-0.000841
-0.000512
-0.000676
0.00031
0.000146
-1.9e-05
-1.9e-05
0.000803
-1.9e-05
-0.000512
-1.9e-05
-0.000676
-0.000676
-0.001005
-0.000183
-0.000183
0.00031
0.000474
-0.000183
-0.000183
-0.000512
-0.000841
-0.000512
-0.000512
0.000146
-0.000183
0.00031
0.000146
-1.9e-05
0.000639
-0.000183
-1.9e-05
-0.000676
-0.000841
-0.000841
-0.000512
-0.000183
0.000146
0.000146
0.000146
0.000474
0.000474
-0.000183
-0.000512
-0.000347
-0.000512
-0.000347
-1.9e-05
0.00031
-0.000183
0.000474
-0.000183
-1.9e-05
-0.000676
-0.000512
-0.000512
-0.000676
0.000146
-1.9e-05
-1.9e-05
0.00031
0.000474
0.00031
-0.000183
0.000146
-0.000183
-0.000347
-0.000676
-0.000841
-0.000183
-1.9e-05
0.000146
0.000146
0.000146
0.00031
-0.000183
-0.000512
-0.000676
-0.000347
-0.000841
-1.9e-05
-0.000183
0.000146
0.000146
0.00031
0.000146
-0.000183
-0.000347
-0.000841
-0.000347
-0.000841
-0.000183
0.000146
0.000474
0.000146
0.000146
0.00031
-0.000183
-0.000512
-0.000347
-0.000676
0.000967
-0.000183
0.000146
0.000146
0.00031
-1.9e-05
0.000146
-0.000183
-0.000676
-0.000512
-0.000512
-0.001169
-0.000347
0.00031
-1.9e-05
0.000474
0.000146
0.000146
0.000146
-0.000512
-0.000512
-0.000347
-0.000841
-0.000183
0.000146
0.000146
0.000146
0.00031
-1.9e-05
-0.000183
-0.000183
-0.000347
-0.000183
-0.000347
-0.000676
-0.000183
-1.9e-05
0.000146
-1.9e-05
0.000146
-0.000183
-0.000347
-0.000183
-0.000512
-0.000512
-0.000347
-0.000183
0.000474
0.000146
0.000146
0.00031
-1.9e-05
-0.000347
-0.000676
-0.000512
-0.000841
-0.000183
0.000146
-1.9e-05
-1.9e-05
0.000474
0.000474
0.000639
-0.000347
-0.000183
-0.000512
-0.000183
-1.9e-05
-0.000183
0.000146
0.000146
0.000967
-0.000183
0.000146
-0.000676
0.000146
-0.000841
0.00031
-0.000676
-0.000183
0.00031
0.000639
0.000474
0.000474
-1.9e-05
-0.000841
-0.000347
-0.000676
-0.000676
-0.000841
0.00031
0.00031
0.00031
-0.000183
0.000474
-0.000512
0.000803
-0.000676
0.000146
-0.000347
-0.000841
0.000639
-0.000347
0.000146
0.00031
0.000803
-0.000841
-0.000841
0.001954
-1.9e-05
-0.001662
0.000639
0.001132
-1.9e-05
0.001625
0.001296
0.002447
0.002118
0.002775
0.006227
0.005076
0.003597
0.004748
0.003268
0.001789
-0.000841
-0.00232
-0.001498
-1.9e-05
-0.000183
-0.003799
0.002775
-1.9e-05
0.004912
0.002447
0.005898
0.002611
0.005569
0.004255
0.004912
0.007706
0.00672
-0.003142
-0.000347
0.001954
-0.002484
-0.000347
-0.001005
0.001954
0.00031
0.000146
-1.9e-05
-1.9e-05
-0.000841
-1.9e-05
-0.000676
-0.000183
-1.9e-05
0.000474
0.000474
0.001625
0.000474
-0.000512
0.001789
-0.000183
0.000803
0.00146
-0.001334
-0.000347
0.002447
-0.000676
0.001954
0.00294
-0.000512
0.000803
-0.000347
-0.001169
-0.004949
-0.001498
-0.001498
0.000967
-0.001991
-0.000183
-0.002484
0.00031
-0.000841
0.001296
-0.001498
-1.9e-05
0.000146
0.001296
0.004583
-0.001334
0.003597
-0.001991
0.000967
0.001789
0.000967
-1.9e-05
-0.000676
0.004583
0.012801
0.021183
0.028415
0.029237
0.034989
0.042714
0.040742
0.045179
0.026114
0.027265
0.035811
0.037948
0.040577
0.044522
0.035975
0.043865
0.040742
0.041399
0.038276
0.040249
0.014116
0.022005
0.024142
0.024799
0.03088
0.035975
0.042714
0.04896
0.052411
0.054055
0.059314
0.049288
0.050439
0.051261
0.053726
0.056684
0.054712
0.053397
0.049781
0.054055
0.058328
0.05652
0.051589
0.057013
0.05915
0.063259
0.06556
0.065231
0.070819
0.061779
0.063587
0.000146
0.000639
0.000474
-0.000676
-1.9e-05
0.00031
0.00031
0.000146
0.00031
-1.9e-05
-0.000183
-0.000676
-0.000512
-0.000512
-0.000183
0.000146
0.000146
0.000146
0.004583
0.009843
0.020197
0.02973
0.033839
0.036962
0.041728
0.047809
0.052904
0.043371
0.047316
0.05274
0.057013
0.058328
0.064245
0.064574
0.058164
0.053562
0.048631
0.037126
0.030716
0.027265
0.025457
0.020362
0.00787
0.003104
0.000639
0.003433
0.006227
0.011322
0.004748
0.009678
0.007213
0.005405
0.008528
0.006391
0.012801
0.011815
0.009678
0.013623
0.006227
0.004583
0.009021
0.006227
0.008199
0.007706
0.006391
0.004419
0.005241
0.004255
0.004419
0.010829
0.011815
0.0105
0.002611
0.004255
0.005898
0.006227
0.002447
0.005076
0.005405
0.002118
-0.000183
0.00294
0.00031
0.001296
0.002611
0.00294
0.00409
0.004419
0.00672
0.008692
0.005241
0.006391
0.000639
0.003104
0.005241
0.004748
0.000803
0.002118
-1.9e-05
0.000474
0.001954
-0.000183
-0.000841
-0.000841
0.00031
0.000967
0.003433
0.003268
0.001954
0.00031
-0.000841
-0.000676
-0.001005
-0.000347
-0.000347
0.000146
-1.9e-05
0.00031
0.00031
-1.9e-05
-1.9e-05
-1.9e-05
-0.000676
-0.000512
-0.000676
-0.000183
-1.9e-05
-0.000183
0.000146
0.000803
0.000146
-0.000512
-0.000183
-0.000347
0.000639
0.001132
-0.000183
-0.000183
0.000474
0.000146
0.000474
0.000474
0.000639
0.000474
-0.000347
-0.000347
-0.000841
-1.9e-05
-1.9e-05
0.00031
0.000146
0.000474
0.000474
0.000146
-0.000512
-0.000183
-0.000512
-0.000512
-0.000512
0.000146
0.000146
0.000146
0.00031
0.000474
-1.9e-05
-0.000183
-0.000183
-0.000347
-0.000347
-0.000347
0.00031
-1.9e-05
0.00031
-0.000347
0.00031
0.00031
-0.000183
-0.000183
-0.000512
0.000146
-0.000676
0.00031
-0.000512
-1.9e-05
0.000474
0.00031
-0.000183
-0.000347
-0.000347
-0.000347
-0.000676
-0.000347
-1.9e-05
0.000146
0.00031
0.000146
0.00031
-1.9e-05
-0.000347
-0.000512
-0.000347
-0.000676
-0.000512
-1.9e-05
0.000146
-1.9e-05
0.000146
0.000474
0.000146
-0.000347
-0.000512
-0.000512
-0.000512
-0.000512
-0.000183
-1.9e-05
0.000146
0.00031
0.000146
-1.9e-05
-0.000183
-0.000512
-0.000512
-0.000676
-0.000183
-1.9e-05
0.000146
0.00031
0.000146
0.000639
0.000146
-0.000183
-0.000347
-0.000183
-0.000676
-0.000512
-1.9e-05
0.000146
0.000146
0.000146
0.000474
-1.9e-05
0.00031
-0.000512
-0.000347
-0.000183
-0.000512
0.000639
-1.9e-05
0.000146
-1.9e-05
0.000639
0.00031
0.000146
-0.000676
-0.000512
-0.000512
-0.000676
-1.9e-05
-0.000183
0.000474
0.000146
0.00031
0.000146
0.000146
-0.000512
-0.000183
-0.000347
-0.000676
-1.9e-05
-1.9e-05
0.00031
0.000146
0.00031
0.000146
-1.9e-05
-0.000347
-0.000512
-0.000676
-0.000183
-0.000512
0.000474
0.00031
0.000146
0.00031
0.00031
-0.000183
-0.000183
-0.000512
-0.000841
-0.000512
-0.000512
0.000146
0.000146
0.000146
0.000146
0.000474
-0.000183
0.000146
-0.000347
-0.000676
-0.000676
-0.000347
-1.9e-05
-1.9e-05
0.000146
0.000146
0.00031
-1.9e-05
0.000639
-0.000512
-0.000183
-0.000841
-0.000347
0.000146
0.002611
0.000146
0.000639
-1.9e-05
0.00031
-0.000183
-0.000183
-0.000347
-0.000512
0.000639
0.00031
0.00031
0.000146
-0.000676
0.000967
0.000803
0.001132
-0.003306
0.00146
0.000967
-0.007744
0.000474
0.000146
0.003433
-0.000183
0.000967
0.003597
0.002775
-0.000676
0.000967
-0.000183
-0.000183
0.00031
0.00146
-0.001498
0.00031
0.003268
0.00031
-0.001991
0.00146
-0.000512
-1.9e-05
-0.001005
-1.9e-05
-0.000347
0.000474
-0.000183
0.000967
-0.000183
-1.9e-05
-0.000183
-0.000841
0.000146
0.000474
0.00031
-0.000183
0.002447
0.001296
0.000639
-0.000676
0.000474
-0.000676
0.000474
-0.000841
0.002118
0.000803
0.000146
0.005405
0.000474
0.000803
0.002447
0.000803
-0.000183
0.001296
-1.9e-05
-0.000676
0.000967
0.000474
-1.9e-05
0.000639
0.00031
0.000146
-1.9e-05
-0.000183
-0.000512
-0.000676
-0.000676
0.000639
-0.000183
0.000474
0.000146
0.000474
0.00031
-0.000183
-0.000512
-0.000512
-0.000512
-0.001005
-1.9e-05
-0.000841
0.000474
0.00031
0.000967
0.000639
0.000146
0.00031
-1.9e-05
0.00031
-0.002977
0.000474
-0.000512
0.000146
0.00031
-1.9e-05
0.000474
-0.000183
0.000146
-0.000347
-0.000347
0.005898
0.00031
-0.000347
0.000474
0.000146
0.000146
0.000639
-1.9e-05
-0.000512
0.000146
-0.001334
-0.003963
-0.000183
0.00031
0.000474
0.000146
0.000639
0.000803
0.00031
-1.9e-05
0.001954
-0.000676
0.000639
-1.9e-05
-0.000347
0.001132
-0.000512
0.002611
0.00031
0.002118
0.003268
-0.000183
-0.000841
-0.000183
-0.001169
0.000474
0.000639
0.000803
0.00031
0.00031
-0.000347
-0.000512
-1.9e-05
-0.000347
-0.000676
-1.9e-05
0.000967
-1.9e-05
0.000146
0.000146
0.000803
-0.000841
0.000146
0.001132
-1.9e-05
-0.000347
-0.000183
0.001132
0.001296
-1.9e-05
0.000967
0.001296
0.001132
-0.000347
-0.000347
-0.000676
-0.000841
-0.000183
-0.000183
0.001625
0.000639
0.000146
0.000639
0.000803
-0.000183
-0.000347
-0.000676
-0.000512
0.000639
-0.000183
0.000474
0.000803
0.00031
0.00031
0.000146
-0.000183
0.000146
-0.000841
0.000474
-0.000841
0.001296
0.00031
0.000803
0.000474
0.000474
0.00031
-0.001662
-0.001169
-0.001169
-0.000183
-0.000347
0.000967
0.00031
0.000803
-0.000512
0.001132
-0.000183
0.000803
0.001789
0.000146
-0.000512
0.000639
-0.000183
0.000474
0.000146
0.00031
0.00031
-0.000183
-0.000183
-0.000183
-0.000512
-0.000512
-0.000347
-0.000183
-1.9e-05
0.00031
0.00031
0.000474
0.000146
-0.000183
-0.000347
-0.000347
-0.000676
-0.000347
-0.000183
-1.9e-05
0.00031
0.00031
0.00031
0.000146
-0.000183
-0.000512
-0.000676
-0.000347
-0.000512
0.000146
0.000146
0.000146
0.00031
0.00031
0.000146
-0.000183
-0.000512
-0.000512
-0.000676
-0.000676
-0.000183
-1.9e-05
-1.9e-05
0.000146
0.00031
0.00031
-0.000183
-0.000347
-0.000512
-0.000512
-0.000512
0.000146
0.000146
0.000146
0.000474
0.00031
0.000474
-0.000347
-0.000347
-0.000347
-0.000512
-0.000183
-1.9e-05
0.000146
0.000146
0.00031
0.000474
0.000474
-0.000183
-0.000512
-0.000512
-0.000841
-0.000676
-0.000183
-1.9e-05
0.000146
0.000146
0.00031
0.00031
-0.000183
-0.000347
-0.000512
-0.000347
-0.000676
-0.000183
-0.000183
0.000474
-1.9e-05
0.00031
0.000146
-1.9e-05
-0.000183
-0.000512
-0.000347
-0.000512
-0.000347
-1.9e-05
-1.9e-05
0.000146
0.00031
0.000474
-0.000183
-0.000183
-0.000347
-0.000841
-0.000512
-0.000347
0.000146
0.000146
0.000146
0.00031
0.000146
-1.9e-05
-0.000183
-0.000512
-0.000347
-0.000512
-0.000347
0.000146
0.00031
0.00031
0.000474
0.000146
0.000146
-0.000183
-0.000512
-0.000676
-0.000512
-0.000347
0.000146
0.000146
0.000146
0.00031
0.00031
-1.9e-05
-0.000183
-0.000183
-0.000183
-0.000512
-0.000512
-0.000183
0.000146
0.000146
0.000146
0.00031
0.00031
-0.000512
-0.000183
-0.000676
-0.000347
-0.000347
-0.000183
-1.9e-05
0.00031
-1.9e-05
0.00031
0.000146
-0.000347
-1.9e-05
-0.000512
0.000474
-0.001334
0.000967
0.000803
0.003104
0.003597
0.002611
-0.000183
0.001296
0.001954
0.001296
0.003268
0.011486
0.012637
0.017896
0.020197
0.021512
0.026114
0.032688
0.026443
0.004748
0.014938
0.01954
0.026936
0.031045
0.032688
0.000967
0.004419
0.011322
0.01691
0.000474
0.007706
0.01428
0.017567
0.027922
0.028251
0.032195
0.03614
0.035975
0.040577
0.044193
0.046166
0.034989
0.034496
0.035975
0.043043
0.043536
0.048138
0.047973
0.052082
0.052904
0.058985
0.060793
0.062273
0.069669
0.07197
0.072791
0.075092
0.076079
0.078873
0.081502
0.084132
0.086104
0.087419
0.090049
0.091199
0.096294
0.097116
0.097281
0.10139
0.103033
0.109114
0.109772
0.106978
0.114867
0.112401
0.114538
0.116182
0.004255
-0.025658
-0.015797
-0.003142
0.003926
0.011322
0.016253
0.024635
0.027593
0.035482
0.040906
0.048302
0.051096
0.055534
0.062601
0.066546
0.068682
0.069176
0.077558
0.078873
0.083968
0.084789
0.088898
0.089063
0.095308
0.096294
0.100568
0.103855
0.105005
0.107964
0.110265
0.111251
0.112237
0.113059
0.112401
0.118318
0.117168
0.117825
0.11799
0.124728
0.122756
0.125386
0.121441
0.125057
0.108621
0.005734
0.008692
0.013952
0.021676
0.027429
0.035647
0.039756
0.046001
0.050439
0.056191
0.059972
0.06556
0.065395
0.073449
0.074599
0.07838
0.082324
0.086269
0.090706
0.092186
0.096294
0.099746
0.106156
0.101225
0.108293
0.106813
0.111744
0.107964
0.111251
0.115524
0.11536
0.119469
0.119797
0.121605
0.122427
0.1267
0.126207
0.128344
0.129823
0.130481
0.131302
0.137384
0.134261
0.138205
0.140835
0.136398
0.136398
0.136891
0.136891
0.13837
0.139356
0.138534
0.141493
0.137548
0.140506
0.140835
0.141
0.142972
0.13459
0.126536
0.096623
0.08709
0.082817
0.078215
0.083803
0.081995
0.081174
0.083639
0.07575
0.078708
0.076407
0.072298
0.074435
0.080516
0.060793
0.019047
0.015102
0.023484
0.023813
0.022827
0.020855
0.023649
0.003433
0.001625
0.010007
0.00409
0.017074
0.019375
0.026278
0.029894
0.035318
0.04107
0.047316
0.050932
0.056027
0.062108
0.066381
0.023484
0.007706
0.011651
0.01691
0.027593
0.031538
0.036633
0.041235
0.048795
0.05011
0.055534
0.058657
0.064245
0.071477
0.073613
0.075257
0.079694
0.086433
0.08857
0.091692
0.095473
0.095637
0.100732
0.101883
0.094815
0.105663
0.108293
0.110922
0.113388
0.117825
0.117168
0.121934
0.123742
0.122756
0.126865
0.124728
0.126372
0.12933
0.129823
0.131467
0.133439
0.133439
0.136562
0.136069
0.129166
0.130316
0.132946
0.134261
0.135411
0.137384
0.136726
0.135576
0.138205
0.14215
0.14215
0.143794
0.142972
0.146916
0.14478
0.147245
0.147574
0.143958
0.146752
0.149875
0.15119
0.148889
0.152833
0.150532
0.152833
0.151683
0.152669
0.151847
0.156449
0.15497
0.155627
0.155299
0.155134
0.155792
0.157107
0.153162
0.159736
0.155463
0.157271
0.159408
0.156778
0.158421
0.158914
0.158586
0.15875
0.160887
0.158914
0.163023
0.158914
0.157271
0.159736
0.160065
0.159408
0.160887
0.161544
0.162695
0.163845
0.164338
0.16253
0.161709
0.160229
0.160887
0.161051
0.155792
0.135083
0.122263
0.120126
0.120784
0.121441
0.126372
0.12818
0.128015
0.131796
0.131138
0.133439
0.133932
0.133603
0.137877
0.141821
0.139192
0.13952
0.141
0.140342
0.142479
0.142807
0.144615
0.143465
0.147574
0.148396
0.145108
0.15119
0.149053
0.150532
0.149382
0.151847
0.151683
0.150697
0.146095
0.008528
0.003761
0.0105
0.017403
0.024142
0.032524
0.03729
0.045344
0.051918
0.059314
0.059972
0.067532
0.070983
0.074764
0.078544
0.082653
0.081174
0.00294
0.012308
0.019047
0.023977
0.032524
0.040577
0.042221
0.045015
0.028908
0.036797
0.000803
0.004419
0.00672
0.003926
0.003268
0.01313
0.016581
0.022663
0.022498
0.028744
0.036962
0.038276
0.04748
0.051589
0.057177
0.052411
0.009514
0.007049
0.014773
0.01691
0.023813
0.03729
0.03236
0.032031
0.040084
0.044686
0.046494
0.052247
0.058328
0.063423
0.067368
0.069833
0.066053
0.077558
0.078215
0.081502
0.081995
0.085283
0.083639
0.089391
0.088734
0.087419
0.089227
0.091528
0.090213
0.090049
0.092021
0.08857
0.089391
0.089063
0.093007
0.090213
0.092843
0.088405
0.027922
0.033017
0.035154
0.038112
0.044193
0.045672
0.048302
0.054548
0.01576
0.020362
0.028415
0.037126
0.038441
0.046823
0.049124
0.054712
0.051261
0.033839
0.024142
0.021512
0.012308
0.014445
0.010007
0.004583
0.003104
0.009678
0.018554
0.023484
0.031702
0.03351
0.042385
0.048302
0.051754
0.057671
0.063094
0.062108
0.06293
0.066053
0.070655
0.075257
0.077558
0.08216
0.079366
0.080681
0.084625
0.087584
0.086104
0.090213
0.090871
0.086762
0.034003
0.006062
0.007542
0.00787
0.014773
0.021841
0.015266
0.005405
0.000639
-0.000183
0.004419
0.002775
0.006556
0.009678
0.009514
0.003104
0.003597
0.003761
0.005898
0.011486
0.013459
0.016253
0.009185
-1.9e-05
-0.000512
0.004583
0.009843
0.014609
0.00409
0.002118
-0.001334
0.006884
0.012472
0.016253
0.01954
0.025128
0.022169
0.023484
0.02973
0.033181
0.016746
0.016417
0.01691
0.015924
0.023156
0.0271
0.035647
0.039263
0.046166
0.051261
0.057013
0.058985
0.059643
0.064409
0.066217
0.046166
0.000803
0.000146
-0.000512
0.00294
0.00031
0.014609
0.011651
0.022498
0.028086
0.032688
0.025785
0.007049
0.001789
0.000146
0.004748
0.007213
0.013294
0.019375
0.021348
0.025292
0.034989
0.039263
0.045837
0.049781
0.054712
0.058985
0.051589
0.056191
0.058328
0.059807
0.054055
0.055205
0.040906
0.023813
0.012965
0.005569
0.008528
0.010171
0.001625
0.000639
0.000803
-0.001005
0.002118
0.003761
0.002282
0.003926
0.002282
0.002282
0.005405
0.005734
0.012472
0.010993
0.010664
0.003761
0.000967
0.002447
0.00935
0.011815
0.018225
0.025457
0.023484
0.01428
0.002611
0.001132
0.001296
0.005076
0.005405
0.017567
0.023977
0.029566
0.033674
0.041235
0.040577
0.032524
0.013787
0.012637
0.014938
0.019704
0.02332
0.00787
0.003761
0.002118
0.008528
0.005405
0.000474
0.000639
0.00294
0.00672
0.015924
0.019047
0.026278
0.028086
0.028415
0.001132
0.000146
0.000146
0.000474
0.000803
-0.001005
0.005076
0.014609
0.022827
0.022334
0.023977
0.016746
0.021348
0.017074
0.020855
0.022169
0.026771
0.035647
0.037948
0.046001
0.04896
0.055041
0.056684
0.064409
0.065231
0.072134
0.074435
0.075585
0.077722
0.080516
0.083475
0.083639
0.084132
0.086433
0.087419
0.091035
0.093993
0.091364
0.09498
0.09613
0.097774
0.099417
0.101718
0.101061
0.104184
0.103855
0.104348
0.107964
0.107635
0.11158
0.111087
0.112401
0.116839
0.115524
0.117168
0.119304
0.12818
0.126536
0.126865
0.132617
0.132124
0.134918
0.136891
0.136562
0.140178
0.145108
0.14215
0.14478
0.144944
0.144287
0.149217
0.14856
0.152176
0.152505
0.156778
0.156942
0.159736
0.159572
0.161051
0.161544
0.159572
0.160394
0.163681
0.164831
0.162366
0.165653
0.166968
0.167297
0.16779
0.173707
0.169762
0.16894
0.170584
0.169926
0.17157
0.172885
0.172063
0.174364
0.173707
0.172556
0.17535
0.173707
0.173542
0.172063
0.175515
0.172392
0.171734
0.172885
0.176336
0.176336
0.176172
0.182089
0.177322
0.176665
0.176994
0.181103
0.176994
0.17913
0.178309
0.17913
0.175843
0.14478
0.133439
0.141986
0.147574
0.151847
0.154312
0.152176
0.154641
0.156613
0.159243
0.157107
0.148231
0.148231
0.126372
0.00787
0.015431
0.023649
0.031045
0.028744
0.007213
0.012472
0.004748
0.000146
-1.9e-05
-0.000512
0.004255
0.012965
0.000146
0.007542
0.000474
-0.000183
-0.000512
0.000639
0.000474
-0.001827
-0.004456
0.000803
-0.001169
0.000803
0.001296
0.001954
0.004748
0.000474
-0.000183
-1.9e-05
-0.000841
0.000803
0.00031
-0.001827
0.001132
0.000146
0.000474
0.007049
0.015924
0.021676
0.026936
0.028251
0.042385
0.045672
0.051754
0.058164
0.0603
0.069176
0.070162
0.075585
0.077722
0.080845
0.086762
0.093336
0.094815
0.095801
0.102704
0.104019
0.109772
0.111087
0.110593
0.113388
0.037455
0.04107
0.04748
0.053069
0.057999
0.054055
0.021348
0.01954
0.012637
0.018061
0.026114
0.030716
0.039427
0.046166
0.049288
0.055041
0.018882
0.012472
0.01313
0.017403
0.02595
0.032688
0.039098
0.0437
0.053069
0.054383
0.058328
0.068354
0.071312
0.07575
0.081174
0.08594
0.088898
0.098102
0.101061
0.097938
0.00146
0.003761
0.0105
0.020033
0.021512
0.025785
0.036962
0.040577
0.04748
0.054055
0.059314
0.06408
0.067532
0.076736
0.077558
0.084625
0.085447
0.09235
0.094487
0.098431
0.100732
0.100239
0.108128
0.111744
0.11536
0.118647
0.121934
0.122427
0.12818
0.129001
0.131302
0.134261
0.134754
0.131138
0.133768
0.030552
0.001132
0.000146
0.005898
0.010664
0.015595
0.022991
0.028086
0.037126
0.039427
0.053397
0.051425
0.058164
0.064574
0.069504
0.073449
0.07953
0.084461
0.088241
0.093665
0.094322
0.097938
0.09991
0.10139
0.106485
0.104677
0.110593
0.111087
0.112237
0.116017
0.114374
0.118811
0.120126
0.12292
0.118483
0.122756
0.122592
0.123742
0.124399
0.122263
0.105992
-0.000841
0.010007
0.01691
0.018389
0.022663
0.027922
0.029237
0.031867
0.032031
0.026278
0.017239
0.012472
0.011815
0.009678
0.000474
0.003597
0.005076
0.011322
0.012965
0.012308
0.016746
0.013787
0.01576
0.017239
0.018389
0.017896
