Ladekurvenmessung
Zeit: 2018_05_04 11.36.21
Info: FVA3, v = 0.748, T = 80, F = 20, h = 160.9
Ladewiderstand[Ohm]: 1012700
Störkapazität[pF]: 0.000000
Entladezeit[ms]: 200
Abtastrate[Hz]: 250000
Anzahl der Messwerte: 2500.000000
Verzögerung[ms]: 3
Ladespannung[V]: 0.200000
Capacitance
8.966221919317928e-11
1.0203256623611397e-10
1.0537509776287404e-10
9.870727052370047e-11
9.754154893602209e-11
7.960809041572203e-11
9.042562034181952e-11
1.4272868326370707e-10
1.2259006687277288e-10
8.598617496892549e-11
9.981360811014483e-11
1.0546435002648033e-10
1.4233866869775394e-10
1.238811949608862e-10
9.895733756271102e-11
8.842811224858435e-11
9.111387371931208e-11
7.63041395555799e-11
1.2931132725214555e-10
7.190147081917793e-11
1.0906808492120827e-10
1.0624088416232071e-10
1.0804522134991882e-10
1.1040168531212288e-10
1.0713704509989973e-10
1.0393712780602853e-10
1.0277603775827145e-10
1.0748209520672057e-10
1.0109177374564739e-10
8.351250575750679e-11
1.730555956954278e-10
1.055461375376387e-10
1.0790057035023573e-10
1.0437648242118078e-10
9.279717262136025e-11
8.258968796797414e-11
1.0379447226116214e-10
1.7491777588884681e-10
1.0770277162142383e-10
8.946077903425092e-11
8.552581519461891e-11
1.028194767435003e-10
1.2613739686409242e-10
1.1303821707923123e-10
1.1978997716103835e-10
1.0698860723047509e-10
1.0731111876006067e-10
1.0854641940499202e-10
1.0406946955582874e-10
1.0258351718315857e-10
9.112303525138954e-11
1.3275343797399265e-10
8.609242818070429e-11
9.145626666770637e-11
8.849864331100522e-11
1.7635269556010853e-10
1.3039905437620088e-10
1.2368329195723998e-10
1.0133826804468557e-10
9.833271459820477e-11
9.957712916850634e-11
1.0834322788085758e-10
1.0820737283329822e-10
1.1796245936789605e-10
1.1308049926764977e-10
8.388930164597716e-11
1.1002097102277462e-10
5.353680520295874e-11
1.061652828860874e-10
6.912306511692612e-11
1.1352564608946189e-10
1.082345458091283e-10
1.0696843820402064e-10
1.0285385186291915e-10
1.0224745406468474e-10
1.2959090193204515e-10
1.1835793997709218e-10
1.04862078516022e-10
1.0079938110812675e-10
1.053864661793483e-10
1.2132234413875485e-10
1.665535393716182e-10
1.0222372654624061e-10
1.2012321223732066e-10
1.1551450093662342e-10
1.4139620454314445e-10
1.373711334481877e-10
1.6886183196384354e-10
1.36501479577046e-10
1.1981148395441677e-10
1.1963391735759844e-10
7.971271719587066e-11
1.150211343220072e-10
1.1798265105198693e-10
1.5286995019687526e-10
1.0324397026016918e-10
1.278288749965189e-10
1.0871038693711387e-10
1.089441523399932e-10
1.0519023214192427e-10
9.849628222191132e-11
1.034063177444023e-10
1.056798216465658e-10
1.1410662392104822e-10
1.0196133403755945e-10
1.0198255521900965e-10
1.0263432659860369e-10
1.0333579848973896e-10
1.0709574729749048e-10
1.0841249107609655e-10
1.0382540563394625e-10
1.0721521698229622e-10
8.938505637778251e-11
1.1469174647587452e-10
1.0272547371938008e-10
1.0358594927883038e-10
9.879431782361709e-11
1.0436498993052626e-10
1.0608239028921947e-10
1.2096223148657994e-10
