Ladekurvenmessung
Zeit: 2018_05_03 13.47.56
Info: FVA3, v = 0.748, T = 40, F = 20, h = 345.0
Ladewiderstand[Ohm]: 1012700
Störkapazität[pF]: 0.000000
Entladezeit[ms]: 200
Abtastrate[Hz]: 250000
Anzahl der Messwerte: 2500.000000
Verzögerung[ms]: 3
Ladespannung[V]: 0.200000
Capacitance
1.1021054054037293e-10
1.0377097299646705e-10
9.465897362809208e-11
1.2130692120629943e-10
9.872358362133269e-11
1.0636822128609838e-10
6.510686487917461e-11
1.0622248242133241e-10
1.1580785258012704e-10
1.0516130627833885e-10
9.062763552925175e-11
9.902462332681314e-11
1.0247278193430941e-10
9.100663746744854e-11
9.146830966113867e-11
1.035952040934022e-10
1.0370191160717286e-10
9.992829633325375e-11
1.2538567543141557e-10
9.745569811940095e-11
7.552721696152364e-11
8.45116756554236e-11
1.523511441342789e-10
8.886854984829596e-11
7.894564327867372e-11
1.1187832043860018e-10
1.0542896080663117e-10
1.2482403541605913e-10
8.280486628957919e-11
1.0434883024800607e-10
1.1213456097258007e-10
1.0904395272360316e-10
9.18673116802472e-11
9.866593838786529e-11
5.4693787254378875e-11
1.1892395514521678e-10
9.408703708587002e-11
1.5273898701612847e-10
9.653334758531542e-11
9.829997721252218e-11
9.463721925971358e-11
1.1096264619934431e-10
1.0197637436571395e-10
9.80226722755303e-11
8.161887619404667e-11
8.845565476388658e-11
9.624870021135967e-11
1.1198186979798667e-10
1.3413832238286602e-10
1.0234829221286328e-10
9.847611685945424e-11
1.0134251468735653e-10
1.0640270231982663e-10
9.584179267386787e-11
9.568210922314311e-11
8.869181731683334e-11
8.828790033202998e-11
1.3937454218130285e-10
9.605739305370606e-11
7.882448473624126e-11
8.685634579563059e-11
9.973555474259375e-11
1.0603438750059999e-10
9.346073069085402e-11
1.0011912899866074e-10
9.921425509572334e-11
1.0552496469298177e-10
9.582595783166838e-11
9.601567912609884e-11
1.5325543001156045e-10
1.0390581501685167e-10
1.261279916591317e-10
1.1132558782402388e-10
1.0909521752139647e-10
9.595048288540497e-11
1.2093419283900842e-10
1.1466830758720585e-10
1.2081695227084835e-10
1.0124559167268241e-10
9.734334304569798e-11
1.4044062149576155e-10
1.0200338752926506e-10
1.0317138214329294e-10
9.568079071193545e-11
1.1225270864370898e-10
9.988932967396329e-11
1.102157696223601e-10
8.022421032857373e-11
8.249314846755274e-11
7.80773020473126e-11
1.0031627535567509e-10
1.2688512956420034e-10
1.1536133684835114e-10
9.201021050438905e-11
9.812729650819008e-11
9.773598632433208e-11
1.06878845235664e-10
1.1336984070839605e-10
1.110192440587346e-10
9.370668600710488e-11
1.1068735004806563e-10
1.5805612190323012e-10
1.2125882228377742e-10
1.2534096739830313e-10
7.865970734137291e-11
1.0904459872349109e-10
1.1983960242284308e-10
1.1391420402028934e-10
1.355005131024809e-10
1.1447815608958592e-10
9.358621110916327e-11
9.594251300257542e-11
8.833050874609094e-11
1.0521711511610449e-10
9.452304237338015e-11
9.404379632942905e-11
9.199290079549551e-11
1.313894385520159e-10
1.3720491439704665e-10
9.058970713846362e-11
8.835425691355878e-11
1.0535785723880204e-10
9.58582741260155e-11
8.640706497036593e-11
1.4727417989867222e-10
9.744667669875603e-11
1.425622286603805e-10
1.0783530839306925e-10
1.0160143100305183e-10
1.0333715865858651e-10
9.384077823567731e-11
9.781212357743402e-11
7.50836273535347e-11
9.096489117537294e-11
1.0421278725606939e-10
9.931740499745829e-11
1.0323709182912785e-10
1.1218350665188062e-10
1.2702522074394074e-10
9.672518728007606e-11
8.977618858420925e-11
1.187028178913137e-10
1.0374958008739506e-10
9.898619438774587e-11
9.028834670984279e-11
7.747907496623525e-11
1.0468617516976346e-10
1.0477175837026424e-10
1.3402038556495436e-10
9.583743965613474e-11
1.2415823698155932e-10
1.2448384528774624e-10
1.0625335924871994e-10
9.99532922669018e-11
1.0315988249822623e-10
9.869116537798704e-11
1.0213002173851872e-10
1.0257104355799816e-10
1.022312484279105e-10
9.813696506564676e-11
9.899956910348884e-11
9.875400433769425e-11
1.0923885379462155e-10
1.1825787716859424e-10
9.837424164830147e-11
9.349275588999694e-11
1.0930033349278874e-10
1.2367841647393041e-10
1.1211392571801346e-10
8.054252822691159e-11
1.1103369383353106e-10
1.3376122542487425e-10
1.0763496556061739e-10
1.0833638898703984e-10
1.0457320274566752e-10
1.0206178783158328e-10
9.503335709201224e-11
9.445432447710958e-11
1.1386767146370549e-10
1.0179503019404676e-10
8.66397999395766e-11
1.3501023749511912e-10
9.656317904793536e-11
9.325699620496439e-11
1.2361845240996112e-10
8.725112611955862e-11
7.808347706819543e-11
8.455147094096432e-11
1.5844569490754996e-10
1.0330492043961256e-10
1.5196101659300777e-10
9.927747861813885e-11
1.0485432694930303e-10
1.0287813267040373e-10
1.1461579336817673e-10
1.1734036170214285e-10
7.338143790537476e-11
1.1694812479687416e-10
1.0243010313872465e-10
1.1025256153050796e-10
1.4407914759360628e-10
1.0657296571566462e-10
8.833364455175524e-11
1.0615389290484737e-10
1.199645290724616e-10
1.160781835000539e-10
1.0175114924433834e-10
1.0621977588255221e-10
9.775486637155728e-11
8.204595653676694e-11
9.708261541980654e-11
9.527309218932259e-11
1.1245852609370203e-10
1.0438619285907768e-10
1.2198033208582907e-10
9.213832900389874e-11
7.792899165959943e-11
1.0209827491715989e-10
1.0209746910424299e-10
