Ladekurvenmessung
Zeit: 2018_05_04 11.38.04
Info: FVA3, v = 1.47, T = 80, F = 20, h = 214.9
Ladewiderstand[Ohm]: 1012700
Störkapazität[pF]: 0.000000
Entladezeit[ms]: 200
Abtastrate[Hz]: 250000
Anzahl der Messwerte: 2500.000000
Verzögerung[ms]: 3
Ladespannung[V]: 0.200000
Capacitance
1.4872608233146824e-10
1.1522427040205386e-10
1.047980466903379e-10
1.0497362118636124e-10
1.0429711964572164e-10
1.1628166719755549e-10
9.934017025124313e-11
8.824295156887841e-11
1.4477806699157914e-10
1.3838897839149853e-10
9.877188364027931e-11
1.1025315093663203e-10
1.250284425761593e-10
1.1270226904671855e-10
1.6513502798064215e-10
9.917928531216838e-11
1.1169388481427901e-10
1.0437307012758718e-10
9.827620896949545e-11
1.0227486850635654e-10
1.192082160517446e-10
1.0457630623503465e-10
1.0913942115722918e-10
8.862985644825144e-11
1.262871307931441e-10
1.2035673160116568e-10
9.096294307144742e-11
1.0544444236190228e-10
1.0237209209865605e-10
9.982910356221618e-11
1.0145253151106558e-10
1.2134926640154377e-10
7.997462456698669e-11
1.2779774181343132e-10
8.405702083767093e-11
1.0170183945761116e-10
1.1000473904642493e-10
6.417934118009878e-11
9.116130043292727e-11
5.932383652826802e-11
6.616023874513276e-11
7.204753276614453e-11
8.44790957167404e-11
1.0966201745660413e-10
8.373803031740559e-11
1.1075346835241825e-10
1.5887886955228049e-10
1.0170660764922165e-10
1.059589964716174e-10
9.583794429737648e-11
7.025450165792348e-11
8.764106916060233e-11
1.0340047076619253e-10
1.0471973792424528e-10
9.266255975816785e-11
1.0543604762376953e-10
1.0070489314917824e-10
1.128005794717391e-10
7.954885072013334e-11
7.853148328133634e-11
1.1911091717752262e-10
7.413999492580161e-11
7.620170376173446e-11
1.0154434968796312e-10
8.694330113501586e-11
1.2507935494291696e-10
8.24180065096527e-11
1.2333625136570947e-10
1.172564793149134e-10
1.0743908705897344e-10
1.0062374816014528e-10
7.991986322901976e-11
1.0751942554597433e-10
1.3751490129973035e-10
9.707913528270646e-11
1.0638479128170333e-10
8.777081857598161e-11
8.389183411772124e-11
1.5640019269062915e-10
9.554939181360894e-11
6.73390809465068e-11
8.528727677697451e-11
5.836263316167446e-11
1.0212717419296482e-10
1.0904409377032378e-10
9.950890694747103e-11
1.0138663026729517e-10
1.0735021694623204e-10
9.83600904245487e-11
1.0474816742769469e-10
1.0209208285661867e-10
9.38285823085023e-11
1.1174469989343731e-10
7.984946525749572e-11
1.2837506418466344e-10
1.0781827617332149e-10
8.025107281617264e-11
1.3246033745032466e-10
8.688758651443222e-11
1.5564628838664415e-10
1.239244285651401e-10
9.303215635378969e-11
1.1125827343678902e-10
1.1258228841954583e-10
4.852623249951848e-11
7.616413986388567e-11
9.047035210683372e-11
1.330903939370956e-10
8.441540653343656e-11
1.4538799999806733e-10
9.676422047552922e-11
7.15001008384002e-11
1.2743979464763496e-10
8.175054856780939e-11
1.1833537601206504e-10
1.0992296715022907e-10
9.994641351758466e-11
9.942208330298088e-11
5.471131583075945e-11
7.245747558857312e-11
9.608710162467108e-11
9.37714466363298e-11
1.0418069814480659e-10
1.0817580288620207e-10
1.0455681971122555e-10
1.003794500617292e-10
9.98593957225234e-11
1.1220813033217136e-10
1.9967285794567996e-10
9.523326333860616e-11
9.740552546818478e-11
1.1192085917881721e-10
9.697346871200542e-11
9.865956028577527e-11
9.91692128076382e-11
9.664770432335004e-11
9.623849327002535e-11
8.880103590087884e-11
1.2971641233264124e-10
1.0563144506974386e-10
1.2081957515882188e-10
8.704519499100282e-11
1.222032183051632e-10
9.613189540092811e-11
8.923941748359482e-11
7.909358608811818e-11
6.497833584851304e-11
1.2113945511354236e-10
1.475777236987652e-10
8.952084952260227e-11
6.953641351972743e-11
7.203032621272134e-11
8.092985087873812e-11
1.1956909371467425e-10
8.505281237098894e-11
8.567970748517865e-11
4.477979675155279e-11
8.642867247389484e-11
7.54079391326998e-11
1.3857179715852654e-10
9.789689734925247e-11
5.407517953941995e-11
1.0705228109519512e-10
7.291474398342271e-11
7.217547912377282e-11
1.0449960030697594e-10
1.0161118303052882e-10
8.218722465659426e-11
9.17663795362212e-11
1.1463516415051003e-10
