Ladekurvenmessung
Zeit: 2018_05_03 11.55.13
Info: FVA3, v = 0.749, T = 60, F = 20, h = 259.2
Ladewiderstand[Ohm]: 1012700
Störkapazität[pF]: 0.000000
Entladezeit[ms]: 200
Abtastrate[Hz]: 250000
Anzahl der Messwerte: 2500.000000
Verzögerung[ms]: 3
Ladespannung[V]: 0.200000
Capacitance
1.392635860701898e-10
9.025116127065353e-11
1.185739536169804e-10
1.2146438174034852e-10
1.2107155050776278e-10
1.0377872437672704e-10
1.1680596743380667e-10
9.752608458035537e-11
1.0146985590155581e-10
1.025614455843238e-10
1.238397070780275e-10
1.0700032095019128e-10
1.0313374032623964e-10
1.040254303096463e-10
6.774776425005015e-11
9.709071366378948e-11
1.071663936632807e-10
1.0939822897993443e-10
1.0334612671269689e-10
1.0334612671269689e-10
9.804647729728767e-11
1.6570386256962332e-10
8.99515044197668e-11
1.0747224023043407e-10
1.0253394309270233e-10
1.0277275722700153e-10
9.951363554357676e-11
1.0751368096391153e-10
1.0453142034196372e-10
1.0566294509640626e-10
1.0879434176444652e-10
1.2658994382789214e-10
1.0460742513038925e-10
1.0185718084946846e-10
1.1639735641324761e-10
1.0496892488480226e-10
1.0579155074671267e-10
1.0673766645311724e-10
1.1188460883876593e-10
1.2219858106379677e-10
1.0547156879339093e-10
1.1702080485679655e-10
1.1021535179088432e-10
1.0627213442934828e-10
9.99140518303277e-11
1.0601455173600656e-10
1.0341631644272546e-10
1.0759899679058388e-10
9.990137690817085e-11
9.904991350314095e-11
9.277098929717075e-11
1.0687753180073978e-10
1.1431434066213166e-10
1.2634016982536662e-10
1.0008193784933354e-10
9.95686853320851e-11
1.0028361530780744e-10
8.807331921129461e-11
8.865632730441911e-11
1.1178176959789263e-10
1.1329160020680346e-10
1.0300547491770381e-10
7.613192102748525e-11
9.557308076766501e-11
9.293415427695186e-11
1.0517609544888147e-10
1.3866932362231768e-10
9.970562689759402e-11
1.0120979239289502e-10
1.4116480023112128e-10
8.404743413915523e-11
8.487963262065493e-11
1.305344218815831e-10
9.317008807691477e-11
9.795321310110415e-11
1.0112717822584987e-10
9.681987375911631e-11
1.1721513685363666e-10
1.057548330178032e-10
1.0030864037351252e-10
1.1059427698751766e-10
9.862376641004962e-11
1.0206971451453522e-10
1.0270756433280214e-10
1.277833634124358e-10
1.0166292891194253e-10
1.0806273595906734e-10
1.029940910533142e-10
1.0217778050798621e-10
1.0445445448560832e-10
9.669795056240271e-11
1.1787499491067643e-10
8.849538562567621e-11
6.074454872332653e-11
1.1232528060150194e-10
1.0703506586865907e-10
1.0243235113457784e-10
9.997507028839577e-11
1.013873219163e-10
9.857912433845104e-11
1.0423296326949624e-10
9.896432096524945e-11
9.439394224932826e-11
1.053705280224591e-10
1.0222479895366708e-10
1.033287075355294e-10
1.0352888814569702e-10
1.034793308425601e-10
1.1539151655178668e-10
1.0843126253779555e-10
1.0054562333514207e-10
1.1581386506235675e-10
1.1919581403087947e-10
1.0244229551064134e-10
1.0301614595547675e-10
1.01406864653577e-10
9.81104641801544e-11
9.473885636789327e-11
8.671844356676353e-11
8.287508952558017e-11
1.1152218604420792e-10
7.39732392514782e-11
1.2084836763217286e-10
8.458944646945393e-11
1.0797253827326817e-10
1.0043899000653332e-10
1.3486224539699263e-10
1.1119701938898714e-10
1.0494330372585037e-10
1.0285653022660341e-10
1.2513297091878687e-10
1.5668755398556534e-10
1.1117637060103721e-10
1.1342350780185686e-10
1.1980565516796701e-10
1.0245172531784761e-10
1.0361092111202281e-10
1.0759823388244995e-10
1.0453320342316631e-10
1.172137898103729e-10
1.0084240364048716e-10
1.013101361681334e-10
9.856150366395805e-11
9.51254603275335e-11
1.0934742651179054e-10
1.0523393871930522e-10
1.086835221041626e-10
9.883828653489461e-11
1.166821541762563e-10
1.401741867635017e-10
6.429795963548267e-11
1.0292760556639395e-10
9.509559778412147e-11
9.733131436530997e-11
1.404007654307782e-10
1.0077847334697341e-10
8.667328039509343e-11
1.4890765727170752e-10
1.1022481930972729e-10
1.043988298607839e-10
1.1720272779488701e-10
1.0302894708744405e-10
8.070647274594479e-11
1.2694246446528646e-10
1.3558116844666242e-10
1.1272894149267681e-10
9.856851674805929e-11
1.1304284848659319e-10
9.836901998946298e-11
1.360696283461122e-10
1.0505656091517977e-10
1.0814411504744823e-10
1.0899424496976867e-10
9.681902996123354e-11
1.0979220217594282e-10
1.0614780538753135e-10
1.0555149570138592e-10
1.0056674852272304e-10
1.0102511182408519e-10
1.2404526868406408e-10
1.2177950483304844e-10
1.0163931565053618e-10
9.157465989514838e-11
1.4318391753701868e-10
1.0702473074247371e-10
1.2057019078005874e-10
1.0631355862056835e-10
1.0246808168539156e-10
1.2447513984165236e-10
8.579303755883945e-11
1.0812043869997873e-10
1.407039306672897e-10
1.2826207715523792e-10
9.503794454353471e-11
9.89466365735883e-11
9.386446430349664e-11
8.170264263280834e-11
1.0007563771711176e-10
1.0695689337235018e-10
