Ladekurvenmessung
Zeit: 2018_05_04 11.35.26
Info: FVA3, v = 0.534, T = 80, F = 20, h = 137.4
Ladewiderstand[Ohm]: 1012700
Störkapazität[pF]: 0.000000
Entladezeit[ms]: 200
Abtastrate[Hz]: 250000
Anzahl der Messwerte: 2500.000000
Verzögerung[ms]: 3
Ladespannung[V]: 0.200000
Capacitance
1.0141509575424112e-10
1.0470938575138864e-10
1.0504042609438714e-10
1.0783306208407439e-10
1.0793103921258128e-10
1.0180032019291724e-10
1.2155791923756329e-10
1.2292432977448632e-10
9.325403965772006e-11
9.599312625225527e-11
1.0499241918709056e-10
1.2636542025568154e-10
1.1936686175388066e-10
1.2159510137433863e-10
1.08828481849477e-10
1.1269398900764733e-10
1.41961713104871e-10
1.1955156887718925e-10
1.0813145123504005e-10
1.0578006692995106e-10
1.1435251969133459e-10
1.0961333771117573e-10
1.1274823210873606e-10
1.0341888803120198e-10
1.0374674606410699e-10
1.0760877592673834e-10
1.0630868091540255e-10
1.0704013803779975e-10
1.0182809464063383e-10
1.2090209972198743e-10
1.8508496234655035e-10
1.166176921194345e-10
1.43441707316191e-10
1.1860009729490308e-10
9.661106514712646e-11
1.5939271123158594e-10
9.470542127393264e-11
1.130075724935221e-10
1.1202537706407775e-10
1.0185490070312646e-10
1.0376056073931711e-10
1.1183994524847811e-10
1.5305039559927858e-10
1.3886485380856406e-10
1.1198597103140756e-10
1.0310751330061219e-10
1.1752451754922077e-10
1.180321050583236e-10
1.122587148128824e-10
1.0571055226235826e-10
1.676464226872682e-10
1.0365998922488348e-10
1.095465719693092e-10
1.3906435657970908e-10
9.672418186749256e-11
1.2095876701055132e-10
1.724151563553971e-10
1.0470856498539967e-10
1.0469573897047484e-10
1.2952421640745835e-10
1.139536393681524e-10
1.26289554296662e-10
1.4450195518247407e-10
1.447029929569636e-10
1.2289142800972757e-10
9.72140173568504e-11
1.0436451567150149e-10
1.3589077430985142e-10
1.0293638943582011e-10
1.139841461179198e-10
1.0962530572596331e-10
1.1945432000679283e-10
1.0992328470141222e-10
1.0628974788136806e-10
1.1249672252695552e-10
1.0600004370824582e-10
1.0689337322576077e-10
1.275421410740192e-10
1.2803205282951873e-10
1.186557250814628e-10
1.3491735508537589e-10
1.0550536909318318e-10
1.0800144445485154e-10
2.039712983631359e-10
1.2976145224705363e-10
1.1978220722017706e-10
8.126328640009798e-11
1.3609327645594544e-10
1.3475407586249436e-10
1.012210931129801e-10
1.724603795955096e-10
1.0723842279285536e-10
1.1025447705588422e-10
1.1215904329124591e-10
9.882758963144198e-11
1.0102086061483939e-10
1.0230569380139466e-10
9.960697872625875e-11
1.1522802753127412e-10
1.2001159858865586e-10
8.970020518921288e-11
1.5869044696796022e-10
1.0012684498222636e-10
1.1761032520289264e-10
9.849829217245434e-11
1.1863369406745762e-10
