Ladekurvenmessung
Zeit: 2018_05_04 11.37.15
Info: FVA3, v = 1.05, T = 80, F = 20, h = 188.5
Ladewiderstand[Ohm]: 1012700
Störkapazität[pF]: 0.000000
Entladezeit[ms]: 200
Abtastrate[Hz]: 250000
Anzahl der Messwerte: 2500.000000
Verzögerung[ms]: 3
Ladespannung[V]: 0.200000
Capacitance
9.433775350226396e-11
9.348110674665704e-11
5.051938549156757e-11
1.0282500873998529e-10
5.52080504643074e-11
9.804804271329831e-11
1.465052835510026e-10
8.957556977022922e-11
1.0211386155293295e-10
1.0023164325160369e-10
8.925271853200644e-11
1.24443831590996e-10
1.0265620497764751e-10
8.899594593421415e-11
1.0388126660546823e-10
9.136044376285593e-11
1.1608041971314072e-10
1.0998058773939028e-10
9.369711095369945e-11
1.477787946704021e-10
1.0664777954675786e-10
8.982875216077968e-11
8.894710971861201e-11
1.3016217729096874e-10
7.513066191056952e-11
1.2143131690916928e-10
1.021966343367706e-10
1.0290781643013189e-10
1.0119137097109849e-10
9.788081456276238e-11
9.317014081403258e-11
1.559916064352094e-10
6.111878872371344e-11
3.974781987161503e-11
6.487790308581635e-11
1.379125398520423e-10
1.9745489644833635e-10
1.2196986297565695e-10
1.2043376301574918e-10
1.0181413724674371e-10
9.8554362560986e-11
9.743494883076345e-11
1.1425475080708972e-10
1.1065953156541918e-10
1.1730895674162e-10
9.034593371168007e-11
1.0189480983418443e-10
9.879543375506179e-11
9.332519752509908e-11
1.0941977859415524e-10
7.334282873704942e-11
1.3665951130223435e-10
1.0625019199792021e-10
1.0551926482640471e-10
1.0708640415915519e-10
1.0020286742396607e-10
1.0682076468046934e-10
1.0051598283174789e-10
1.0131660675481266e-10
9.841405569600185e-11
8.979081020409274e-11
1.0281686246369769e-10
1.0219390252369248e-10
1.0445381275531064e-10
1.0473369422517562e-10
1.0096857834433683e-10
9.72549055010011e-11
9.847078160574707e-11
1.1882604536720567e-10
1.0690656917045964e-10
9.363533439642599e-11
8.76917440333104e-11
9.994182525180986e-11
1.04467248548228e-10
9.632037689242118e-11
1.0728583015331116e-10
1.0707170433152123e-10
9.809547632617279e-11
9.602140190811268e-11
6.111472559365603e-11
1.0381180275194419e-10
9.935592116054797e-11
7.418065796071937e-11
9.803742519638105e-11
9.830972643432322e-11
6.740051147192819e-11
1.0453128728949675e-10
9.608400789419866e-11
1.0008433081092421e-10
9.18343136774121e-11
1.0918163712354715e-10
7.088042699952207e-11
9.984008387993979e-11
8.247949073251937e-11
1.1163826028941632e-10
9.177539689791298e-11
8.227555685762991e-11
8.175389123023207e-11
1.0011136282436921e-10
1.3215054073515724e-10
9.076390599155172e-11
9.291231026837409e-11
1.2894177755728105e-10
1.2117498234405683e-10
1.0545583592514698e-10
1.0660975265872726e-10
9.921739732429212e-11
1.0307816344254381e-10
1.012976577751514e-10
1.0265207997848313e-10
1.055265567146196e-10
9.691347108317718e-11
6.995170883165977e-11
1.0236708366501839e-10
1.757053877439808e-10
1.0140980890759153e-10
1.1224455708432402e-10
9.764980959297764e-11
8.605837626680414e-11
8.538954673822773e-11
4.632095341490453e-11
1.0444971335250402e-10
1.316736714526491e-10
1.2934815662503933e-10
9.89091799734996e-11
1.6030296185135417e-10
1.0960338386539493e-10
1.0650394973081786e-10
1.3501146385411364e-10
8.612326940519697e-11
1.0538919212859679e-10
8.418490633250462e-11
1.0564333423424514e-10
1.0564333423424514e-10
1.4958205017830325e-10
1.2955848350071577e-10
1.065759713223509e-10
1.1454184142344869e-10
1.0706986833264787e-10
1.0654676641721723e-10
1.0720634040665242e-10
9.757994890538994e-11
1.121051332448252e-10
1.1092954793984106e-10
1.1509576926834784e-10
1.078154293505509e-10
1.226909176433506e-10
1.2624131897321487e-10
1.0626678169381748e-10
1.0728234634367594e-10
1.1225942724256575e-10
1.1624382445351773e-10
1.0183294208067786e-10
1.0515641238998271e-10
1.0264560987405705e-10
1.0228487238167962e-10
9.719696396067144e-11
1.5428346546854184e-10
1.2808582702324033e-10
1.0023330864197586e-10
9.07177329498255e-11
7.738414429699576e-11
7.148313152368188e-11
1.939570494588908e-10
