Ladekurvenmessung
Zeit: 2018_05_02 15.06.03
Info: FVA3, v = 0.0404, T = 40, F = 20, h = 58.8
Ladewiderstand[Ohm]: 1012700
Störkapazität[nF]: 0.000000
Entladezeit[ms]: 100
Abtastrate[Hz]: 250000
Anzahl der Messwerte: 2500
Verzögerung [ms]: 1
	Kurve_1
0	-2.5e-05
1	-9e-05
2	7.4e-05
3	7.4e-05
4	0.000239
5	0.000107
6	0.000173
7	4.1e-05
8	0.000107
9	-9e-05
10	-0.000123
11	-2.5e-05
12	-0.000255
13	8e-06
14	0.000107
15	4.1e-05
16	0.000206
17	0.000206
18	0.000107
19	4.1e-05
20	-0.000123
21	-2.5e-05
22	-0.000123
23	0.000732
24	-0.000123
25	4.1e-05
26	0.00014
27	0.000173
28	0.000107
29	0.000107
30	8e-06
31	-5.8e-05
32	-9e-05
33	-9e-05
34	-0.000617
35	-2.5e-05
36	0.000107
37	0.000173
38	0.000173
39	0.00014
40	0.000173
41	-2.5e-05
42	-5.8e-05
43	-5.8e-05
44	-9e-05
45	8e-06
46	-0.000123
47	-2.5e-05
48	4.1e-05
49	0.000107
50	0.000107
51	0.00014
52	8e-06
53	-2.5e-05
54	-5.8e-05
55	-5.8e-05
56	-0.000189
57	-2.5e-05
58	0.000206
59	0.00014
60	0.000107
61	4.1e-05
62	-2.5e-05
63	-2.5e-05
64	8e-06
65	-0.000156
66	-2.5e-05
67	-0.000189
68	8e-06
69	4.1e-05
70	0.00014
71	4.1e-05
72	0.000107
73	8e-06
74	4.1e-05
75	8e-06
76	-9e-05
77	-0.000123
78	-0.000123
79	-5.8e-05
80	8e-06
81	4.1e-05
82	4.1e-05
83	0.000173
84	-2.5e-05
85	7.4e-05
86	-2.5e-05
87	-2.5e-05
88	-9e-05
89	-9e-05
90	4.1e-05
91	8e-06
92	4.1e-05
93	8e-06
94	4.1e-05
95	0.000107
96	0.000173
97	-5.8e-05
98	4.1e-05
99	-0.000189
100	8e-06
101	-5.8e-05
102	0.000173
103	0.000206
104	0.000107
105	0.00014
106	7.4e-05
107	7.4e-05
108	8e-06
109	-5.8e-05
110	-9e-05
111	-0.000123
112	-0.000123
113	-2.5e-05
114	4.1e-05
115	0.00014
116	4.1e-05
117	0.000206
118	0.00014
119	-2.5e-05
120	-2.5e-05
121	-5.8e-05
122	-9e-05
123	0.000107
124	8e-06
125	4.1e-05
126	4.1e-05
127	0.000173
128	0.000107
129	8e-06
130	8e-06
131	-9e-05
132	-9e-05
133	-5.8e-05
134	-9e-05
135	4.1e-05
136	7.4e-05
137	7.4e-05
138	0.00014
139	7.4e-05
140	7.4e-05
141	8e-06
142	-9e-05
143	-2.5e-05
144	-0.000123
145	-5.8e-05
146	4.1e-05
147	4.1e-05
148	0.000107
149	4.1e-05
150	0.00014
151	4.1e-05
152	8e-06
153	-2.5e-05
154	-9e-05
155	-9e-05
156	-5.8e-05
157	4.1e-05
158	7.4e-05
159	0.000107
160	0.000107
161	0.000107
162	0.000107
163	8e-06
164	-2.5e-05
165	-2.5e-05
166	-9e-05
167	-0.000123
168	8e-06
169	0.00014
170	0.000107
171	4.1e-05
172	0.000107
173	-2.5e-05
174	-2.5e-05
175	-2.5e-05
176	-2.5e-05
177	-0.000123
178	-5.8e-05
179	4.1e-05
180	0.000107
181	7.4e-05
182	0.000107
183	0.000107
184	0.000107
185	8e-06
186	-5.8e-05
187	-2.5e-05
188	-2.5e-05
189	-0.000123
190	4.1e-05
191	7.4e-05
192	7.4e-05
193	0.000107
194	0.00014
195	7.4e-05
196	8e-06
197	-2.5e-05
198	-5.8e-05
199	-0.000123
200	4.1e-05
201	-2.5e-05
202	8e-06
203	4.1e-05
204	7.4e-05
205	7.4e-05
206	0.000107
207	-2.5e-05
208	8e-06
209	-5.8e-05
210	-5.8e-05
211	-0.000189
212	-2.5e-05
213	0.000107
214	4.1e-05
215	0.00014
216	7.4e-05
217	0.00014
218	-2.5e-05
219	-5.8e-05
220	-5.8e-05
221	-0.000156
222	-5.8e-05
223	4.1e-05
224	8e-06
225	7.4e-05
226	0.000107
227	0.000107
228	0.000107
229	8e-06
230	-2.5e-05
231	-5.8e-05
232	-9e-05
233	-2.5e-05
234	-2.5e-05
235	7.4e-05
236	4.1e-05
237	7.4e-05
238	0.00014
239	7.4e-05
240	4.1e-05
241	-2.5e-05
242	-0.000123
243	-5.8e-05
244	-9e-05
245	-5.8e-05
246	7.4e-05
247	7.4e-05
248	0.00014
249	0.000107
250	0.000107
251	4.1e-05
252	-0.000123
253	8e-06
254	-0.000123
255	-2.5e-05
256	-9e-05
257	7.4e-05
258	4.1e-05
259	7.4e-05
260	0.000107
261	0.000107
262	4.1e-05
263	-2.5e-05
264	-2.5e-05
265	-5.8e-05
266	-5.8e-05
267	-9e-05
268	0.000107
269	4.1e-05
270	0.000107
271	7.4e-05
272	4.1e-05
273	0.000107
274	-2.5e-05
275	-5.8e-05
276	-0.000123
277	-5.8e-05
278	-9e-05
279	7.4e-05
280	8e-06
281	0.000107
282	0.000107
283	0.000173
284	0.000107
285	-5.8e-05
286	-5.8e-05
287	-9e-05
288	-5.8e-05
289	-5.8e-05
290	4.1e-05
291	7.4e-05
292	4.1e-05
293	0.00014
294	0.00014
295	0.000107
296	8e-06
297	-2.5e-05
298	-2.5e-05
299	-9e-05
300	8e-06
301	8e-06
302	4.1e-05
303	7.4e-05
304	4.1e-05
305	0.00014
306	0.000107
307	-5.8e-05
308	-2.5e-05
309	-9e-05
310	-5.8e-05
311	-9e-05
312	4.1e-05
313	7.4e-05
314	0.000107
315	0.00014
316	0.00014
317	0.000107
318	-2.5e-05
319	-5.8e-05
320	-5.8e-05
321	-0.000123
322	-5.8e-05
323	7.4e-05
324	4.1e-05
325	7.4e-05
326	0.000107
327	0.000107
328	7.4e-05
329	8e-06
330	-2.5e-05
331	-9e-05
332	-0.000123
333	-5.8e-05
334	-2.5e-05
335	7.4e-05
336	0.000107
337	0.000107
338	0.000107
339	4.1e-05
340	-2.5e-05
341	-5.8e-05
342	-9e-05
343	8e-06
344	-5.8e-05
345	8e-06
346	4.1e-05
347	0.000107
348	0.000107
349	0.000107
350	7.4e-05
351	4.1e-05
352	-5.8e-05
353	-5.8e-05
354	-0.000123
355	-0.000123
356	4.1e-05
357	8e-06
358	0.000107
359	0.000107
360	0.00014
361	0.000107
362	8e-06
363	-2.5e-05
364	-5.8e-05
365	-0.000156
366	-9e-05
367	4.1e-05
368	7.4e-05
369	4.1e-05
370	7.4e-05
371	0.000107
372	4.1e-05
373	4.1e-05
374	-9e-05
375	-5.8e-05
376	-9e-05
377	-9e-05
378	4.1e-05
379	4.1e-05
380	0.000107
381	0.00014
382	0.00014
383	0.000107
384	8e-06
385	-2.5e-05
386	-9e-05
387	-5.8e-05
388	-0.000123
389	-2.5e-05
390	4.1e-05
391	7.4e-05
392	4.1e-05
393	0.000173
394	0.000107
395	-2.5e-05
396	-5.8e-05
397	-9e-05
398	-2.5e-05
399	-0.000123
400	8e-06
401	7.4e-05
402	7.4e-05
403	0.00014
404	7.4e-05
405	0.000107
406	4.1e-05
407	-2.5e-05
408	-9e-05
409	-5.8e-05
410	-9e-05
411	-2.5e-05
412	8e-06
413	7.4e-05
414	0.00014
415	0.00014
416	0.00014
417	8e-06
418	-2.5e-05
419	-9e-05
420	-5.8e-05
421	-9e-05
422	-5.8e-05
423	4.1e-05
424	4.1e-05
425	7.4e-05
426	0.00014
427	4.1e-05
428	0.000107
429	-9e-05
430	-2.5e-05
431	-9e-05
432	-9e-05
433	8e-06
434	7.4e-05
435	7.4e-05
436	0.000107
437	0.00014
438	7.4e-05
439	4.1e-05
440	-2.5e-05
441	-5.8e-05
442	-9e-05
443	-5.8e-05
444	-2.5e-05
445	7.4e-05
446	7.4e-05
447	0.00014
448	7.4e-05
449	7.4e-05
450	0.000107
451	8e-06
452	-5.8e-05
453	-5.8e-05
454	-9e-05
455	8e-06
456	7.4e-05
457	0.000107
458	0.000107
459	0.000107
460	0.000107
461	7.4e-05
462	-2.5e-05
463	-5.8e-05
464	-5.8e-05
465	-0.000123
466	-2.5e-05
467	8e-06
468	0.00014
469	7.4e-05
470	0.000107
471	0.00014
472	7.4e-05
473	8e-06
474	-2.5e-05
475	-5.8e-05
476	-9e-05
477	-2.5e-05
478	-2.5e-05
479	4.1e-05
480	0.00014
481	0.000107
482	0.000173
483	7.4e-05
484	-2.5e-05
485	8e-06
486	-0.000123
487	-9e-05
488	-5.8e-05
489	4.1e-05
490	0.000107
491	0.000107
492	0.000107
493	0.000107
494	8e-06
495	-2.5e-05
496	-9e-05
497	-5.8e-05
498	-9e-05
499	-9e-05
500	4.1e-05
501	0.000107
502	7.4e-05
503	0.000206
504	0.000107
505	0.00014
506	-2.5e-05
507	-2.5e-05
508	7.4e-05
509	-9e-05
510	-9e-05
511	4.1e-05
512	4.1e-05
513	4.1e-05
514	7.4e-05
515	0.00014
516	0.000107
517	-5.8e-05
518	-2.5e-05
519	-9e-05
520	-2.5e-05
521	-9e-05
522	8e-06
523	7.4e-05
524	0.00014
525	0.000107
526	0.00014
527	0.000107
528	8e-06
529	-5.8e-05
530	-9e-05
531	-0.000123
532	-9e-05
533	7.4e-05
534	8e-06
535	0.00014
536	0.000107
537	0.000173
538	0.000107
539	8e-06
540	8e-06
541	-5.8e-05
542	-0.000123
543	-9e-05
544	8e-06
545	4.1e-05
546	4.1e-05
547	7.4e-05
548	0.000107
549	0.000107
550	8e-06
551	-2.5e-05
552	-0.000123
553	-0.000123
554	-2.5e-05
555	-2.5e-05
556	4.1e-05
557	7.4e-05
558	0.00014
559	0.000107
560	0.000107
561	8e-06
562	-9e-05
563	-5.8e-05
564	-2.5e-05
565	-0.000156
566	4.1e-05
567	4.1e-05
568	0.000107
569	0.00014
570	0.000107
571	0.000107
572	8e-06
573	-2.5e-05
574	-2.5e-05
575	-5.8e-05
576	-0.000123
577	8e-06
578	4.1e-05
579	4.1e-05
580	0.000107
581	0.000173
582	7.4e-05
583	8e-06
584	8e-06
585	-2.5e-05
586	8e-06
587	-0.000123
588	8e-06
589	-2.5e-05
590	0.000107
591	0.00014
592	7.4e-05
593	0.00014
594	8e-06
595	-2.5e-05
596	-2.5e-05
597	-0.000123
598	-5.8e-05
599	-5.8e-05
600	4.1e-05
601	0.00014
602	4.1e-05
603	0.00014
604	7.4e-05
605	7.4e-05
606	-5.8e-05
607	-9e-05
608	-5.8e-05
609	-9e-05
610	-5.8e-05
611	4.1e-05
612	7.4e-05
613	0.000107
614	0.000107
615	0.00014
616	4.1e-05
617	-9e-05
618	-2.5e-05
619	-9e-05
620	-5.8e-05
621	8e-06
622	8e-06
623	0.000107
624	4.1e-05
625	0.000107
626	0.000107
627	4.1e-05
628	-2.5e-05
629	-5.8e-05
630	-5.8e-05
631	-5.8e-05
632	-2.5e-05
633	4.1e-05
634	4.1e-05
635	0.000107
636	0.000107
637	0.00014
638	0.00014
639	-5.8e-05
640	-5.8e-05
641	-9e-05
642	-9e-05
643	-2.5e-05
644	4.1e-05
645	0.00014
646	0.000107
647	7.4e-05
648	0.000173
649	7.4e-05
650	8e-06
651	-5.8e-05
652	-9e-05
653	-0.000123
654	-5.8e-05
655	8e-06
656	0.000107
657	4.1e-05
658	0.000107
659	0.000107
660	4.1e-05
661	4.1e-05
662	-9e-05
663	-9e-05
664	-0.000123
665	-5.8e-05
666	8e-06
667	4.1e-05
668	0.000107
669	0.000107
670	0.00014
671	0.000107
672	-2.5e-05
673	-5.8e-05
674	-2.5e-05
675	-9e-05
676	8e-06
677	8e-06
678	7.4e-05
679	0.000107
680	0.000107
681	0.000107
682	7.4e-05
683	8e-06
684	-9e-05
685	-9e-05
686	-9e-05
687	-0.000156
688	8e-06
689	7.4e-05
690	7.4e-05
691	7.4e-05
692	7.4e-05
693	0.000107
694	-2.5e-05
695	-5.8e-05
696	-9e-05
697	-9e-05
698	-2.5e-05
699	4.1e-05
700	0.000107
701	0.000107
702	0.000107
703	0.000173
704	4.1e-05
705	8e-06
706	-2.5e-05
707	-9e-05
708	-9e-05
709	-0.000123
710	8e-06
711	4.1e-05
712	4.1e-05
713	0.000107
714	7.4e-05
715	7.4e-05
716	8e-06
717	-5.8e-05
718	-5.8e-05
719	-9e-05
720	-9e-05
721	-5.8e-05
722	4.1e-05
723	0.00014
724	0.000107
725	7.4e-05
726	0.000107
727	-2.5e-05
728	8e-06
729	-5.8e-05
730	-5.8e-05
731	-2.5e-05
732	-5.8e-05
733	7.4e-05
734	4.1e-05
735	0.00014
736	0.000107
737	7.4e-05
738	8e-06
739	-2.5e-05
740	-9e-05
741	-5.8e-05
742	-9e-05
743	4.1e-05
744	4.1e-05
745	7.4e-05
746	0.000107
747	7.4e-05
748	0.000107
749	8e-06
750	-5.8e-05
751	-5.8e-05
752	-9e-05
753	-5.8e-05
754	-5.8e-05
755	7.4e-05
756	7.4e-05
757	7.4e-05
758	0.000107
759	0.00014
760	4.1e-05
761	8e-06
762	-9e-05
763	-5.8e-05
764	-9e-05
765	8e-06
766	4.1e-05
767	4.1e-05
768	0.00014
769	4.1e-05
770	0.00014
771	4.1e-05
772	-2.5e-05
773	-2.5e-05
774	-9e-05
775	-9e-05
776	-9e-05
777	8e-06
778	0.000107
779	0.000107
780	0.000107
781	0.000107
782	8e-06
783	-2.5e-05
784	-9e-05
785	-9e-05
786	-9e-05
787	-5.8e-05
788	7.4e-05
789	4.1e-05
790	7.4e-05
791	0.000107
792	0.000107
793	4.1e-05
794	-5.8e-05
795	-2.5e-05
796	-9e-05
797	-9e-05
798	8e-06
799	4.1e-05
800	7.4e-05
801	0.000107
802	0.000107
803	0.000173
804	4.1e-05
805	-2.5e-05
806	8e-06
807	-9e-05
808	-5.8e-05
809	-9e-05
810	4.1e-05
811	4.1e-05
812	7.4e-05
813	0.000107
814	0.000107
815	4.1e-05
816	-2.5e-05
817	-0.000123
818	-2.5e-05
819	-9e-05
820	-2.5e-05
821	4.1e-05
822	7.4e-05
823	0.000107
824	0.000107
825	0.000107
826	0.000107
827	-2.5e-05
828	-5.8e-05
829	-5.8e-05
830	-9e-05
831	-2.5e-05
832	8e-06
833	0.000107
834	0.000107
835	0.000107
836	0.00014
837	7.4e-05
838	8e-06
839	-2.5e-05
840	-9e-05
841	-9e-05
842	-9e-05
843	7.4e-05
844	7.4e-05
845	7.4e-05
846	7.4e-05
847	7.4e-05
848	0.000107
849	-2.5e-05
850	-2.5e-05
851	-5.8e-05
852	-5.8e-05
853	8e-06
854	4.1e-05
855	7.4e-05
856	0.000173
857	7.4e-05
858	0.000107
859	4.1e-05
860	8e-06
861	-2.5e-05
862	-9e-05
863	-9e-05
864	-5.8e-05
865	4.1e-05
866	0.00014
867	7.4e-05
868	0.000107
869	0.00014
870	7.4e-05
871	8e-06
872	-2.5e-05
873	-5.8e-05
874	-0.000123
875	-5.8e-05
876	8e-06
877	4.1e-05
878	0.00014
879	7.4e-05
880	0.000107
881	0.000107
882	-5.8e-05
883	-5.8e-05
884	-2.5e-05
885	-5.8e-05
886	-0.000123
887	8e-06
888	4.1e-05
889	7.4e-05
890	0.000107
891	0.000107
892	4.1e-05
893	4.1e-05
894	-5.8e-05
895	-9e-05
896	-0.000123
897	-0.000189
898	8e-06
899	7.4e-05
900	0.000107
901	0.000107
902	7.4e-05
903	0.000107
904	4.1e-05
905	8e-06
906	-2.5e-05
907	-0.000123
908	8e-06
909	-2.5e-05
910	0.000107
911	7.4e-05
912	0.000107
913	0.000107
914	7.4e-05
915	8e-06
916	-5.8e-05
917	-2.5e-05
918	-5.8e-05
919	-0.000123
920	8e-06
921	7.4e-05
922	7.4e-05
923	0.000107
924	7.4e-05
925	0.000107
926	8e-06
927	-5.8e-05
928	8e-06
929	-5.8e-05
930	-9e-05
931	-2.5e-05
932	4.1e-05
933	0.000107
934	0.000107
935	0.00014
936	0.00014
937	8e-06
938	8e-06
939	-5.8e-05
940	-9e-05
941	-5.8e-05
942	-2.5e-05
943	7.4e-05
944	7.4e-05
945	0.00014
946	7.4e-05
947	0.00014
948	8e-06
949	-5.8e-05
950	-5.8e-05
951	-5.8e-05
952	-9e-05
953	-2.5e-05
954	0.000107
955	7.4e-05
956	0.000173
957	0.00014
958	0.000107
959	4.1e-05
960	-5.8e-05
961	-5.8e-05
962	-9e-05
963	-5.8e-05
964	-0.000123
965	4.1e-05
966	7.4e-05
967	4.1e-05
968	0.000173
969	7.4e-05
970	7.4e-05
971	-5.8e-05
972	-9e-05
973	-9e-05
974	-9e-05
975	-9e-05
976	7.4e-05
977	7.4e-05
978	0.00014
979	0.000107
980	0.000107
981	7.4e-05
982	-9e-05
983	-2.5e-05
984	-9e-05
985	-9e-05
986	-5.8e-05
987	4.1e-05
988	0.00014
989	0.000107
990	0.000107
991	0.000173
992	4.1e-05
993	-2.5e-05
994	-2.5e-05
995	-5.8e-05
996	-5.8e-05
997	-9e-05
998	7.4e-05
999	4.1e-05
1000	0.00014
1001	0.000173
1002	0.000107
1003	0.000107
1004	-2.5e-05
1005	-5.8e-05
1006	-2.5e-05
1007	-9e-05
1008	-2.5e-05
1009	4.1e-05
1010	4.1e-05
1011	0.00014
1012	4.1e-05
1013	0.00014
1014	4.1e-05
1015	-5.8e-05
1016	-2.5e-05
1017	-5.8e-05
1018	-5.8e-05
1019	-0.000123
1020	-2.5e-05
1021	0.000107
1022	7.4e-05
1023	0.000107
1024	0.000107
1025	0.000107
1026	-5.8e-05
1027	-5.8e-05
1028	-5.8e-05
1029	8e-06
1030	-2.5e-05
1031	4.1e-05
1032	7.4e-05
1033	0.000107
1034	7.4e-05
1035	0.000107
1036	0.000107
1037	-2.5e-05
1038	-2.5e-05
1039	-9e-05
1040	-5.8e-05
1041	-0.000156
1042	0.000107
1043	4.1e-05
1044	0.00014
1045	0.00014
1046	0.00014
1047	0.00014
1048	8e-06
1049	-2.5e-05
1050	-2.5e-05
1051	-5.8e-05
1052	-9e-05
1053	4.1e-05
1054	7.4e-05
1055	7.4e-05
1056	0.000107
1057	0.00014
1058	0.000107
1059	8e-06
1060	-5.8e-05
1061	8e-06
1062	-5.8e-05
1063	-9e-05
1064	4.1e-05
1065	4.1e-05
1066	0.00014
1067	0.000107
1068	0.00014
1069	0.000107
1070	-2.5e-05
1071	-9e-05
1072	-5.8e-05
1073	-9e-05
1074	-0.000123
1075	8e-06
1076	7.4e-05
1077	7.4e-05
1078	0.000107
1079	0.00014
1080	0.000107
1081	4.1e-05
1082	-5.8e-05
1083	-5.8e-05
1084	-0.000123
1085	-9e-05
1086	8e-06
1087	4.1e-05
1088	0.000107
1089	7.4e-05
1090	0.000107
1091	7.4e-05
1092	4.1e-05
1093	4.1e-05
1094	-9e-05
1095	-2.5e-05
1096	-0.000156
1097	8e-06
1098	4.1e-05
1099	7.4e-05
1100	7.4e-05
1101	0.00014
1102	0.000107
1103	8e-06
1104	-2.5e-05
1105	-9e-05
1106	-5.8e-05
1107	-5.8e-05
1108	8e-06
1109	8e-06
1110	0.00014
1111	0.000107
1112	0.00014
1113	0.000173
1114	7.4e-05
1115	8e-06
1116	-5.8e-05
1117	-9e-05
1118	-2.5e-05
1119	-2.5e-05
1120	0.000107
1121	0.000107
1122	0.00014
1123	0.00014
1124	0.00014
1125	-5.8e-05
1126	-2.5e-05
1127	-2.5e-05
1128	-5.8e-05
1129	-9e-05
1130	8e-06
1131	8e-06
1132	7.4e-05
1133	7.4e-05
1134	0.00014
1135	4.1e-05
1136	7.4e-05
1137	-2.5e-05
1138	-5.8e-05
1139	-0.000123
1140	-2.5e-05
1141	-2.5e-05
1142	8e-06
1143	0.000173
1144	7.4e-05
1145	0.00014
1146	0.00014
1147	4.1e-05
1148	-2.5e-05
1149	-5.8e-05
1150	-9e-05
1151	-2.5e-05
1152	-5.8e-05
1153	7.4e-05
1154	0.00014
1155	0.000107
1156	0.000173
1157	7.4e-05
1158	0.00014
1159	-2.5e-05
1160	-2.5e-05
1161	-5.8e-05
1162	-5.8e-05
1163	-2.5e-05
1164	4.1e-05
1165	7.4e-05
1166	0.00014
1167	0.000107
1168	0.000206
1169	0.000107
1170	-2.5e-05
1171	-2.5e-05
1172	-9e-05
1173	-2.5e-05
1174	-5.8e-05
1175	4.1e-05
1176	7.4e-05
1177	7.4e-05
1178	0.00014
1179	0.000107
1180	7.4e-05
1181	8e-06
1182	-5.8e-05
1183	-2.5e-05
1184	-9e-05
1185	-2.5e-05
1186	4.1e-05
1187	7.4e-05
1188	0.00014
1189	0.000107
1190	0.000107
1191	0.000107
1192	-9e-05
1193	8e-06
1194	-5.8e-05
1195	-9e-05
1196	-5.8e-05
1197	-2.5e-05
1198	4.1e-05
1199	7.4e-05
1200	0.000173
1201	0.00014
1202	4.1e-05
1203	8e-06
1204	-9e-05
1205	-5.8e-05
1206	-9e-05
1207	-5.8e-05
1208	8e-06
1209	4.1e-05
1210	4.1e-05
1211	0.000107
1212	0.00014
1213	0.00014
1214	8e-06
1215	-2.5e-05
1216	-9e-05
1217	-9e-05
1218	-5.8e-05
1219	4.1e-05
1220	4.1e-05
1221	0.00014
1222	0.000107
1223	0.00014
1224	0.000107
1225	4.1e-05
1226	-2.5e-05
1227	-9e-05
1228	-5.8e-05
1229	8e-06
1230	-2.5e-05
1231	0.000107
1232	4.1e-05
1233	0.00014
1234	0.00014
1235	0.000107
1236	8e-06
1237	-2.5e-05
1238	-5.8e-05
1239	-5.8e-05
1240	-5.8e-05
1241	8e-06
1242	8e-06
1243	0.000107
1244	0.000107
1245	0.000107
1246	0.000107
1247	-2.5e-05
1248	-2.5e-05
1249	-9e-05
1250	8e-06
1251	-0.000222
1252	7.4e-05
1253	0.000107
1254	4.1e-05
1255	0.00014
1256	0.000206
1257	7.4e-05
1258	4.1e-05
1259	8e-06
1260	-0.000123
1261	-5.8e-05
1262	7.4e-05
1263	4.1e-05
1264	7.4e-05
1265	7.4e-05
1266	0.000107
1267	0.000107
1268	0.000173
1269	-2.5e-05
1270	-2.5e-05
1271	-9e-05
1272	-5.8e-05
1273	-0.000321
1274	8e-06
1275	7.4e-05
1276	4.1e-05
1277	7.4e-05
1278	7.4e-05
1279	0.00014
1280	-2.5e-05
1281	8e-06
1282	-2.5e-05
1283	8e-06
1284	-0.000156
1285	4.1e-05
1286	4.1e-05
1287	0.000107
1288	7.4e-05
1289	0.000173
1290	0.000173
1291	8e-06
1292	8e-06
1293	-2.5e-05
1294	-2.5e-05
1295	-0.000123
1296	-0.000255
1297	-2.5e-05
1298	0.00014
1299	0.000304
1300	0.000206
1301	-5.8e-05
1302	0.000239
1303	-5.8e-05
1304	0.000206
1305	0.000206
1306	-5.8e-05
1307	0.000469
1308	-0.000123
1309	0.00014
1310	0.00014
1311	-2.5e-05
1312	0.00014
1313	0.000304
1314	-9e-05
1315	-5.8e-05
1316	-2.5e-05
1317	8e-06
1318	-0.000123
1319	0.000173
1320	0.000107
1321	0.000206
1322	0.000206
1323	0.00014
1324	0.000271
1325	-9e-05
1326	-2.5e-05
1327	7.4e-05
1328	8e-06
1329	0.000206
1330	0.000206
1331	7.4e-05
1332	0.000239
1333	4.1e-05
1334	0.000173
1335	0.000403
1336	0.000107
1337	7.4e-05
1338	0.000271
1339	8e-06
1340	0.000107
1341	0.000502
1342	0.000173
1343	0.000239
1344	0.000239
1345	0.000107
1346	0.000173
1347	0.000304
1348	-5.8e-05
1349	0.000304
1350	-0.000387
1351	-0.000321
1352	0.000173
1353	0.000107
1354	0.001423
1355	0.000304
1356	-0.000255
1357	0.000337
1358	0.000469
1359	-0.000189
1360	8e-06
1361	4.1e-05
1362	7.4e-05
1363	7.4e-05
1364	8e-06
1365	8e-06
1366	0.000173
1367	-0.000288
1368	7.4e-05
1369	0.000173
1370	-5.8e-05
1371	-2.5e-05
1372	-0.000123
1373	-9e-05
1374	4.1e-05
1375	0.000337
1376	-0.000321
1377	0.0006
1378	0.000897
1379	0.000271
1380	0.000502
1381	-0.00065
1382	-9e-05
1383	4.1e-05
1384	0.000107
1385	4.1e-05
1386	0.000535
1387	0.000173
1388	0.000304
1389	0.000206
1390	0.00014
1391	-2.5e-05
1392	0.000173
1393	0.000271
1394	0.00014
1395	0.000502
1396	0.000271
1397	4.1e-05
1398	0.000107
1399	8e-06
1400	-2.5e-05
1401	4.1e-05
1402	-2.5e-05
1403	-2.5e-05
1404	-9e-05
1405	7.4e-05
1406	-0.000123
1407	0.000436
1408	8e-06
1409	0.00014
1410	0.00014
1411	0.000206
1412	0.000107
1413	0.000107
1414	0.000403
1415	-5.8e-05
1416	8e-06
1417	0.000271
1418	-5.8e-05
1419	0.00014
1420	0.00014
1421	0.000107
1422	0.000239
1423	0.00014
1424	8e-06
1425	4.1e-05
1426	-5.8e-05
1427	-9e-05
1428	-0.000123
1429	0.000107
1430	7.4e-05
1431	7.4e-05
1432	7.4e-05
1433	0.00037
1434	0.000107
1435	8e-06
1436	-5.8e-05
1437	0.000568
1438	-0.000255
1439	0.003331
1440	-0.000617
1441	0.000206
1442	0.000239
1443	0.000403
1444	4.1e-05
1445	0.001258
1446	0.000271
1447	7.4e-05
1448	-9e-05
1449	-0.000255
1450	-0.002097
1451	-0.000255
1452	0.00037
1453	-9e-05
1454	0.000929
1455	4.1e-05
1456	0.003627
1457	0.001916
1458	0.000535
1459	0.000568
1460	0.000699
1461	0.00162
1462	0.000568
1463	0.001916
1464	0.003035
1465	0.003167
1466	0.00162
1467	0.003923
1468	0.008332
1469	0.00593
1470	0.002772
1471	0.001423
1472	0.002081
1473	0.003989
1474	0.007674
1475	0.003199
1476	0.002706
1477	0.000337
1478	-0.000321
1479	0.004976
1480	0.002015
1481	0.001357
1482	-0.000321
1483	-0.00213
1484	0.00014
1485	-0.000123
1486	0.002574
1487	0.001883
1488	0.000107
1489	-2.5e-05
1490	7.4e-05
1491	-9e-05
1492	7.4e-05
1493	-9e-05
1494	0.000173
1495	-0.000189
1496	0.000173
1497	0.000173
1498	0.00014
1499	7.4e-05
1500	0.000173
1501	4.1e-05
1502	-2.5e-05
1503	-2.5e-05
1504	-0.000123
1505	-9e-05
1506	-2.5e-05
1507	0.000107
1508	4.1e-05
1509	0.000107
1510	0.00014
1511	0.00014
1512	0.000107
1513	4.1e-05
1514	-5.8e-05
1515	-2.5e-05
1516	8e-06
1517	0.000107
1518	0.000206
1519	0.000173
1520	0.000765
1521	0.000107
1522	0.000699
1523	-2.5e-05
1524	8e-06
1525	-9e-05
1526	-5.8e-05
1527	-5.8e-05
1528	-5.8e-05
1529	7.4e-05
1530	0.000107
1531	0.00014
1532	0.000107
1533	0.000173
1534	0.00037
1535	-2.5e-05
1536	0.00014
1537	-5.8e-05
1538	-9e-05
1539	0.000337
1540	-0.000156
1541	0.000173
1542	0.000239
1543	0.000107
1544	0.000337
1545	-0.000452
1546	0.000469
1547	0.000173
1548	8e-06
1549	0.00014
1550	-0.000387
1551	7.4e-05
1552	0.000304
1553	-2.5e-05
1554	0.00014
1555	0.000107
1556	0.00014
1557	-0.000123
1558	0.000107
1559	-0.000123
1560	-5.8e-05
1561	0.000304
1562	8e-06
1563	0.000107
1564	0.000107
1565	0.000633
1566	0.00014
1567	0.00389
1568	0.000502
1569	7.4e-05
1570	4.1e-05
1571	8e-06
1572	8e-06
1573	0.000337
1574	-0.000781
1575	0.000502
1576	0.000436
1577	-0.000452
1578	0.000666
1579	0.000271
1580	0.000699
1581	-0.000189
1582	0.001094
1583	-0.001505
1584	0.000633
1585	0.000271
1586	0.001653
1587	0.0006
1588	0.000732
1589	0.001851
1590	0.000535
1591	-0.000979
1592	0.000502
1593	0.000666
1594	0.001061
1595	0.000271
1596	-0.000979
1597	0.001522
1598	-0.000748
1599	-0.000123
1600	0.001291
1601	-0.000123
1602	0.002147
1603	0.002476
1604	0.000831
1605	0.001785
1606	0.001423
1607	-0.002426
1608	0.002081
1609	0.001785
1610	0.000732
1611	0.000304
1612	0.000502
1613	-0.000123
1614	0.001258
1615	-5.8e-05
1616	0.004055
1617	0.000403
1618	0.000897
1619	0.000107
1620	0.000239
1621	0.000206
1622	0.000271
1623	0.000107
1624	0.00037
1625	-0.000452
1626	-2.5e-05
1627	-0.001143
1628	-2.5e-05
1629	0.000107
1630	-2.5e-05
1631	0.001028
1632	8e-06
1633	0.000502
1634	-5.8e-05
1635	0.000469
1636	0.000929
1637	0.000995
1638	0.000765
1639	0.000403
1640	0.001916
1641	0.001225
1642	0.003528
1643	0.001324
1644	0.001653
1645	0.00287
1646	0.001324
1647	0.000699
1648	0.00241
1649	-0.003611
1650	-0.000321
1651	0.0006
1652	0.000765
1653	0.003759
1654	0.002574
1655	-0.000716
1656	0.001719
1657	0.003561
1658	0.000798
1659	0.001324
1660	-0.000485
1661	-0.000288
1662	-0.000354
1663	0.000206
1664	0.000502
1665	4.1e-05
1666	-0.000222
1667	4.1e-05
1668	0.000469
1669	0.000469
1670	0.000173
1671	0.000337
1672	0.000271
1673	0.000633
1674	0.001258
1675	0.000897
1676	0.000304
1677	-0.000123
1678	-2.5e-05
1679	-0.000189
1680	0.00014
1681	-0.000485
1682	0.000206
1683	8e-06
1684	7.4e-05
1685	0.00014
1686	0.000337
1687	0.000436
1688	0.00139
1689	0.001028
1690	0.000173
1691	0.000699
1692	-0.000419
1693	-5.8e-05
1694	0.000568
1695	0.000337
1696	-0.000189
1697	0.001916
1698	8e-06
1699	4.1e-05
1700	0.000107
1701	-2.5e-05
1702	-2.5e-05
1703	0.000107
1704	-9e-05
1705	4.1e-05
1706	0.000107
1707	7.4e-05
1708	0.000173
1709	0.000107
1710	7.4e-05
1711	7.4e-05
1712	0.000107
1713	-9e-05
1714	4.1e-05
1715	-9e-05
1716	7.4e-05
1717	4.1e-05
1718	7.4e-05
1719	0.000107
1720	0.000173
1721	0.000107
1722	8e-06
1723	8e-06
1724	-5.8e-05
1725	-0.000123
1726	-5.8e-05
1727	-0.000156
1728	0.000107
1729	4.1e-05
1730	0.000107
1731	0.000206
1732	0.000107
1733	7.4e-05
1734	-2.5e-05
1735	-5.8e-05
1736	-5.8e-05
1737	-9e-05
1738	-2.5e-05
1739	4.1e-05
1740	7.4e-05
1741	0.000107
1742	0.00014
1743	0.000173
1744	8e-06
1745	8e-06
1746	-2.5e-05
1747	-9e-05
1748	-5.8e-05
1749	-9e-05
1750	8e-06
1751	4.1e-05
1752	7.4e-05
1753	0.000107
1754	0.000107
1755	7.4e-05
1756	8e-06
1757	-5.8e-05
1758	-5.8e-05
1759	-9e-05
1760	-2.5e-05
1761	4.1e-05
1762	7.4e-05
1763	4.1e-05
1764	7.4e-05
1765	0.00014
1766	0.000107
1767	-5.8e-05
1768	-2.5e-05
1769	-0.000123
1770	-5.8e-05
1771	-0.000123
1772	8e-06
1773	0.000173
1774	7.4e-05
1775	7.4e-05
1776	0.00014
1777	7.4e-05
1778	8e-06
1779	-5.8e-05
1780	-2.5e-05
1781	-9e-05
1782	-5.8e-05
1783	-2.5e-05
1784	4.1e-05
1785	0.000107
1786	0.000107
1787	0.000107
1788	7.4e-05
1789	8e-06
1790	-2.5e-05
1791	8e-06
1792	-9e-05
1793	-9e-05
1794	4.1e-05
1795	7.4e-05
1796	0.00014
1797	0.00014
1798	0.00014
1799	7.4e-05
1800	-2.5e-05
1801	-2.5e-05
1802	-2.5e-05
1803	-5.8e-05
1804	8e-06
1805	4.1e-05
1806	7.4e-05
1807	7.4e-05
1808	0.000107
1809	7.4e-05
1810	0.000107
1811	7.4e-05
1812	-2.5e-05
1813	-5.8e-05
1814	-5.8e-05
1815	-0.000123
1816	-2.5e-05
1817	4.1e-05
1818	0.000107
1819	7.4e-05
1820	0.000173
1821	0.00014
1822	7.4e-05
1823	-2.5e-05
1824	-2.5e-05
1825	-9e-05
1826	-9e-05
1827	-2.5e-05
1828	4.1e-05
1829	0.000107
1830	7.4e-05
1831	0.000107
1832	0.000107
1833	4.1e-05
1834	-2.5e-05
1835	-2.5e-05
1836	-5.8e-05
1837	-5.8e-05
1838	8e-06
1839	4.1e-05
1840	0.000107
1841	0.00014
1842	0.000107
1843	0.000107
1844	8e-06
1845	-2.5e-05
1846	-2.5e-05
1847	-9e-05
1848	-2.5e-05
1849	-5.8e-05
1850	4.1e-05
1851	7.4e-05
1852	0.000107
1853	0.000107
1854	0.000107
1855	7.4e-05
1856	8e-06
1857	-9e-05
1858	-5.8e-05
1859	-0.000123
1860	-2.5e-05
1861	4.1e-05
1862	7.4e-05
1863	0.000107
1864	0.000107
1865	7.4e-05
1866	7.4e-05
1867	-2.5e-05
1868	-2.5e-05
1869	-9e-05
1870	-9e-05
1871	-2.5e-05
1872	7.4e-05
1873	0.000107
1874	7.4e-05
1875	0.000107
1876	0.000173
1877	4.1e-05
1878	8e-06
1879	-2.5e-05
1880	-2.5e-05
1881	-2.5e-05
1882	-5.8e-05
1883	8e-06
1884	0.000107
1885	0.000107
1886	0.000173
1887	7.4e-05
1888	7.4e-05
1889	-2.5e-05
1890	-9e-05
1891	-5.8e-05
1892	-0.000123
1893	8e-06
1894	4.1e-05
1895	4.1e-05
1896	7.4e-05
1897	0.000107
1898	7.4e-05
1899	0.00014
1900	-5.8e-05
1901	-5.8e-05
1902	-9e-05
1903	-5.8e-05
1904	-2.5e-05
1905	-2.5e-05
1906	4.1e-05
1907	0.000107
1908	0.000173
1909	0.000107
1910	7.4e-05
1911	-2.5e-05
1912	-2.5e-05
1913	-5.8e-05
1914	-2.5e-05
1915	-9e-05
1916	4.1e-05
1917	7.4e-05
1918	0.000107
1919	0.000107
1920	7.4e-05
1921	0.000107
1922	-2.5e-05
1923	-2.5e-05
1924	-9e-05
1925	-9e-05
1926	-5.8e-05
1927	4.1e-05
1928	0.000107
1929	0.00014
1930	0.000107
1931	0.00014
1932	4.1e-05
1933	8e-06
1934	-2.5e-05
1935	-9e-05
1936	-5.8e-05
1937	-5.8e-05
1938	8e-06
1939	4.1e-05
1940	7.4e-05
1941	0.000107
1942	0.000107
1943	4.1e-05
1944	4.1e-05
1945	-2.5e-05
1946	-2.5e-05
1947	-9e-05
1948	-0.000123
1949	4.1e-05
1950	8e-06
1951	7.4e-05
1952	7.4e-05
1953	0.00014
1954	7.4e-05
1955	-2.5e-05
1956	8e-06
1957	-0.000123
1958	-2.5e-05
1959	-5.8e-05
1960	-2.5e-05
1961	4.1e-05
1962	0.00014
1963	0.000107
1964	0.00014
1965	7.4e-05
1966	4.1e-05
1967	-5.8e-05
1968	-5.8e-05
1969	-9e-05
1970	-0.000156
1971	8e-06
1972	4.1e-05
1973	0.000107
1974	7.4e-05
1975	0.00014
1976	7.4e-05
1977	8e-06
1978	8e-06
1979	-9e-05
1980	-0.000123
1981	-2.5e-05
1982	8e-06
1983	4.1e-05
1984	0.000107
1985	7.4e-05
1986	0.000173
1987	0.000107
1988	4.1e-05
1989	8e-06
1990	-9e-05
1991	-2.5e-05
1992	-0.000123
1993	-2.5e-05
1994	7.4e-05
1995	0.000107
1996	0.00014
1997	0.000107
1998	0.00014
1999	-2.5e-05
2000	8e-06
2001	-5.8e-05
2002	-9e-05
2003	-0.000123
2004	-2.5e-05
2005	4.1e-05
2006	7.4e-05
2007	0.000107
2008	0.000107
2009	0.000107
2010	8e-06
2011	8e-06
2012	-5.8e-05
2013	-9e-05
2014	-5.8e-05
2015	-2.5e-05
2016	7.4e-05
2017	7.4e-05
2018	7.4e-05
2019	0.000107
2020	7.4e-05
2021	7.4e-05
2022	-2.5e-05
2023	-9e-05
2024	-9e-05
2025	-9e-05
2026	-5.8e-05
2027	7.4e-05
2028	0.000107
2029	0.000107
2030	0.000107
2031	0.00014
2032	8e-06
2033	8e-06
2034	-2.5e-05
2035	-9e-05
2036	-2.5e-05
2037	-5.8e-05
2038	0.000107
2039	7.4e-05
2040	7.4e-05
2041	0.00014
2042	0.000107
2043	0.000107
2044	-2.5e-05
2045	-9e-05
2046	-2.5e-05
2047	-0.000123
2048	-2.5e-05
2049	4.1e-05
2050	0.000107
2051	0.000107
2052	0.000107
2053	0.00014
2054	4.1e-05
2055	-2.5e-05
2056	8e-06
2057	-0.000123
2058	-9e-05
2059	-5.8e-05
2060	-2.5e-05
2061	0.00014
2062	7.4e-05
2063	0.00014
2064	0.00014
2065	7.4e-05
2066	8e-06
2067	-5.8e-05
2068	-5.8e-05
2069	-0.000123
2070	-9e-05
2071	4.1e-05
2072	0.000107
2073	7.4e-05
2074	0.000107
2075	7.4e-05
2076	0.000107
2077	-2.5e-05
2078	-5.8e-05
2079	-5.8e-05
2080	-0.000123
2081	-2.5e-05
2082	4.1e-05
2083	4.1e-05
2084	0.000107
2085	4.1e-05
2086	0.000107
2087	0.000107
2088	4.1e-05
2089	-2.5e-05
2090	-9e-05
2091	-9e-05
2092	-5.8e-05
2093	4.1e-05
2094	4.1e-05
2095	7.4e-05
2096	0.000107
2097	0.000107
2098	4.1e-05
2099	8e-06
2100	-5.8e-05
2101	-2.5e-05
2102	-5.8e-05
2103	-0.000123
2104	8e-06
2105	7.4e-05
2106	0.000107
2107	7.4e-05
2108	0.000107
2109	0.000107
2110	-2.5e-05
2111	-2.5e-05
2112	-5.8e-05
2113	-0.000123
2114	-2.5e-05
2115	8e-06
2116	0.000107
2117	7.4e-05
2118	0.000107
2119	0.000107
2120	7.4e-05
2121	8e-06
2122	-2.5e-05
2123	-5.8e-05
2124	-9e-05
2125	-9e-05
2126	8e-06
2127	4.1e-05
2128	4.1e-05
2129	0.000107
2130	0.00014
2131	0.00014
2132	8e-06
2133	-2.5e-05
2134	-2.5e-05
2135	-5.8e-05
2136	8e-06
2137	-2.5e-05
2138	0.000107
2139	8e-06
2140	0.000107
2141	0.00014
2142	0.000107
2143	8e-06
2144	-2.5e-05
2145	-5.8e-05
2146	-5.8e-05
2147	-0.000156
2148	8e-06
2149	4.1e-05
2150	7.4e-05
2151	0.000107
2152	7.4e-05
2153	0.00014
2154	8e-06
2155	-2.5e-05
2156	-5.8e-05
2157	-9e-05
2158	4.1e-05
2159	-5.8e-05
2160	4.1e-05
2161	0.000107
2162	7.4e-05
2163	0.000173
2164	0.000107
2165	-5.8e-05
2166	8e-06
2167	-2.5e-05
2168	-5.8e-05
2169	-5.8e-05
2170	-2.5e-05
2171	0.000107
2172	7.4e-05
2173	0.000107
2174	0.000107
2175	4.1e-05
2176	-2.5e-05
2177	-5.8e-05
2178	-5.8e-05
2179	-9e-05
2180	-0.000123
2181	4.1e-05
2182	-2.5e-05
2183	0.000107
2184	0.00014
2185	0.000107
2186	0.00014
2187	8e-06
2188	-2.5e-05
2189	-5.8e-05
2190	-0.000123
2191	-2.5e-05
2192	-9e-05
2193	4.1e-05
2194	7.4e-05
2195	0.000107
2196	0.000107
2197	7.4e-05
2198	4.1e-05
2199	-2.5e-05
2200	-9e-05
2201	-2.5e-05
2202	-9e-05
2203	-5.8e-05
2204	4.1e-05
2205	7.4e-05
2206	0.000173
2207	7.4e-05
2208	0.00014
2209	8e-06
2210	4.1e-05
2211	-5.8e-05
2212	-5.8e-05
2213	-9e-05
2214	-2.5e-05
2215	8e-06
2216	0.000107
2217	0.000107
2218	0.000107
2219	0.000107
2220	8e-06
2221	8e-06
2222	-5.8e-05
2223	-2.5e-05
2224	-2.5e-05
2225	-9e-05
2226	4.1e-05
2227	4.1e-05
2228	4.1e-05
2229	0.000107
2230	0.000107
2231	0.000107
2232	8e-06
2233	-2.5e-05
2234	-5.8e-05
2235	-9e-05
2236	-2.5e-05
2237	4.1e-05
2238	0.000107
2239	0.000107
2240	0.000107
2241	0.000107
2242	0.000107
2243	8e-06
2244	-2.5e-05
2245	-9e-05
2246	-5.8e-05
2247	-5.8e-05
2248	4.1e-05
2249	0.00014
2250	0.000107
2251	0.00014
2252	0.00014
2253	7.4e-05
2254	-2.5e-05
2255	-9e-05
2256	-9e-05
2257	-0.000123
2258	-5.8e-05
2259	4.1e-05
2260	7.4e-05
2261	0.000107
2262	4.1e-05
2263	0.00014
2264	8e-06
2265	8e-06
2266	-5.8e-05
2267	-9e-05
2268	-5.8e-05
2269	-5.8e-05
2270	8e-06
2271	4.1e-05
2272	7.4e-05
2273	0.000107
2274	0.00014
2275	8e-06
2276	8e-06
2277	-2.5e-05
2278	8e-06
2279	-9e-05
2280	-0.000156
2281	4.1e-05
2282	4.1e-05
2283	0.000107
2284	0.000107
2285	0.000107
2286	0.000107
2287	-2.5e-05
2288	-5.8e-05
2289	-5.8e-05
2290	-9e-05
2291	8e-06
2292	-2.5e-05
2293	7.4e-05
2294	0.000107
2295	7.4e-05
2296	0.000107
2297	7.4e-05
2298	4.1e-05
2299	-9e-05
2300	-5.8e-05
2301	-9e-05
2302	-0.000123
2303	4.1e-05
2304	4.1e-05
2305	7.4e-05
2306	0.000107
2307	0.00014
2308	4.1e-05
2309	4.1e-05
2310	-9e-05
2311	-5.8e-05
2312	-5.8e-05
2313	-5.8e-05
2314	-2.5e-05
2315	4.1e-05
2316	0.00014
2317	0.00014
2318	0.00014
2319	0.00014
2320	8e-06
2321	-2.5e-05
2322	-2.5e-05
2323	-9e-05
2324	-0.000156
2325	-2.5e-05
2326	4.1e-05
2327	7.4e-05
2328	0.000173
2329	0.000173
2330	4.1e-05
2331	8e-06
2332	-2.5e-05
2333	-5.8e-05
2334	-5.8e-05
2335	8e-06
2336	8e-06
2337	7.4e-05
2338	0.000107
2339	0.000107
2340	0.000107
2341	0.00014
2342	-2.5e-05
2343	-5.8e-05
2344	-5.8e-05
2345	-0.000156
2346	-5.8e-05
2347	-2.5e-05
2348	4.1e-05
2349	7.4e-05
2350	0.000107
2351	0.000107
2352	0.000107
2353	8e-06
2354	-2.5e-05
2355	-5.8e-05
2356	-5.8e-05
2357	-5.8e-05
2358	8e-06
2359	7.4e-05
2360	0.000107
2361	0.000173
2362	0.000107
2363	0.000173
2364	4.1e-05
2365	-5.8e-05
2366	-2.5e-05
2367	-0.000123
2368	-5.8e-05
2369	-9e-05
2370	4.1e-05
2371	0.000107
2372	0.000107
2373	0.000107
2374	0.000107
2375	7.4e-05
2376	-5.8e-05
2377	-9e-05
2378	-5.8e-05
2379	-9e-05
2380	-2.5e-05
2381	0.000107
2382	7.4e-05
2383	0.000107
2384	0.000107
2385	0.000107
2386	0.000107
2387	-2.5e-05
2388	-9e-05
2389	-5.8e-05
2390	-9e-05
2391	-5.8e-05
2392	8e-06
2393	0.000107
2394	0.000107
2395	0.000107
2396	0.000107
2397	8e-06
2398	-2.5e-05
2399	-9e-05
2400	-9e-05
2401	-5.8e-05
2402	-9e-05
2403	4.1e-05
2404	7.4e-05
2405	7.4e-05
2406	0.00014
2407	0.000107
2408	4.1e-05
2409	-2.5e-05
2410	-5.8e-05
2411	-9e-05
2412	-9e-05
2413	-2.5e-05
2414	4.1e-05
2415	4.1e-05
2416	0.00014
2417	0.000107
2418	0.000107
2419	7.4e-05
2420	-2.5e-05
2421	-5.8e-05
2422	-0.000156
2423	-5.8e-05
2424	-5.8e-05
2425	4.1e-05
2426	4.1e-05
2427	7.4e-05
2428	0.00014
2429	0.00014
2430	4.1e-05
2431	8e-06
2432	-5.8e-05
2433	-2.5e-05
2434	-0.000123
2435	-9e-05
2436	4.1e-05
2437	0.000107
2438	0.00014
2439	0.000107
2440	0.00014
2441	0.000107
2442	-2.5e-05
2443	-9e-05
2444	-9e-05
2445	-9e-05
2446	-5.8e-05
2447	8e-06
2448	4.1e-05
2449	0.00014
2450	7.4e-05
2451	0.000107
2452	7.4e-05
2453	-2.5e-05
2454	-2.5e-05
2455	-5.8e-05
2456	-5.8e-05
2457	-0.000123
2458	8e-06
2459	4.1e-05
2460	7.4e-05
2461	0.00014
2462	0.000107
2463	0.000107
2464	-5.8e-05
2465	-9e-05
2466	-5.8e-05
2467	-9e-05
2468	-5.8e-05
2469	4.1e-05
2470	4.1e-05
2471	0.00014
2472	0.000107
2473	0.000107
2474	4.1e-05
2475	8e-06
2476	-2.5e-05
2477	-9e-05
2478	-9e-05
2479	-9e-05
2480	4.1e-05
2481	4.1e-05
2482	7.4e-05
2483	0.00014
2484	0.000107
2485	8e-06
2486	8e-06
2487	-0.000123
2488	-2.5e-05
2489	-9e-05
2490	-9e-05
2491	8e-06
2492	8e-06
2493	0.000107
2494	0.000107
2495	0.00014
2496	0.00014
2497	-2.5e-05
2498	-2.5e-05
2499	-9e-05
