Ladekurvenmessung
Zeit: 2018_05_04 10.03.45
Info: FVA3, v = 0.747, T = 23, F = 20, h = 457.0
Ladewiderstand[Ohm]: 1012700
Störkapazität[pF]: 0.000000
Entladezeit[ms]: 200
Abtastrate[Hz]: 250000
Anzahl der Messwerte: 2500.000000
Verzögerung[ms]: 1
Ladespannung[V]: 0.200000
	Kurve_1	Kurve_2	Kurve_3
0	0.002447	0.000639	-0.001334
1	0.00146	0.00031	0.001789
2	0.002611	0.000146	0.002447
3	-1.9e-05	0.00031	0.002118
4	0.002118	-0.000183	0.002775
5	-0.001498	-0.000676	0.00409
6	0.000967	-0.002977	0.000803
7	0.003268	-0.003963	0.003268
8	-0.001991	-0.001169	0.001132
9	-0.001005	0.000803	0.001954
10	-0.000347	-0.002977	-0.000183
11	0.002447	0.005241	0.006062
12	-0.001827	-0.002484	-0.000512
13	0.00031	-0.002484	0.000803
14	0.000967	-0.000512	0.001625
15	0.00294	-0.001005	0.00294
16	0.000474	-0.000347	0.001954
17	0.003433	-0.001498	0.001954
18	-0.000512	-0.003142	0.003926
19	0.001132	-0.001827	0.004419
20	0.000967	0.004255	0.002611
21	0.001296	-0.001827	0.00409
22	-1.9e-05	-0.000841	0.005898
23	-0.001662	-0.0061	-0.002155
24	-0.001827	-0.00347	0.002282
25	-0.003142	-0.000512	0.00146
26	0.003926	-0.002977	-1.9e-05
27	-1.9e-05	0.002611	0.001954
28	0.003597	-0.001334	-0.000841
29	0.001296	-0.002484	0.002611
30	0.000474	-0.00232	0.003761
31	0.000474	-1.9e-05	0.00146
32	0.001296	-0.000841	0.003761
33	0.000474	-0.010866	0.001296
34	0.00146	-0.001827	0.003926
35	0.000967	-0.000183	0.00031
36	0.000474	-0.002155	0.004419
37	-0.000183	-0.003306	0.004255
38	-0.002155	0.000803	0.002611
39	0.003597	-0.000512	-0.003963
40	-0.000676	-0.004785	-0.000347
41	0.000803	0.00294	0.000803
42	-0.00232	-0.000183	-0.000183
43	0.006556	0.001296	0.003926
44	-0.000183	-0.00347	0.005734
45	0.002118	-0.001334	0.00031
46	0.004419	0.001625	-0.001169
47	-0.003306	0.000146	0.00146
48	0.001132	0.002447	0.000146
49	0.001132	-0.000676	0.001789
50	0.002775	0.00031	-0.004621
51	0.002447	-0.002484	0.000146
52	0.004912	-0.000841	0.001954
53	0.001954	-0.00347	0.000639
54	0.003761	0.000639	0.000967
55	0.000639	-0.001662	0.001296
56	-0.000512	-0.00232	0.003104
57	-0.000183	-0.001169	0.000639
58	-0.000676	-0.000183	0.004912
59	0.000803	-0.001169	0.002118
60	0.000803	-0.000841	0.003433
61	-0.000347	0.000967	0.002611
62	0.004255	-0.000841	0.002775
63	0.003268	0.002118	-0.000183
64	-0.000347	0.000803	0.003926
65	0.002118	-0.000183	0.001625
66	0.001789	-0.001169	0.000474
67	0.003597	0.001625	0.000967
68	0.002447	-0.000512	0.00294
69	0.002118	-0.003963	0.004583
70	0.003433	0.001625	0.000967
71	0.006391	-0.003799	0.003597
72	0.001954	-0.003963	0.001296
73	0.004583	-0.006922	0.003926
74	0.004583	-0.002484	0.00294
75	0.000967	-0.002977	0.008692
76	-0.000512	-1.9e-05	0.00409
77	0.00294	-0.002648	0.005569
78	0.00031	-0.000347	0.004912
79	0.004255	-0.00232	0.004255
80	0.000967	-0.000512	0.005569
81	0.000967	-0.000841	0.003268
82	0.004255	0.003926	0.005076
83	-0.002648	-0.00232	-1.9e-05
84	0.00294	-0.000183	0.007706
85	0.005241	0.001625	0.004748
86	0.003926	0.000967	0.005405
87	0.002447	-0.001334	0.004748
88	0.005405	-0.000512	0.005405
89	0.003268	-0.001005	0.007377
90	0.007049	-0.001991	0.003926
91	0.003104	-0.001169	0.005734
92	0.005076	-0.000347	0.008363
93	0.008363	-0.001334	0.008528
94	0.004583	-0.002648	0.009021
95	0.003597	0.001789	0.008528
96	0.005569	0.001789	0.005569
97	0.00409	0.005076	0.006227
98	0.00031	-0.000347	0.003104
99	0.000967	0.000474	0.005734
100	0.00409	0.002118	0.002447
101	0.003761	-0.000841	0.007213
102	0.001789	-0.000347	0.002282
103	0.002282	0.000639	0.003926
104	0.003926	0.00146	0.007377
105	0.005241	-0.002155	0.007049
106	0.000146	-0.002977	0.007049
107	0.003268	-0.001169	0.008528
108	0.001954	-0.000347	0.007377
109	0.004255	-0.002977	0.008692
110	0.002447	-0.001169	0.00672
111	0.002447	-1.9e-05	0.00935
112	0.000639	-0.000841	0.00935
113	0.000474	-0.000676	0.006391
114	0.003268	0.001132	0.007377
115	0.001789	0.000146	0.012308
116	0.003104	-0.001498	0.009021
117	0.000803	0.00031	0.007542
118	0.005241	-0.000347	0.007542
119	0.00031	0.000639	0.009185
120	0.000967	-1.9e-05	0.007049
121	0.003268	-0.000183	0.007213
122	0.001789	-0.001662	0.0105
123	0.000639	-0.003799	0.00935
124	0.004748	-0.008565	0.010664
125	0.006556	-0.001991	0.010171
126	0.003926	-0.003306	0.013787
127	0.004583	-0.001991	0.013623
128	0.00146	-0.003963	0.012801
129	0.002118	-0.001005	0.012801
130	-0.001169	-0.001005	0.012144
131	0.001625	-0.001169	0.011815
132	0.001625	-0.000512	0.010336
133	0.003104	0.001625	0.011486
134	0.000967	-0.004128	0.00935
135	0.003268	-0.000841	0.010664
136	0.00146	-0.001991	0.010171
137	0.000474	-0.002977	0.014116
138	0.001296	-0.004949	0.008857
139	0.003433	-0.002977	0.009514
140	0.010336	0.000639	0.011815
141	0.006556	-0.003635	0.010664
142	0.000474	-0.00232	0.011322
143	0.003104	-0.005607	0.013294
144	0.003268	0.000967	0.012965
145	0.002447	-0.001827	0.013294
146	0.003761	-0.002484	0.015266
147	0.00031	-0.00232	0.012144
148	0.000474	-0.000183	0.012308
149	0.000803	-0.003963	0.010664
150	0.00146	-0.001991	0.009514
151	-0.001662	-0.002155	0.0105
152	0.003433	0.002118	0.011979
153	0.003104	-1.9e-05	0.010007
154	-0.004456	0.000146	0.012308
155	0.00146	0.001625	0.00935
156	0.001789	-0.006757	0.013952
157	0.002447	-0.001662	0.013294
158	0.004255	-0.002813	0.013294
159	0.003761	-0.001662	0.016746
160	-0.000676	-0.005278	0.015102
161	0.00294	-0.002813	0.015102
162	0.000803	-0.001991	0.015102
163	0.001132	-0.001827	0.018554
164	-1.9e-05	-0.001991	0.013787
165	0.001789	-0.002813	0.021183
166	0.00031	-0.000841	0.013623
167	0.001296	-0.001334	0.01313
168	-0.001334	-0.003635	0.014445
169	0.002611	-0.001662	0.014116
170	-0.000512	-0.000183	0.010007
171	0.001954	-0.001334	0.012308
172	0.00146	-0.004128	0.012472
173	0.001789	-0.00232	0.014116
174	0.00146	-0.000347	0.019047
175	0.003597	-0.003963	0.017732
176	0.004583	-0.001991	0.016417
177	0.002611	-0.00232	0.013459
178	0.002118	-0.000183	0.01691
179	0.001296	0.000967	0.016581
180	0.001132	0.00294	0.017403
181	0.001132	-0.003799	0.016581
182	0.00294	0.000474	0.014445
183	0.001954	-0.000841	0.013787
184	0.001296	-0.001662	0.017074
185	-0.003799	-0.001005	0.012965
186	0.002611	-1.9e-05	0.012472
187	0.000474	0.002447	0.014609
188	-0.000676	-0.000512	0.015431
189	0.004583	0.002447	0.011651
190	-0.005607	-0.002484	0.011979
191	-0.000841	0.001296	0.014609
192	0.002447	-1.9e-05	0.01313
193	0.002118	-0.002813	0.018882
194	0.000474	0.003104	0.014116
195	0.000803	0.002611	0.01313
196	0.002447	-1.9e-05	0.013459
197	0.002611	0.000639	0.011322
198	0.000146	0.000967	0.008035
199	0.006884	-0.004292	0.00935
200	0.000474	-0.001498	0.00935
201	-0.004128	0.000146	0.011158
202	-0.003963	0.000146	0.01428
203	0.00031	-0.002484	0.009843
204	-0.000347	-0.001334	0.013459
205	-0.00232	-0.001991	0.00935
206	0.000146	0.000803	0.008857
207	-0.001827	-0.000183	0.013294
208	0.002447	-0.000347	0.007049
209	0.002611	0.001132	0.008199
210	-0.001169	0.000474	0.010171
211	0.000967	-0.004456	0.004912
212	0.001625	-0.001005	0.005569
213	-0.000347	0.002447	0.007706
214	0.006391	-0.003635	0.010336
215	0.002611	-0.001005	0.004748
216	0.00294	-0.00347	0.007213
217	0.000803	0.001789	0.006391
218	0.001789	-0.000841	0.012308
219	-0.000183	-0.001827	0.003433
220	0.001296	-0.001827	0.002611
221	0.000146	0.00294	0.004255
222	0.000146	-0.004456	0.002447
223	0.001296	-0.001169	0.001625
224	-1.9e-05	-0.000512	0.005569
225	0.001789	0.000803	0.004583
226	-0.000183	0.00031	-0.001991
227	0.000639	-0.001991	0.002447
228	0.000146	0.000639	-0.001005
229	0.003268	0.003597	-0.002484
230	0.000639	0.004583	-0.003635
231	0.002282	-0.001169	0.00031
232	0.000146	0.002447	-0.002813
233	0.000803	-0.00232	-0.001498
234	0.001132	0.001625	-0.002977
235	-0.000347	0.00146	-0.000841
236	0.001625	-0.000183	-0.002977
237	-0.002484	-0.000512	-0.0061
238	-0.001005	0.002282	-0.001334
239	-0.001005	0.00146	-0.002977
240	-0.001169	0.002447	-0.014975
241	-0.003306	0.001954	-0.006264
242	-0.000676	0.002611	-0.005443
243	-0.005443	-1.9e-05	-0.00988
244	0.000146	0.00146	-0.004785
245	0.000146	0.005241	-0.00873
246	0.000639	0.003104	-0.009223
247	-0.000183	-0.001005	-0.00988
248	0.001132	-0.001169	-0.015468
249	0.000639	0.000639	-0.005936
250	-0.001827	-0.004949	-0.009058
251	-1.9e-05	0.00787	-0.01366
252	0.011322	0.013623	0.001296
253	0.021512	0.020197	0.0105
254	0.026771	0.026443	0.013952
255	0.033181	0.039263	0.023649
256	0.037948	0.042714	0.029401
257	0.04633	0.047973	0.036469
258	0.049781	0.056356	0.040577
259	0.057013	0.061615	0.048631
260	0.063094	0.066875	0.049946
261	0.07197	0.071805	0.062601
262	0.074764	0.079366	0.054876
263	0.007706	0.080681	0.061779
264	0.018225	0.086926	0.068354
265	0.025621	0.093172	0.070326
266	0.031209	0.095966	0.081174
267	0.039263	0.098102	0.08594
268	0.04748	0.109772	0.087255
269	0.051261	0.105827	0.094322
270	0.058821	0.11158	0.097445
271	0.062273	0.115031	0.099417
272	0.072463	0.120455	0.105827
273	0.069504	0.121934	0.106649
274	0.078215	0.123413	0.109607
275	0.082324	0.130481	0.108786
276	0.088405	0.132946	0.113223
277	0.093007	0.13459	0.117332
278	0.096459	0.136562	0.121277
279	0.10517	0.143136	0.121112
280	0.108457	0.142972	0.122756
281	0.113716	0.145602	0.129166
282	0.112566	0.147409	0.130809
283	0.117332	0.149875	0.134754
284	0.121277	0.150368	0.133932
285	0.123578	0.154312	0.135904
286	0.1267	0.156778	0.13837
287	0.134261	0.155956	0.139849
288	0.130974	0.158586	0.141328
289	0.134754	0.160394	0.145437
290	0.138699	0.165489	0.144615
291	0.138534	0.162859	0.147903
292	0.140506	0.16516	0.15119
293	0.145437	0.168283	0.152011
294	0.14478	0.169269	0.150697
295	0.145437	0.170748	0.153162
296	0.151518	0.17272	0.153326
297	0.152505	0.171241	0.153819
298	0.156613	0.175843	0.159572
299	0.154477	0.173542	0.161544
300	0.159901	0.176665	0.162859
301	0.163352	0.174857	0.162366
302	0.170584	0.177158	0.160229
303	0.16779	0.177651	0.168118
304	0.168118	0.178309	0.165982
305	0.165489	0.18554	0.166311
306	0.166475	0.181924	0.169433
307	0.167625	0.183404	0.166639
308	0.170091	0.185376	0.170913
309	0.166639	0.185705	0.17157
310	0.170255	0.183568	0.169433
311	0.170091	0.184554	0.170748
312	0.174528	0.185376	0.170748
313	0.175515	0.187513	0.168612
314	0.177651	0.185869	0.171241
315	0.179295	0.187513	0.170748
316	0.18061	0.188992	0.169269
317	0.179788	0.191457	0.176336
318	0.10254	0.191457	0.176665
319	0.017732	0.191786	0.180445
320	0.02332	0.191128	0.175186
321	0.033674	0.188006	0.182089
322	0.038276	0.190964	0.181103
323	0.048302	0.188992	0.183404
324	0.053397	0.191457	0.179623
325	0.058164	0.189485	0.184225
326	0.064245	0.191457	0.182253
327	0.07197	0.188992	0.182911
328	0.070983	0.194087	0.185705
329	0.078544	0.193758	0.187184
330	0.085611	0.197045	0.183897
331	0.092679	0.19573	0.183897
332	0.100403	0.194744	0.184883
333	0.103362	0.19195	0.183404
334	0.107635	0.196059	0.187348
335	0.109607	0.196059	0.183897
336	0.113881	0.19458	0.186526
337	0.112566	0.195073	0.185047
338	0.120455	0.19721	0.188334
339	0.122756	0.198196	0.187677
340	0.124728	0.19573	0.192115
341	0.128673	0.198031	0.189156
342	0.130645	0.196223	0.188827
343	0.133603	0.19836	0.191128
344	0.138699	0.193429	0.189814
345	0.141	0.195073	0.186855
346	0.143465	0.198196	0.192115
347	0.144615	0.200332	0.192115
348	0.145766	0.196552	0.191786
349	0.155134	0.201483	0.193265
350	0.15119	0.201319	0.18817
351	0.152669	0.198524	0.194909
352	0.154312	0.201154	0.189649
353	0.14856	0.199182	0.191128
354	0.154477	0.199346	0.192936
355	0.160558	0.199018	0.193429
356	0.161215	0.202305	0.193101
357	0.164174	0.195895	0.195402
358	0.165489	0.199018	0.191293
359	0.166475	0.19458	0.195073
360	0.171734	0.199511	0.195895
361	0.168776	0.199018	0.192772
362	0.171077	0.199839	0.196059
363	0.170748	0.199675	0.190471
364	0.174364	0.207235	0.194744
365	0.172063	0.199839	0.192443
366	0.176008	0.198031	0.18817
367	0.179459	0.201319	0.189485
368	0.177158	0.201154	0.192772
369	0.176829	0.202962	0.195237
370	0.18061	0.199675	0.193265
371	0.18554	0.202469	0.195566
372	0.181596	0.200004	0.198031
373	0.180445	0.199182	0.19836
374	0.183404	0.199346	0.196223
375	0.183075	0.200332	0.194251
376	0.184225	0.194416	0.197703
377	0.186033	0.19721	0.200825
378	0.184883	0.201812	0.198689
379	0.186526	0.199346	0.200332
380	0.182746	0.20099	0.19458
381	0.180116	0.201319	0.198524
382	0.189485	0.202633	0.197374
383	0.188992	0.206578	0.196552
384	0.185705	0.202469	0.200168
385	0.188992	0.200661	0.200168
386	0.186855	0.204113	0.195895
387	0.187677	0.202305	0.197374
388	0.190471	0.202633	0.197045
389	0.189814	0.201647	0.197045
390	0.190142	0.203126	0.196552
391	0.191293	0.199839	0.19836
392	0.187513	0.201319	0.198031
393	0.192608	0.20099	0.199018
394	0.19195	0.198853	0.199839
395	0.191293	0.197045	0.198524
396	0.191786	0.200168	0.198031
397	0.192772	0.205263	0.197045
398	0.192115	0.200004	0.200168
399	0.192279	0.199346	0.196059
400	0.188827	0.205263	0.195895
401	0.187677	0.201319	0.196059
402	0.191293	0.201483	0.200332
403	0.188827	0.204934	0.198853
404	0.187841	0.201976	0.197867
405	0.1908	0.204113	0.199346
406	0.192443	0.201812	0.197045
407	0.191621	0.19573	0.198853
408	0.192279	0.203948	0.19721
409	0.19458	0.197538	0.199182
410	0.193594	0.19721	0.199018
411	0.195073	0.183732	0.20099
412	0.193429	0.187841	0.194416
413	0.195073	0.185047	0.202633
414	0.194416	0.189978	0.196388
415	0.184554	0.191128	0.202469
416	0.190964	0.187841	0.200825
417	0.193101	0.188006	0.198031
418	0.191786	0.188827	0.195237
419	0.193758	0.19458	0.199018
420	0.192936	0.191128	0.197374
421	0.194416	0.191293	0.199839
422	0.196388	0.192608	0.19836
423	0.194909	0.191128	0.198031
424	0.196388	0.191457	0.200168
425	0.195566	0.190307	0.199839
426	0.188499	0.192772	0.200661
427	0.19195	0.193101	0.199675
428	0.197045	0.187019	0.202962
429	0.198853	0.189156	0.197538
430	0.197867	0.187841	0.199511
431	0.200825	0.192772	0.201154
432	0.194416	0.192772	0.197538
433	0.192279	0.196223	0.19836
434	0.192936	0.19458	0.202469
435	0.194909	0.196388	0.202469
436	0.194744	0.195402	0.200168
437	0.190635	0.200168	0.200332
438	0.195566	0.196717	0.200004
439	0.197374	0.196552	0.199839
440	0.19458	0.19836	0.196388
441	0.197045	0.187019	0.201647
442	0.197045	0.195073	0.199511
443	0.19836	0.197703	0.199511
444	0.195237	0.19721	0.199018
445	0.201483	0.200004	0.20099
446	0.197374	0.194251	0.199346
447	0.196881	0.197867	0.201319
448	0.197703	0.198031	0.194087
449	0.192115	0.195237	0.199675
450	0.197538	0.199346	0.200497
451	0.196717	0.199511	0.198196
452	0.19721	0.191786	0.201812
453	0.194909	0.197045	0.198689
454	0.194087	0.201812	0.198524
455	0.191457	0.199018	0.19573
456	0.199018	0.199675	0.199675
457	0.194087	0.195566	0.198524
458	0.192443	0.20099	0.200661
459	0.196717	0.199182	0.200825
460	0.197538	0.199018	0.198689
461	0.196552	0.200497	0.198524
462	0.199839	0.202469	0.200332
463	0.198524	0.198031	0.198853
464	0.199018	0.197867	0.200168
465	0.197045	0.202633	0.200168
466	0.196552	0.198853	0.208057
467	0.198196	0.199839	0.200168
468	0.196388	0.202305	0.202798
469	0.198524	0.204934	0.203948
470	0.196717	0.203126	0.199018
471	0.198196	0.20362	0.199839
472	0.197045	0.202962	0.200004
473	0.197374	0.201976	0.199675
474	0.197374	0.203291	0.198031
475	0.198196	0.200497	0.200168
476	0.19836	0.20362	0.197867
477	0.198031	0.198196	0.200168
478	0.196717	0.203291	0.19721
479	0.198196	0.205427	0.199511
480	0.197538	0.207893	0.199346
481	0.198689	0.202798	0.202469
482	0.201154	0.207235	0.199346
483	0.198853	0.204606	0.200497
484	0.198689	0.205921	0.203291
485	0.199182	0.206249	0.198853
486	0.198524	0.205592	0.200168
487	0.198853	0.206414	0.199182
488	0.200497	0.204606	0.200825
489	0.197538	0.203291	0.198689
490	0.199839	0.203784	0.201154
491	0.197374	0.206578	0.198196
492	0.199182	0.204113	0.204113
493	0.195566	0.205592	0.196388
494	0.201483	0.205592	0.201647
495	0.202305	0.209701	0.199346
496	0.199511	0.207235	0.199675
497	0.199839	0.207564	0.200661
498	0.198689	0.206414	0.201483
499	0.204441	0.20477	0.203784
500	0.202633	0.207071	0.199675
501	0.209701	0.205427	0.203291
502	0.198524	0.206414	0.198524
503	0.199018	0.20477	0.201647
504	0.198031	0.205592	0.200825
505	0.197867	0.207728	0.201812
506	0.199511	0.207235	0.199511
507	0.199346	0.206414	0.200004
508	0.196552	0.207893	0.198196
509	0.197538	0.209536	0.201154
510	0.198196	0.209865	0.197867
511	0.200168	0.211016	0.197867
512	0.19836	0.21118	0.199675
513	0.201154	0.206578	0.198689
514	0.202305	0.209043	0.201812
515	0.197703	0.211837	0.198524
516	0.201483	0.20855	0.197867
517	0.19836	0.208057	0.200332
518	0.200168	0.208057	0.200825
519	0.199675	0.206085	0.200332
520	0.201812	0.206249	0.201976
521	0.199346	0.208386	0.203455
522	0.203126	0.208386	0.200332
523	0.198196	0.208386	0.201154
524	0.20099	0.206578	0.201812
525	0.198524	0.20855	0.200332
526	0.20099	0.207728	0.200825
527	0.201976	0.210358	0.198853
528	0.200825	0.208879	0.200332
529	0.201154	0.211673	0.197867
530	0.198689	0.210358	0.196223
531	0.200168	0.209208	0.202798
532	0.202305	0.211016	0.196388
533	0.206578	0.2074	0.200825
534	0.201154	0.209536	0.201976
535	0.202633	0.2074	0.200661
536	0.200661	0.2074	0.199018
537	0.203126	0.20855	0.201976
538	0.201154	0.210194	0.199182
539	0.20099	0.207893	0.200168
540	0.19721	0.209043	0.201647
541	0.199511	0.209208	0.201812
542	0.199346	0.210851	0.201319
543	0.193594	0.207893	0.198853
544	0.202469	0.210687	0.198196
545	0.200004	0.207235	0.199675
546	0.201647	0.212166	0.203126
547	0.200497	0.209701	0.203784
548	0.203948	0.208715	0.200168
549	0.203784	0.21118	0.205263
550	0.202633	0.210687	0.199182
551	0.19836	0.207893	0.196881
552	0.202798	0.210358	0.202633
553	0.196552	0.209372	0.199182
554	0.20214	0.205427	0.202305
555	0.201976	0.212002	0.19721
556	0.194251	0.204934	0.203455
557	0.201319	0.211016	0.20099
558	0.199182	0.20855	0.199675
559	0.199675	0.212988	0.200825
560	0.200332	0.20855	0.201319
561	0.198689	0.208879	0.199675
562	0.198689	0.209536	0.198196
563	0.201483	0.210194	0.19721
564	0.199018	0.206907	0.198031
565	0.200168	0.210194	0.203291
566	0.200661	0.203784	0.195237
567	0.205099	0.208222	0.19721
568	0.197867	0.204441	0.197538
569	0.202798	0.205427	0.201812
570	0.206414	0.205427	0.197538
571	0.199182	0.203948	0.201647
572	0.20214	0.203784	0.201976
573	0.200004	0.201319	0.20099
574	0.202469	0.205592	0.202633
575	0.20099	0.201647	0.199018
576	0.196881	0.199182	0.199182
577	0.199839	0.203948	0.201812
578	0.201647	0.203126	0.201319
579	0.199511	0.202633	0.201483
580	0.201647	0.202305	0.200332
581	0.202469	0.201647	0.201812
582	0.200168	0.20099	0.208222
583	0.197703	0.200332	0.200497
584	0.203948	0.197703	0.200497
585	0.201154	0.20214	0.202469
586	0.203291	0.197538	0.201647
587	0.201647	0.19836	0.200332
588	0.200825	0.195073	0.202469
589	0.201976	0.200004	0.202962
590	0.199839	0.193758	0.202469
591	0.201319	0.195566	0.200661
592	0.20099	0.197867	0.195402
593	0.199839	0.196881	0.197045
594	0.197374	0.196223	0.197538
595	0.200825	0.195402	0.19721
596	0.198853	0.194087	0.197867
597	0.201483	0.192115	0.201812
598	0.199839	0.194251	0.196552
599	0.203455	0.190142	0.200168
600	0.198689	0.193594	0.198031
601	0.201319	0.1908	0.198853
602	0.200168	0.191128	0.201319
603	0.200168	0.191128	0.201483
604	0.199182	0.191293	0.202305
605	0.19836	0.188334	0.202798
606	0.194909	0.188499	0.20099
607	0.199346	0.190635	0.201976
608	0.19836	0.184554	0.203948
609	0.19721	0.187841	0.199511
610	0.201812	0.189649	0.199182
611	0.200497	0.185376	0.200332
612	0.203291	0.18817	0.201319
613	0.19721	0.181596	0.196717
614	0.203291	0.187019	0.198196
615	0.200004	0.189814	0.196881
616	0.201319	0.184225	0.20099
617	0.199839	0.188499	0.197374
618	0.201154	0.187184	0.199182
619	0.202305	0.186362	0.201319
620	0.200825	0.187841	0.201483
621	0.202633	0.183404	0.211509
622	0.202633	0.180774	0.207893
623	0.203455	0.183568	0.203455
624	0.201319	0.181596	0.201976
625	0.203948	0.182911	0.202798
626	0.198196	0.183239	0.201483
627	0.197045	0.181103	0.201976
628	0.199182	0.185376	0.199018
629	0.200168	0.187677	0.203126
630	0.198524	0.187019	0.198031
631	0.20214	0.184883	0.200497
632	0.198853	0.186198	0.200168
633	0.198031	0.183404	0.204113
634	0.201976	0.186362	0.199346
635	0.201154	0.184225	0.196717
636	0.203455	0.188663	0.200332
637	0.201647	0.186855	0.199675
638	0.199675	0.186198	0.199675
639	0.201319	0.18932	0.20099
640	0.20099	0.188499	0.201154
641	0.198853	0.185212	0.201483
642	0.201647	0.186526	0.20855
643	0.201647	0.187841	0.205592
644	0.199839	0.187677	0.205099
645	0.200168	0.186691	0.201319
646	0.201647	0.191293	0.201154
647	0.200332	0.191786	0.200004
648	0.200168	0.188663	0.199346
649	0.201647	0.189978	0.198524
650	0.19836	0.188992	0.198031
651	0.201154	0.192115	0.200004
652	0.200168	0.188827	0.199839
653	0.200661	0.188827	0.195895
654	0.201154	0.189485	0.200825
655	0.204277	0.189485	0.201483
656	0.199839	0.189156	0.199839
657	0.204277	0.189156	0.201647
658	0.199346	0.190307	0.200004
659	0.203455	0.189156	0.203291
660	0.200332	0.191621	0.199018
661	0.203784	0.189649	0.204277
662	0.203126	0.193922	0.199182
663	0.200332	0.189156	0.19573
664	0.202798	0.19195	0.199675
665	0.202798	0.191786	0.19573
666	0.201647	0.192443	0.197867
667	0.203126	0.192936	0.200004
668	0.202305	0.193922	0.197703
669	0.203291	0.192279	0.200661
670	0.202305	0.19458	0.203126
671	0.201154	0.192608	0.193101
672	0.200825	0.194744	0.197703
673	0.202798	0.194416	0.198689
674	0.20477	0.18932	0.203455
675	0.200661	0.19721	0.199182
676	0.209701	0.192279	0.202633
677	0.202798	0.195402	0.200004
678	0.20362	0.193101	0.202469
679	0.206249	0.192608	0.201319
680	0.201976	0.192279	0.200332
681	0.203455	0.192608	0.202633
682	0.199018	0.195566	0.202305
683	0.200661	0.195895	0.199346
684	0.201154	0.196881	0.199839
685	0.202469	0.197045	0.201483
686	0.199346	0.195237	0.200332
687	0.205263	0.199018	0.20099
688	0.202633	0.19721	0.19721
689	0.202798	0.192936	0.203126
690	0.201976	0.197538	0.198031
691	0.204606	0.196717	0.205263
692	0.201812	0.197703	0.201483
693	0.20362	0.196223	0.194744
694	0.203784	0.197045	0.198853
695	0.207564	0.196552	0.201483
696	0.20362	0.194251	0.198853
697	0.202469	0.196717	0.201483
698	0.20362	0.196388	0.201812
699	0.200497	0.196388	0.195402
700	0.20214	0.197374	0.201483
701	0.202469	0.191128	0.200497
702	0.202798	0.195237	0.200497
703	0.200661	0.198689	0.198689
704	0.203948	0.199182	0.199018
705	0.198853	0.199511	0.19836
706	0.204606	0.196388	0.200825
707	0.204113	0.198524	0.199018
708	0.199182	0.19573	0.201154
709	0.201647	0.198853	0.201154
710	0.204606	0.197703	0.196552
711	0.207893	0.197045	0.198853
712	0.204934	0.195566	0.200661
713	0.205099	0.198853	0.200004
714	0.20362	0.19721	0.20362
715	0.202798	0.197867	0.196717
716	0.204277	0.199839	0.200332
717	0.204113	0.199018	0.201319
718	0.202962	0.198689	0.199511
719	0.202962	0.197538	0.201154
720	0.201154	0.201812	0.200825
721	0.204277	0.197703	0.20362
722	0.202962	0.197867	0.201976
723	0.201319	0.192443	0.196717
724	0.202633	0.19458	0.199675
725	0.201483	0.196717	0.20477
726	0.205099	0.199675	0.196717
727	0.203784	0.199182	0.200497
728	0.204277	0.195566	0.199675
729	0.203455	0.198689	0.200004
730	0.200497	0.197374	0.200332
731	0.204113	0.197867	0.20214
732	0.205756	0.199675	0.201976
733	0.198853	0.199018	0.200497
734	0.200661	0.19836	0.20362
735	0.205427	0.202633	0.200004
736	0.200661	0.203126	0.206414
737	0.201483	0.203455	0.198031
738	0.203291	0.199018	0.200497
739	0.197374	0.204113	0.198689
740	0.199675	0.19836	0.199018
741	0.199511	0.201647	0.198524
742	0.203455	0.200497	0.199675
743	0.202962	0.201154	0.200497
744	0.202633	0.200004	0.198196
745	0.201812	0.19836	0.202962
746	0.201976	0.199839	0.201647
747	0.202469	0.200825	0.198031
748	0.199346	0.199018	0.197374
749	0.19836	0.19836	0.201154
750	0.199675	0.202962	0.199675
751	0.201319	0.198853	0.202798
752	0.197703	0.198031	0.200332
753	0.199511	0.199018	0.201154
754	0.197867	0.201483	0.200004
755	0.199346	0.199018	0.201154
756	0.196881	0.199346	0.200004
757	0.195073	0.201976	0.200661
758	0.192279	0.200497	0.185869
759	0.198031	0.200004	0.19721
760	0.199346	0.199839	0.198524
761	0.198689	0.200332	0.197538
762	0.200004	0.198196	0.198853
763	0.201483	0.199182	0.198196
764	0.203126	0.200497	0.199839
765	0.198689	0.199511	0.197703
766	0.200825	0.198524	0.200168
767	0.199182	0.199511	0.199675
768	0.202798	0.200661	0.202962
769	0.199182	0.201483	0.193101
770	0.198196	0.201319	0.199346
771	0.19836	0.19721	0.197867
772	0.198524	0.19721	0.202798
773	0.198689	0.198853	0.200825
774	0.197867	0.198196	0.200004
775	0.197538	0.199675	0.198853
776	0.19195	0.195402	0.198524
777	0.20362	0.201154	0.199839
778	0.199182	0.200825	0.200168
779	0.200332	0.202305	0.20214
780	0.19836	0.20099	0.197045
781	0.20099	0.202633	0.197867
782	0.199018	0.200661	0.199018
783	0.199018	0.198524	0.202305
784	0.196717	0.198524	0.19836
785	0.200004	0.202798	0.200497
786	0.200004	0.199018	0.199839
787	0.196881	0.199675	0.200825
788	0.197538	0.200168	0.200004
789	0.200332	0.200004	0.201647
790	0.19573	0.203455	0.196059
791	0.196388	0.197703	0.197538
792	0.198689	0.200825	0.19458
793	0.197703	0.201319	0.197538
794	0.200661	0.20099	0.193758
795	0.20362	0.20099	0.19458
796	0.201647	0.199675	0.200661
797	0.199839	0.200825	0.197045
798	0.199839	0.198196	0.199018
799	0.196388	0.199511	0.203455
800	0.199346	0.201812	0.199018
801	0.197538	0.206742	0.20099
802	0.197703	0.202633	0.202962
803	0.196388	0.200004	0.200332
804	0.197374	0.199018	0.201647
805	0.197867	0.204277	0.20099
806	0.197374	0.197045	0.198524
807	0.199675	0.199182	0.199675
808	0.195402	0.198524	0.199511
809	0.202633	0.200004	0.199182
810	0.199018	0.200497	0.197538
811	0.199839	0.201483	0.200661
812	0.199182	0.203291	0.19836
813	0.199346	0.198689	0.19721
814	0.199018	0.199346	0.196717
815	0.200497	0.200661	0.200497
816	0.197867	0.200332	0.199511
817	0.201319	0.200332	0.200332
818	0.202305	0.200168	0.200825
819	0.201812	0.198031	0.203948
820	0.200168	0.198689	0.202798
821	0.199182	0.196059	0.203291
822	0.20099	0.203291	0.203948
823	0.197374	0.201812	0.202633
824	0.200825	0.199839	0.202798
825	0.198031	0.199675	0.200332
826	0.199182	0.198853	0.200004
827	0.197374	0.201154	0.200497
828	0.198689	0.200825	0.199839
829	0.20099	0.202962	0.199675
830	0.201483	0.198689	0.199018
831	0.202305	0.201319	0.199018
832	0.196059	0.198689	0.200168
833	0.197374	0.202305	0.201319
834	0.199346	0.201154	0.202798
835	0.197867	0.201154	0.199511
836	0.200661	0.199346	0.201483
837	0.200168	0.202469	0.201976
838	0.198031	0.197374	0.200332
839	0.200332	0.200825	0.198853
840	0.199182	0.198031	0.20099
841	0.201647	0.201483	0.204606
842	0.200825	0.203455	0.200825
843	0.199182	0.200661	0.199675
844	0.197867	0.201976	0.203291
845	0.199346	0.202305	0.203948
846	0.19573	0.205427	0.199346
847	0.199511	0.198524	0.204934
848	0.197045	0.201319	0.200004
849	0.197374	0.20099	0.197045
850	0.196552	0.196552	0.198853
851	0.202633	0.198196	0.202469
852	0.198196	0.202633	0.201976
853	0.197374	0.201812	0.200497
854	0.200497	0.201319	0.201976
855	0.197703	0.202633	0.200004
856	0.201483	0.200004	0.202798
857	0.195237	0.199839	0.199675
858	0.197538	0.198524	0.204277
859	0.20099	0.201812	0.19721
860	0.203291	0.196717	0.196552
861	0.199018	0.202469	0.19836
862	0.20214	0.199346	0.200004
863	0.198853	0.201154	0.195237
864	0.198031	0.199511	0.19836
865	0.197703	0.202633	0.200661
866	0.198853	0.201812	0.200497
867	0.20477	0.204606	0.200004
868	0.198031	0.201483	0.19836
869	0.199018	0.200168	0.201647
870	0.199511	0.201812	0.19836
871	0.201812	0.203948	0.201319
872	0.199839	0.196388	0.195566
873	0.204934	0.195237	0.199346
874	0.200168	0.198031	0.198196
875	0.201319	0.197867	0.200497
876	0.200497	0.197538	0.19836
877	0.200825	0.200497	0.204113
878	0.205921	0.202469	0.201483
879	0.197703	0.201812	0.199839
880	0.196059	0.201812	0.201812
881	0.198196	0.202305	0.199839
882	0.198853	0.204441	0.199839
883	0.19458	0.200004	0.20099
884	0.198524	0.201647	0.199511
885	0.196223	0.201976	0.198524
886	0.198853	0.199182	0.200497
887	0.200661	0.198196	0.200497
888	0.199675	0.200825	0.200168
889	0.195402	0.199018	0.200168
890	0.202798	0.199675	0.208222
891	0.198689	0.19721	0.205099
892	0.200004	0.198196	0.201647
893	0.20099	0.205921	0.203126
894	0.199675	0.197538	0.196552
895	0.199346	0.196881	0.202962
896	0.19836	0.199182	0.197703
897	0.200332	0.200168	0.197538
898	0.199839	0.203455	0.199839
899	0.202305	0.206249	0.20099
900	0.184718	0.202469	0.196388
901	0.19836	0.204606	0.200332
902	0.194416	0.194087	0.200661
903	0.199511	0.201319	0.199511
904	0.200332	0.202469	0.198524
905	0.196717	0.19836	0.198524
906	0.200168	0.199346	0.200497
907	0.200332	0.198196	0.201483
908	0.200332	0.199182	0.200332
909	0.196388	0.197045	0.204934
910	0.202469	0.203291	0.199675
911	0.191786	0.197374	0.203291
912	0.197374	0.199182	0.201812
913	0.19836	0.199182	0.196717
914	0.198031	0.199346	0.199511
915	0.200661	0.201647	0.197045
916	0.199675	0.199346	0.199675
917	0.199839	0.200004	0.19721
918	0.198524	0.200825	0.199839
919	0.202469	0.200004	0.197045
920	0.201319	0.200497	0.201976
921	0.197374	0.195073	0.199675
922	0.196388	0.198196	0.201154
923	0.199511	0.200661	0.197867
924	0.203784	0.202962	0.198196
925	0.199839	0.201976	0.19836
926	0.202305	0.197045	0.201154
927	0.20362	0.197045	0.199182
928	0.200497	0.198196	0.200497
929	0.199839	0.199182	0.203455
930	0.200168	0.197867	0.198031
931	0.199346	0.196717	0.201812
932	0.201154	0.200332	0.20099
933	0.199346	0.199018	0.200661
934	0.200661	0.201812	0.199511
935	0.200497	0.198689	0.200825
936	0.199675	0.200825	0.197045
937	0.202305	0.205263	0.200168
938	0.199346	0.198031	0.19836
939	0.203126	0.199182	0.203784
940	0.199018	0.201647	0.204606
941	0.204441	0.200661	0.198689
942	0.203948	0.201976	0.200825
943	0.201976	0.198031	0.201976
944	0.204934	0.198853	0.201483
945	0.200825	0.19836	0.198524
946	0.202469	0.197703	0.203126
947	0.200004	0.202469	0.200497
948	0.205427	0.201976	0.200661
949	0.203784	0.19573	0.197703
950	0.201319	0.200661	0.203126
951	0.199182	0.199675	0.199182
952	0.202633	0.198689	0.202798
953	0.197045	0.195895	0.199346
954	0.197867	0.201812	0.200497
955	0.202962	0.198031	0.199675
956	0.197374	0.195566	0.199018
957	0.200661	0.201976	0.199346
958	0.202469	0.199511	0.199839
959	0.201647	0.18932	0.201319
960	0.19836	0.19721	0.198031
961	0.199839	0.200497	0.197045
962	0.199675	0.198689	0.197703
963	0.201812	0.197538	0.200004
964	0.198689	0.198853	0.199675
965	0.203455	0.200661	0.200332
966	0.202633	0.19836	0.197374
967	0.200497	0.199675	0.200332
968	0.199675	0.199346	0.19836
969	0.20214	0.196717	0.202962
970	0.201483	0.186033	0.199675
971	0.201483	0.194087	0.200332
972	0.199511	0.198689	0.199018
973	0.201976	0.197703	0.200497
974	0.202469	0.197045	0.19721
975	0.202305	0.193758	0.199018
976	0.202305	0.196717	0.201647
977	0.201812	0.194744	0.199839
978	0.201976	0.202633	0.199675
979	0.200332	0.197538	0.201647
980	0.20362	0.198524	0.200825
981	0.200004	0.194909	0.198689
982	0.202305	0.198524	0.202305
983	0.200497	0.199346	0.199018
984	0.203455	0.198689	0.199675
985	0.200825	0.201483	0.199346
986	0.202798	0.200168	0.199018
987	0.202469	0.201154	0.199182
988	0.19721	0.197374	0.199346
989	0.202633	0.202305	0.198853
990	0.20099	0.198524	0.197867
991	0.200497	0.199839	0.198031
992	0.200661	0.201647	0.197538
993	0.200168	0.196059	0.199346
994	0.20099	0.198524	0.19836
995	0.199182	0.199839	0.202633
996	0.203455	0.197867	0.200497
997	0.202962	0.198853	0.202469
998	0.201812	0.20477	0.198853
999	0.205592	0.196059	0.202305
1000	0.204277	0.202305	0.197374
1001	0.20099	0.200004	0.198853
1002	0.20214	0.202305	0.201319
1003	0.197538	0.202798	0.198524
1004	0.197374	0.199018	0.19836
1005	0.19836	0.199018	0.196552
1006	0.198031	0.201647	0.199839
1007	0.198196	0.198196	0.198524
1008	0.200332	0.200332	0.199346
1009	0.201647	0.199675	0.194909
1010	0.19836	0.199675	0.201483
1011	0.200168	0.199018	0.198031
1012	0.201647	0.199839	0.198524
1013	0.200661	0.199018	0.197374
1014	0.201483	0.198524	0.199346
1015	0.201319	0.198524	0.199675
1016	0.198689	0.200332	0.203455
1017	0.200497	0.198689	0.195073
1018	0.199839	0.196388	0.198031
1019	0.198031	0.201812	0.201812
1020	0.201319	0.199675	0.198524
1021	0.200661	0.201483	0.200004
1022	0.198853	0.200332	0.200332
1023	0.199675	0.200825	0.202633
1024	0.195237	0.201319	0.200004
1025	0.196059	0.203455	0.20099
1026	0.19573	0.197045	0.199182
1027	0.19721	0.20099	0.20099
1028	0.196059	0.200825	0.19836
1029	0.197867	0.198689	0.198196
1030	0.196552	0.199346	0.199346
1031	0.198689	0.198031	0.200661
1032	0.200004	0.199675	0.199675
1033	0.201976	0.197538	0.201976
1034	0.199675	0.201647	0.201647
1035	0.197045	0.195566	0.198689
1036	0.196059	0.199839	0.201154
1037	0.194909	0.198689	0.199839
1038	0.194744	0.199839	0.20214
1039	0.19573	0.197374	0.197045
1040	0.195073	0.201647	0.192279
1041	0.193922	0.201483	0.198524
1042	0.197867	0.198689	0.200332
1043	0.19458	0.201483	0.197703
1044	0.199018	0.200004	0.200497
1045	0.193101	0.20214	0.196388
1046	0.195402	0.197538	0.197374
1047	0.193429	0.198524	0.194909
1048	0.196223	0.198031	0.19721
1049	0.196223	0.200004	0.199018
1050	0.195237	0.197538	0.199182
1051	0.199182	0.199511	0.199346
1052	0.197045	0.198196	0.201319
1053	0.196388	0.201154	0.198524
1054	0.193429	0.201319	0.200661
1055	0.194251	0.202305	0.20214
1056	0.192608	0.201976	0.198196
1057	0.193265	0.200004	0.201319
1058	0.192936	0.200497	0.198031
1059	0.195895	0.201812	0.198689
1060	0.194087	0.201812	0.198031
1061	0.194251	0.196552	0.198524
1062	0.197538	0.202962	0.195895
1063	0.19836	0.19836	0.197374
1064	0.196059	0.199182	0.19836
1065	0.198031	0.198689	0.200168
1066	0.195895	0.200168	0.201483
1067	0.196552	0.199182	0.208386
1068	0.196059	0.200004	0.197538
1069	0.194909	0.200168	0.201647
1070	0.200004	0.205099	0.200168
1071	0.196717	0.199511	0.199018
1072	0.195402	0.198031	0.202798
1073	0.196059	0.197538	0.202633
1074	0.195566	0.20214	0.206414
1075	0.194087	0.197538	0.202469
1076	0.194087	0.191128	0.20099
1077	0.192115	0.198524	0.199346
1078	0.194087	0.200004	0.199839
1079	0.19458	0.200004	0.198524
1080	0.19458	0.200497	0.19836
1081	0.195073	0.20214	0.199182
1082	0.197867	0.19836	0.200497
1083	0.197374	0.199675	0.20099
1084	0.197374	0.198689	0.202305
1085	0.197045	0.200497	0.200825
1086	0.195237	0.198196	0.201812
1087	0.196881	0.198689	0.201976
1088	0.194251	0.200332	0.200497
1089	0.194744	0.200661	0.199018
1090	0.194087	0.203126	0.195237
1091	0.196223	0.199675	0.198853
1092	0.194416	0.203455	0.199182
1093	0.194251	0.200661	0.200004
1094	0.195073	0.200661	0.198031
1095	0.195895	0.198524	0.200497
1096	0.195402	0.203126	0.20099
1097	0.193758	0.197703	0.196059
1098	0.198196	0.19836	0.200332
1099	0.195237	0.202469	0.199346
1100	0.189814	0.200168	0.201976
1101	0.195073	0.198689	0.20214
1102	0.196717	0.200661	0.20214
1103	0.194416	0.200825	0.199182
1104	0.19836	0.195402	0.202305
1105	0.194087	0.200332	0.199675
1106	0.19721	0.198031	0.204441
1107	0.198196	0.200332	0.201154
1108	0.193101	0.198524	0.201976
1109	0.194251	0.200168	0.197374
1110	0.197538	0.200168	0.199182
1111	0.195073	0.200004	0.200004
1112	0.19836	0.198689	0.195566
1113	0.200661	0.202305	0.19573
1114	0.193922	0.202305	0.196717
1115	0.197867	0.199511	0.200004
1116	0.195566	0.199346	0.19836
1117	0.199182	0.199839	0.204606
1118	0.194251	0.200332	0.203948
1119	0.197374	0.200004	0.202633
1120	0.19836	0.196552	0.199675
1121	0.200497	0.198196	0.204277
1122	0.196881	0.201812	0.201319
1123	0.197045	0.195237	0.199018
1124	0.199018	0.197374	0.205263
1125	0.195402	0.196388	0.201812
1126	0.194744	0.195566	0.200332
1127	0.196717	0.19836	0.200825
1128	0.19721	0.199018	0.200825
1129	0.198031	0.199675	0.203784
1130	0.198031	0.199839	0.199511
1131	0.196552	0.198524	0.198524
1132	0.201483	0.203126	0.200825
1133	0.192772	0.201319	0.199018
1134	0.198031	0.200825	0.199346
1135	0.198689	0.201319	0.197538
1136	0.19721	0.199182	0.200332
1137	0.196881	0.197867	0.200661
1138	0.197045	0.200168	0.20099
1139	0.199346	0.201976	0.199346
1140	0.198524	0.198853	0.20362
1141	0.198524	0.200004	0.200661
1142	0.19721	0.199018	0.199839
1143	0.198689	0.200332	0.199839
1144	0.196717	0.199839	0.201319
1145	0.197045	0.201812	0.198524
1146	0.19836	0.201154	0.198031
1147	0.198524	0.203784	0.200004
1148	0.196881	0.198853	0.201483
1149	0.20099	0.200825	0.203291
1150	0.200825	0.201812	0.196388
1151	0.19721	0.200168	0.202469
1152	0.194909	0.202962	0.199018
1153	0.199018	0.19721	0.200168
1154	0.196388	0.196881	0.201483
1155	0.19573	0.199346	0.205263
1156	0.19721	0.199839	0.198853
1157	0.199182	0.19721	0.201812
1158	0.199182	0.200497	0.199839
1159	0.202798	0.197045	0.200168
1160	0.197703	0.19573	0.201154
1161	0.199675	0.19836	0.199018
1162	0.198689	0.200497	0.199675
1163	0.197867	0.200332	0.197538
1164	0.195895	0.199839	0.198853
1165	0.197045	0.201319	0.193758
1166	0.19836	0.201483	0.199511
1167	0.196552	0.204441	0.194416
1168	0.19458	0.197867	0.197703
1169	0.195566	0.198689	0.199839
1170	0.198853	0.195402	0.199675
1171	0.198196	0.199018	0.198031
1172	0.201154	0.19836	0.201483
1173	0.199511	0.198689	0.200332
1174	0.202469	0.19573	0.202305
1175	0.199675	0.196881	0.201647
1176	0.19836	0.200332	0.202305
1177	0.199675	0.201976	0.191457
1178	0.197045	0.199018	0.197703
1179	0.199839	0.198524	0.201647
1180	0.197538	0.201319	0.197703
1181	0.199839	0.199182	0.201976
1182	0.19721	0.200825	0.200168
1183	0.200825	0.201647	0.201647
1184	0.200004	0.201154	0.19721
1185	0.199018	0.199018	0.200661
1186	0.199346	0.201812	0.199018
1187	0.198853	0.200825	0.198524
1188	0.198031	0.198524	0.190635
1189	0.199182	0.203126	0.196059
1190	0.199511	0.199346	0.201319
1191	0.198853	0.199675	0.200497
1192	0.199839	0.196881	0.200168
1193	0.19836	0.197374	0.199675
1194	0.201154	0.199839	0.202469
1195	0.199018	0.198524	0.196717
1196	0.200497	0.195895	0.201154
1197	0.200497	0.199182	0.199346
1198	0.199839	0.20099	0.199511
1199	0.195895	0.200004	0.193429
1200	0.19836	0.198524	0.19836
1201	0.201319	0.201483	0.196717
1202	0.197867	0.20099	0.197703
1203	0.197045	0.201647	0.196881
1204	0.197538	0.197045	0.199346
1205	0.199675	0.196717	0.198853
1206	0.197538	0.198689	0.195073
1207	0.198689	0.197374	0.201647
1208	0.196388	0.19836	0.195073
1209	0.204113	0.200661	0.197867
1210	0.199346	0.200497	0.199675
1211	0.199018	0.198524	0.19836
1212	0.200004	0.199511	0.196223
1213	0.200004	0.199346	0.201483
1214	0.198031	0.200497	0.201154
1215	0.197045	0.199182	0.203126
1216	0.197703	0.197045	0.200497
1217	0.200004	0.200661	0.197538
1218	0.19573	0.199346	0.199839
1219	0.202305	0.193101	0.202305
1220	0.199839	0.202469	0.199839
1221	0.196388	0.197703	0.197703
1222	0.201154	0.197867	0.198031
1223	0.199018	0.200004	0.197703
1224	0.200661	0.198196	0.201319
1225	0.199018	0.198196	0.200497
1226	0.198031	0.196388	0.201319
1227	0.198853	0.196717	0.199839
1228	0.202305	0.196388	0.199018
1229	0.201319	0.199675	0.199182
1230	0.198853	0.19573	0.203126
1231	0.201647	0.201154	0.200332
1232	0.200825	0.199675	0.200825
1233	0.198689	0.200661	0.201812
1234	0.199675	0.199839	0.198031
1235	0.198853	0.203291	0.199675
1236	0.198853	0.199182	0.199346
1237	0.198196	0.200825	0.200332
1238	0.198689	0.200332	0.196717
1239	0.200332	0.201647	0.197045
1240	0.199511	0.200497	0.197045
1241	0.197538	0.19721	0.203126
1242	0.200168	0.201154	0.19721
1243	0.200661	0.199675	0.199839
1244	0.198689	0.201647	0.200168
1245	0.20099	0.199675	0.200332
1246	0.197045	0.20099	0.199675
1247	0.202469	0.196881	0.20099
1248	0.200497	0.196881	0.20099
1249	0.200497	0.197703	0.198524
1250	0.20214	0.198196	0.198689
1251	0.193265	0.201483	0.200825
1252	0.198689	0.196388	0.200825
1253	0.200004	0.20099	0.199511
1254	0.195402	0.200332	0.198853
1255	0.198689	0.195402	0.200497
1256	0.199018	0.197538	0.201647
1257	0.197703	0.199018	0.198524
1258	0.19721	0.196881	0.19721
1259	0.201154	0.198031	0.196717
1260	0.201976	0.198031	0.19836
1261	0.200661	0.196223	0.193594
1262	0.201647	0.198853	0.200661
1263	0.201154	0.197374	0.199839
1264	0.201647	0.14971	0.203126
1265	0.199839	0.152669	0.201647
1266	0.200168	0.151518	0.204113
1267	0.199675	0.154641	0.201647
1268	0.200332	0.15497	0.200332
1269	0.198689	0.153984	0.200661
1270	0.201319	0.159901	0.197867
1271	0.20214	0.162859	0.199675
1272	0.199839	0.158914	0.197867
1273	0.19836	0.164503	0.199675
1274	0.200497	0.163516	0.200004
1275	0.202469	0.169269	0.203455
1276	0.198196	0.169762	0.198031
1277	0.200825	0.167132	0.202469
1278	0.198853	0.170419	0.200661
1279	0.202305	0.174528	0.200661
1280	0.200168	0.174035	0.198524
1281	0.199675	0.1742	0.201647
1282	0.201319	0.176994	0.200661
1283	0.198853	0.176172	0.200661
1284	0.201976	0.177158	0.201812
1285	0.199346	0.177158	0.199182
1286	0.200332	0.181103	0.201154
1287	0.198196	0.181924	0.198853
1288	0.199346	0.181431	0.202633
1289	0.197374	0.183732	0.194251
1290	0.202798	0.18554	0.196717
1291	0.202962	0.185047	0.19721
1292	0.199018	0.183732	0.199675
1293	0.20099	0.186362	0.196552
1294	0.201154	0.187184	0.198853
1295	0.200497	0.189485	0.195566
1296	0.201647	0.187841	0.200497
1297	0.207235	0.189814	0.201647
1298	0.199675	0.185705	0.199675
1299	0.202962	0.188334	0.203455
1300	0.199182	0.188006	0.20099
1301	0.201483	0.188827	0.204606
1302	0.200497	0.188334	0.199346
1303	0.205427	0.192115	0.201319
1304	0.199182	0.188827	0.19836
1305	0.195402	0.186526	0.199018
1306	0.199182	0.1908	0.200004
1307	0.193429	0.190635	0.201647
1308	0.203126	0.194416	0.195895
1309	0.201154	0.191786	0.197374
1310	0.199018	0.193265	0.200004
1311	0.200661	0.191293	0.19836
1312	0.200661	0.194251	0.195402
1313	0.200168	0.192115	0.193922
1314	0.200825	0.192608	0.199018
1315	0.203455	0.192936	0.200168
1316	0.203455	0.193101	0.197703
1317	0.199675	0.190635	0.20362
1318	0.198524	0.193922	0.201483
1319	0.191293	0.193922	0.197538
1320	0.200332	0.190471	0.199182
1321	0.200661	0.194909	0.197703
1322	0.199839	0.195402	0.19836
1323	0.198853	0.195402	0.200661
1324	0.199346	0.191293	0.202962
1325	0.201483	0.194744	0.199346
1326	0.199675	0.193265	0.200004
1327	0.19721	0.194744	0.198524
1328	0.199511	0.191786	0.199018
1329	0.199675	0.203948	0.202633
1330	0.187841	0.201154	0.197703
1331	0.197538	0.195237	0.200661
1332	0.200004	0.197867	0.200004
1333	0.200168	0.197867	0.200004
1334	0.199182	0.19836	0.197045
1335	0.201154	0.196388	0.200168
1336	0.201319	0.193922	0.199511
1337	0.20099	0.195895	0.200168
1338	0.199675	0.199346	0.197538
1339	0.199839	0.196059	0.199182
1340	0.198689	0.200497	0.196059
1341	0.196059	0.198524	0.197045
1342	0.197374	0.199182	0.198853
1343	0.199182	0.197045	0.20099
1344	0.199675	0.201483	0.198031
1345	0.198031	0.200004	0.198031
1346	0.20099	0.196552	0.197045
1347	0.203455	0.198853	0.197374
1348	0.19836	0.197703	0.201483
1349	0.201483	0.198689	0.199346
1350	0.200661	0.198196	0.201154
1351	0.197867	0.200332	0.201812
1352	0.198689	0.199675	0.19836
1353	0.196552	0.199839	0.196388
1354	0.199182	0.192608	0.202633
1355	0.194416	0.200825	0.197374
1356	0.199839	0.196059	0.200004
1357	0.203291	0.19721	0.198853
1358	0.201647	0.197045	0.196717
1359	0.199839	0.197867	0.196388
1360	0.200661	0.199675	0.196388
1361	0.198689	0.199511	0.197374
1362	0.19573	0.199675	0.199018
1363	0.19836	0.203455	0.193429
1364	0.201483	0.199675	0.194251
1365	0.198196	0.198853	0.198689
1366	0.197374	0.199018	0.195895
1367	0.199511	0.201483	0.198689
1368	0.196388	0.196223	0.199182
1369	0.199018	0.19458	0.200497
1370	0.19836	0.196059	0.197867
1371	0.200168	0.193758	0.200332
1372	0.198853	0.193265	0.202798
1373	0.198031	0.199839	0.201812
1374	0.19836	0.196717	0.204441
1375	0.196881	0.19573	0.200661
1376	0.200168	0.200168	0.200661
1377	0.205263	0.200168	0.198689
1378	0.199839	0.206249	0.199018
1379	0.197867	0.199346	0.199839
1380	0.201154	0.19836	0.198853
1381	0.195566	0.197867	0.197374
1382	0.198031	0.198853	0.198031
1383	0.197045	0.197867	0.195073
1384	0.200004	0.198196	0.200825
1385	0.197045	0.200825	0.197867
1386	0.197374	0.199346	0.200661
1387	0.197374	0.198524	0.202305
1388	0.198031	0.198853	0.199182
1389	0.199511	0.194744	0.198853
1390	0.196388	0.196717	0.195895
1391	0.198853	0.195402	0.198689
1392	0.196059	0.198853	0.19836
1393	0.198524	0.19458	0.197374
1394	0.160394	0.195237	0.198031
1395	0.157435	0.201647	0.198524
1396	0.156942	0.198689	0.197867
1397	0.160229	0.200661	0.196223
1398	0.159408	0.200497	0.197374
1399	0.163188	0.197867	0.199346
1400	0.163516	0.188992	0.196717
1401	0.164174	0.197538	0.196552
1402	0.166475	0.199675	0.193922
1403	0.16253	0.196388	0.196881
1404	0.164174	0.197538	0.199839
1405	0.163845	0.196223	0.199839
1406	0.163352	0.200168	0.200497
1407	0.16401	0.198031	0.200332
1408	0.171734	0.19836	0.199675
1409	0.169926	0.198689	0.196717
1410	0.172556	0.198853	0.199675
1411	0.171899	0.195566	0.19573
1412	0.176501	0.197703	0.200661
1413	0.173542	0.200332	0.19836
1414	0.175843	0.199346	0.193922
1415	0.176829	0.20214	0.194251
1416	0.175515	0.197538	0.200661
1417	0.176501	0.20362	0.199018
1418	0.180774	0.200332	0.198031
1419	0.181596	0.198196	0.199346
1420	0.179623	0.197703	0.199511
1421	0.186033	0.196552	0.199182
1422	0.185212	0.197374	0.200332
1423	0.185212	0.196223	0.202962
1424	0.185376	0.195073	0.201812
1425	0.183897	0.195895	0.200825
1426	0.181103	0.198524	0.197867
1427	0.183404	0.194416	0.202305
1428	0.184225	0.198689	0.195895
1429	0.186855	0.19573	0.201154
1430	0.184225	0.200004	0.199018
1431	0.188499	0.19573	0.199839
1432	0.189814	0.199182	0.196388
1433	0.190142	0.199675	0.198524
1434	0.18817	0.199182	0.19573
1435	0.189485	0.199018	0.198031
1436	0.189156	0.200004	0.197703
1437	0.190307	0.199511	0.201154
1438	0.188334	0.199346	0.199018
1439	0.185212	0.197867	0.202633
1440	0.096788	0.200004	0.20362
1441	0.052904	0.201483	0.197045
1442	0.05389	0.20099	0.200332
1443	0.057999	0.198031	0.197703
1444	0.065231	0.198196	0.199675
1445	0.047645	0.199675	0.196388
1446	0.01691	0.196881	0.200825
1447	0.022991	0.199018	0.197045
1448	0.031209	0.200332	0.199018
1449	0.038605	0.200168	0.200004
1450	0.046494	0.198524	0.198853
1451	0.051754	0.199182	0.198853
1452	0.059972	0.199675	0.196059
1453	0.063423	0.200332	0.195566
1454	0.072956	0.202798	0.19836
1455	0.077065	0.200004	0.200497
1456	0.077558	0.195895	0.199511
1457	0.083639	0.198524	0.200004
1458	0.08709	0.198853	0.195566
1459	0.095966	0.197374	0.198853
1460	0.099089	0.198524	0.201976
1461	0.101883	0.196717	0.20099
1462	0.108293	0.199182	0.200168
1463	0.113388	0.198524	0.199511
1464	0.114538	0.197538	0.201154
1465	0.118154	0.198853	0.19836
1466	0.12177	0.200825	0.199839
1467	0.124399	0.199839	0.202633
1468	0.128344	0.200661	0.194744
1469	0.129166	0.202633	0.207071
1470	0.136562	0.199346	0.196717
1471	0.136726	0.199839	0.197045
1472	0.140342	0.198524	0.203455
1473	0.140671	0.194744	0.19836
1474	0.143794	0.19836	0.19836
1475	0.14478	0.201976	0.199675
1476	0.148889	0.196223	0.200661
1477	0.151025	0.198853	0.198853
1478	0.15234	0.198524	0.200004
1479	0.157271	0.200332	0.200332
1480	0.156778	0.19836	0.200332
1481	0.160887	0.198689	0.198524
1482	0.157928	0.199675	0.200004
1483	0.160722	0.20214	0.199346
1484	0.162859	0.198524	0.202962
1485	0.168118	0.202469	0.198853
1486	0.165324	0.200004	0.201154
1487	0.168283	0.201976	0.200168
1488	0.16894	0.202469	0.197703
1489	0.167625	0.198689	0.201319
1490	0.171241	0.20099	0.199182
1491	0.173049	0.200332	0.203948
1492	0.176172	0.201319	0.198031
1493	0.174693	0.199018	0.200497
1494	0.176994	0.201647	0.202633
1495	0.177487	0.193922	0.200497
1496	0.180774	0.19836	0.19836
1497	0.177487	0.199675	0.200661
1498	0.179623	0.198689	0.201319
1499	0.179623	0.199511	0.199182
1500	0.181267	0.203784	0.199346
1501	0.184061	0.19836	0.199839
1502	0.183075	0.202305	0.19836
1503	0.179623	0.202633	0.197703
1504	0.181924	0.200004	0.206578
1505	0.183404	0.202305	0.201319
1506	0.186198	0.199346	0.201647
1507	0.188992	0.201976	0.199018
1508	0.186362	0.199511	0.199182
1509	0.186033	0.199839	0.196552
1510	0.188992	0.198853	0.193758
1511	0.190471	0.200168	0.201976
1512	0.189814	0.198196	0.199346
1513	0.189814	0.200825	0.197538
1514	0.18817	0.198689	0.199839
1515	0.192443	0.199675	0.202962
1516	0.189814	0.200004	0.200661
1517	0.192936	0.199346	0.201976
1518	0.192279	0.201154	0.199675
1519	0.192772	0.201647	0.202962
1520	0.190635	0.206414	0.197867
1521	0.190307	0.200332	0.199839
1522	0.189814	0.202962	0.19573
1523	0.191128	0.197538	0.19573
1524	0.191293	0.200332	0.199839
1525	0.188827	0.197538	0.199346
1526	0.192608	0.197538	0.19458
1527	0.190635	0.196881	0.201319
1528	0.07575	0.200004	0.200004
1529	0.011158	0.198031	0.200497
1530	0.019047	0.201647	0.201154
1531	0.027593	0.200661	0.200497
1532	0.036633	0.204277	0.200004
1533	0.043207	0.203291	0.199839
1534	0.051096	0.199182	0.200825
1535	0.053397	0.203948	0.199675
1536	0.0603	0.198524	0.201483
1537	0.06671	0.201154	0.200168
1538	0.070655	0.199675	0.200004
1539	0.080352	0.200004	0.199675
1540	0.081338	0.199346	0.196059
1541	0.086104	0.20477	0.197867
1542	0.090542	0.202305	0.198853
1543	0.097774	0.201319	0.197374
1544	0.099746	0.201154	0.198853
1545	0.106485	0.200332	0.199511
1546	0.108457	0.198524	0.20099
1547	0.115031	0.198853	0.200332
1548	0.115853	0.199018	0.201154
1549	0.122592	0.199018	0.202633
1550	0.12292	0.200661	0.199346
1551	0.126865	0.202633	0.201154
1552	0.128344	0.200004	0.199839
1553	0.129495	0.198031	0.20099
1554	0.130645	0.198196	0.202305
1555	0.13459	0.199839	0.202305
1556	0.134918	0.197703	0.199018
1557	0.140506	0.197867	0.199839
1558	0.148231	0.198196	0.19721
1559	0.147903	0.19721	0.195566
1560	0.150368	0.201319	0.198031
1561	0.150861	0.201319	0.198524
1562	0.155299	0.201812	0.197867
1563	0.153655	0.199018	0.19836
1564	0.158257	0.200332	0.196717
1565	0.158586	0.198689	0.196717
1566	0.162366	0.199839	0.202305
1567	0.161051	0.200168	0.200168
1568	0.162695	0.196223	0.200004
1569	0.167132	0.198031	0.201483
1570	0.167461	0.194416	0.201647
1571	0.168283	0.198031	0.201154
1572	0.167954	0.196717	0.20099
1573	0.169762	0.200661	0.203455
1574	0.17157	0.197867	0.200825
1575	0.175515	0.197867	0.198853
1576	0.173707	0.199018	0.196223
1577	0.175679	0.201976	0.201812
1578	0.172556	0.200168	0.200497
1579	0.173049	0.198853	0.199346
1580	0.17913	0.199182	0.200825
1581	0.18176	0.198031	0.202962
1582	0.180774	0.201483	0.201812
1583	0.179459	0.196388	0.202798
1584	0.182582	0.199182	0.199182
1585	0.181924	0.199839	0.204113
1586	0.179459	0.199346	0.198853
1587	0.181267	0.197045	0.200004
1588	0.182089	0.198853	0.20099
1589	0.181596	0.192936	0.198524
1590	0.180281	0.199182	0.200168
1591	0.183732	0.199346	0.202962
1592	0.185212	0.198689	0.196881
1593	0.179952	0.201647	0.197374
1594	0.186691	0.198689	0.199018
1595	0.185212	0.201154	0.196059
1596	0.183404	0.198524	0.198689
1597	0.185047	0.195895	0.200332
1598	0.188663	0.192443	0.198853
1599	0.187348	0.158093	0.19836
1600	0.188334	0.160065	0.201483
1601	0.18932	0.087912	0.200332
1602	0.186855	0.005405	0.203948
1603	0.18932	0.009514	0.199511
1604	0.188827	0.00031	0.201647
1605	0.187513	0.000146	0.200661
1606	0.187513	-0.000347	0.19573
1607	0.186855	-0.000183	0.204277
1608	0.187513	-1.9e-05	0.195237
1609	0.190635	0.000474	0.194744
1610	0.188992	-0.000676	0.193922
1611	0.191786	0.005898	0.196388
1612	0.189156	0.01576	0.194744
1613	0.192608	0.020855	0.201319
1614	0.192279	0.028251	0.198031
1615	0.192115	0.035154	0.198689
1616	0.191293	0.041235	0.199675
1617	0.193922	0.048302	0.201812
1618	0.191621	0.057013	0.205921
1619	0.193758	0.031373	0.20099
1620	0.194744	0.039098	0.199018
1621	0.191293	0.039263	0.197867
1622	0.193265	0.045672	0.200332
1623	0.191457	0.009514	0.194744
1624	0.194251	0.002775	0.200168
1625	0.190471	0.012472	0.197538
1626	0.193429	0.020526	0.198689
1627	0.191621	0.002447	0.19836
1628	0.192608	0.002447	0.200332
1629	0.192936	0.005241	0.196552
1630	0.191621	0.00146	0.199511
1631	0.193429	0.006391	0.198196
1632	0.193922	0.014609	0.199511
1633	0.193429	0.019704	0.19721
1634	0.192279	0.023484	0.200825
1635	0.195895	0.034332	0.199018
1636	0.194416	0.03992	0.200004
1637	0.195073	0.03992	0.200168
1638	0.197867	0.044358	0.197538
1639	0.19573	-0.001334	0.199675
1640	0.191293	-0.000512	0.184883
1641	0.194416	-0.000676	0.200825
1642	0.19458	-0.000183	0.199018
1643	0.192936	-0.000183	0.201154
1644	0.192608	-0.000183	0.198524
1645	0.195073	0.001625	0.200004
1646	0.196059	0.008692	0.197045
1647	0.195073	0.015595	0.19836
1648	0.194744	0.014773	0.199182
1649	0.19573	0.000146	0.198853
1650	0.193265	0.000639	0.20099
1651	0.194416	-0.000512	0.18932
1652	0.194251	-0.000183	0.197045
1653	0.19195	-0.000347	0.195073
1654	0.193265	-0.000347	0.201154
1655	0.192772	-0.000183	0.199675
1656	0.195895	-1.9e-05	0.199675
1657	0.192279	0.00031	0.19836
1658	0.192936	0.000967	0.19836
1659	0.194416	0.005076	0.198196
1660	0.196881	0.003761	0.197538
1661	0.19458	0.014938	0.196552
1662	0.196388	-0.000183	0.19573
1663	0.196717	0.003104	0.193101
1664	0.196059	-0.000512	0.197374
1665	0.196717	0.01313	0.197374
1666	0.195073	0.016746	0.200004
1667	0.200332	0.028579	0.199182
1668	0.197867	0.031867	0.197703
1669	0.198524	0.037948	0.198689
1670	0.195566	0.045672	0.199346
1671	0.19836	0.052904	0.197703
1672	0.197703	0.059643	0.198524
1673	0.198853	0.063259	0.202962
1674	0.193758	0.068518	0.19721
1675	0.195237	0.068025	0.201647
1676	0.197703	0.081009	0.197374
1677	0.19721	0.082324	0.200168
1678	0.19836	0.08594	0.199018
1679	0.196552	0.089885	0.199839
1680	0.194744	0.097938	0.197703
1681	0.198031	0.101718	0.199182
1682	0.197703	0.106978	0.193922
1683	0.195566	0.107471	0.196388
1684	0.198853	0.111908	0.199182
1685	0.197045	0.117003	0.197045
1686	0.197045	0.120291	0.200661
1687	0.195402	0.125221	0.196881
1688	0.198031	0.128344	0.197374
1689	0.198524	0.127358	0.19836
1690	0.201319	0.130809	0.20214
1691	0.197045	0.133932	0.196717
1692	0.200004	0.136398	0.201812
1693	0.199839	0.141164	0.199346
1694	0.199182	0.142972	0.20099
1695	0.198196	0.145437	0.196552
1696	0.198031	0.144615	0.194087
1697	0.19836	0.15119	0.195895
1698	0.196059	0.151847	0.199346
1699	0.199675	0.155134	0.199346
1700	0.198031	0.155956	0.19836
1701	0.202469	0.156613	0.199675
1702	0.196388	0.159572	0.195402
1703	0.197867	0.160722	0.199839
1704	0.196388	0.161051	0.198853
1705	0.199018	0.16138	0.198689
1706	0.193429	0.165489	0.195566
1707	0.19836	0.164174	0.198853
1708	0.195073	0.170419	0.197374
1709	0.197374	0.164503	0.195073
1710	0.200825	0.171406	0.200497
1711	0.19721	0.170091	0.199675
1712	0.20099	0.170584	0.197867
1713	0.197045	0.173378	0.196552
1714	0.201647	0.17535	0.199839
1715	0.196717	0.176172	0.199346
1716	0.199839	0.178144	0.200332
1717	0.19573	0.179952	0.204441
1718	0.197538	0.179623	0.200004
1719	0.196552	0.179623	0.199675
1720	0.19721	0.17913	0.199511
1721	0.19836	0.176994	0.198689
1722	0.199675	0.181431	0.199182
1723	0.196388	0.180445	0.197538
1724	0.197538	0.182582	0.202962
1725	0.200332	0.184718	0.202633
1726	0.199182	0.180774	0.200004
1727	0.200168	0.186033	0.200168
1728	0.196223	0.183568	0.199018
1729	0.198689	0.000803	0.201647
1730	0.197538	0.0105	0.198853
1731	0.204606	0.019704	0.199346
1732	0.199018	0.027758	0.198689
1733	0.200332	0.034989	0.199346
1734	0.196717	0.040249	0.197374
1735	0.199182	0.046659	0.198524
1736	0.19573	0.057177	0.197538
1737	0.195402	0.06293	0.20099
1738	0.197045	0.069997	0.197374
1739	0.195237	0.071312	0.199839
1740	0.197538	0.078544	0.200168
1741	0.199182	0.081995	0.199346
1742	0.199018	0.091035	0.199675
1743	0.198524	0.092514	0.199675
1744	0.201812	0.094815	0.199018
1745	0.196552	0.097445	0.201812
1746	0.199346	0.104841	0.196552
1747	0.200004	0.108621	0.192772
1748	0.199839	0.114702	0.198853
1749	0.196059	0.119304	0.196717
1750	0.194416	0.118811	0.196059
1751	0.195895	0.122756	0.202305
1752	0.196388	0.128837	0.198853
1753	0.192279	0.134425	0.195073
1754	0.195073	0.129659	0.197374
1755	0.19573	0.137712	0.196881
1756	0.19458	0.136891	0.199511
1757	0.202305	0.140835	0.197703
1758	0.202798	0.143301	0.196717
1759	0.199675	0.143958	0.19836
1760	0.199018	0.144615	0.199346
1761	0.199511	0.153326	0.196552
1762	0.193758	0.150532	0.200168
1763	0.201483	0.15612	0.199839
1764	0.199182	0.15497	0.19721
1765	0.19573	0.156942	0.197538
1766	0.196717	0.158093	0.203784
1767	0.197374	0.161709	0.201647
1768	0.197045	0.165982	0.195073
1769	0.197703	0.166146	0.197374
1770	0.199346	0.169598	0.197703
1771	0.196881	0.166475	0.198853
1772	0.196552	0.166311	0.198196
1773	0.199839	0.169762	0.200661
1774	0.198524	0.17272	0.199018
1775	0.199675	0.170913	0.199182
1776	0.198853	0.172227	0.200497
1777	0.198524	0.174528	0.200332
1778	0.198196	0.177651	0.198853
1779	0.197703	0.177487	0.199675
1780	0.200332	0.179459	0.199346
1781	0.198031	0.181267	0.198031
1782	0.197374	0.184718	0.201483
1783	0.193265	0.181431	0.198524
1784	0.195402	0.183404	0.199182
1785	0.193594	0.185869	0.195566
1786	0.195073	0.186033	0.199018
1787	0.195402	0.182253	0.197703
1788	0.194909	0.182582	0.200825
1789	0.197045	0.187184	0.198031
1790	0.196881	0.186691	0.198853
1791	0.198689	0.188827	0.199675
1792	0.197045	0.192279	0.199018
1793	0.203126	0.18817	0.200497
1794	0.197045	0.191621	0.199346
1795	0.198196	0.189156	0.198853
1796	0.198196	0.189814	0.201319
1797	0.195402	0.185705	0.204113
1798	0.195895	0.191786	0.197867
1799	0.199346	0.188499	0.200004
1800	0.195895	0.19458	0.199839
1801	0.194416	0.191293	0.198524
1802	0.19721	0.193594	0.197374
1803	0.192608	0.195073	0.200332
1804	0.197374	0.195237	0.199018
1805	0.194909	0.193758	0.197538
1806	0.195566	0.194744	0.199839
1807	0.197374	0.195566	0.19458
1808	0.201812	0.195402	0.198524
1809	0.199018	0.195073	0.195895
1810	0.199346	0.192443	0.198524
1811	0.198031	0.195402	0.196388
1812	0.20099	0.19458	0.198031
1813	0.197703	0.194416	0.199675
1814	0.201154	0.192936	0.199018
1815	0.198196	0.195073	0.201647
1816	0.195566	0.194251	0.19836
1817	0.199182	0.201647	0.201976
1818	0.196881	0.193758	0.199675
1819	0.199018	0.198031	0.201812
1820	0.197374	0.195237	0.193594
1821	0.200004	0.194416	0.199018
1822	0.194087	0.194416	0.203126
1823	0.20099	0.197538	0.196717
1824	0.203784	0.193758	0.200332
1825	0.200661	0.19573	0.199675
1826	0.199346	0.192115	0.197045
1827	0.197374	0.196881	0.201976
1828	0.197703	0.196223	0.198853
1829	0.19836	0.195237	0.199346
1830	0.199018	0.199839	0.198031
1831	0.199675	0.193101	0.198853
1832	0.196223	0.196059	0.197538
1833	0.20099	0.195237	0.199839
1834	0.202633	0.195566	0.199182
1835	0.199839	0.194909	0.201483
1836	0.200497	0.195895	0.199511
1837	0.133932	0.195073	0.198689
1838	0.128015	0.197703	0.199675
1839	0.133439	0.195566	0.199675
1840	0.135411	0.197867	0.201319
1841	0.135904	0.196223	0.199511
1842	0.141328	0.196717	0.200004
1843	0.141986	0.196717	0.197045
1844	0.145766	0.194744	0.202305
1845	0.147574	0.196223	0.198196
1846	0.150861	0.196059	0.194087
1847	0.153655	0.20099	0.199839
1848	0.161873	0.200661	0.202305
1849	0.1576	0.197867	0.200332
1850	0.161873	0.19458	0.200004
1851	0.161051	0.197374	0.200497
1852	0.162202	0.195402	0.200332
1853	0.162695	0.193265	0.200332
1854	0.162037	0.196223	0.198689
1855	0.166968	0.195073	0.199675
1856	0.166146	0.19458	0.195895
1857	0.165489	0.192936	0.19836
1858	0.169762	0.196059	0.197867
1859	0.170913	0.191786	0.197867
1860	0.170748	0.19721	0.195402
1861	0.174035	0.19721	0.198853
1862	0.176008	0.194909	0.197867
1863	0.176008	0.197867	0.196552
1864	0.176829	0.192115	0.200004
1865	0.17913	0.194744	0.198031
1866	0.17913	0.194744	0.196552
1867	0.181431	0.195566	0.201647
1868	0.182582	0.196223	0.199839
1869	0.180774	0.195402	0.195566
1870	0.170913	0.194087	0.201812
1871	0.181924	0.195566	0.19721
1872	0.183732	0.193265	0.200004
1873	0.185705	0.195566	0.19836
1874	0.188334	0.198524	0.20214
1875	0.18439	0.194744	0.195402
1876	0.183404	0.197538	0.196881
1877	0.186526	0.196717	0.198196
1878	0.186198	0.196717	0.198524
1879	0.187513	0.196059	0.198853
1880	0.18554	0.196717	0.198689
1881	0.181431	0.19573	0.199346
1882	0.187513	0.195402	0.198524
1883	0.196059	0.196881	0.201154
1884	0.190471	0.19573	0.19836
1885	0.192443	0.20214	0.199018
1886	0.18932	0.194251	0.199182
1887	0.192443	0.19573	0.201812
1888	0.190471	0.195402	0.198031
1889	0.192772	0.194416	0.198689
1890	0.191128	0.196881	0.200332
1891	0.191786	0.195073	0.200168
1892	0.189485	0.194909	0.200004
1893	0.191457	0.196881	0.197867
1894	0.191457	0.197045	0.196223
1895	0.19195	0.194744	0.197867
1896	0.192115	0.206414	0.197703
1897	0.193101	0.190142	0.196223
1898	0.194087	0.190964	0.195073
1899	0.195237	0.19458	0.200004
1900	0.198853	0.195073	0.197703
1901	0.194744	0.193922	0.199839
1902	0.198196	0.195566	0.20099
1903	0.193429	0.197538	0.199018
1904	0.191786	0.193265	0.200332
1905	0.196223	0.196059	0.197703
1906	0.196388	0.196059	0.199839
1907	0.194744	0.193922	0.195895
1908	0.196881	0.191786	0.19836
1909	0.197703	0.194416	0.196717
1910	0.195566	0.195895	0.193265
1911	0.198689	0.193922	0.190142
1912	0.195566	0.195402	0.195402
1913	0.196388	0.197045	0.192279
1914	0.196552	0.195402	0.190635
1915	0.197045	0.198689	0.196223
1916	0.195566	0.198031	0.19721
1917	0.197538	0.195237	0.197538
1918	0.198031	0.186855	0.193594
1919	0.199675	0.195073	0.198689
1920	0.196059	0.193429	0.193594
1921	0.200168	0.195237	0.19573
1922	0.19836	0.196552	0.192443
1923	0.199839	0.192443	0.194744
1924	0.204441	0.196388	0.193265
1925	0.198524	0.191621	0.192772
1926	0.198524	0.190471	0.189978
1927	0.197374	0.190964	0.194251
1928	0.196552	0.198031	0.192772
1929	0.199182	0.185869	0.190307
1930	0.200004	0.195237	0.188827
1931	0.197867	0.196059	0.193594
1932	0.19721	0.196388	0.191128
1933	0.19721	0.196552	0.192608
1934	0.19573	0.195237	0.19458
1935	0.195073	0.196223	0.193265
1936	0.198196	0.194416	0.195073
1937	0.193758	0.196717	0.192936
1938	0.199018	0.195402	0.19836
1939	0.197867	0.19573	0.192115
1940	0.199182	0.193758	0.195237
1941	0.197867	0.19458	0.193922
1942	0.196717	0.195073	0.195895
1943	0.198031	0.193758	0.196717
1944	0.196881	0.196223	0.19573
1945	0.197867	0.19458	0.193429
1946	0.197703	0.193101	0.194416
1947	0.19836	0.199018	0.195895
1948	0.191128	0.200661	0.192608
1949	0.197703	0.196223	0.195073
1950	0.19836	0.198853	0.192115
1951	0.195073	0.195895	0.196552
1952	0.193594	0.196059	0.195402
1953	0.196717	0.19458	0.196881
1954	0.195402	0.195895	0.197374
1955	0.198524	0.197538	0.19721
1956	0.19721	0.193594	0.197867
1957	0.199346	0.195073	0.197867
1958	0.201319	0.199511	0.194416
1959	0.198689	0.192443	0.197703
1960	0.198031	0.197867	0.196388
1961	0.196717	0.196552	0.192772
1962	0.197374	0.19721	0.193758
1963	0.195237	0.196059	0.197374
1964	0.197538	0.199511	0.197374
1965	0.194909	0.198853	0.199511
1966	0.198853	0.19836	0.198689
1967	0.197538	0.198524	0.196717
1968	0.194909	0.196388	0.20099
1969	0.198196	0.199182	0.195895
1970	0.198031	0.199346	0.194744
1971	0.197374	0.196059	0.195402
1972	0.19721	0.196388	0.197538
1973	0.198524	0.19573	0.197703
1974	0.202469	0.194416	0.19836
1975	0.200004	0.199675	0.197867
1976	0.195566	0.196059	0.194909
1977	0.199675	0.197703	0.200825
1978	0.196388	0.194251	0.199018
1979	0.199675	0.19721	0.201319
1980	0.197867	0.198689	0.198031
1981	0.200497	0.19836	0.19836
1982	0.194416	0.199511	0.199182
1983	0.19573	0.199511	0.199675
1984	0.191293	0.199511	0.195073
1985	0.192936	0.197045	0.201647
1986	0.193429	0.199346	0.195237
1987	0.196388	0.197703	0.196881
1988	0.195237	0.19836	0.19836
1989	0.198031	0.197867	0.202469
1990	0.196717	0.200168	0.193594
1991	0.19721	0.195566	0.199675
1992	0.202305	0.196881	0.198689
1993	0.19573	0.197703	0.200004
1994	0.199675	0.197045	0.203126
1995	0.196881	0.199839	0.201154
1996	0.20362	0.200332	0.200168
1997	0.197374	0.199346	0.200661
1998	0.194744	0.196717	0.201319
1999	0.198031	0.19721	0.202469
2000	0.199018	0.199511	0.201483
2001	0.194251	0.198524	0.198524
2002	0.193265	0.197703	0.200497
2003	0.197538	0.200661	0.195402
2004	0.195566	0.198524	0.199675
2005	0.195895	0.200004	0.197703
2006	0.196059	0.198524	0.193101
2007	0.200825	0.19836	0.195895
2008	0.197374	0.198031	0.197867
2009	0.19721	0.19836	0.197538
2010	0.197703	0.197374	0.19836
2011	0.199182	0.197045	0.203455
2012	0.198031	0.199346	0.198689
2013	0.19836	0.196223	0.199839
2014	0.20099	0.20214	0.198524
2015	0.196552	0.196223	0.196881
2016	0.199675	0.199182	0.19573
2017	0.197374	0.198031	0.198031
2018	0.194251	0.201483	0.19573
2019	0.197045	0.19836	0.19573
2020	0.196881	0.200004	0.196388
2021	0.193758	0.195566	0.201483
2022	0.198524	0.19836	0.199346
2023	0.197045	0.198689	0.19836
2024	0.196059	0.193429	0.199839
2025	0.20099	0.195566	0.199675
2026	0.198196	0.19836	0.19721
2027	0.197867	0.199675	0.201647
2028	0.198524	0.201483	0.196881
2029	0.197538	0.203126	0.19836
2030	0.199675	0.197538	0.200332
2031	0.196223	0.197703	0.198524
2032	0.197045	0.198031	0.200497
2033	0.198031	0.199839	0.19836
2034	0.195566	0.197703	0.202633
2035	0.195895	0.200661	0.196881
2036	0.197703	0.199675	0.198524
2037	0.198524	0.20099	0.200825
2038	0.193594	0.200168	0.195402
2039	0.197867	0.199675	0.197374
2040	0.193922	0.202633	0.196717
2041	0.197703	0.198196	0.201154
2042	0.194251	0.200661	0.195073
2043	0.198689	0.198524	0.195566
2044	0.198031	0.199675	0.195073
2045	0.194744	0.200168	0.202305
2046	0.199839	0.195566	0.195402
2047	0.200661	0.197538	0.20099
2048	0.199182	0.204441	0.20099
2049	0.19721	0.198031	0.201319
2050	0.197374	0.200497	0.200004
2051	0.200661	0.201483	0.198031
2052	0.195402	0.199675	0.201319
2053	0.192608	0.199346	0.197867
2054	0.200332	0.200825	0.197045
2055	0.193922	0.19836	0.195073
2056	0.196552	0.198031	0.195566
2057	0.192279	0.197867	0.194251
2058	0.193758	0.199346	0.197703
2059	0.194416	0.198689	0.197045
2060	0.198524	0.198689	0.195895
2061	0.19721	0.199346	0.197045
2062	0.199018	0.201154	0.200004
2063	0.198196	0.201154	0.198524
2064	0.197867	0.196388	0.199511
2065	0.200497	0.197538	0.197045
2066	0.19721	0.197867	0.200332
2067	0.199839	0.199182	0.199182
2068	0.198031	0.198689	0.200004
2069	0.200332	0.197703	0.200004
2070	0.196717	0.201154	0.201812
2071	0.198689	0.196223	0.198196
2072	0.197867	0.197703	0.19721
2073	0.196881	0.200497	0.198689
2074	0.193758	0.202469	0.196223
2075	0.199018	0.199511	0.200332
2076	0.19836	0.198031	0.197538
2077	0.198196	0.198524	0.19836
2078	0.200497	0.199839	0.199346
2079	0.202469	0.201812	0.200661
2080	0.199018	0.201154	0.19836
2081	0.197703	0.195402	0.204113
2082	0.200004	0.201647	0.199018
2083	0.197374	0.197045	0.201812
2084	0.198853	0.199182	0.200825
2085	0.199182	0.195402	0.199182
2086	0.196059	0.19721	0.197703
2087	0.192936	0.198031	0.198689
2088	0.191621	0.198524	0.195073
2089	0.191621	0.199182	0.19836
2090	0.191293	0.198524	0.197703
2091	0.188006	0.201483	0.197867
2092	0.186033	0.198689	0.202469
2093	0.191786	0.200825	0.199018
2094	0.188663	0.197374	0.19573
2095	0.190635	0.193758	0.200004
2096	0.191621	0.19721	0.198853
2097	0.18817	0.198689	0.199182
2098	0.192279	0.196059	0.199182
2099	0.192279	0.197374	0.196388
2100	0.189814	0.193101	0.199346
2101	0.191786	0.194416	0.20214
2102	0.191621	0.199346	0.196059
2103	0.190142	0.197538	0.201319
2104	0.18554	0.199511	0.197538
2105	0.192279	0.199675	0.197538
2106	0.188006	0.200004	0.196717
2107	0.187841	0.195566	0.196881
2108	0.182089	0.201647	0.196059
2109	0.195073	0.19721	0.199511
2110	0.193594	0.200332	0.194744
2111	0.193101	0.198196	0.196552
2112	0.196223	0.199675	0.198524
2113	0.192608	0.201483	0.197703
2114	0.194416	0.197867	0.203291
2115	0.193429	0.196552	0.202469
2116	0.197045	0.197867	0.201319
2117	0.195237	0.19836	0.200661
2118	0.197045	0.197045	0.201647
2119	0.19458	0.197374	0.199182
2120	0.198689	0.197538	0.197867
2121	0.196388	0.198689	0.195073
2122	0.19721	0.196059	0.200332
2123	0.19721	0.193265	0.198689
2124	0.196059	0.201812	0.199675
2125	0.192279	0.200661	0.203291
2126	0.189156	0.197045	0.198689
2127	0.198524	0.198031	0.198524
2128	0.19721	0.195402	0.198524
2129	0.199018	0.199511	0.199182
2130	0.19721	0.199675	0.199018
2131	0.199346	0.196881	0.200004
2132	0.198853	0.197703	0.199182
2133	0.199018	0.19836	0.200332
2134	0.198031	0.196717	0.199182
2135	0.199346	0.19836	0.202305
2136	0.199839	0.200661	0.203291
2137	0.19458	0.197374	0.198853
2138	0.196552	0.199182	0.198196
2139	0.196717	0.197045	0.199839
2140	0.196717	0.199511	0.200825
2141	0.199675	0.199839	0.195566
2142	0.199675	0.199018	0.194909
2143	0.197867	0.199675	0.198689
2144	0.197374	0.199675	0.197538
2145	0.194416	0.196717	0.198853
2146	0.198689	0.201647	0.199346
2147	0.197374	0.201812	0.188992
2148	0.196881	0.200004	0.196059
2149	0.199018	0.198524	0.19573
2150	0.196717	0.203126	0.197374
2151	0.194416	0.20099	0.196552
2152	0.201319	0.198524	0.200661
2153	0.200004	0.200004	0.196717
2154	0.199511	0.19721	0.200661
2155	0.197703	0.200168	0.197374
2156	0.196717	0.194744	0.206742
2157	0.201154	0.199675	0.200168
2158	0.199018	0.199182	0.186362
2159	0.19836	0.199675	0.200168
2160	0.196223	0.199675	0.195402
2161	0.199018	0.201647	0.195237
2162	0.196388	0.198524	0.19721
2163	0.20099	0.199346	0.19721
2164	0.198031	0.19721	0.199018
2165	0.200661	0.198524	0.203126
2166	0.197703	0.199675	0.199018
2167	0.197703	0.19573	0.200332
2168	0.200825	0.199018	0.197703
2169	0.199346	0.197703	0.197045
2170	0.199839	0.198689	0.198031
2171	0.19836	0.196881	0.201319
2172	0.19836	0.201154	0.205592
2173	0.197045	0.195237	0.200332
2174	0.205263	0.194744	0.200825
2175	0.200168	0.196881	0.200332
2176	0.197703	0.196388	0.200004
2177	0.198031	0.199675	0.202305
2178	0.196223	0.199018	0.200004
2179	0.19458	0.192772	0.198853
2180	0.196552	0.199511	0.200004
2181	0.194416	0.200332	0.19573
2182	0.199018	0.198689	0.200661
2183	0.19573	0.199839	0.197867
2184	0.196881	0.196717	0.200168
2185	0.200497	0.199675	0.198196
2186	0.199675	0.194251	0.199675
2187	0.195073	0.199018	0.200168
2188	0.192936	0.196717	0.201154
2189	0.195073	0.199182	0.198031
2190	0.194416	0.199018	0.202469
2191	0.196881	0.19836	0.200661
2192	0.197374	0.199018	0.194416
2193	0.194909	0.198689	0.19836
2194	0.193922	0.200168	0.197538
2195	0.195895	0.201319	0.197538
2196	0.196059	0.201154	0.19721
2197	0.200661	0.199675	0.199182
2198	0.19458	0.199346	0.193594
2199	0.197045	0.19721	0.195073
2200	0.195566	0.203291	0.196223
2201	0.196059	0.200825	0.197538
2202	0.196552	0.199018	0.198689
2203	0.195402	0.198524	0.197045
2204	0.19458	0.198196	0.19836
2205	0.197374	0.197045	0.199182
2206	0.20099	0.19721	0.197374
2207	0.198853	0.196881	0.200497
2208	0.200497	0.196388	0.198853
2209	0.197374	0.197538	0.195895
2210	0.197703	0.197703	0.201154
2211	0.196717	0.201154	0.19836
2212	0.199511	0.200497	0.200497
2213	0.194251	0.200332	0.196388
2214	0.197538	0.19836	0.202962
2215	0.19458	0.203455	0.194416
2216	0.194416	0.19836	0.196223
2217	0.195895	0.200825	0.198853
2218	0.196552	0.199018	0.196552
2219	0.197538	0.198196	0.199182
2220	0.196223	0.199018	0.199346
2221	0.196388	0.194087	0.203126
2222	0.200661	0.198853	0.200168
2223	0.200004	0.201319	0.195566
2224	0.189649	0.196388	0.198853
2225	0.205099	0.19836	0.201647
2226	0.198853	0.199346	0.196717
2227	0.194416	0.196717	0.199839
2228	0.197703	0.203291	0.198689
2229	0.197703	0.196717	0.199839
2230	0.194744	0.198031	0.197538
2231	0.19573	0.197867	0.198196
2232	0.196388	0.199018	0.197703
2233	0.195073	0.202633	0.199018
2234	0.195566	0.204934	0.199182
2235	0.194087	0.198853	0.197374
2236	0.19573	0.200332	0.201647
2237	0.192772	0.199511	0.197703
2238	0.191786	0.199839	0.199182
2239	0.197867	0.198031	0.200825
2240	0.197538	0.199346	0.201647
2241	0.193758	0.195566	0.200497
2242	0.198524	0.196717	0.199839
2243	0.201154	0.199182	0.200332
2244	0.197538	0.201812	0.199511
2245	0.199018	0.206907	0.199346
2246	0.196059	0.198689	0.199511
2247	0.195895	0.200825	0.199675
2248	0.195237	0.200168	0.19836
2249	0.196388	0.202305	0.198689
2250	0.196388	0.199018	0.19573
2251	0.194909	0.198196	0.19721
2252	0.189814	0.193922	0.19573
2253	0.196223	0.200332	0.196552
2254	0.196552	0.197374	0.196717
2255	0.19458	0.201319	0.200332
2256	0.192936	0.200004	0.196881
2257	0.194087	0.197045	0.19836
2258	0.194416	0.197867	0.199182
2259	0.197703	0.197703	0.198853
2260	0.198524	0.199346	0.196881
2261	0.198689	0.196717	0.202962
2262	0.198196	0.200004	0.19573
2263	0.191786	0.196059	0.199839
2264	0.198524	0.196223	0.199346
2265	0.197374	0.197045	0.196223
2266	0.196881	0.200825	0.197045
2267	0.197867	0.200332	0.199675
2268	0.195895	0.201976	0.196717
2269	0.195073	0.199675	0.199675
2270	0.198031	0.199675	0.200332
2271	0.19458	0.196223	0.195402
2272	0.197867	0.194416	0.197374
2273	0.197374	0.19721	0.19195
2274	0.193265	0.195073	0.199182
2275	0.192608	0.194087	0.196388
2276	0.199346	0.196552	0.197867
2277	0.196717	0.198524	0.199018
2278	0.199675	0.198031	0.201154
2279	0.198031	0.200497	0.19836
2280	0.200332	0.19721	0.202305
2281	0.198524	0.19836	0.199018
2282	0.19573	0.198031	0.198031
2283	0.196223	0.19836	0.197703
2284	0.196717	0.19836	0.198689
2285	0.195566	0.199675	0.19836
2286	0.19573	0.199182	0.19836
2287	0.19836	0.199675	0.200661
2288	0.195237	0.201976	0.196552
2289	0.201976	0.194909	0.19836
2290	0.196552	0.20099	0.199346
2291	0.19721	0.199839	0.200332
2292	0.199839	0.20099	0.198031
2293	0.198196	0.199839	0.199182
2294	0.199675	0.201647	0.199346
2295	0.197867	0.199182	0.199182
2296	0.200004	0.200168	0.199346
2297	0.197867	0.199346	0.199018
2298	0.197867	0.201154	0.199018
2299	0.199839	0.197867	0.201319
2300	0.20477	0.197538	0.198524
2301	0.19573	0.198524	0.199018
2302	0.197045	0.203126	0.198031
2303	0.19458	0.201647	0.196881
2304	0.19836	0.203291	0.199182
2305	0.19458	0.200168	0.196059
2306	0.195073	0.199511	0.197538
2307	0.19721	0.200825	0.196223
2308	0.197867	0.197374	0.196552
2309	0.199839	0.200825	0.197867
2310	0.199675	0.200661	0.197045
2311	0.201319	0.194251	0.197703
2312	0.197374	0.19836	0.200661
2313	0.199018	0.200332	0.202305
2314	0.197867	0.196717	0.198689
2315	0.198196	0.199839	0.197538
2316	0.199182	0.196881	0.195566
2317	0.200004	0.198031	0.200004
2318	0.198689	0.199839	0.198689
2319	0.199182	0.198689	0.197703
2320	0.197374	0.200332	0.199839
2321	0.19836	0.197045	0.199018
2322	0.186855	0.195402	0.198031
2323	0.19458	0.196717	0.20099
2324	0.196552	0.199182	0.201483
2325	0.20099	0.196717	0.200168
2326	0.201154	0.199346	0.198853
2327	0.199018	0.196552	0.197374
2328	0.199182	0.201319	0.200661
2329	0.199182	0.199675	0.198853
2330	0.200168	0.201647	0.201647
2331	0.199675	0.197374	0.199839
2332	0.201319	0.198196	0.19721
2333	0.187513	0.196059	0.20099
2334	0.201647	0.199018	0.200661
2335	0.196223	0.201319	0.197867
2336	0.197374	0.195895	0.199839
2337	0.196881	0.206578	0.197703
2338	0.198853	0.197703	0.198853
2339	0.196223	0.198853	0.194087
2340	0.203126	0.199675	0.197045
2341	0.200825	0.200332	0.194909
2342	0.197045	0.19836	0.19721
2343	0.199018	0.203291	0.199018
2344	0.193922	0.198031	0.196717
2345	0.197703	0.201812	0.200332
2346	0.196552	0.198524	0.198524
2347	0.200168	0.199346	0.199511
2348	0.200168	0.203291	0.198196
2349	0.200332	0.195402	0.198524
2350	0.198031	0.197538	0.196717
2351	0.198689	0.19721	0.199182
2352	0.198689	0.202305	0.196552
2353	0.196388	0.200825	0.201647
2354	0.195402	0.201812	0.200332
2355	0.197538	0.195402	0.198689
2356	0.197045	0.198853	0.196388
2357	0.194251	0.197703	0.198196
2358	0.198031	0.200168	0.196059
2359	0.193265	0.193265	0.194909
2360	0.199675	0.197374	0.196388
2361	0.197538	0.198524	0.197538
2362	0.198031	0.200332	0.200332
2363	0.199018	0.19836	0.199182
2364	0.20099	0.197703	0.202798
2365	0.198853	0.196881	0.196717
2366	0.20099	0.196388	0.200497
2367	0.199018	0.202469	0.196717
2368	0.198689	0.195566	0.201154
2369	0.198524	0.201319	0.200332
2370	0.197045	0.189814	0.200168
2371	0.199018	0.195566	0.198689
2372	0.197703	0.197374	0.199018
2373	0.197703	0.199182	0.197703
2374	0.200332	0.196717	0.200332
2375	0.197867	0.199182	0.197045
2376	0.195895	0.19836	0.194909
2377	0.202305	0.199675	0.199675
2378	0.198031	0.203126	0.196388
2379	0.199182	0.202798	0.200825
2380	0.200332	0.200332	0.197867
2381	0.199675	0.192115	0.198524
2382	0.200004	0.196552	0.198853
2383	0.201483	0.197703	0.200661
2384	0.198031	0.199182	0.19836
2385	0.196223	0.197045	0.195566
2386	0.200661	0.197374	0.20214
2387	0.200497	0.200168	0.201483
2388	0.197703	0.199018	0.200661
2389	0.201319	0.199346	0.198689
2390	0.196059	0.200497	0.196059
2391	0.194251	0.198196	0.198196
2392	0.203784	0.201319	0.196059
2393	0.197867	0.194744	0.196552
2394	0.201976	0.200661	0.199675
2395	0.198853	0.204934	0.19836
2396	0.201976	0.199346	0.197374
2397	0.199018	0.200004	0.200825
2398	0.199346	0.19836	0.198524
2399	0.200168	0.199675	0.193594
2400	0.19836	0.198031	0.199839
2401	0.196059	0.199511	0.200004
2402	0.197374	0.197045	0.198689
2403	0.199839	0.198524	0.194744
2404	0.19573	0.188663	0.200661
2405	0.200497	0.196717	0.201483
2406	0.193101	0.198524	0.196388
2407	0.201154	0.196388	0.197045
2408	0.198196	0.19836	0.197867
2409	0.199839	0.199346	0.198853
2410	0.199182	0.202305	0.195402
2411	0.200168	0.198524	0.196881
2412	0.197045	0.201154	0.199018
2413	0.196552	0.197867	0.199182
2414	0.199018	0.201319	0.199346
2415	0.199839	0.196552	0.200497
2416	0.19836	0.200497	0.198689
2417	0.198853	0.19573	0.200661
2418	0.199675	0.197374	0.196717
2419	0.199511	0.194744	0.201154
2420	0.200825	0.199018	0.200168
2421	0.198689	0.19721	0.200004
2422	0.205099	0.198524	0.199675
2423	0.197703	0.196388	0.19458
2424	0.198196	0.19721	0.199346
2425	0.199511	0.198031	0.196223
2426	0.198196	0.198031	0.19573
2427	0.197538	0.197867	0.195566
2428	0.198524	0.200661	0.195895
2429	0.199511	0.200332	0.19458
2430	0.197045	0.19836	0.199675
2431	0.193594	0.200497	0.19721
2432	0.197703	0.198689	0.197867
2433	0.200661	0.202633	0.198031
2434	0.197045	0.198853	0.198031
2435	0.196717	0.198524	0.196388
2436	0.199018	0.199346	0.196717
2437	0.197867	0.20214	0.203948
2438	0.19721	0.197703	0.197703
2439	0.199675	0.19721	0.199839
2440	0.197867	0.198689	0.19458
2441	0.200332	0.197045	0.196717
2442	0.198689	0.201154	0.19836
2443	0.200825	0.198031	0.199182
2444	0.199839	0.200004	0.197374
2445	0.199018	0.202962	0.204441
2446	0.19573	0.20214	0.192608
2447	0.199346	0.199511	0.198031
2448	0.198524	0.204934	0.195895
2449	0.197374	0.19836	0.197374
2450	0.198031	0.203126	0.198196
2451	0.189814	0.197538	0.196552
2452	0.193922	0.20214	0.200825
2453	0.199511	0.197045	0.199675
2454	0.19836	0.19573	0.198524
2455	0.193594	0.198689	0.195237
2456	0.197538	0.198031	0.201812
2457	0.198689	0.197867	0.195402
2458	0.199346	0.198853	0.19721
2459	0.203126	0.201976	0.194416
2460	0.200332	0.198689	0.200497
2461	0.198853	0.199018	0.196881
2462	0.202633	0.198853	0.20099
2463	0.197374	0.201319	0.198031
2464	0.19721	0.198031	0.200661
2465	0.198689	0.202305	0.202469
2466	0.196717	0.203784	0.199182
2467	0.198853	0.202633	0.199182
2468	0.197045	0.199182	0.198196
2469	0.199346	0.197374	0.200497
2470	0.198196	0.199511	0.197867
2471	0.200004	0.195073	0.198689
2472	0.19721	0.197538	0.198853
2473	0.201812	0.196223	0.20099
2474	0.19836	0.196388	0.199511
2475	0.200332	0.196059	0.198196
2476	0.199839	0.199018	0.196552
2477	0.199018	0.199018	0.20099
2478	0.197867	0.201647	0.199675
2479	0.197703	0.197703	0.195402
2480	0.195895	0.200661	0.198031
2481	0.193265	0.198853	0.197703
2482	0.198031	0.200661	0.196059
2483	0.195402	0.200661	0.199182
2484	0.199346	0.201154	0.199182
2485	0.196717	0.200332	0.19836
2486	0.19721	0.199018	0.199182
2487	0.19836	0.198031	0.201483
2488	0.199675	0.199182	0.199346
2489	0.196881	0.197867	0.200168
2490	0.200497	0.19836	0.19836
2491	0.198196	0.199182	0.197867
2492	0.199182	0.197703	0.202469
2493	0.199511	0.197867	0.198524
2494	0.197867	0.19195	0.198524
2495	0.200497	0.196388	0.201319
2496	0.197703	0.194251	0.200004
2497	0.197703	0.195402	0.198031
2498	0.196388	0.193594	0.200825
2499	0.195566	0.199675	0.201812
