Ladekurvenmessung
Zeit: 2018_05_04 11.33.09
Info: FVA3, v = 0.195, T = 80, F = 20, h = 86.6
Ladewiderstand[Ohm]: 1012700
Störkapazität[pF]: 0.000000
Entladezeit[ms]: 200
Abtastrate[Hz]: 250000
Anzahl der Messwerte: 2500.000000
Verzögerung[ms]: 1
Ladespannung[V]: 0.200000
	Kurve_1	Kurve_2
0	-1.9e-05	0.000146
1	-1.9e-05	-0.000183
2	-0.000183	-1.9e-05
3	-0.000183	-0.000183
4	-0.000347	-0.000347
5	-0.000512	-0.000347
6	-0.000347	-0.000347
7	-0.000183	-0.000347
8	-0.000512	-0.000183
9	-0.000347	-0.000183
10	-0.000347	-0.000183
11	-1.9e-05	-0.000183
12	-1.9e-05	-1.9e-05
13	-1.9e-05	-0.000183
14	-1.9e-05	-0.000183
15	-0.000347	-0.000183
16	-0.000183	-0.000347
17	-0.000183	-0.000183
18	-0.000183	-0.000347
19	-0.000347	-0.000512
20	-0.000183	-0.000347
21	-1.9e-05	-0.000183
22	-0.000183	-0.000183
23	-0.000183	-1.9e-05
24	-1.9e-05	-0.000183
25	-1.9e-05	-0.000347
26	-0.000183	-0.000347
27	-0.000347	-0.000512
28	-0.000347	-0.000183
29	-0.000347	-0.000512
30	-0.000347	-0.000347
31	-0.000347	-0.000183
32	-0.000347	-0.000183
33	-0.000183	0.000146
34	-0.000183	-0.000183
35	-1.9e-05	-0.000183
36	-0.000183	-1.9e-05
37	-0.000183	-0.000183
38	-0.000183	-0.000347
39	-0.000183	-0.000347
40	-0.000512	-0.000347
41	-0.000512	-0.000347
42	-0.000347	-0.000512
43	-1.9e-05	-0.000183
44	-0.000183	0.000146
45	-0.000183	-0.000183
46	-1.9e-05	-0.000183
47	-0.000183	-0.000183
48	-0.000347	-0.000183
49	-0.000183	-0.000347
50	-0.000512	-0.000183
51	-0.000347	-0.000512
52	-0.000512	-0.000183
53	-0.000347	-0.000183
54	-0.000183	-0.000183
55	-1.9e-05	-0.000183
56	-0.000183	-0.000183
57	-0.000347	-0.000183
58	-0.000183	-1.9e-05
59	-0.000183	-0.000347
60	-0.000183	-0.000183
61	-0.000347	-0.000347
62	-0.000347	-0.000347
63	-0.000183	-0.000512
64	-1.9e-05	-0.000183
65	-0.000183	-1.9e-05
66	0.000146	-0.000347
67	-1.9e-05	-1.9e-05
68	-0.000183	-0.000183
69	-0.000183	0.000146
70	-0.000183	-0.000512
71	-0.000347	-0.000347
72	-0.000347	-0.000347
73	-0.000183	-0.000347
74	-0.000183	-0.000347
75	-0.000183	-0.000347
76	-0.000183	-1.9e-05
77	-0.000183	-0.000183
78	-0.000347	-1.9e-05
79	-1.9e-05	-0.000183
80	-1.9e-05	-0.000183
81	-0.000183	-1.9e-05
82	-0.000183	-0.000512
83	-0.000183	-0.000183
84	-0.000347	-0.000347
85	-0.000183	-0.000347
86	-0.000347	-1.9e-05
87	-0.000183	-1.9e-05
88	-0.000183	-1.9e-05
89	0.000146	-0.000183
90	-0.000183	-0.000183
91	-1.9e-05	-0.000183
92	-0.000183	-0.000347
93	-0.000183	-0.000512
94	-0.000183	-0.000347
95	-0.000347	-0.000183
96	-0.000512	-0.000347
97	-0.000347	-0.000183
98	-1.9e-05	-1.9e-05
99	-0.000183	-1.9e-05
100	-0.000183	-1.9e-05
101	-1.9e-05	-1.9e-05
102	-1.9e-05	-1.9e-05
103	-1.9e-05	-0.000512
104	-0.000347	-0.000183
105	-0.000183	-0.000183
106	-0.000347	-0.000347
107	-0.000512	-0.000347
108	-0.000183	-0.000183
109	-0.000183	-0.000183
110	-0.000183	-0.000183
111	-0.000183	-1.9e-05
112	-0.000183	-0.000183
113	-0.000183	-0.000183
114	-0.000347	-0.000183
115	-0.000512	-0.000183
116	-0.000347	-0.000183
117	-0.000347	-0.000512
118	-0.000183	-0.000183
119	-0.000347	-0.000183
120	-1.9e-05	-0.000183
121	0.000146	-0.000183
122	-0.000183	-1.9e-05
123	-1.9e-05	-0.000183
124	-1.9e-05	-0.000183
125	-1.9e-05	-0.000183
126	-0.000183	-0.000347
127	-0.000347	-0.000512
128	-0.000183	-0.000512
129	-0.000347	-0.000183
130	-0.000183	-0.000183
131	-0.000183	-0.000183
132	-0.000183	-0.000183
133	0.000146	-1.9e-05
134	-1.9e-05	-0.000183
135	-0.000183	-0.000183
136	-1.9e-05	-0.000512
137	-0.000347	-0.000347
138	-0.000347	-0.000512
139	-0.000347	-0.000183
140	-0.000183	-0.000183
141	-0.000347	-0.000183
142	-0.000183	-0.000183
143	-0.000347	-0.000183
144	-1.9e-05	-1.9e-05
145	-0.000183	0.000146
146	-1.9e-05	-1.9e-05
147	-0.000183	-0.000347
148	-0.000347	-0.000347
149	-0.000347	-0.000183
150	-0.000183	-0.000347
151	-0.000347	-0.000183
152	-0.000347	-0.000347
153	0.000146	-1.9e-05
154	-1.9e-05	-1.9e-05
155	-0.000183	-1.9e-05
156	-1.9e-05	-0.000183
157	-1.9e-05	-0.000183
158	-0.000183	-0.000183
159	-0.000512	-0.000512
160	-0.000183	-0.000347
161	-0.000183	-0.000347
162	-0.000512	-0.000512
163	-0.000183	-0.000183
164	-1.9e-05	-1.9e-05
165	-0.000183	-0.000183
166	-0.000183	-0.000183
167	-1.9e-05	-0.000183
168	-1.9e-05	-0.000183
169	-0.000183	-0.000183
170	-0.000347	-0.000347
171	-0.000183	-0.000347
172	-0.000512	-0.000183
173	-0.000183	-0.000183
174	-0.000183	-0.000183
175	-0.000183	-0.000183
176	-0.000183	-0.000183
177	-0.000183	-1.9e-05
178	-1.9e-05	-0.000183
179	-0.000183	-1.9e-05
180	-1.9e-05	-0.000183
181	-0.000183	-0.000183
182	-0.000347	-0.000512
183	-0.000512	-0.000347
184	-0.000512	-0.000512
185	-0.000183	-0.000183
186	-1.9e-05	-0.000183
187	-1.9e-05	-0.000183
188	-0.000183	0.000146
189	0.000146	-1.9e-05
190	-1.9e-05	-0.000183
191	-0.000183	-0.000183
192	-0.000183	-0.000347
193	-0.000183	-0.000183
194	-0.000512	-0.000347
195	-0.000347	-0.000512
196	-0.000347	-0.000183
197	-0.000183	-1.9e-05
198	-1.9e-05	-0.000183
199	-1.9e-05	-1.9e-05
200	-1.9e-05	-1.9e-05
201	-0.000183	-0.000183
202	-0.000183	-0.000183
203	-0.000347	-0.000183
204	-0.000347	-0.000676
205	-0.000347	-0.000512
206	-0.000183	-0.000347
207	-0.000512	-0.000347
208	-0.000183	-0.000183
209	-1.9e-05	-0.000183
210	-0.000347	-1.9e-05
211	-1.9e-05	-0.000183
212	-0.000183	-1.9e-05
213	-1.9e-05	-0.000347
214	-0.000347	-0.000183
215	-0.000183	-0.000183
216	-0.000183	-0.000347
217	-0.000183	-0.000347
218	-0.000183	-1.9e-05
219	-0.000183	-1.9e-05
220	0.000146	-1.9e-05
221	-0.000183	-0.000347
222	-0.000183	-0.000183
223	-0.000183	-0.000183
224	-0.000183	-0.000183
225	-0.000183	-0.000347
226	-0.000183	-0.000183
227	-0.000347	-0.000347
228	-0.000347	-0.000512
229	-0.000347	-0.000347
230	-1.9e-05	-1.9e-05
231	-0.000183	-1.9e-05
232	-0.000183	-0.000183
233	-0.000183	-1.9e-05
234	-1.9e-05	-0.000347
235	-1.9e-05	-0.000183
236	0.000146	-0.000183
237	-0.000841	-0.000347
238	0.001132	-0.000347
239	-0.000676	-0.000512
240	0.000803	-0.000183
241	-1.9e-05	-0.000347
242	-0.000183	-1.9e-05
243	-0.000183	-0.000183
244	0.000146	-0.000183
245	-1.9e-05	-0.000183
246	-0.000183	-0.000347
247	-0.000183	-1.9e-05
248	-0.000676	-0.000183
249	0.000639	-0.000347
250	-0.000347	-0.000676
251	0.00031	-0.000183
252	0.00031	-0.000183
253	0.000639	-0.000183
254	-1.9e-05	-1.9e-05
255	-0.000183	-0.000183
256	0.000967	-0.000183
257	-1.9e-05	-1.9e-05
258	-0.000183	-0.000183
259	-0.000183	-0.000347
260	-1.9e-05	-0.000347
261	-0.000183	-0.000183
262	-0.000183	-0.000183
263	-0.000183	-0.000347
264	-1.9e-05	-0.000347
265	-1.9e-05	-0.000183
266	-0.000183	-0.000183
267	-0.000183	0.000146
268	0.000146	-1.9e-05
269	-0.000183	-0.000347
270	-0.000183	-0.000512
271	-0.000183	-0.000347
272	-0.000183	-0.000183
273	-0.000183	-0.000183
274	-0.000183	-0.000183
275	-0.000183	-0.000183
276	-1.9e-05	-0.000183
277	-0.000183	-0.000183
278	0.000146	-1.9e-05
279	-1.9e-05	-0.000183
280	-0.000183	-0.000183
281	-0.000183	-0.000347
282	-0.000183	-0.000347
283	-1.9e-05	-0.000512
284	0.000146	-0.000183
285	0.000803	-0.000183
286	0.000474	-0.000183
287	0.000146	-1.9e-05
288	0.001132	-1.9e-05
289	-0.000347	-1.9e-05
290	0.00031	-0.000183
291	-0.000347	-0.000512
292	0.000639	-0.000512
293	-0.000183	-0.000347
294	0.000474	-0.000512
295	-1.9e-05	-0.000183
296	0.000803	-0.000183
297	-0.000183	-0.000183
298	-0.000183	-0.000183
299	-1.9e-05	-1.9e-05
300	-0.000183	-1.9e-05
301	0.001132	-1.9e-05
302	0.00031	-0.000347
303	-0.000676	-1.9e-05
304	-1.9e-05	-0.000512
305	-1.9e-05	-0.000183
306	0.000474	-0.000347
307	-0.000347	-0.000347
308	-1.9e-05	-0.000183
309	0.00031	-1.9e-05
310	-0.000512	-1.9e-05
311	0.001789	-0.000183
312	-0.000183	-0.000183
313	-0.000512	-0.000183
314	0.000639	-0.000347
315	0.001789	-0.000512
316	0.001625	-0.000347
317	0.002118	-0.000347
318	0.000967	-0.000183
319	0.001625	-0.000183
320	0.001625	-1.9e-05
321	0.000803	-1.9e-05
322	0.001789	-1.9e-05
323	-0.000676	-0.000347
324	0.001625	-0.000183
325	-0.000183	-0.000183
326	0.000967	-0.000183
327	-0.000676	-0.000347
328	-0.007579	-0.000183
329	0.000474	0.000146
330	-0.000183	-0.000183
331	-1.9e-05	0.000146
332	-1.9e-05	-0.000183
333	-0.000183	-1.9e-05
334	-1.9e-05	-0.000183
335	-0.000183	-0.000347
336	-0.000676	-0.000183
337	-0.000183	-0.000347
338	-0.000183	-0.000347
339	-0.000183	-0.000347
340	-0.000347	-1.9e-05
341	-0.000347	-0.000183
342	-0.000183	-0.000183
343	-0.000183	-1.9e-05
344	-1.9e-05	-0.000183
345	-0.000183	-1.9e-05
346	-1.9e-05	-0.000347
347	-0.000347	-0.000183
348	-0.000183	-0.000347
349	-0.000347	-0.000347
350	-0.000183	-0.000512
351	-0.000183	-1.9e-05
352	-0.000347	-0.000183
353	0.00031	-1.9e-05
354	-0.000183	-1.9e-05
355	-1.9e-05	-0.000183
356	0.000146	-0.000347
357	-0.000347	-0.000183
358	-0.000183	-0.000347
359	-0.000183	-0.000512
360	-0.000183	-0.000347
361	-0.000183	-0.000347
362	-0.000347	-0.000183
363	-0.000183	-0.000183
364	-1.9e-05	-1.9e-05
365	-0.000183	-1.9e-05
366	-1.9e-05	-1.9e-05
367	0.000146	-0.000183
368	-0.000183	-0.000347
369	-0.000183	-0.000512
370	-0.000841	-0.000183
371	0.001954	-0.000347
372	0.005076	-0.000347
373	0.000474	-0.000347
374	0.000474	-0.000183
375	0.000639	-0.000183
376	0.000146	0.000146
377	0.000146	-0.000347
378	-1.9e-05	-0.000183
379	-0.000183	-0.000183
380	-0.000183	-0.000347
381	-0.000512	-0.000347
382	-0.000183	-0.000183
383	0.00031	-0.000183
384	-0.000347	-0.000347
385	-1.9e-05	-0.000183
386	-0.000183	-0.000183
387	-0.000183	-1.9e-05
388	-1.9e-05	-0.000183
389	-0.000183	-0.000183
390	-0.000183	-0.000183
391	-0.000183	-0.000183
392	-0.000347	-0.000183
393	-1.9e-05	-0.000347
394	-0.000183	-1.9e-05
395	-1.9e-05	0.000146
396	-0.000183	0.001132
397	-0.000183	0.001296
398	-1.9e-05	0.00294
399	-0.000183	0.003268
400	-1.9e-05	0.000146
401	-0.000347	-0.000183
402	-0.000183	0.000146
403	-0.000183	-0.000347
404	-0.000183	-0.000676
405	-0.003963	-0.000676
406	0.000146	-0.000512
407	0.000146	-0.000183
408	-0.000183	-0.000183
409	-0.000183	-1.9e-05
410	-1.9e-05	-0.000183
411	-1.9e-05	-0.000183
412	-1.9e-05	-0.000183
413	-0.000183	-0.000183
414	-0.000183	-0.000183
415	-0.000183	-0.000347
416	-0.000676	-0.000347
417	-1.9e-05	-0.000183
418	-0.000183	0.000146
419	-1.9e-05	0.000803
420	-0.000183	0.001789
421	-0.000183	0.004583
422	-1.9e-05	0.002611
423	-0.000183	0.001296
424	-0.000512	0.003761
425	-0.000347	0.001789
426	-0.000183	0.001296
427	-0.000512	-0.000347
428	-0.000347	-1.9e-05
429	-0.000183	-0.000183
430	0.000146	-0.000183
431	-1.9e-05	-1.9e-05
432	-0.000183	-1.9e-05
433	0.000146	-1.9e-05
434	-0.000183	-0.000183
435	-0.000183	-0.000347
436	-0.000183	-0.000183
437	-0.000183	-0.000347
438	-0.000347	-0.000347
439	-0.000183	-0.000347
440	0.000146	-0.000183
441	-1.9e-05	-1.9e-05
442	-0.000183	-0.000183
443	-1.9e-05	-0.000183
444	-0.000183	-0.000183
445	-0.000183	-0.000347
446	-0.000183	-0.000347
447	-0.000347	-0.000512
448	-0.000347	-0.000183
449	-0.000183	-0.000347
450	-0.000512	-0.000183
451	-0.000183	-0.000183
452	-0.000183	-0.000183
453	-1.9e-05	-0.000183
454	-1.9e-05	-0.000183
455	-1.9e-05	0.000146
456	-0.000183	-0.000183
457	-0.000512	-0.000347
458	-0.000347	-0.000347
459	-0.000512	-0.000347
460	-0.000512	-0.000183
461	-0.000512	-0.000183
462	-0.000183	-1.9e-05
463	-0.000347	-1.9e-05
464	-1.9e-05	-1.9e-05
465	-0.000183	-0.000183
466	-1.9e-05	0.000474
467	-0.000183	-0.000183
468	-0.000183	-1.9e-05
469	-0.000183	0.000146
470	-0.000183	0.000146
471	-0.000347	-0.000676
472	-0.000183	-1.9e-05
473	-1.9e-05	-0.000183
474	-0.000183	0.00146
475	-1.9e-05	-0.000841
476	0.000146	0.005734
477	0.000146	0.001954
478	-0.000183	0.00146
479	-0.000347	0.004912
480	-0.000676	0.00146
481	-1.9e-05	0.00031
482	-0.000676	0.006062
483	-0.000512	0.00031
484	-1.9e-05	0.002611
485	-1.9e-05	0.00031
486	-0.000183	0.002775
487	-1.9e-05	0.004583
488	-1.9e-05	0.003268
489	-0.000183	0.003268
490	-0.000183	0.001296
491	-0.000512	0.001296
492	-0.000183	-0.001005
493	-0.000183	0.003761
494	-1.9e-05	0.000474
495	-1.9e-05	-0.001827
496	-0.000183	0.000474
497	-1.9e-05	0.001296
498	-1.9e-05	0.001296
499	-0.000183	0.002775
500	-1.9e-05	0.002775
501	-0.000183	0.005241
502	-0.000183	0.003761
503	-0.000183	0.004748
504	-1.9e-05	-0.003306
505	-1.9e-05	0.006556
506	-0.000183	0.007706
507	-0.000183	0.007213
508	-0.000183	0.009678
509	0.000474	0.007049
510	0.000146	0.004748
511	0.000146	0.008857
512	-0.000183	0.005405
513	-0.000347	0.005569
514	-0.000347	0.005734
515	-1.9e-05	0.001296
516	-0.000183	0.002775
517	-0.000183	0.004748
518	-0.000183	0.00409
519	-0.000183	0.005241
520	-0.000183	0.006227
521	-0.000183	0.006391
522	-0.000183	0.007706
523	-0.000183	0.003433
524	-1.9e-05	0.004255
525	-0.000347	0.002775
526	-0.000347	0.000803
527	-0.000183	0.000146
528	-0.000183	0.002447
529	-0.000183	0.005569
530	-1.9e-05	0.000474
531	-1.9e-05	0.002447
532	-1.9e-05	0.000474
533	-0.000183	0.003597
534	-0.000183	0.004255
535	-0.000512	0.003761
536	-0.000347	-0.000183
537	-0.000183	0.003926
538	-0.000183	0.002775
539	-0.000183	0.004419
540	-1.9e-05	0.005898
541	-1.9e-05	0.002118
542	-1.9e-05	0.004419
543	0.000146	0.006884
544	-0.000183	0.005569
545	-0.000676	0.006556
546	-0.000183	0.006062
547	-0.000347	0.004583
548	-0.000347	0.00294
549	-0.000183	0.002611
550	-1.9e-05	0.001625
551	-1.9e-05	0.002611
552	-1.9e-05	0.003761
553	-0.000183	-0.001005
554	-1.9e-05	0.004583
555	-0.000347	0.000146
556	-0.000183	-1.9e-05
557	-1.9e-05	-0.000183
558	0.000146	-0.000183
559	-0.000347	-0.000347
560	-0.000512	-0.000347
561	-0.000183	-0.000183
562	-1.9e-05	-0.000183
563	-1.9e-05	-0.000347
564	-0.000183	-0.000183
565	-1.9e-05	-0.000183
566	-0.000347	0.002282
567	-0.000183	0.001296
568	-0.000183	0.00146
569	-0.000183	0.000474
570	-0.000347	-0.001169
571	-1.9e-05	0.002118
572	-0.000512	0.002775
573	0.000146	0.002775
574	0.000146	0.002118
575	-1.9e-05	0.002118
576	-0.000183	0.004419
577	0.00031	0.00409
578	-1.9e-05	0.002775
579	-0.000347	0.002611
580	-0.000183	0.00146
581	-0.000512	0.001296
582	-0.000183	0.002611
583	-0.000183	0.000967
584	-0.000183	0.002447
585	0.000146	0.003104
586	-0.000183	-1.9e-05
587	-1.9e-05	0.000639
588	-1.9e-05	0.000803
589	-0.000183	-0.000512
590	-0.000183	0.000474
591	-0.000183	0.000146
592	-0.000347	0.000803
593	-0.000347	-0.000183
594	-0.000183	0.00146
595	-0.000183	0.00146
596	-1.9e-05	0.00031
597	-0.000183	0.00146
598	-0.000347	0.002118
599	-0.000183	0.002447
600	-0.000183	-0.000183
601	-0.000347	-1.9e-05
602	-0.000183	0.000639
603	-0.000183	0.000639
604	-0.000347	0.002282
605	-1.9e-05	0.00146
606	-1.9e-05	0.001132
607	-1.9e-05	0.003597
608	-1.9e-05	0.001789
609	0.00031	0.000639
610	-0.000183	0.001789
611	-1.9e-05	0.00031
612	-0.000347	0.000967
613	-0.000347	-0.000676
614	-0.000347	0.000474
615	-0.000347	-0.000183
616	-0.000183	-0.000183
617	-0.000183	0.000146
618	-0.000183	0.000474
619	-1.9e-05	-0.001005
620	-1.9e-05	0.001296
621	-0.000183	0.000474
622	-0.000183	0.00031
623	-0.000183	0.000803
624	-0.000347	0.001296
625	-0.000183	-0.000183
626	-0.000347	0.000803
627	-1.9e-05	0.00146
628	-1.9e-05	0.000803
629	-0.000183	0.001625
630	-1.9e-05	-0.000347
631	0.00031	0.00031
632	-0.000183	-0.000183
633	-0.000183	-1.9e-05
634	-0.000183	-0.001169
635	-1.9e-05	0.000967
636	-0.000183	0.000474
637	0.000146	0.001625
638	-0.000512	-0.000676
639	-0.000183	-1.9e-05
640	-0.000183	0.000639
641	-1.9e-05	0.000474
642	-0.000183	0.001296
643	-1.9e-05	-0.000676
644	-0.000183	0.000803
645	-0.000183	0.000639
646	-0.000347	0.000146
647	-0.000347	-1.9e-05
648	-0.000183	-1.9e-05
649	-0.000183	0.000967
650	-1.9e-05	-1.9e-05
651	-1.9e-05	0.000146
652	-1.9e-05	0.001132
653	-0.000183	-0.000841
654	-0.000183	0.00031
655	-0.000183	-0.000183
656	-0.000183	-1.9e-05
657	-0.000512	-0.000347
658	-0.000347	-0.001334
659	-0.000512	-0.000183
660	-0.000183	-0.001827
661	-1.9e-05	0.001789
662	0.000146	0.00146
663	-0.000183	0.000967
664	-1.9e-05	0.000803
665	-0.000183	0.002447
666	-0.000183	-0.001991
667	-0.000183	0.000474
668	-0.000183	0.000639
669	-0.000347	-1.9e-05
670	-0.000183	0.00031
671	0.000146	0.00031
672	-0.000183	-0.000676
673	-1.9e-05	-0.000183
674	-0.000183	-1.9e-05
675	0.000146	0.000639
676	-1.9e-05	-0.000512
677	-1.9e-05	0.000639
678	-1.9e-05	-1.9e-05
679	-0.000183	-0.000183
680	-0.000183	0.000146
681	-0.000676	-0.000347
682	-0.000347	0.000803
683	-0.000183	-0.000183
684	-0.000183	-0.000183
685	0.000146	-0.000512
686	-1.9e-05	0.000967
687	-1.9e-05	-0.000183
688	-0.000183	-1.9e-05
689	-0.000676	-0.000183
690	-0.000183	-0.000183
691	-0.000512	-0.00232
692	-0.000512	-0.000183
693	-1.9e-05	0.000639
694	0.000146	0.00146
695	0.000146	0.000639
696	-0.000183	0.000967
697	0.000146	0.000803
698	-1.9e-05	-1.9e-05
699	-1.9e-05	0.000146
700	-0.000512	0.00031
701	-0.000183	0.000639
702	-0.000512	0.001625
703	-0.000347	-1.9e-05
704	-0.000347	0.000967
705	-0.000183	0.000146
706	-0.000183	-0.000183
707	-1.9e-05	-0.000347
708	-1.9e-05	-0.002648
709	-0.000183	0.000803
710	-0.000512	0.001625
711	-0.000183	-0.000512
712	-0.000183	-1.9e-05
713	-0.000347	0.001132
714	0.003268	0.001625
715	-1.9e-05	0.00031
716	-1.9e-05	-1.9e-05
717	-0.000183	0.00031
718	-1.9e-05	0.00031
719	-1.9e-05	0.000639
720	0.000146	0.00146
721	-0.000183	0.002611
722	-0.000183	0.000474
723	-0.001005	0.00031
724	-0.000512	-1.9e-05
725	-0.001498	0.000639
726	-0.000512	0.004255
727	0.000803	0.003433
728	-0.000183	0.000803
729	0.000474	0.002447
730	0.000146	0.003926
731	-0.000676	0.003926
732	0.000803	0.00146
733	-1.9e-05	0.005241
734	-0.000183	0.001132
735	-0.000183	0.000146
736	-0.000347	-1.9e-05
737	-0.000183	0.000146
738	-1.9e-05	-1.9e-05
739	-1.9e-05	0.00031
740	-0.000183	0.001132
741	-0.000183	0.000474
742	-0.000183	-0.000347
743	-1.9e-05	-0.000347
744	-0.000183	0.001296
745	-0.000183	0.00031
746	-0.000347	0.000803
747	-0.000183	0.000967
748	-0.000347	0.002118
749	-0.000841	0.001625
750	-0.000183	0.001789
751	0.000146	0.000474
752	0.000474	0.001625
753	0.000146	0.001132
754	0.000146	-0.000512
755	0.000146	-0.001005
756	-0.000347	0.000474
757	-0.000347	-0.001334
758	-1.9e-05	-0.003306
759	-0.000347	0.003926
760	-1.9e-05	0.000803
761	-1.9e-05	0.001954
762	-0.001005	0.001625
763	0.00031	0.000639
764	-0.000676	0.002775
765	-0.000183	0.001954
766	-0.000347	0.000146
767	0.000146	0.000474
768	-1.9e-05	0.000146
769	-0.000512	0.000639
770	-0.000183	-0.001334
771	-0.000183	0.000803
772	0.000474	-1.9e-05
773	0.000146	0.000639
774	-0.000183	-1.9e-05
775	-0.000676	-0.000347
776	-1.9e-05	-0.000183
777	0.00031	-0.000183
778	-1.9e-05	-0.000512
779	-0.000512	-0.000183
780	-1.9e-05	-0.000347
781	-0.001169	-0.000183
782	0.000146	-1.9e-05
783	-0.000183	-1.9e-05
784	0.000146	-1.9e-05
785	-0.000183	-0.000183
786	0.00031	-0.000183
787	0.00031	-0.000183
788	-0.000183	-0.000183
789	0.000146	-0.000512
790	-0.000183	-0.000183
791	-1.9e-05	-0.000183
792	-0.000512	-0.000512
793	-0.000183	-0.000347
794	-0.000183	0.000146
795	0.000639	-1.9e-05
796	-0.000512	-1.9e-05
797	0.000146	-1.9e-05
798	0.000639	-0.000183
799	-1.9e-05	-0.000347
800	-0.000347	-0.000512
801	-1.9e-05	-0.000183
802	0.000146	-0.000347
803	-0.000347	-0.000183
804	0.000474	-0.000183
805	0.00031	-0.000183
806	0.000146	-1.9e-05
807	0.000146	-1.9e-05
808	0.000474	-0.000183
809	0.000146	-0.000183
810	-1.9e-05	-0.000347
811	-0.000512	-0.000347
812	-0.000183	-0.000512
813	-0.000347	-0.000512
814	-1.9e-05	-0.000347
815	-0.000183	-0.000183
816	-0.000183	-0.000183
817	-1.9e-05	-0.000183
818	-0.000183	-1.9e-05
819	0.000639	-0.000183
820	0.000146	-0.000183
821	-0.000183	-0.000183
822	-1.9e-05	-0.000183
823	0.000146	-0.000347
824	-0.000512	-1.9e-05
825	-0.000183	-0.000512
826	0.00031	-1.9e-05
827	-0.000183	-0.000183
828	-1.9e-05	-0.000183
829	-1.9e-05	-1.9e-05
830	-0.000183	-1.9e-05
831	0.000146	-0.000183
832	-0.000512	-0.000183
833	-0.000841	-0.000347
834	-0.000183	-0.000512
835	-0.000512	-0.000347
836	0.000146	-0.000183
837	-1.9e-05	-0.000183
838	-0.000183	-0.000183
839	0.000146	-0.000183
840	-0.000183	-0.000183
841	-1.9e-05	-0.000183
842	-1.9e-05	-0.000183
843	-0.000347	-0.000183
844	-0.000183	-0.000347
845	-0.000183	-0.000347
846	-1.9e-05	-0.000512
847	-0.000676	-0.000183
848	-0.000183	-0.000183
849	-1.9e-05	-0.000183
850	-1.9e-05	-0.000183
851	-1.9e-05	-0.000183
852	-0.000183	-0.000183
853	-0.000183	-1.9e-05
854	-0.000347	-0.000183
855	-0.000512	-0.000183
856	-0.000347	-0.000183
857	-0.000512	-0.000347
858	-0.000676	-0.000347
859	-0.000183	-0.000183
860	-0.000676	-1.9e-05
861	0.00031	-0.000183
862	0.000146	-1.9e-05
863	0.000146	-1.9e-05
864	-0.000347	-0.000183
865	-0.000183	-0.000183
866	-0.000512	-0.000183
867	-0.000183	-0.000183
868	-0.000512	-0.000183
869	-1.9e-05	-0.000183
870	0.00031	-0.000347
871	-0.000183	-0.000183
872	0.000474	-0.000183
873	-1.9e-05	-1.9e-05
874	0.000639	-1.9e-05
875	-0.000512	-0.000183
876	0.00031	-0.000347
877	-0.000512	-0.000347
878	-0.000183	-0.000347
879	-1.9e-05	-0.000347
880	-0.000347	-0.000347
881	-0.000676	-0.000183
882	0.00031	-0.000183
883	-1.9e-05	-0.000183
884	0.000474	0.000146
885	0.00031	-0.000183
886	-0.000183	-0.000183
887	0.00031	-0.000347
888	0.000146	-0.000183
889	-0.000183	-0.000512
890	-0.000183	-0.000347
891	-1.9e-05	-0.000512
892	-0.000347	-0.000183
893	0.000803	-0.000183
894	0.00031	-1.9e-05
895	-1.9e-05	-0.000183
896	-0.000512	-1.9e-05
897	0.001132	-0.000183
898	-0.000676	-0.000183
899	0.000146	-0.000347
900	-1.9e-05	-0.000183
901	-0.000512	-0.000512
902	0.000474	-0.000183
903	0.00031	-0.000347
904	0.000639	-0.000183
905	-1.9e-05	-0.000183
906	-1.9e-05	-0.000183
907	0.00031	-0.000183
908	0.000803	-0.000183
909	-0.001005	-0.000347
910	-0.000183	-0.000347
911	-1.9e-05	-0.000183
912	-0.000183	-0.000183
913	-0.000512	-0.000347
914	0.000474	-0.000183
915	-0.000183	-1.9e-05
916	-0.000183	-1.9e-05
917	-0.000183	-1.9e-05
918	-0.000183	0.000146
919	-0.000347	-0.000183
920	-0.000183	-1.9e-05
921	-1.9e-05	-0.000347
922	-0.000347	-0.000347
923	-0.000347	-0.000512
924	-0.000347	-0.000183
925	-0.000183	-0.000347
926	-0.000183	-1.9e-05
927	-1.9e-05	-0.000183
928	-1.9e-05	-1.9e-05
929	-1.9e-05	-1.9e-05
930	-0.000183	-0.000183
931	-0.000512	-0.000347
932	-0.000512	-0.000512
933	-0.000183	-0.000183
934	-0.000347	-0.000183
935	0.011815	-0.000183
936	0.002447	-1.9e-05
937	-0.001005	-1.9e-05
938	0.009514	-0.000183
939	0.013623	-1.9e-05
940	0.021019	-1.9e-05
941	0.0271	-0.000183
942	0.03236	-0.000183
943	0.021512	-0.000183
944	0.010829	-0.000512
945	0.005569	-0.001169
946	0.001789	0.000474
947	0.002118	-0.000183
948	-0.000841	-0.000347
949	0.003926	0.000803
950	0.008035	0.001132
951	0.015431	-1.9e-05
952	0.018554	0.000474
953	0.029894	-0.000347
954	0.03236	-0.000347
955	0.039098	0.001132
956	0.044193	-0.000512
957	0.051918	0.000474
958	0.051096	-0.000347
959	0.056191	0.000474
960	0.059807	-0.000512
961	0.059643	0.000146
962	0.055205	0.000146
963	0.057835	-0.000183
964	0.059314	-0.000183
965	0.061122	0.000639
966	0.065395	-0.000676
967	0.069176	-0.000347
968	0.077393	0.000967
969	0.07838	0.001132
970	0.081667	0.003597
971	0.07953	0.000474
972	0.074435	0.002282
973	0.042878	0.000639
974	0.028251	0.002447
975	0.029566	0.001296
976	0.031867	0.002775
977	0.035811	0.00409
978	0.039427	0.00146
979	0.045672	0.003597
980	0.049946	0.000639
981	0.054712	-0.000347
982	0.056684	-1.9e-05
983	0.062273	-1.9e-05
984	0.062108	-1.9e-05
985	0.063587	-0.000512
986	0.06556	-0.000183
987	0.06934	-0.000183
988	0.057671	-0.000512
989	0.034661	-0.000512
990	0.025785	-0.000347
991	0.009185	-1.9e-05
992	-0.001334	-1.9e-05
993	0.005405	-0.000183
994	0.012472	-0.000183
995	0.01313	0.002611
996	0.016417	0.001296
997	0.022827	0.000639
998	0.028908	0.003104
999	0.030552	0.002118
1000	0.036797	0.001296
1001	0.041564	0.001954
1002	0.043371	0.000474
1003	0.048302	0.00031
1004	0.057177	0.000639
1005	0.05652	0.000146
1006	0.063587	0.000803
1007	0.066381	-1.9e-05
1008	0.062108	0.000474
1009	0.013787	0.00031
1010	0.014773	-0.000347
1011	0.023813	-0.000347
1012	0.030223	0.000639
1013	0.033674	-1.9e-05
1014	0.039263	0.000146
1015	0.017403	0.000639
1016	0.017567	0.000639
1017	0.025621	0.000474
1018	0.030716	-1.9e-05
1019	0.039591	-0.000512
1020	0.035647	-0.000347
1021	-0.000512	-1.9e-05
1022	0.003761	-0.000512
1023	0.002611	-0.000183
1024	-1.9e-05	-0.000183
1025	0.000474	-1.9e-05
1026	-0.000512	0.000639
1027	-1.9e-05	0.002118
1028	0.000146	0.00031
1029	-1.9e-05	0.000474
1030	-0.000183	0.001789
1031	-1.9e-05	0.000639
1032	-0.000512	0.001954
1033	-0.000347	-0.001991
1034	-0.000183	0.003104
1035	-0.000183	-0.000512
1036	0.000146	0.000474
1037	-0.000183	-0.001169
1038	-1.9e-05	0.00031
1039	-0.000183	-0.000183
1040	-0.000183	0.00031
1041	-0.000347	0.000803
1042	-0.000183	-0.000183
1043	-0.000347	-0.001498
1044	-0.000183	-0.000347
1045	-1.9e-05	-0.000512
1046	-0.000347	-1.9e-05
1047	-0.000183	-1.9e-05
1048	-0.000183	-1.9e-05
1049	-1.9e-05	-1.9e-05
1050	-0.000183	0.000146
1051	-0.000183	-0.000183
1052	-0.000183	-0.000183
1053	-0.000183	-0.000347
1054	-0.000512	-0.000347
1055	-0.000347	-0.000347
1056	-0.000676	-0.000183
1057	-0.000183	0.000474
1058	-0.000347	0.000146
1059	-0.000183	0.000146
1060	-1.9e-05	-0.000183
1061	-1.9e-05	-1.9e-05
1062	-0.000183	-0.000183
1063	-0.000183	-0.000347
1064	-0.000347	-0.000347
1065	-0.000183	-0.000183
1066	-0.000183	-0.000347
1067	-0.001169	-0.000183
1068	-0.000183	-0.000347
1069	-0.000512	-1.9e-05
1070	-0.000183	-1.9e-05
1071	-1.9e-05	-1.9e-05
1072	-0.000183	-1.9e-05
1073	-0.000347	-1.9e-05
1074	-0.000183	-0.000347
1075	-0.000347	-0.000183
1076	-0.000512	0.000474
1077	-0.000512	-0.000183
1078	-0.000512	-0.000183
1079	-0.000183	-0.000183
1080	-1.9e-05	0.000146
1081	-1.9e-05	-0.000183
1082	0.000146	-0.000183
1083	0.00031	-0.000183
1084	-1.9e-05	0.000146
1085	-0.000347	-0.000512
1086	-1.9e-05	-0.001005
1087	-0.000183	0.00031
1088	-0.000512	-0.000841
1089	-0.000347	-0.000676
1090	-0.000347	-1.9e-05
1091	-1.9e-05	-0.000183
1092	-1.9e-05	-0.000512
1093	-0.000183	-1.9e-05
1094	-0.000183	-0.000347
1095	-0.000183	-0.000183
1096	0.000146	-1.9e-05
1097	-0.000183	-1.9e-05
1098	-0.000347	-0.000183
1099	0.00031	-0.000347
1100	-0.000347	0.000146
1101	-0.000512	0.000146
1102	-1.9e-05	-0.000183
1103	-0.000183	-0.000183
1104	-1.9e-05	-0.000183
1105	-0.000347	-0.000347
1106	-0.000347	0.000146
1107	-0.000347	-0.000676
1108	0.00031	-0.000183
1109	-0.000183	-0.000347
1110	-0.000347	-0.000512
1111	-0.000183	-0.000183
1112	-0.000676	0.000474
1113	-0.000183	-0.001498
1114	-0.000183	-1.9e-05
1115	-0.000183	0.001296
1116	-1.9e-05	-0.000347
1117	-1.9e-05	0.001132
1118	-0.000347	0.000146
1119	-0.000183	-1.9e-05
1120	-0.000512	-0.000512
1121	-0.000183	-0.000512
1122	-0.000512	-0.001334
1123	-1.9e-05	0.000639
1124	-0.000183	-0.000183
1125	-0.000512	-1.9e-05
1126	0.000146	-0.000347
1127	-1.9e-05	0.00031
1128	0.000474	-0.000512
1129	0.000146	0.000146
1130	-0.000183	-0.000183
1131	-0.000347	-0.000347
1132	-0.000183	0.000146
1133	-0.000512	0.001954
1134	-0.000347	-0.000183
1135	-0.000347	-0.001005
1136	0.00031	-0.000183
1137	-0.000512	0.000146
1138	0.000146	0.000146
1139	-1.9e-05	-0.000347
1140	-0.000347	0.00031
1141	-0.000512	-1.9e-05
1142	-0.000183	-1.9e-05
1143	-0.000347	-0.000512
1144	-0.000347	0.003104
1145	-0.000676	0.000967
1146	-0.000512	-1.9e-05
1147	-0.000676	-0.000347
1148	-0.000183	0.00031
1149	-0.000183	0.000474
1150	-1.9e-05	-0.001005
1151	0.000146	0.000803
1152	-0.000512	-0.000183
1153	-0.000347	-0.000347
1154	-0.000347	-0.000183
1155	-0.000347	-0.002977
1156	-1.9e-05	-0.000183
1157	-1.9e-05	-0.000183
1158	-0.000347	0.000967
1159	-1.9e-05	0.00031
1160	-0.000183	-0.000183
1161	-0.000347	-1.9e-05
1162	-0.000183	0.000803
1163	-0.000183	0.000639
1164	-0.000347	-0.000347
1165	-0.000512	-0.000183
1166	-0.000347	-0.001169
1167	-1.9e-05	-0.000183
1168	0.000146	-0.000183
1169	-0.000183	-0.000347
1170	0.000146	-0.000183
1171	-0.000183	-0.000183
1172	-0.000183	-0.000676
1173	-0.000183	-0.000183
1174	-0.000183	-0.000347
1175	-0.000183	-0.000512
1176	-0.000676	-0.000347
1177	-0.000183	-0.000676
1178	-0.000183	-0.000512
1179	-1.9e-05	-0.000183
1180	-0.000512	-0.000183
1181	0.000474	-0.000183
1182	-0.000183	-0.000183
1183	-1.9e-05	-0.000347
1184	-0.000183	-0.000347
1185	-0.000183	-0.000347
1186	-0.000347	-0.000347
1187	-0.000347	-0.000183
1188	-0.000676	-0.000183
1189	0.000146	-0.000347
1190	-1.9e-05	-0.000347
1191	-0.000183	-0.000676
1192	-0.000183	-0.000183
1193	-0.000183	-1.9e-05
1194	-0.000347	-0.000347
1195	-0.000347	-0.000183
1196	-0.000183	-0.000347
1197	-0.000183	-0.000676
1198	-0.000512	-0.000347
1199	-0.000512	0.00031
1200	-0.000347	-0.000512
1201	-0.000183	-0.000512
1202	-0.000183	-1.9e-05
1203	-0.000347	-0.000183
1204	-1.9e-05	-0.000183
1205	0.000146	0.000146
1206	-0.000347	-0.000183
1207	-0.000676	-0.000347
1208	-0.000512	-0.000347
1209	-0.000183	-0.000676
1210	-0.000676	-0.000512
1211	-0.000347	-0.000676
1212	-0.000347	-0.000183
1213	-1.9e-05	0.000146
1214	-0.000347	-1.9e-05
1215	-0.000347	-1.9e-05
1216	-0.000347	-1.9e-05
1217	-0.000183	-0.000183
1218	-0.000347	-0.000183
1219	-1.9e-05	-0.000347
1220	-0.000347	-0.000512
1221	-0.000347	-0.000512
1222	-0.000183	-0.000512
1223	-0.000183	-0.000183
1224	-1.9e-05	-0.000183
1225	-0.000183	-0.000347
1226	-0.000183	-1.9e-05
1227	-0.000183	-1.9e-05
1228	-1.9e-05	-0.000347
1229	-0.000347	-0.000183
1230	-0.000347	-0.000183
1231	-0.000512	-0.000183
1232	-0.000347	-0.000183
1233	-0.000347	-0.000347
1234	-0.000183	-0.000183
1235	-0.000347	-0.000347
1236	0.000146	-0.000183
1237	-0.000347	-1.9e-05
1238	-0.000183	-1.9e-05
1239	0.00031	-0.000183
1240	-0.000183	-0.000347
1241	-0.000347	-0.000512
1242	-0.000183	-0.000347
1243	-0.000512	-0.000347
1244	-0.000347	-0.000512
1245	-0.000512	-0.000183
1246	-1.9e-05	-0.000512
1247	-1.9e-05	-0.000183
1248	-0.000347	0.000474
1249	-0.000347	-1.9e-05
1250	-0.000347	-0.000183
1251	-0.000183	0.000146
1252	-0.000512	-0.000512
1253	-0.000347	-0.000347
1254	-0.000347	-0.000512
1255	-0.000183	-0.000512
1256	-0.000183	-0.000347
1257	-0.000183	-0.000183
1258	-0.000183	-0.000183
1259	-0.000183	-0.000347
1260	-0.000347	-1.9e-05
1261	-1.9e-05	-0.000183
1262	-0.000347	-1.9e-05
1263	-0.000183	-0.000512
1264	-0.000347	-0.000512
1265	-0.000512	-0.000183
1266	-0.000512	-0.000512
1267	-0.000183	-0.000347
1268	-0.000512	-0.000183
1269	-1.9e-05	-1.9e-05
1270	-0.000183	-0.000183
1271	-0.000183	-0.000183
1272	-0.000347	-1.9e-05
1273	-0.000347	-0.000347
1274	-0.000347	-0.000347
1275	-0.000347	-0.000183
1276	-0.000347	-0.000347
1277	-0.000512	-0.000512
1278	-0.000347	-0.000347
1279	-1.9e-05	-0.000183
1280	-0.000347	-0.000347
1281	-0.000183	-0.000347
1282	-0.000347	-0.000183
1283	-0.000183	-1.9e-05
1284	-0.000676	-0.000347
1285	-0.000347	-0.000347
1286	-0.000347	-0.000347
1287	-0.000512	-0.000512
1288	-0.000183	-0.000347
1289	-1.9e-05	-1.9e-05
1290	-0.000347	-0.000347
1291	-1.9e-05	-0.000183
1292	-0.000347	-0.000183
1293	-0.000183	-0.000183
1294	-0.000183	-0.000183
1295	-0.000183	-0.000347
1296	-0.000183	-0.000347
1297	-0.000183	-0.000512
1298	-0.000676	-0.000347
1299	-0.000347	-0.000347
1300	-1.9e-05	-1.9e-05
1301	-0.000183	-0.000183
1302	-0.000347	-0.000183
1303	-0.000183	-0.000183
1304	-0.000183	-0.000183
1305	-1.9e-05	-0.000347
1306	-0.000347	-0.000347
1307	-0.000347	-0.000347
1308	-0.000347	-0.000183
1309	-0.000347	-0.000347
1310	-0.000512	-0.000512
1311	-0.000183	-0.000183
1312	-0.000183	-0.000183
1313	-0.000183	-0.000347
1314	-1.9e-05	-0.000183
1315	-1.9e-05	-1.9e-05
1316	-0.000183	-0.000183
1317	-0.000347	-0.000347
1318	-0.000512	-0.000347
1319	-0.000183	-0.000512
1320	-0.000512	-0.000512
1321	-0.000183	-0.000347
1322	-0.000183	-0.000183
1323	-0.000183	-0.000347
1324	-0.000347	-0.000183
1325	0.000146	-1.9e-05
1326	0.000146	-1.9e-05
1327	-1.9e-05	-0.000347
1328	-0.000183	-0.000347
1329	-0.000841	-0.000512
1330	-0.000183	-0.000512
1331	-0.000347	-0.000841
1332	0.000474	-0.000512
1333	-0.000347	-0.000183
1334	-0.000183	-1.9e-05
1335	-1.9e-05	-0.000183
1336	-0.000183	-0.000183
1337	-1.9e-05	0.000146
1338	0.000146	-0.000183
1339	-1.9e-05	-0.000183
1340	-0.000347	-0.000347
1341	-0.000512	-0.000183
1342	-0.000347	-0.000347
1343	-1.9e-05	-0.000676
1344	-0.000183	-0.000183
1345	-0.000183	-0.000183
1346	-0.000183	-0.000512
1347	-1.9e-05	-0.000347
1348	-1.9e-05	0.000146
1349	0.000146	-1.9e-05
1350	-0.000347	-0.000512
1351	-0.000347	-0.000512
1352	-0.000512	-0.000512
1353	-0.000347	-0.000347
1354	-1.9e-05	-0.000512
1355	-1.9e-05	-1.9e-05
1356	-0.000347	-0.000347
1357	-1.9e-05	-0.000183
1358	0.000146	-1.9e-05
1359	-0.000347	-0.000183
1360	-1.9e-05	-1.9e-05
1361	-0.000347	-0.000347
1362	-0.000183	-0.000512
1363	-0.000347	-0.000512
1364	-0.000347	-0.000512
1365	0.00409	-0.000347
1366	-1.9e-05	-0.000512
1367	-0.000512	-1.9e-05
1368	-1.9e-05	-0.000347
1369	-1.9e-05	0.000146
1370	-0.000183	-1.9e-05
1371	-0.000183	-0.000347
1372	-0.000512	-0.000183
1373	0.000639	-0.000347
1374	-0.000676	-0.000512
1375	0.00031	-0.000512
1376	0.000639	-0.000347
1377	0.000146	-0.000183
1378	0.00031	-0.000347
1379	0.000639	-0.000183
1380	0.000474	-0.000183
1381	-1.9e-05	-0.000183
1382	-1.9e-05	-0.000183
1383	0.000146	-0.000347
1384	-0.000183	-0.000347
1385	-0.000676	-0.000676
1386	-0.000347	-0.000512
1387	-0.004128	-0.000347
1388	-0.000183	-0.000183
1389	-0.000512	-0.000183
1390	0.00031	-0.000183
1391	0.000146	-1.9e-05
1392	-0.001169	-1.9e-05
1393	-0.001662	-0.000347
1394	0.000146	-0.000183
1395	-0.001169	-0.000347
1396	0.000639	-0.000347
1397	0.000803	-0.000347
1398	-0.000183	-0.000347
1399	-1.9e-05	-0.000347
1400	-1.9e-05	-0.000183
1401	-0.000183	-0.000183
1402	-0.000183	-0.000183
1403	-1.9e-05	-0.000512
1404	-0.000676	-0.000183
1405	-0.000183	-0.000347
1406	-0.000183	-0.000512
1407	-1.9e-05	-0.000347
1408	-0.000347	-0.000676
1409	-0.000512	-0.000347
1410	-1.9e-05	-0.000347
1411	-0.000347	-0.000347
1412	-0.000183	-1.9e-05
1413	0.000146	-1.9e-05
1414	-0.000347	-0.000183
1415	-0.000183	-0.000183
1416	-0.000183	-0.000347
1417	-0.000347	-0.000347
1418	-0.000512	-0.000347
1419	-0.000183	-0.000347
1420	-0.000347	-0.000512
1421	-0.000183	-0.000183
1422	-0.000183	-0.000183
1423	-0.000183	-1.9e-05
1424	-0.000183	-0.000183
1425	-0.000183	-0.000183
1426	-1.9e-05	-0.000183
1427	-0.000183	-0.000183
1428	-0.000347	-0.000347
1429	-0.000347	-0.000512
1430	-0.000676	-0.000183
1431	-0.000347	-0.000347
1432	-0.000347	-0.000183
1433	-0.000183	-1.9e-05
1434	-1.9e-05	-0.000183
1435	-1.9e-05	-0.000347
1436	-0.000183	-0.000183
1437	-0.000347	-0.000512
1438	-0.000347	-0.000183
1439	-0.000183	-0.000183
1440	-0.000512	-0.000347
1441	-0.000183	-0.000347
1442	-0.000512	-0.000347
1443	-0.000183	-0.000183
1444	-0.000183	-0.000347
1445	-1.9e-05	-0.000183
1446	-0.000183	-0.000183
1447	0.000146	-0.000183
1448	-1.9e-05	-0.000183
1449	-0.000183	-0.000183
1450	-0.000183	-0.000512
1451	-0.000347	-0.000347
1452	-0.000347	-0.000347
1453	-0.000347	-0.000512
1454	-0.000183	-0.000347
1455	-0.000183	-0.000347
1456	-0.000183	-0.000347
1457	-0.000183	-1.9e-05
1458	0.000146	-1.9e-05
1459	-0.000183	-0.000183
1460	-0.000183	-0.000183
1461	-1.9e-05	-0.000347
1462	-0.000347	-0.000183
1463	-0.000183	-0.000512
1464	-0.000512	-0.000347
1465	-0.000512	-0.000183
1466	-1.9e-05	-0.000183
1467	-0.000183	-0.000183
1468	-0.000347	-0.000347
1469	-0.000183	-0.000347
1470	-0.000183	-1.9e-05
1471	-1.9e-05	-0.000183
1472	-0.000183	-0.000512
1473	-0.000183	-0.000347
1474	-0.000183	-0.000347
1475	-0.000841	0.000146
1476	-0.000347	-0.000183
1477	-0.000183	-0.000183
1478	-0.000183	-1.9e-05
1479	-0.000183	-0.000183
1480	-0.000183	-1.9e-05
1481	-1.9e-05	-1.9e-05
1482	-0.000183	-0.000347
1483	-0.000347	-0.000512
1484	-0.000347	-0.000347
1485	-0.000512	-0.000512
1486	-0.000183	-0.000183
1487	-0.000512	-0.000347
1488	-0.000183	-1.9e-05
1489	-1.9e-05	-0.000183
1490	-0.000183	-0.000347
1491	-0.000183	-1.9e-05
1492	-0.000183	-0.000183
1493	-0.000183	-0.000183
1494	-0.000183	-0.000347
1495	-0.000347	-0.000512
1496	-0.000512	-0.000512
1497	-0.000183	-0.001005
1498	-0.000183	-0.000347
1499	-0.000183	-0.000183
1500	-0.000183	-0.000183
1501	-1.9e-05	-0.000183
1502	-0.000183	-1.9e-05
1503	-0.000183	-0.000183
1504	-0.000183	-0.000183
1505	-0.000347	-0.000512
1506	-0.000183	-0.000183
1507	-0.000512	-0.000512
1508	-0.000347	-0.000512
1509	-0.000347	-0.000347
1510	-0.000183	-0.000347
1511	-1.9e-05	-1.9e-05
1512	-0.000183	-0.000183
1513	0.000146	-0.000183
1514	-0.000183	-0.000183
1515	-0.000512	-0.000183
1516	-0.000183	-0.000183
1517	-0.000183	-0.000347
1518	-0.000183	-0.000512
1519	-0.000183	-0.000347
1520	-0.000347	-0.000347
1521	-0.000347	-0.000183
1522	-1.9e-05	-1.9e-05
1523	-0.000183	-0.000183
1524	-1.9e-05	0.000146
1525	-1.9e-05	-0.000183
1526	-0.000183	-0.000183
1527	-0.000512	-0.000183
1528	-0.000183	-0.000183
1529	-0.000183	-0.000512
1530	-0.000347	-0.000183
1531	-0.000183	-0.000183
1532	-1.9e-05	-0.000183
1533	-0.000183	-0.000183
1534	-1.9e-05	-0.000183
1535	-1.9e-05	-1.9e-05
1536	-0.000183	-0.000347
1537	-1.9e-05	-0.000347
1538	-0.000183	-0.000183
1539	-0.000347	-0.000512
1540	-0.000347	-0.000183
1541	-0.000512	-0.000512
1542	-0.000183	-0.000512
1543	-1.9e-05	-1.9e-05
1544	-0.000183	-0.000183
1545	-0.000183	-0.000183
1546	-0.000183	0.000146
1547	-0.000183	-1.9e-05
1548	-1.9e-05	-0.000183
1549	-0.000183	-0.000347
1550	-0.000347	-0.000347
1551	-0.000347	-0.000512
1552	-0.000183	-0.000347
1553	-0.000183	-0.000183
1554	-0.000183	-0.000183
1555	-0.000347	-1.9e-05
1556	-1.9e-05	-0.000183
1557	-0.000183	-0.000347
1558	-0.000183	-0.000183
1559	-0.000347	-0.000183
1560	-0.000183	-0.000183
1561	-0.000183	-1.9e-05
1562	-0.000347	-1.9e-05
1563	-0.000347	-0.000347
1564	-0.000347	-0.000347
1565	-0.000183	-0.000183
1566	-1.9e-05	0.000146
1567	-1.9e-05	-1.9e-05
1568	-1.9e-05	-1.9e-05
1569	0.000146	-1.9e-05
1570	-1.9e-05	-1.9e-05
1571	-0.000347	-0.000183
1572	-0.000347	-0.000512
1573	-0.000347	-0.000512
1574	-0.000347	-0.000512
1575	-0.000512	-0.000347
1576	-1.9e-05	-0.000183
1577	-0.000183	-0.000183
1578	-1.9e-05	-0.000183
1579	-1.9e-05	-1.9e-05
1580	-0.000183	-1.9e-05
1581	-1.9e-05	-1.9e-05
1582	-0.000183	-0.000347
1583	-0.000347	-0.000183
1584	-0.000347	-0.000183
1585	-0.000347	-0.000183
1586	-0.000347	-0.000183
1587	-0.000183	-0.000183
1588	-0.000183	-1.9e-05
1589	-1.9e-05	-0.000183
1590	-1.9e-05	-1.9e-05
1591	0.000146	-1.9e-05
1592	-1.9e-05	-0.000347
1593	-0.000183	-0.000347
1594	-0.000183	-0.000347
1595	-0.000512	-0.000512
1596	-0.000183	-0.000183
1597	-0.000347	-0.000347
1598	-0.000183	-0.000183
1599	-1.9e-05	-0.000183
1600	-1.9e-05	-0.000183
1601	0.000146	-0.000183
1602	-1.9e-05	-1.9e-05
1603	-0.000183	-0.000183
1604	-0.000347	-0.000347
1605	-0.000183	-0.000183
1606	-0.000347	-0.000347
1607	-0.000512	-0.000512
1608	-0.000512	-0.000183
1609	-0.000183	-0.000183
1610	-0.000183	-1.9e-05
1611	-1.9e-05	-1.9e-05
1612	-0.000183	-1.9e-05
1613	-0.000183	-0.000183
1614	-0.000183	-0.000183
1615	-0.000347	-0.000512
1616	-0.000512	-0.000347
1617	-0.000347	-0.000347
1618	-0.000347	-0.000347
1619	-0.000183	-0.000512
1620	-0.000183	-0.000183
1621	-0.000183	-0.000183
1622	-0.000347	-1.9e-05
1623	-0.000183	-0.000183
1624	-1.9e-05	-1.9e-05
1625	-0.000183	-0.000183
1626	-0.000183	-0.000183
1627	-0.000347	-0.000347
1628	-0.000183	-0.000347
1629	-0.000347	-0.000183
1630	-0.000512	-0.000183
1631	-0.000183	-1.9e-05
1632	-0.000183	-0.000183
1633	-1.9e-05	-0.000512
1634	-0.000183	0.00031
1635	-0.000183	0.000146
1636	-1.9e-05	-1.9e-05
1637	-1.9e-05	-0.000347
1638	-0.000183	-0.000183
1639	-0.000183	0.00031
1640	-0.000512	-0.000676
1641	-0.000347	-1.9e-05
1642	-0.000183	-0.000183
1643	0.000146	0.000146
1644	-1.9e-05	-0.000183
1645	-0.000183	-0.000183
1646	-0.000183	-0.000183
1647	-1.9e-05	-1.9e-05
1648	-1.9e-05	-0.000347
1649	-0.000347	-0.000183
1650	-0.000347	-0.000183
1651	-0.000347	-0.000183
1652	-0.000512	0.00031
1653	-0.000183	-1.9e-05
1654	-0.000183	-1.9e-05
1655	-0.000183	-0.000183
1656	-1.9e-05	0.000146
1657	-1.9e-05	-0.000183
1658	-0.000183	0.000146
1659	-0.000183	-0.000347
1660	-0.000347	-1.9e-05
1661	-0.000183	-0.000183
1662	-0.000347	-0.000512
1663	-0.000183	-0.000347
1664	-0.000183	-1.9e-05
1665	-0.000183	0.000146
1666	-1.9e-05	0.000474
1667	-1.9e-05	0.00031
1668	-0.000183	-1.9e-05
1669	-1.9e-05	0.000146
1670	-0.000347	-0.000512
1671	-1.9e-05	-1.9e-05
1672	-0.000347	-0.000183
1673	-0.000512	-0.000183
1674	-0.000512	-0.000347
1675	-0.000183	-0.000183
1676	-1.9e-05	-0.000183
1677	-0.000183	-0.000347
1678	-1.9e-05	-1.9e-05
1679	-0.000183	-1.9e-05
1680	-1.9e-05	-1.9e-05
1681	-0.000183	-0.000183
1682	-0.000512	-0.000183
1683	-0.000347	-0.000347
1684	-0.000347	-0.000183
1685	-0.000347	-0.000347
1686	-0.000347	-1.9e-05
1687	-1.9e-05	-1.9e-05
1688	-1.9e-05	-1.9e-05
1689	-1.9e-05	-0.000347
1690	-0.000183	-1.9e-05
1691	-1.9e-05	-1.9e-05
1692	-0.000512	-0.000347
1693	-0.000347	-0.000347
1694	-0.000347	-0.000183
1695	-0.000512	-0.000512
1696	-0.000183	-1.9e-05
1697	-0.000347	-0.000347
1698	-0.000183	-0.000183
1699	-0.000347	0.000146
1700	-0.000347	-1.9e-05
1701	-0.000183	-1.9e-05
1702	-0.000183	-1.9e-05
1703	-1.9e-05	-0.000183
1704	-0.000183	-0.000512
1705	-0.000347	-1.9e-05
1706	-0.000183	-0.000347
1707	-0.000347	-0.000347
1708	-0.000347	-0.000183
1709	-0.000183	-0.000183
1710	-1.9e-05	-0.000183
1711	-1.9e-05	-1.9e-05
1712	-1.9e-05	-0.000183
1713	0.000146	-0.000183
1714	-0.000347	-0.000183
1715	-0.000347	-0.000183
1716	-0.000183	-1.9e-05
1717	-0.000347	-0.000512
1718	-0.000183	-0.000347
1719	-0.000183	-0.000183
1720	-0.000183	-0.000183
1721	-1.9e-05	-1.9e-05
1722	-1.9e-05	-1.9e-05
1723	-1.9e-05	-0.000183
1724	-1.9e-05	-1.9e-05
1725	-0.000347	-0.000183
1726	-0.000183	-0.000347
1727	-0.000347	-0.000347
1728	-0.000347	-0.000512
1729	-0.000512	-0.000183
1730	-0.000347	-0.000183
1731	-1.9e-05	-1.9e-05
1732	-0.000183	-1.9e-05
1733	-1.9e-05	-0.000183
1734	0.000146	-0.000183
1735	-1.9e-05	-0.000183
1736	-1.9e-05	-0.000183
1737	-0.000347	-0.000347
1738	-0.000183	-0.000347
1739	-0.000347	-0.000183
1740	-0.000512	-0.000347
1741	-0.000183	-0.000183
1742	-0.000183	-0.000183
1743	-0.000183	-0.000347
1744	-0.000183	-0.000183
1745	-0.000183	-1.9e-05
1746	-0.000183	-0.000183
1747	-0.000183	-0.000183
1748	-0.000183	-0.000183
1749	-0.000347	-0.000183
1750	-0.000347	-0.000347
1751	-0.000183	-0.000512
1752	-0.000347	-0.000183
1753	-0.000183	-1.9e-05
1754	-0.000183	-1.9e-05
1755	-1.9e-05	-0.000183
1756	-1.9e-05	-0.000183
1757	-0.000183	-1.9e-05
1758	-1.9e-05	-0.000347
1759	-0.000347	-0.000183
1760	-0.000347	-0.000183
1761	-1.9e-05	-0.000512
1762	-0.000347	-0.000183
1763	-0.000183	-0.000512
1764	-0.000183	-0.000183
1765	0.000146	-1.9e-05
1766	-0.000183	-0.000347
1767	-1.9e-05	-0.000183
1768	-1.9e-05	-0.000183
1769	-0.000183	-0.000347
1770	-0.000183	-0.000347
1771	-0.000183	-0.000512
1772	-0.000347	-0.000183
1773	-0.000347	-0.000347
1774	-0.000347	-0.000183
1775	-0.000183	-0.000183
1776	-0.000183	-0.000183
1777	-0.000183	-1.9e-05
1778	-1.9e-05	-1.9e-05
1779	-0.000183	-0.000183
1780	-0.000347	-0.000347
1781	-0.000183	-0.000512
1782	-0.000183	-0.000347
1783	-0.000347	-0.000347
1784	-0.000347	-0.000183
1785	-0.000347	-0.000183
1786	-0.000183	0.000146
1787	-0.000183	-1.9e-05
1788	-1.9e-05	-1.9e-05
1789	-0.000183	-0.000183
1790	-1.9e-05	-0.000183
1791	-0.000183	-0.000183
1792	-0.000347	-0.000183
1793	-0.000183	-0.000183
1794	-0.000347	-0.000347
1795	-0.000347	-0.000512
1796	-0.000347	-0.000347
1797	-0.000183	-1.9e-05
1798	-1.9e-05	-1.9e-05
1799	-0.000183	-0.000183
1800	-0.000183	-0.000183
1801	-1.9e-05	-0.000183
1802	-0.000183	-0.000347
1803	-0.000183	-0.000183
1804	-0.000347	-0.000183
1805	-0.000183	-0.000183
1806	-0.000347	-0.000183
1807	-0.000512	-0.000183
1808	-1.9e-05	-0.000183
1809	-1.9e-05	-1.9e-05
1810	-0.000183	-0.000183
1811	-1.9e-05	-1.9e-05
1812	-1.9e-05	-0.000183
1813	-1.9e-05	-0.000347
1814	-0.000347	-1.9e-05
1815	-0.000347	-0.000512
1816	-0.000347	-0.000183
1817	-0.000512	-0.000183
1818	-0.000183	-0.000183
1819	-0.000183	-1.9e-05
1820	-0.000347	-0.000183
1821	-0.000183	-0.000183
1822	-0.000183	-1.9e-05
1823	-0.000183	-1.9e-05
1824	-0.000183	-0.000183
1825	-0.000183	-0.000183
1826	-0.000347	-0.000183
1827	-0.000512	-0.000347
1828	-0.000183	-0.000347
1829	-0.000183	-0.000183
1830	-1.9e-05	-0.000183
1831	-1.9e-05	-1.9e-05
1832	-1.9e-05	-1.9e-05
1833	-0.000183	-1.9e-05
1834	-0.000183	-0.000183
1835	-1.9e-05	-1.9e-05
1836	-1.9e-05	-0.000347
1837	-0.000347	-0.000347
1838	-0.000183	-0.000512
1839	-0.000512	-0.000512
1840	-0.000347	-0.000347
1841	-0.000183	-0.000183
1842	-0.000183	-0.000347
1843	-1.9e-05	-0.000183
1844	-1.9e-05	-0.000183
1845	-0.000183	-1.9e-05
1846	-0.000183	-0.000183
1847	-0.000347	-0.000183
1848	-0.000183	-0.000183
1849	-0.000512	-0.000347
1850	-0.000347	-0.000512
1851	-0.000347	-0.000183
1852	-1.9e-05	-1.9e-05
1853	-0.000183	-0.000183
1854	-1.9e-05	0.000146
1855	-0.000183	-0.000183
1856	-1.9e-05	0.000146
1857	-0.000347	-0.000183
1858	-0.000183	-0.000183
1859	-0.000347	-0.000183
1860	-0.000183	-1.9e-05
1861	-0.000512	-0.000183
1862	-0.000512	-0.000183
1863	-0.000183	-0.000183
1864	-0.000183	-0.000183
1865	-0.000183	-0.000347
1866	-0.000347	-1.9e-05
1867	-1.9e-05	-0.000183
1868	-0.000183	-0.000183
1869	-1.9e-05	-0.000347
1870	-0.000347	-0.000183
1871	-0.000183	-0.000347
1872	-0.000512	-0.000183
1873	-1.9e-05	-0.000183
1874	-0.000183	-0.000183
1875	-0.000183	-0.000183
1876	-0.000183	-0.000183
1877	-1.9e-05	0.000146
1878	-1.9e-05	-0.000183
1879	-0.000183	-0.000183
1880	-0.000183	-0.000183
1881	-0.000347	-0.000183
1882	-0.000512	-0.000347
1883	-0.000347	-0.000347
1884	-0.000183	-0.000347
1885	-0.000183	-1.9e-05
1886	-1.9e-05	-0.000183
1887	-0.000183	-0.000183
1888	-1.9e-05	-0.000183
1889	-1.9e-05	-1.9e-05
1890	-0.000183	-1.9e-05
1891	-0.000183	-0.000183
1892	-0.000347	-0.000347
1893	-0.000347	-0.000183
1894	-0.000183	-0.000183
1895	-0.000183	-0.000347
1896	-1.9e-05	-0.000183
1897	-0.000183	-0.000183
1898	-1.9e-05	-0.000183
1899	-0.000183	-1.9e-05
1900	0.000146	-1.9e-05
1901	-0.000183	-1.9e-05
1902	-0.000512	-0.000512
1903	-0.000183	-1.9e-05
1904	-0.000347	-0.000183
1905	-0.000347	-0.000347
1906	-0.000347	-0.000347
1907	-0.000183	-0.000183
1908	-0.000183	-0.000183
1909	-1.9e-05	0.000146
1910	-1.9e-05	-1.9e-05
1911	-0.000183	-1.9e-05
1912	-0.000183	-0.000183
1913	-0.000183	-0.000183
1914	-0.000347	-0.000183
1915	-0.000347	-0.000347
1916	-0.000183	-0.000347
1917	-0.000183	-0.000347
1918	-0.000183	-0.000183
1919	-0.000183	-0.000183
1920	-0.000347	-0.000183
1921	-0.000183	-0.000347
1922	-1.9e-05	-1.9e-05
1923	-0.000347	-1.9e-05
1924	-0.000183	-0.000347
1925	-1.9e-05	-0.000183
1926	-0.000347	-0.000183
1927	-0.000183	-0.000512
1928	-0.000183	-0.000183
1929	-0.000183	-1.9e-05
1930	-0.000183	-0.000347
1931	-0.000183	-1.9e-05
1932	-0.000183	-0.000183
1933	-0.000183	-1.9e-05
1934	-1.9e-05	-0.000347
1935	-0.000183	-0.000183
1936	-0.000183	-0.000183
1937	-0.000347	-0.000183
1938	-0.000347	-0.000347
1939	-0.000512	-0.000183
1940	-0.000183	-1.9e-05
1941	-0.000347	-0.000183
1942	0.000146	-1.9e-05
1943	0.000146	-1.9e-05
1944	-1.9e-05	-0.000183
1945	-0.000183	-0.000183
1946	0.000146	-0.000347
1947	-0.000347	-0.000512
1948	-0.000183	-0.000347
1949	-0.000347	-0.000512
1950	-0.000183	-0.000347
1951	-0.000183	-1.9e-05
1952	-1.9e-05	-0.000183
1953	-0.000183	-0.000183
1954	-0.000183	-0.000183
1955	-1.9e-05	-0.000347
1956	-0.000183	0.000146
1957	-0.000183	-0.000183
1958	-0.000183	-0.000183
1959	-0.000347	-0.000183
1960	-0.000512	-0.000183
1961	-0.000183	-0.000347
1962	-0.000183	-0.000183
1963	-1.9e-05	-0.000183
1964	-1.9e-05	-0.000183
1965	-0.000183	-1.9e-05
1966	-0.000183	-0.000183
1967	-0.000183	-0.000347
1968	-0.000183	-0.000183
1969	-0.000347	-0.000347
1970	-0.000512	-0.000183
1971	-0.000183	-0.000512
1972	-0.000347	-0.000183
1973	-0.000183	-0.000183
1974	-1.9e-05	-0.000183
1975	-0.000183	-0.000183
1976	-1.9e-05	-0.000183
1977	-0.000183	-0.000183
1978	-0.000347	-0.000183
1979	-0.000347	-0.000183
1980	-0.000183	-0.000347
1981	-0.000347	-0.000183
1982	-0.000347	-0.000347
1983	-0.000183	-0.000183
1984	-0.000183	-0.000183
1985	-0.000183	-1.9e-05
1986	-0.000183	-0.000183
1987	-1.9e-05	-1.9e-05
1988	-1.9e-05	-1.9e-05
1989	-1.9e-05	-1.9e-05
1990	-0.000183	-0.000183
1991	-0.000183	-0.000512
1992	-0.000347	-0.000183
1993	-0.000347	-0.000347
1994	-0.000183	-0.000183
1995	-0.000183	-0.000183
1996	-0.000347	-0.000183
1997	-1.9e-05	-1.9e-05
1998	-0.000183	-1.9e-05
1999	-0.000347	-1.9e-05
2000	-0.000183	-1.9e-05
2001	-0.000347	-1.9e-05
2002	-0.000347	-0.000347
2003	-0.000512	-0.000512
2004	-0.000512	-0.000183
2005	-0.000512	-0.000347
2006	-0.000183	-0.000183
2007	-0.000183	-0.000183
2008	-1.9e-05	-0.000183
2009	-0.000183	-0.000183
2010	-1.9e-05	-0.000183
2011	-1.9e-05	-1.9e-05
2012	-0.000183	-0.000347
2013	-0.000183	-0.000347
2014	-0.000183	-0.000183
2015	-0.000512	-0.000347
2016	-0.000512	-0.000347
2017	-0.000183	-0.000183
2018	-0.000183	-0.000183
2019	-1.9e-05	-0.000183
2020	-1.9e-05	-1.9e-05
2021	-1.9e-05	-1.9e-05
2022	-0.000183	-0.000183
2023	-0.000183	-0.000183
2024	-0.000347	-0.000347
2025	-0.000347	-0.000347
2026	-0.000512	-0.000512
2027	-0.000183	-0.000347
2028	-0.000347	-0.000183
2029	-0.000183	0.000146
2030	-1.9e-05	-0.000183
2031	-1.9e-05	-1.9e-05
2032	-1.9e-05	-0.000183
2033	-1.9e-05	-0.000183
2034	-1.9e-05	-0.000183
2035	-0.000512	-0.000183
2036	-0.000183	-0.000347
2037	-0.000183	-0.000347
2038	-0.000512	-0.000676
2039	-0.000183	-0.000347
2040	-1.9e-05	-1.9e-05
2041	-1.9e-05	-1.9e-05
2042	-0.000347	-0.000183
2043	-0.000183	-0.000183
2044	-1.9e-05	0.00031
2045	-0.000183	-0.001498
2046	-0.000347	-0.000841
2047	-0.000183	-1.9e-05
2048	-0.000347	0.000146
2049	-0.000512	0.00031
2050	-1.9e-05	0.000146
2051	-0.000347	0.000146
2052	-0.000183	0.00031
2053	-0.000183	-0.000512
2054	-1.9e-05	-1.9e-05
2055	-1.9e-05	0.00031
2056	-0.000183	-0.000347
2057	-0.000347	0.00031
2058	-0.000183	-0.000183
2059	-0.000512	-0.000183
2060	-0.000347	-0.001169
2061	-0.000347	0.000146
2062	-0.000183	-0.000347
2063	-1.9e-05	-0.000183
2064	-0.000183	0.000146
2065	-1.9e-05	-1.9e-05
2066	-1.9e-05	-0.000183
2067	-0.000347	0.00031
2068	-0.000183	-0.000347
2069	-0.000512	-0.000347
2070	-0.000347	-0.000183
2071	-0.000512	-0.000347
2072	-1.9e-05	-0.000183
2073	-0.000183	-0.000347
2074	-0.000183	-0.000183
2075	-1.9e-05	-1.9e-05
2076	-0.000183	-0.000183
2077	-0.000183	-0.000183
2078	-0.000183	-1.9e-05
2079	-0.000183	-0.000347
2080	-0.000183	-0.000183
2081	-0.000347	-0.000183
2082	-0.000347	-0.000347
2083	-0.000347	-0.000512
2084	-0.000183	-0.000512
2085	-0.000183	-1.9e-05
2086	-1.9e-05	0.000803
2087	-1.9e-05	0.001296
2088	-0.000183	-1.9e-05
2089	-0.000347	0.000639
2090	-0.000512	0.000146
2091	-0.000347	0.000146
2092	-0.000183	-0.000183
2093	-0.000347	0.003104
2094	-0.000183	0.00031
2095	-0.000183	-0.000841
2096	-0.000183	-0.001005
2097	-0.000183	0.00031
2098	-1.9e-05	0.00031
2099	-0.000183	-0.000512
2100	-0.000347	0.00031
2101	-1.9e-05	0.00146
2102	-0.000347	0.00031
2103	-0.000512	-0.001991
2104	-0.000347	-0.002648
2105	-0.000512	0.000146
2106	-0.000183	-1.9e-05
2107	-0.000183	0.000474
2108	-1.9e-05	-0.000183
2109	-1.9e-05	-0.000183
2110	0.000146	-0.000183
2111	-0.000183	-0.000183
2112	-0.000183	-0.000347
2113	-0.000183	-0.000347
2114	-0.000512	-0.000512
2115	-0.000183	-0.000347
2116	-0.000183	-0.000347
2117	-0.000183	-0.000183
2118	-1.9e-05	-0.000183
2119	-0.000512	-0.000347
2120	-0.000183	-1.9e-05
2121	-1.9e-05	-0.000347
2122	-1.9e-05	-0.000183
2123	-0.000183	-0.000183
2124	-0.000347	-0.000183
2125	-0.000183	-0.000347
2126	-0.000183	-0.000512
2127	-0.000347	-0.000347
2128	-1.9e-05	-0.000183
2129	-1.9e-05	-1.9e-05
2130	-1.9e-05	-0.000347
2131	-0.000183	-0.000183
2132	-1.9e-05	-1.9e-05
2133	-0.000183	-0.000183
2134	-0.000347	-0.000183
2135	-0.000183	-0.000347
2136	-0.000347	-0.000512
2137	-0.000347	-1.9e-05
2138	-0.000183	-0.000347
2139	-0.000183	-0.000183
2140	-0.000183	-1.9e-05
2141	-1.9e-05	-0.000347
2142	-0.000183	-1.9e-05
2143	-0.000183	-0.000183
2144	-0.000183	-0.000347
2145	-0.000347	-0.000347
2146	-0.000347	-0.000183
2147	-0.000347	-0.000676
2148	-0.000512	-0.000347
2149	-0.000183	-0.000347
2150	-0.000347	-0.000183
2151	-0.000183	-0.000183
2152	-0.000183	-0.000183
2153	-0.000183	-1.9e-05
2154	-1.9e-05	-1.9e-05
2155	-1.9e-05	-1.9e-05
2156	-0.000183	-0.000347
2157	-0.000512	-0.000347
2158	-0.000183	-0.000183
2159	-0.000512	-0.000183
2160	-0.000183	-0.000183
2161	-0.000183	-0.000183
2162	-1.9e-05	-1.9e-05
2163	-0.000183	-0.000183
2164	0.000146	-1.9e-05
2165	-1.9e-05	-0.000347
2166	-0.000183	-0.000183
2167	-0.000183	-0.000183
2168	-0.000183	-0.000183
2169	-0.000512	-0.000183
2170	-0.000512	-0.000183
2171	-0.000347	-1.9e-05
2172	-0.000183	-0.000347
2173	-1.9e-05	-1.9e-05
2174	-0.000183	-0.000183
2175	-0.000183	-0.000183
2176	-0.000183	0.000146
2177	-0.000183	-0.000183
2178	-0.000347	-0.000183
2179	-0.000183	-0.000676
2180	-0.000347	-0.000512
2181	-0.000676	-0.000183
2182	-1.9e-05	-0.000347
2183	-0.000183	-0.000183
2184	-0.000183	-1.9e-05
2185	0.000146	-0.000183
2186	0.00031	-1.9e-05
2187	-1.9e-05	-0.000183
2188	-0.000183	-0.000183
2189	-0.000183	-0.000183
2190	-0.000347	-0.000347
2191	-0.000347	-0.000183
2192	-0.000347	-0.000512
2193	-0.000183	-0.000183
2194	-0.000183	-0.000183
2195	-0.000183	-0.000183
2196	-1.9e-05	0.000146
2197	-1.9e-05	-1.9e-05
2198	-0.000183	-1.9e-05
2199	-1.9e-05	-0.000183
2200	-0.000183	-0.000347
2201	-0.000347	-0.000183
2202	-0.000183	-0.000347
2203	-0.000512	-0.000512
2204	-0.000183	-0.000347
2205	-0.000183	-0.000183
2206	-1.9e-05	-0.000183
2207	-1.9e-05	-0.000183
2208	-0.000347	-1.9e-05
2209	-1.9e-05	0.000146
2210	-0.000183	-0.000183
2211	-0.000183	-0.000347
2212	-0.000512	-0.000347
2213	-0.000183	-0.000347
2214	-0.000183	-0.000512
2215	-0.000183	-0.000512
2216	-0.000347	-1.9e-05
2217	0.000146	-1.9e-05
2218	-0.000183	-0.000183
2219	-1.9e-05	-0.000183
2220	-0.000183	-1.9e-05
2221	-1.9e-05	-0.000183
2222	-0.000183	-0.000183
2223	-0.000347	-0.000347
2224	-0.000347	-0.000183
2225	-0.000676	-0.000347
2226	-0.000183	-0.000183
2227	-0.000183	-0.000183
2228	-1.9e-05	-0.000347
2229	-0.000183	-1.9e-05
2230	-1.9e-05	-1.9e-05
2231	-0.000183	-1.9e-05
2232	-1.9e-05	-1.9e-05
2233	-1.9e-05	-0.000347
2234	-0.000347	-0.000183
2235	-0.000512	-0.000347
2236	-0.000183	-0.000347
2237	-0.000183	-0.000183
2238	-1.9e-05	-0.000183
2239	-1.9e-05	-0.000347
2240	-1.9e-05	-0.000183
2241	-1.9e-05	-1.9e-05
2242	-1.9e-05	-1.9e-05
2243	-1.9e-05	-0.000183
2244	-0.000183	-0.000347
2245	-0.000183	-0.000183
2246	-0.000183	-0.000183
2247	-0.000512	-0.000512
2248	-0.000183	-0.000183
2249	-0.000183	-1.9e-05
2250	-0.000183	-0.000183
2251	-0.000183	-1.9e-05
2252	-1.9e-05	-1.9e-05
2253	-1.9e-05	-1.9e-05
2254	-0.000347	-1.9e-05
2255	-0.000183	-0.000347
2256	-0.000347	-0.000347
2257	-0.000347	-0.000512
2258	-0.000347	-0.000347
2259	-0.000183	-0.000183
2260	-0.000183	-0.000183
2261	-0.000183	-0.000183
2262	-1.9e-05	-0.000183
2263	-0.000183	-0.000183
2264	-1.9e-05	-0.000183
2265	-0.000183	-0.000347
2266	-1.9e-05	-0.000183
2267	-0.000183	-0.000183
2268	-1.9e-05	-0.000512
2269	-0.000347	-0.000183
2270	-0.000512	-0.000183
2271	-0.000183	-0.000347
2272	-1.9e-05	-0.000183
2273	-0.000183	-0.000512
2274	0.000146	-0.000183
2275	-1.9e-05	-1.9e-05
2276	-1.9e-05	-0.000183
2277	-0.000183	-0.000512
2278	-0.000183	-0.000347
2279	-0.000183	-0.000183
2280	-0.000347	-0.000512
2281	-0.000183	-0.000183
2282	-0.000347	-0.000183
2283	-0.000183	-0.000183
2284	-0.000183	-0.000183
2285	-0.000183	-1.9e-05
2286	-0.000183	0.000146
2287	-0.000183	-1.9e-05
2288	-0.000183	-0.000183
2289	-0.000347	-0.000347
2290	-0.000347	-0.000183
2291	-0.000347	-0.000347
2292	-0.000512	-0.000512
2293	-0.000183	-0.000183
2294	-0.000183	-0.000347
2295	-1.9e-05	-0.000183
2296	-0.000183	0.000146
2297	-1.9e-05	-1.9e-05
2298	-1.9e-05	-1.9e-05
2299	-0.000183	-0.000347
2300	-0.000183	-1.9e-05
2301	-0.000347	-0.000347
2302	-0.000183	-0.000676
2303	-0.000347	-0.000841
2304	-0.000183	-1.9e-05
2305	-0.000347	-0.000183
2306	-0.000183	-1.9e-05
2307	-1.9e-05	-1.9e-05
2308	0.000146	-1.9e-05
2309	-0.000183	0.000146
2310	-0.000183	-0.000347
2311	-0.000676	-0.000347
2312	-0.000512	-0.000347
2313	-0.000183	-0.000183
2314	-0.000512	-0.000347
2315	-0.000347	-0.000183
2316	-1.9e-05	-0.000183
2317	-1.9e-05	-0.000183
2318	-1.9e-05	-0.000183
2319	0.000146	-0.000183
2320	0.000146	-1.9e-05
2321	-1.9e-05	-0.000183
2322	-0.000183	-0.000512
2323	-0.000347	-0.000347
2324	-0.000347	-0.000347
2325	-0.000512	-0.000512
2326	-0.000183	-0.000183
2327	-0.000183	-0.000183
2328	-0.000183	0.000146
2329	-0.000183	-1.9e-05
2330	-1.9e-05	-0.000183
2331	-0.000183	-0.000347
2332	-0.000183	-0.000183
2333	-0.000183	-0.000183
2334	-0.000183	-0.000183
2335	-0.000347	-0.000512
2336	-0.000512	-1.9e-05
2337	-0.000512	-0.000512
2338	-1.9e-05	-0.000183
2339	-0.000183	-0.000183
2340	-0.000183	-1.9e-05
2341	-1.9e-05	-0.000183
2342	-1.9e-05	-0.000347
2343	-0.000183	0.000146
2344	-0.000347	-0.000183
2345	-0.000347	-0.000183
2346	-0.000347	-0.000183
2347	-1.9e-05	-0.000183
2348	-0.000183	-0.000347
2349	-0.000183	-0.000183
2350	-0.000183	-0.000183
2351	0.000146	-0.000183
2352	-1.9e-05	-1.9e-05
2353	0.000146	-0.000183
2354	-1.9e-05	-1.9e-05
2355	-0.000347	-0.000347
2356	-0.000347	-0.000347
2357	-0.000347	-0.000347
2358	-0.000183	-0.000512
2359	-0.000183	-1.9e-05
2360	-0.000183	-1.9e-05
2361	0.000146	-0.000183
2362	-1.9e-05	-0.000183
2363	-0.000183	-0.000183
2364	-0.000183	0.000146
2365	-0.000183	-0.000512
2366	-0.000183	-0.000183
2367	-0.000183	-0.000347
2368	-0.000512	-0.000347
2369	-0.000512	-0.000512
2370	-0.000183	-0.000183
2371	-1.9e-05	-1.9e-05
2372	0.000146	-1.9e-05
2373	-1.9e-05	-1.9e-05
2374	-0.000183	-1.9e-05
2375	-1.9e-05	-1.9e-05
2376	-0.000347	-0.000183
2377	-0.000512	-0.000347
2378	-0.000183	-0.000347
2379	-0.000347	-0.000183
2380	-0.000347	-0.000183
2381	-0.000347	-0.000183
2382	-1.9e-05	-0.000183
2383	-1.9e-05	-1.9e-05
2384	-1.9e-05	-1.9e-05
2385	-0.000183	-1.9e-05
2386	-1.9e-05	-0.000183
2387	-1.9e-05	-0.000347
2388	-0.000183	-0.000183
2389	-0.000183	-0.000183
2390	-0.000347	-0.000347
2391	-0.000183	-0.000183
2392	-0.000183	-0.000183
2393	-1.9e-05	-1.9e-05
2394	-0.000183	-1.9e-05
2395	-0.000183	-0.000183
2396	0.000146	-0.000183
2397	-1.9e-05	-0.000183
2398	-0.000183	-0.000183
2399	-0.000183	-0.000347
2400	-0.000183	-0.000512
2401	-0.000512	-0.000183
2402	-0.000512	-0.000347
2403	-0.000183	-0.000183
2404	-0.000183	-0.000183
2405	-1.9e-05	-0.000183
2406	-1.9e-05	-0.000183
2407	-1.9e-05	-0.000183
2408	-1.9e-05	-1.9e-05
2409	-1.9e-05	-0.000183
2410	-0.000183	-0.000183
2411	-0.000347	-0.000347
2412	-0.000347	-0.000183
2413	-0.000347	-0.000347
2414	-0.000347	-0.000183
2415	-0.000183	-0.000347
2416	-1.9e-05	-0.000183
2417	-0.000183	-1.9e-05
2418	-1.9e-05	-0.000183
2419	0.000146	-0.000183
2420	-0.000183	-0.000183
2421	-0.000183	-0.000512
2422	-0.000183	-0.000183
2423	-0.000183	-0.000347
2424	-0.000183	-0.000347
2425	-0.000183	-0.000183
2426	-1.9e-05	-0.000347
2427	-1.9e-05	-0.000183
2428	-1.9e-05	-0.000183
2429	0.000146	-0.000183
2430	-0.000183	-1.9e-05
2431	-1.9e-05	-0.000347
2432	-0.000183	-0.000183
2433	-1.9e-05	-0.000183
2434	-0.000347	-0.000183
2435	-0.000183	-0.000512
2436	-0.000183	-1.9e-05
2437	-0.000183	-1.9e-05
2438	-1.9e-05	-1.9e-05
2439	-0.000183	-0.000183
2440	-1.9e-05	-0.000183
2441	-0.000183	-0.000183
2442	-0.000183	-0.000183
2443	-0.000347	-0.000347
2444	-0.000347	-0.000183
2445	-0.000512	-0.000347
2446	-0.000347	-0.000512
2447	-0.000347	-0.000183
2448	-1.9e-05	-0.000183
2449	-0.000183	0.000146
2450	-0.000183	-1.9e-05
2451	0.000146	-1.9e-05
2452	-1.9e-05	-1.9e-05
2453	-1.9e-05	-0.000347
2454	-1.9e-05	-0.000347
2455	-0.000183	-0.000183
2456	-0.000183	-0.000347
2457	-0.000512	-0.000183
2458	-0.000347	-0.000183
2459	-1.9e-05	-1.9e-05
2460	-0.000183	-0.000183
2461	-1.9e-05	-0.000183
2462	-0.000183	-0.000183
2463	-0.000183	-0.000183
2464	-1.9e-05	-0.000347
2465	-0.000183	-0.000183
2466	-0.000183	-0.000347
2467	-0.000183	-0.000347
2468	-0.000347	-0.000512
2469	-0.000183	-0.000183
2470	-0.000183	-0.000183
2471	-1.9e-05	-0.000183
2472	-1.9e-05	-0.000347
2473	-1.9e-05	-1.9e-05
2474	-1.9e-05	-0.000183
2475	-1.9e-05	-0.000183
2476	-0.000183	-0.000347
2477	-0.000183	-0.000183
2478	-0.000183	-0.000512
2479	-0.000183	-0.000676
2480	-0.000183	-0.000183
2481	0.000146	-0.000183
2482	-0.000347	-1.9e-05
2483	-1.9e-05	-0.000347
2484	-0.000183	-1.9e-05
2485	-1.9e-05	-0.000183
2486	-0.000183	-0.000183
2487	-0.000347	-0.000183
2488	-0.000512	-0.000183
2489	-0.000347	-0.000183
2490	-0.000347	-0.000512
2491	-0.000183	-0.000512
2492	-0.000183	-0.000183
2493	-0.000183	-0.000183
2494	-0.000183	-0.000183
2495	-1.9e-05	-0.000183
2496	-1.9e-05	-0.000183
2497	-1.9e-05	-0.000347
2498	-0.000183	-0.000183
2499	-0.000347	-0.000347
