Ladekurvenmessung

Zeit: 2018_05_02 15.11.57

Info: FVA3, v = 0.1074, T = 40, F = 20, h = 95.8

Ladewiderstand[Ohm]: 1012700

Störkapazität[nF]: 0.000000

Entladezeit[ms]: 100

Abtastrate[Hz]: 250000

Anzahl der Messwerte: 2500

Verzögerung [ms]: 1


Kurve 1

0.002541
-0.001242
0.000535
-0.00167
-0.002492
0.004384
-0.003183
0.002969
-0.000584
0.002903
0.000206
0.001423
-0.000189
0.001456
-0.00111
0.000502
-0.000189
-0.000123
0.000239
7.4e-05
0.000535
-0.000222
-2.5e-05
0.001719
4.1e-05
0.000173
0.00037
-0.000189
0.001752
-9e-05
0.001423
0.000502
0.001456
0.000732
0.000239
0.001258
0.000239
0.000798
0.000173
0.000995
0.000304
0.001423
0.001719
0.001554
-9e-05
0.000962
-0.000321
0.000798
0.002443
0.000535
0.00241
4.1e-05
0.000633
0.000304
0.000502
0.003035
-5.8e-05
-0.000123
0.003594
0.000173
0.00014
0.000239
-5.8e-05
-9e-05
7.4e-05
-0.000354
0.003002
-0.000419
0.000469
0.000666
0.000173
0.000107
7.4e-05
-9e-05
-2.5e-05
-5.8e-05
-0.000123
-0.000584
-9e-05
0.000206
0.00014
0.000173
0.00014
0.000239
-2.5e-05
-5.8e-05
-0.000288
-2.5e-05
-5.8e-05
0.000107
8e-06
0.000107
0.000173
0.000206
8e-06
8e-06
7.4e-05
-0.000189
-9e-05
-2.5e-05
-0.000222
8e-06
4.1e-05
8e-06
0.000239
0.00014
8e-06
0.000107
-0.000189
0.000206
-2.5e-05
-9e-05
8e-06
0.000206
-9e-05
0.000271
0.000239
4.1e-05
7.4e-05
-0.000156
-2.5e-05
4.1e-05
-0.000156
-2.5e-05
0.000107
-9e-05
0.00014
0.000206
0.000173
-2.5e-05
8e-06
-0.000156
4.1e-05
-9e-05
7.4e-05
0.00014
-5.8e-05
7.4e-05
0.000271
7.4e-05
-0.000156
-2.5e-05
-0.000156
8e-06
-2.5e-05
7.4e-05
7.4e-05
0.00014
0.00014
0.000239
8e-06
8e-06
-2.5e-05
0.000239
-2.5e-05
-0.000156
8e-06
-0.000189
-2.5e-05
-9e-05
0.000535
-0.001933
0.000535
-0.000321
0.000831
8e-06
0.000436
-0.001406
0.000403
-0.000485
0.000962
0.000206
0.000995
-2.5e-05
-0.000551
0.000568
-0.001077
4.1e-05
-0.000255
0.000271
0.00014
0.000271
0.000831
0.000239
0.000436
0.000436
0.00139
-0.000255
0.000271
0.000568
0.000864
-0.000156
0.002574
-0.000683
-2.5e-05
0.000173
-0.001308
-0.001604
-0.001703
0.002344
0.000502
0.000765
0.000962
0.002081
-0.000156
4.1e-05
-0.000123
0.000403
-0.000913
0.001127
0.000107
-0.000222
0.00037
4.1e-05
0.000403
-0.00065
-0.000485
0.002377
-5.8e-05
-2.5e-05
8e-06
0.00139
0.001324
0.001225
-2.5e-05
0.002114
0.001324
-0.000419
-0.001341
0.00116
-0.000485
0.000831
-0.000222
8e-06
7.4e-05
0.000271
0.00014
0.000173
7.4e-05
7.4e-05
-5.8e-05
-2.5e-05
-0.000189
-0.002032
-0.000551
4.1e-05
-0.000617
0.000666
-0.000255
4.1e-05
0.000403
-0.000354
0.000304
-5.8e-05
0.000239
-0.000419
0.000173
0.00014
0.000239
0.000206
-0.000222
0.001883
0.000831
-9e-05
-0.000123
0.000337
0.001061
0.000502
8e-06
0.0006
0.000271
0.000173
0.000107
0.000107
-5.8e-05
8e-06
-9e-05
-2.5e-05
-9e-05
0.00014
0.000107
0.00014
0.000107
4.1e-05
7.4e-05
-2.5e-05
-9e-05
-9e-05
4.1e-05
4.1e-05
0.000107
0.000173
0.000107
0.000337
0.001554
-5.8e-05
-5.8e-05
-2.5e-05
-9e-05
-5.8e-05
4.1e-05
0.000107
0.000107
7.4e-05
0.000173
4.1e-05
-2.5e-05
-2.5e-05
-9e-05
-0.000123
-2.5e-05
4.1e-05
7.4e-05
0.000107
0.000107
0.00014
8e-06
8e-06
-5.8e-05
-9e-05
-9e-05
-9e-05
4.1e-05
7.4e-05
0.00014
0.000107
0.00014
0.000107
-2.5e-05
-9e-05
-5.8e-05
-0.000123
-2.5e-05
-2.5e-05
4.1e-05
7.4e-05
0.000107
0.00014
0.000107
8e-06
-9e-05
-5.8e-05
-0.000123
-2.5e-05
8e-06
4.1e-05
7.4e-05
7.4e-05
0.000107
0.000107
-2.5e-05
-5.8e-05
-9e-05
-0.000156
-9e-05
4.1e-05
7.4e-05
7.4e-05
0.000107
0.000173
4.1e-05
8e-06
-2.5e-05
-9e-05
-9e-05
-5.8e-05
-5.8e-05
7.4e-05
4.1e-05
0.00014
0.000107
0.00014
8e-06
-2.5e-05
-5.8e-05
-0.000123
-5.8e-05
-2.5e-05
4.1e-05
0.00014
0.00014
0.00014
0.000107
8e-06
-5.8e-05
-5.8e-05
-5.8e-05
-0.000189
-2.5e-05
0.000173
0.000206
7.4e-05
0.000271
0.000173
0.000107
-0.000123
-9e-05
-9e-05
0.000304
8e-06
0.00014
4.1e-05
0.000107
0.00014
7.4e-05
0.00014
0.00014
7.4e-05
-0.000123
-0.000288
-2.5e-05
0.000206
0.000173
0.000107
0.000107
0.000107
0.000107
-0.000255
0.000107
-0.000387
0.000666
-0.000321
-0.000551
7.4e-05
0.00037
0.000337
0.000107
0.000107
-9e-05
0.000173
-0.000222
-0.000123
-0.000452
0.000271
0.000271
0.001127
0.000568
0.000568
0.004713
0.000831
-5.8e-05
0.000239
8e-06
-0.000189
0.000666
0.004877
0.001752
0.004318
0.007476
0.005963
0.000732
0.000271
0.000831
-0.000123
0.003002
0.002212
0.000173
0.000469
0.000206
0.000173
0.000502
0.000469
7.4e-05
0.000929
-0.000419
0.005404
0.001818
0.001324
0.001489
0.00014
-0.000387
-0.000222
-0.000156
0.000502
4.1e-05
0.001653
0.003496
0.0006
0.00014
0.000798
0.001324
0.000206
0.005963
0.003693
0.004713
0.003923
0.007345
0.00774
0.005108
0.00343
0.006851
0.004746
-0.000123
0.007805
0.00139
0.002739
0.004713
0.008726
0.010174
0.010997
0.009779
0.010799
0.008726
0.00014
0.003594
0.001061
0.005437
0.002574
-5.8e-05
-0.003051
4.1e-05
0.000107
0.000502
0.004022
0.005437
0.005272
0.004088
0.004877
0.001225
0.003101
0.006095
0.005897
0.00695
0.007575
-0.000321
0.000173
0.000271
7.4e-05
0.00037
0.001522
-0.000288
0.001883
0.002015
0.003331
0.005042
0.008463
0.01399
0.003923
0.011622
0.008924
0.016589
0.022182
0.02636
0.028959
8e-06
0.000107
0.000173
4.1e-05
0.000107
8e-06
-2.5e-05
-5.8e-05
-5.8e-05
-0.000189
-2.5e-05
7.4e-05
-0.000387
0.001752
0.009352
0.016556
0.021162
0.023696
0.012411
0.010174
0.006424
0.010931
0.010339
0.01274
0.012214
0.011885
0.016359
0.017543
0.017346
0.017346
0.018234
0.021425
0.023597
0.021952
0.00445
0.007871
0.013003
0.016688
0.019781
0.021524
0.021722
0.008726
0.005864
0.007312
0.008134
0.009779
0.007411
0.006259
0.007312
0.010174
0.008562
0.01126
0.014385
0.009713
0.014648
0.011062
0.010339
0.009352
0.010174
0.013563
0.008529
0.006029
0.00843
0.003364
0.004877
0.004779
0.006424
0.006325
0.007049
0.004943
0.007509
0.008759
0.003627
0.008759
0.008332
0.008365
0.011786
0.012148
0.011029
0.013069
0.013201
0.01524
0.009384
0.013234
0.013234
0.012609
0.002673
0.007147
0.011391
0.011325
0.021557
0.020406
0.024452
0.025406
0.022676
0.020274
0.025998
0.015405
0.010635
0.008167
0.012214
0.013168
0.018333
0.013596
0.007805
0.001916
0.002838
0.004811
0.008266
0.015734
0.002673
0.007312
-5.8e-05
0.006456
0.0082
0.011753
0.015109
0.014944
0.015076
0.0158
0.016754
-0.000321
0.006818
0.013957
0.021031
0.023761
0.027183
0.0284
0.029157
0.029091
0.034486
0.034914
0.032512
0.035243
0.035835
0.035079
0.035901
0.03521
0.039487
0.038368
0.034848
0.035079
0.040145
0.035342
0.035046
0.042514
0.039717
0.041856
0.041658
0.042185
0.040606
0.039191
0.036855
0.008233
0.014385
-0.00065
0.007509
0.012839
0.018892
0.022807
0.026656
0.024584
0.028301
0.027479
0.030571
0.003068
0.002377
0.005371
0.003265
0.002673
0.002015
0.000304
0.001127
0.007871
0.000239
0.011753
0.010174
0.006753
0.006753
0.008825
0.005371
0.003923
0.007443
0.006391
0.005042
0.003496
-0.004795
0.003199
0.00616
0.009878
0.012378
0.01251
0.014879
0.013365
0.011194
0.012641
0.018399
0.017116
0.016556
0.002969
0.005568
8e-06
0.005568
0.01228
0.01626
0.018037
0.019123
0.015866
0.013464
0.00366
0.000239
0.005535
0.005009
0.011819
0.011391
0.016392
0.020044
0.019978
0.021557
0.02511
0.021458
0.019517
0.022676
0.01728
0.003956
0.004121
0.011391
0.007772
0.011194
0.002772
0.006226
0.006456
0.012806
0.007674
0.010766
0.014221
0.018497
0.020077
0.020274
0.024156
0.025143
0.023959
0.022544
0.022314
0.017149
0.001587
0.003726
0.006424
0.003726
0.010503
0.013596
0.013398
0.016162
0.019813
0.023432
0.024847
0.0107
0.003232
0.001686
0.000469
0.006555
0.00593
0.007082
0.002114
0.011029
0.013661
0.013102
0.007871
0.011161
0.003232
0.006358
0.012082
0.015668
0.020669
0.019452
0.02363
0.022412
0.026426
0.025604
0.026821
0.027314
0.02534
0.029025
0.028433
0.026295
0.029025
0.030374
0.026788
0.029058
0.026624
0.027446
0.024617
0.024518
0.026229
0.028466
0.02919
0.028499
0.017214
0.01274
7.4e-05
0.000173
0.000206
0.000173
0.000107
8e-06
-9e-05
-9e-05
-0.000321
0.00139
0.001554
4.1e-05
0.00014
0.000107
0.000173
0.000107
7.4e-05
8e-06
0.000337
0.001653
-0.000781
0.000107
-0.000123
0.001456
7.4e-05
4.1e-05
4.1e-05
4.1e-05
-2.5e-05
0.002772
0.002048
0.00218
0.004943
0.000337
0.000107
0.000173
0.000502
0.000798
0.003331
0.003397
0.004943
0.006095
0.002048
-0.000847
0.003002
0.000107
0.003627
0.001686
0.00241
0.001752
0.005535
0.007049
0.002772
-0.001768
0.008365
0.007707
0.002574
0.007345
0.007114
0.001489
0.005404
0.002344
0.004219
0.002903
0.003923
-0.000387
0.000765
0.000732
0.000699
0.0006
0.000337
0.000107
0.00014
-2.5e-05
-0.000123
-0.000255
4.1e-05
0.000107
0.000206
0.00014
0.000107
-5.8e-05
7.4e-05
-5.8e-05
-2.5e-05
-0.000123
-5.8e-05
-2.5e-05
7.4e-05
0.000107
7.4e-05
0.00014
0.000107
4.1e-05
-5.8e-05
-5.8e-05
-9e-05
-5.8e-05
-9e-05
-2.5e-05
7.4e-05
0.00014
0.000173
0.000206
0.000732
-5.8e-05
-0.000156
-9e-05
0.00014
0.000206
0.000304
0.000173
0.000239
0.000107
0.000469
0.000239
-9e-05
0.000107
-0.000222
0.000304
0.000239
0.000271
7.4e-05
-9e-05
0.000304
0.000502
0.000107
0.000173
0.000107
-2.5e-05
-0.000156
-0.000123
8e-06
8e-06
-0.000189
0.000239
0.000403
4.1e-05
0.00014
-5.8e-05
-9e-05
-9e-05
0.000403
-0.000288
4.1e-05
4.1e-05
0.0006
-0.000156
0.00014
-0.000419
-5.8e-05
0.001653
-0.001406
0.0006
-0.000123
0.000304
0.000173
0.000535
7.4e-05
0.000173
4.1e-05
8e-06
-0.000156
0.000206
-0.000354
0.000107
8e-06
0.000107
7.4e-05
0.00014
7.4e-05
0.000173
0.000568
-9e-05
-0.000913
-0.000123
0.000765
0.000469
0.001587
0.000798
0.000436
0.000633
0.000666
0.000436
0.000732
0.000304
0.000304
0.001686
-0.000683
0.00037
0.001554
-0.000551
0.003265
0.0006
-0.000321
0.000206
0.000502
-0.000255
0.001225
0.0006
-0.000354
0.000107
0.002147
0.000337
0.000403
0.000633
-2.5e-05
-5.8e-05
0.004943
0.000502
0.000798
0.000962
0.001818
0.002015
0.001653
0.000403
0.001423
0.000765
0.000173
-0.003973
0.00014
0.003265
-0.000222
0.003792
0.00616
0.003397
0.00287
0.004417
0.003693
0.005108
0.002739
0.00287
0.003364
0.000107
0.002311
0.001949
0.00241
0.00014
0.000239
-0.000156
0.000107
-0.000419
0.002212
0.000831
0.000831
0.000173
0.000271
0.001489
-0.00065
0.00037
0.000469
0.000864
-0.000781
0.000666
-0.001374
0.001851
-0.000485
0.000304
0.000271
0.001094
-0.000387
0.001785
0.000666
0.001719
0.001785
0.000633
0.00162
0.000535
0.002541
0.000535
0.001982
0.00037
0.002344
0.000304
-0.002328
0.003857
0.002607
0.006851
0.002245
0.005338
0.008068
0.008792
0.007838
0.004351
0.000765
0.003068
0.001423
0.007049
0.001653
0.003594
0.002081
0.0006
0.000436
0.000535
0.000304
0.000568
7.4e-05
-0.000518
0.000699
-0.000156
-0.000222
0.000337
0.001851
-2.5e-05
0.000798
-0.001505
-0.000123
0.001193
-0.001209
0.00116
0.002805
0.001489
0.001686
0.003199
0.002936
0.005601
0.00287
0.006753
0.005798
0.008759
0.012411
0.013826
0.016918
0.016885
0.015109
0.011358
0.015208
0.011161
0.011556
0.010306
0.014089
0.014056
0.015076
0.01524
0.019484
0.021031
0.025702
0.029617
0.028992
0.033368
0.033763
0.03192
0.033598
0.039257
0.036592
0.039553
0.03873
0.043369
0.043599
0.037941
0.035144
0.033532
0.03396
0.025011
0.028565
0.028696
0.029091
0.026459
0.02363
0.014286
0.006818
0.002969
0.001818
0.007805
0.004943
0.013925
0.018465
0.020932
0.024715
-0.000485
0.000173
-0.000222
0.008891
0.011885
0.019221
0.022741
0.025867
0.029552
0.028499
0.030539
0.028959
0.034092
0.023531
0.008332
0.017247
0.013694
0.023399
0.030111
0.032907
0.033434
0.035572
0.034585
0.039849
0.037217
0.039026
0.028334
0.034585
0.033796
0.03294
0.034453
0.034256
0.027775
0.001489
0.006193
0.004844
0.007641
0.013859
0.021689
0.02011
0.02511
0.029157
0.031723
0.030571
0.029519
0.028828
0.032282
0.034848
0.03702
0.036493
0.038665
0.017872
0.026262
0.030571
0.032085
0.032348
0.0057
0.00593
0.012938
0.02136
0.02284
0.02863
0.029124
0.033006
0.016853
0.008628
0.015734
0.020899
0.021557
0.021985
0.017083
0.014879
0.010306
0.00491
4.1e-05
0.000304
0.001522
4.1e-05
0.000633
0.000206
0.000897
0.000206
0.001982
0.007608
0.000897
0.00491
0.002903
0.00922
0.006555
0.009713
0.008496
0.011753
0.012214
0.016556
0.019517
0.023959
0.023367
0.026163
0.018596
0.010042
0.010141
0.008957
0.013102
0.017445
0.02261
0.023136
0.021064
0.017511
0.012609
0.000436
0.009615
-0.001308
0.009746
0.01399
0.01297
0.004055
0.00718
0.010371
0.01228
0.013102
0.008628
0.006917
0.004844
0.012576
0.012378
0.010174
0.007542
0.007476
0.003496
7.4e-05
4.1e-05
0.000107
0.000173
0.000107
-2.5e-05
8e-06
-9e-05
-2.5e-05
-2.5e-05
-2.5e-05
4.1e-05
4.1e-05
0.00014
7.4e-05
7.4e-05
4.1e-05
-2.5e-05
-5.8e-05
-2.5e-05
-0.000156
7.4e-05
4.1e-05
0.00014
0.000107
0.000206
7.4e-05
8e-06
-5.8e-05
8e-06
-0.000189
-9e-05
4.1e-05
4.1e-05
4.1e-05
7.4e-05
0.000173
7.4e-05
8e-06
-2.5e-05
-9e-05
-5.8e-05
-5.8e-05
8e-06
7.4e-05
0.000107
0.000107
0.000173
0.000271
0.000535
0.001818
0.01024
0.010799
0.008299
0.009088
0.010569
0.008661
0.007279
0.005798
0.003989
0.008463
0.003232
-5.8e-05
-0.000189
-5.8e-05
0.00014
0.000732
-0.000222
0.004219
0.00014
0.005272
0.003627
0.004713
0.006753
0.005206
0.0082
0.007049
0.008101
0.008759
0.00797
0.006424
0.012148
0.01297
0.007937
0.010108
0.009648
0.005667
0.002805
0.002838
0.001489
0.002706
0.002344
0.003232
0.000666
-2.5e-05
-2.5e-05
-9e-05
-0.000617
0.002509
0.002509
0.00139
0.000469
0.006588
0.005864
0.005075
0.005371
0.003759
0.00672
0.000666
0.00218
0.003463
0.006062
0.001785
0.003693
0.002048
0.001785
0.00139
0.001752
0.00162
-0.000584
-0.000189
0.001127
0.001949
0.002147
0.008529
0.00116
-5.8e-05
0.00037
0.002476
0.000633
0.001883
0.005108
0.008957
0.008101
0.001653
0.000239
0.003232
-0.000321
8e-06
0.000502
0.003364
0.004252
-2.5e-05
0.001028
0.000403
0.003035
0.002574
0.001028
0.001653
0.007674
0.00695
0.008134
0.004055
0.006391
0.00343
0.005963
0.008661
0.008891
0.005042
0.006292
0.005239
0.001258
0.003298
0.002673
0.002278
0.002476
0.000765
0.004285
0.001489
0.000732
0.000271
-5.8e-05
-2.5e-05
0.000239
-0.001439
0.001193
0.000502
0.00139
0.00116
0.002509
0.001949
0.001686
0.00014
0.002344
0.004088
0.008068
0.012378
0.005404
0.0006
0.000535
0.004219
0.00491
0.007411
0.006292
0.009681
0.008924
0.009615
0.011753
0.00695
0.010668
0.0006
0.006851
0.006621
0.001653
8e-06
-0.000354
0.002706
0.000633
0.001851
0.002015
0.00162
-0.000979
0.000864
0.001225
0.000469
0.000864
0.000502
0.00139
0.000798
-0.003018
0.000107
-5.8e-05
-2.5e-05
0.000173
0.00037
8e-06
0.000107
-0.000123
-5.8e-05
-5.8e-05
-5.8e-05
4.1e-05
0.000107
7.4e-05
0.000173
0.000173
0.000271
-2.5e-05
-2.5e-05
-2.5e-05
7.4e-05
-2.5e-05
-0.000156
0.000107
8e-06
0.00014
0.00014
0.000502
4.1e-05
0.000666
0.000469
0.000995
0.000897
0.000666
0.0006
0.001752
0.000239
0.000666
0.000535
0.000173
0.000798
-0.000781
0.000173
0.002212
0.001225
0.00014
0.001883
0.000469
0.000864
0.004186
0.001127
0.000864
0.000337
0.000502
-0.000354
0.002706
-0.000156
0.001094
0.000962
0.000798
0.000469
0.001554
0.001193
0.000962
0.000403
0.000239
0.000469
0.000469
0.001587
0.000403
0.001522
0.000502
0.000206
-0.002624
0.002212
0.000535
-0.001209
0.000798
0.000502
0.001587
0.002838
0.001193
0.000864
0.000765
0.000337
0.001653
-0.001703
0.000271
-0.000452
0.000304
8e-06
0.00014
-0.000354
-0.000419
0.00037
-0.000123
0.000732
0.000666
0.000831
-0.000123
0.001423
0.00139
0.001785
-2.5e-05
-0.000419
0.002344
0.000271
-0.001308
0.000436
-0.000551
7.4e-05
0.002048
-0.000683
0.001456
0.000337
-9e-05
0.000206
0.000107
-9e-05
-2.5e-05
-9e-05
-2.5e-05
4.1e-05
0.000107
0.000107
0.000107
0.000107
0.000107
4.1e-05
4.1e-05
-5.8e-05
-9e-05
-5.8e-05
8e-06
0.000107
0.000107
0.000173
0.000239
0.000469
7.4e-05
0.000206
-0.000255
0.000107
-0.000913
0.000271
0.000831
4.1e-05
0.000897
0.000502
-0.000189
7.4e-05
0.00014
-0.000123
4.1e-05
0.000831
8e-06
8e-06
0.000107
-2.5e-05
0.000206
0.000337
8e-06
-0.000617
0.000337
0.000502
-0.002229
0.000206
0.000864
-0.000222
0.000535
0.000568
0.00014
0.000403
-2.5e-05
-2.5e-05
-0.000123
-5.8e-05
0.000239
0.000107
-5.8e-05
-0.000123
7.4e-05
-9e-05
0.000107
7.4e-05
0.000239
0.000304
0.000239
-0.000222
0.00014
0.000206
8e-06
7.4e-05
7.4e-05
-0.000189
-9e-05
-2.5e-05
-9e-05
0.000239
-0.000288
0.000304
-5.8e-05
0.000107
0.000173
0.000271
4.1e-05
0.000239
-5.8e-05
-2.5e-05
-0.000255
0.000765
-0.000156
0.000239
0.00014
0.000568
0.001291
0.00037
0.000107
0.000239
0.000403
-0.000683
0.001489
4.1e-05
0.000699
0.000206
0.00014
0.000633
0.000633
0.000469
-0.001275
8e-06
-0.000354
-5.8e-05
-0.000156
0.000469
4.1e-05
0.001357
-0.000683
0.000304
0.000469
0.000535
0.002015
0.001357
-2.5e-05
0.000798
-0.000551
-5.8e-05
0.000798
-5.8e-05
4.1e-05
-5.8e-05
0.0006
-2.5e-05
0.000929
-0.000979
7.4e-05
0.000568
0.000535
0.000732
0.000436
-0.001308
-0.000222
0.000798
-0.001012
0.000929
0.000337
0.000995
-2.5e-05
0.00014
8e-06
0.000239
0.000107
4.1e-05
8e-06
0.000271
0.001456
0.00116
-0.001176
0.001094
-0.000518
-0.000913
0.000173
-0.000321
0.001982
-0.000288
0.00037
-0.000222
-0.002064
0.001653
0.002311
0.002443
0.001127
0.002772
0.000271
0.00287
0.001258
7.4e-05
-2.5e-05
-0.000255
-0.001406
0.001818
-0.000189
0.000173
0.004088
0.003693
0.002245
0.00014
0.000831
4.1e-05
-0.000321
0.000897
0.004285
0.001949
0.000831
0.002081
0.001127
-0.000518
0.001883
-0.000913
0.000897
0.000271
-0.00088
0.002805
0.001752
0.000304
0.001752
0.00389
0.004877
0.008299
0.004515
0.007246
-0.000189
-0.000354
-0.001143
0.006424
0.00366
0.002344
0.005108
0.00514
0.007871
0.002278
0.005831
0.006884
0.004647
0.006818
0.012707
0.012872
0.009746
0.003134
0.011227
0.013299
0.01626
0.006687
0.004318
0.003627
0.00139
0.002838
0.00797
0.009878
0.015306
0.019287
0.021722
0.028236
0.031098
0.039059
0.043863
0.044685
0.048468
0.050245
0.055081
0.061628
0.064622
0.064194
0.069261
0.073176
0.07561
0.080973
0.081696
0.083966
0.088967
0.085644
0.088967
0.09002
0.089658
0.095086
0.091928
0.095415
0.096271
0.096106
0.098738
0.09785
0.09989
0.10035
0.095843
0.101337
0.101798
0.102982
0.10341
0.098442
0.096896
0.093869
0.094692
0.087552
0.077123
0.06801
0.06676
0.062319
0.066037
0.060345
0.061167
0.054884
0.05268
0.044685
0.044027
0.040178
0.033763
0.03021
0.0183
0.012576
0.011194
0.014319
0.01251
0.007772
-0.000847
0.002607
0.000304
0.003364
0.010141
0.014254
0.019583
0.017149
0.018465
0.019846
0.019517
0.02057
0.021031
0.01853
0.017609
0.017576
0.013201
0.007707
0.007904
0.009582
0.007411
0.007345
0.004811
0.001883
0.003956
0.009779
0.012016
0.013826
0.014714
0.012115
0.012378
0.012444
0.01149
0.012082
0.009384
0.011457
0.009088
0.012016
0.014517
0.017149
0.020504
0.023399
0.022511
0.025538
0.028005
0.022676
0.029519
0.024979
0.028861
0.028894
0.030539
0.030802
0.03873
0.034388
0.03544
0.037447
0.042349
0.048929
0.044652
0.038171
0.029979
0.022149
0.021689
0.021919
0.026624
0.026097
0.024847
0.02409
0.023399
0.028499
0.028959
0.036
0.038961
0.042678
0.044784
0.045672
0.046659
0.049488
0.050245
0.044093
0.043599
0.041329
0.04054
0.038007
0.039224
0.038237
0.036691
0.038994
0.039158
0.039816
0.03646
0.031065
0.028071
0.021096
0.01376
0.0082
0.009911
0.015931
0.015931
0.020044
0.022544
0.024913
0.028334
0.030966
-0.000354
0.000699
0.001752
0.002081
-0.000156
0.000535
0.000173
0.000206
0.000206
0.000107
0.00014
0.001357
0.000831
0.003101
0.001785
0.00218
-2.5e-05
0.001883
0.003134
0.00014
0.000502
0.000206
0.000107
0.001916
0.002706
0.007114
0.006062
0.000403
-0.000156
0.000337
7.4e-05
0.000239
4.1e-05
0.000173
-2.5e-05
-0.000354
0.001291
-9e-05
-0.000255
0.001225
0.001785
0.000107
0.002048
-0.001308
0.001522
0.000206
0.001258
-9e-05
0.000107
-2.5e-05
0.000107
0.000107
0.00014
0.000107
0.000206
8e-06
0.00014
4.1e-05
4.1e-05
-9e-05
-5.8e-05
0.000107
7.4e-05
0.00014
0.00014
7.4e-05
-5.8e-05
-9e-05
-5.8e-05
-9e-05
-5.8e-05
4.1e-05
7.4e-05
0.000107
0.00014
0.000173
0.000107
-2.5e-05
-2.5e-05
-9e-05
-0.000123
-9e-05
8e-06
4.1e-05
7.4e-05
0.000173
0.000107
0.000107
8e-06
-2.5e-05
-2.5e-05
-2.5e-05
-0.000222
-9e-05
0.000239
0.000337
0.000469
0.000929
0.000568
0.000271
-2.5e-05
0.000337
-0.000123
-0.000716
-0.000617
-9e-05
-0.000222
0.000271
0.000337
0.00014
0.000206
-0.000419
0.000699
0.000107
0.003726
0.005173
4.1e-05
-0.000255
0.000107
4.1e-05
0.000107
-2.5e-05
8e-06
-0.000156
-9e-05
0.000271
8e-06
0.000239
4.1e-05
0.00014
0.000173
0.000107
4.1e-05
-2.5e-05
-9e-05
-0.000123
-0.000255
-2.5e-05
8e-06
0.000107
4.1e-05
0.000206
0.00014
4.1e-05
8e-06
-9e-05
-9e-05
-0.000123
8e-06
0.000107
7.4e-05
4.1e-05
0.000173
8e-06
7.4e-05
-2.5e-05
-0.000123
-5.8e-05
-0.000123
-9e-05
4.1e-05
0.000173
0.000173
-2.5e-05
0.000206
-5.8e-05
-9e-05
4.1e-05
0.00014
0.00014
-0.001735
-0.000321
0.000666
-9e-05
0.00014
0.000107
7.4e-05
-2.5e-05
-2.5e-05
-2.5e-05
-9e-05
-2.5e-05
7.4e-05
7.4e-05
0.000173
7.4e-05
0.000173
7.4e-05
-2.5e-05
-9e-05
-0.000189
-5.8e-05
-2.5e-05
0.00014
0.000173
0.000107
0.00014
0.000206
7.4e-05
8e-06
-2.5e-05
-9e-05
-0.000123
-9e-05
8e-06
7.4e-05
0.00014
0.00014
0.000337
-5.8e-05
0.000107
4.1e-05
0.000304
-0.000354
0.000271
0.000107
0.000107
0.00014
0.00014
0.000173
4.1e-05
4.1e-05
-5.8e-05
-5.8e-05
-5.8e-05
0.000107
-2.5e-05
4.1e-05
0.000173
0.000173
0.000173
0.000107
8e-06
-2.5e-05
-2.5e-05
-0.000156
-5.8e-05
8e-06
7.4e-05
0.000107
0.000271
8e-06
0.000107
8e-06
-5.8e-05
-2.5e-05
7.4e-05
8e-06
8e-06
0.00014
0.000173
0.000206
0.000107
0.000107
-2.5e-05
8e-06
-9e-05
-2.5e-05
-0.000222
0.00014
4.1e-05
0.00014
4.1e-05
0.00037
-0.000485
0.000206
-2.5e-05
-2.5e-05
-0.000123
-5.8e-05
-2.5e-05
7.4e-05
7.4e-05
0.00014
0.00014
7.4e-05
4.1e-05
-5.8e-05
-9e-05
-0.000156
-5.8e-05
0.00014
0.000107
0.000107
0.000173
0.00014
7.4e-05
4.1e-05
-5.8e-05
-2.5e-05
-0.000123
-9e-05
8e-06
4.1e-05
7.4e-05
0.000107
0.000239
0.000107
-2.5e-05
7.4e-05
8e-06
8e-06
-5.8e-05
-5.8e-05
0.000107
7.4e-05
0.000107
0.000107
0.000107
-2.5e-05
0.000239
-0.000288
8e-06
0.000107
-0.000156
7.4e-05
0.000239
0.000206
0.000337
4.1e-05
7.4e-05
0.000436
-2.5e-05
0.000469
-0.000354
0.000436
-5.8e-05
0.00014
4.1e-05
0.000304
0.000173
-0.000189
8e-06
0.000831
-0.000255
0.000436
-0.000387
-2.5e-05
0.000304
0.000173
0.000831
-2.5e-05
0.001324
-0.000123
0.00037
0.00014
-0.000518
-0.000748
0.000107
0.000535
0.000304
0.000469
0.000568
0.000239
0.000206
-2.5e-05
-5.8e-05
-9e-05
8e-06
8e-06
4.1e-05
0.000107
0.00014
0.000107
0.000107
8e-06
-2.5e-05
4.1e-05
-0.000189
-9e-05
0.000206
7.4e-05
0.000206
0.000206
0.000798
8e-06
0.000107
-2.5e-05
-0.000387
-0.000156
-0.001834
0.000568
-0.001012
0.000732
-9e-05
0.000239
0.000535
0.000864
0.000831
0.000403
-0.000123
0.000502
0.000107
0.000206
0.00014
0.000469
-0.000584
0.00014
0.00014
8e-06
0.000173
-0.000156
-0.000156
0.00014
0.000173
0.00014
0.00037
0.000107
-0.000156
0.003561
0.000271
-2.5e-05

Kurve 2

0.005634
0.004746
0.005305
0.003956
0.005173
0.003989
0.003923
0.005667
0.0082
0.006424
0.003857
0.003397
0.005338
0.004121
0.005667
0.00514
0.007707
0.005798
0.008068
0.007378
0.006226
0.003857
0.00718
0.005864
0.008101
0.005469
0.002805
0.005338
0.005502
0.00718
0.003331
0.00718
0.005404
0.006424
0.006588
0.007805
0.008167
0.005766
0.006358
0.006818
0.006193
0.003331
0.008397
0.003759
0.004976
0.001554
0.006687
0.002311
0.003759
0.002344
0.001982
0.004351
0.003923
0.005897
0.001883
0.007114
0.005437
0.007443
0.006983
0.007082
0.004088
0.006456
0.005996
0.005206
0.005568
0.006884
0.005831
0.006259
0.006489
0.005042
0.007805
0.006193
0.008167
0.00695
0.005996
0.006555
0.004614
0.005239
0.008101
0.006391
0.004943
0.005502
0.005601
0.007772
0.007147
0.007279
0.006621
0.009286
0.007279
0.008332
0.008661
0.004713
0.004713
0.00366
-0.000288
0.00468
0.002048
-0.000156
-0.000748
0.003759
0.001357
0.002969
0.005437
0.005042
0.006621
0.003561
0.000666
-0.002854
0.003496
0.001719
0.003528
0.001785
0.006226
7.4e-05
-0.00088
8e-06
0.00014
4.1e-05
-0.001176
0.000107
0.000864
0.002245
-0.000123
0.003594
-0.000617
0.001686
0.001094
0.000765
-0.000156
0.000469
-0.000123
0.002081
0.001982
0.001456
0.00287
0.000107
0.000666
0.003792
0.004318
0.004318
0.003792
0.008233
0.007608
0.004713
0.007049
0.002212
0.005535
0.002805
-0.000387
0.007443
0.005601
0.005535
0.007476
0.008003
0.006917
0.007608
0.005535
0.003232
0.006095
0.00797
0.006917
0.007213
0.005371
0.0057
0.006029
0.006983
0.005897
0.006325
0.006621
0.007838
0.007674
0.004581
0.006753
0.00445
0.008068
0.005305
0.00593
0.0057
0.004351
0.003496
0.004713
0.003825
0.003792
0.004121
0.005239
0.009352
0.003397
0.001522
0.00287
0.005075
0.005897
0.006193
0.004844
0.005963
0.00616
0.006127
0.003792
0.003199
-0.001077
0.003792
0.005963
0.001818
-0.000354
0.003002
0.003726
0.004844
0.006127
-0.000584
0.007213
0.004186
0.003923
0.003134
0.001456
0.002015
0.00264
0.000831
0.001193
0.001554
-0.003775
0.002936
0.000239
0.001193
0.001949
0.004548
0.002015
0.00389
0.002574
0.004943
0.002969
0.002805
0.003397
0.002377
0.002114
0.001094
0.003693
-0.000255
0.005469
0.002574
0.003035
0.002048
0.004647
0.004548
0.004844
0.003528
0.004219
0.006884
0.003035
0.004581
0.002936
0.006884
0.001653
0.007509
0.008299
0.016918
0.025669
0.02363
0.031065
0.034256
0.033993
0.040079
0.039652
0.042218
0.044323
0.04531
0.046988
0.050936
0.050081
0.050311
0.050936
0.052285
0.055904
0.053864
0.044718
0.036756
0.041231
0.043007
0.046922
0.047679
0.049225
0.048337
0.049982
0.051462
0.051693
0.053798
0.05291
0.054686
0.055443
0.057417
0.055673
0.056726
0.052943
0.051462
0.047317
0.041593
0.036362
0.036625
0.038138
0.033302
0.033499
0.019682
0.016359
0.013826
0.018728
0.015306
0.016556
0.017182
0.018958
0.017642
0.02034
0.02011
0.019419
0.013431
0.016392
0.019254
0.01603
0.01376
0.019386
0.025275
0.031361
0.034651
0.036625
0.042843
0.039849
0.041264
0.042185
0.04202
0.043534
0.042678
0.042711
0.043928
0.044027
0.041264
0.044586
0.04202
0.004483
4.1e-05
0.000337
-0.001374
0.005996
0.016227
0.021985
0.027117
0.033861
0.038665
0.043172
0.047317
0.047613
0.050541
0.052548
0.054719
0.056595
0.056233
0.057516
0.055575
0.059128
0.062319
0.063569
0.061694
0.059095
0.052844
0.049752
0.049258
0.052087
0.054061
0.054193
0.007082
0.01172
0.00922
0.002311
0.005568
0.003825
0.008792
0.015504
0.016524
0.024452
0.028696
0.03044
0.033894
0.03192
0.027347
0.027413
0.030012
0.031098
0.033302
0.032315
0.034815
0.032348
0.02863
0.024123
0.028137
0.026327
0.027676
0.029255
0.025669
0.024255
0.026459
0.030966
0.030242
0.033993
0.029584
0.025604
0.019978
0.026953
0.033236
0.030275
0.027972
0.030144
0.015339
0.005173
0.002311
0.004581
0.001653
0.00445
0.010273
0.009121
0.017543
0.021458
0.025406
0.024156
0.026887
0.013036
0.000107
0.005766
0.0107
0.013267
0.015602
0.020373
0.016853
0.017214
0.023531
0.020537
0.018399
0.012806
0.012773
0.021162
0.019155
0.021919
0.028038
0.031887
0.032809
0.035243
0.038796
0.038566
0.035835
0.034256
0.031131
0.003989
0.000699
0.001752
0.008759
0.011589
0.019419
0.023367
0.027709
0.029979
0.031493
0.029749
0.027512
0.029255
0.032611
0.034256
0.030407
0.030045
0.014615
0.004186
0.006917
0.00922
0.009746
0.013661
0.013003
0.00514
0.008003
0.003923
0.010141
0.012773
0.014879
0.016754
0.01807
0.017708
0.023235
0.020702
0.026426
0.031394
0.035967
0.042645
0.044422
0.050936
0.053732
0.056759
0.056825
0.053601
0.032545
0.025604
0.033499
0.035046
0.03702
0.042283
0.04383
0.045935
0.048107
0.048468
0.051725
0.053305
0.053074
0.054259
0.055608
0.053502
0.053963
0.050442
0.053699
0.052219
0.054555
0.050015
0.057976
0.057121
0.056759
0.060181
0.039323
-0.002689
0.000304
0.002772
0.009088
0.013431
0.012378
0.000107
0.005469
0.003397
0.008694
0.014155
0.016458
0.02238
0.023564
0.028663
0.031262
0.036098
0.035704
0.038763
0.040277
0.040639
0.039224
0.037579
0.039388
0.037118
0.034618
0.039948
0.000239
0.000107
0.000107
0.000173
-0.000222
0.008101
0.011852
0.002212
0.002377
0.009055
0.000864
0.001785
0.000173
7.4e-05
7.4e-05
0.000173
0.000107
8e-06
-0.000321
0.002377
0.004154
-2.5e-05
0.000107
0.002377
0.007279
0.01001
0.010733
0.009516
0.013036
0.014517
0.002212
-0.000123
0.000173
0.001587
0.006621
0.002015
0.00014
7.4e-05
7.4e-05
-2.5e-05
-0.000979
0.005075
0.010306
0.012872
0.013596
0.018201
0.015635
0.018465
0.012148
0.009812
0.009615
0.008167
0.007443
0.009648
0.008266
0.005469
0.006325
0.011391
0.011194
0.010865
0.013925
0.005371
0.001982
0.000798
0.001193
0.001719
-0.000222
0.008003
0.008858
0.014648
0.017083
0.015997
0.019978
0.020373
0.018958
0.019353
0.006917
0.000633
0.008529
0.010832
0.015208
0.004088
0.002673
0.008792
0.011885
0.011654
0.011293
0.003627
0.006193
0.002541
0.007411
0.009944
0.015076
0.004483
0.012345
0.006687
0.003134
0.001094
0.000271
-0.001406
0.004154
0.004154
0.002015
0.004614
0.003199
0.002311
0.000666
0.001522
0.000568
0.000962
0.000271
0.001094
0.000502
0.000436
-9e-05
-9e-05
-0.001439
0.003594
0.001258
0.003035
0.000864
-0.001472
-0.000518
0.004088
0.007114
0.004713
0.010799
0.014352
0.018037
0.020274
0.026821
0.025044
0.032282
0.027907
0.029354
0.026327
0.000502
0.001225
0.003397
0.006456
0.009779
0.013859
0.014254
0.019748
0.006621
0.009977
0.007312
0.009878
0.00945
0.007772
0.00468
0.004088
0.00468
0.000699
-0.000189
0.001456
0.000568
8e-06
0.00037
0.000337
0.000798
7.4e-05
0.000436
8e-06
0.000403
-0.000518
0.001324
0.002278
0.002344
0.001818
0.002245
-0.000222
0.00218
0.000568
-0.000189
0.000633
-0.000354
0.001028
-0.001538
0.001719
0.001193
0.002838
0.00468
0.004285
0.001258
0.002936
0.00162
-0.000551
7.4e-05
0.000173
-2.5e-05
-0.000156
0.001752
-0.001867
0.001094
0.000929
0.000568
0.000765
0.001028
0.000962
0.00287
0.001818
0.003167
0.00037
0.001456
0.001554
-0.000156
0.001982
0.000436
0.002969
0.00014
0.000403
0.000173
0.000403
-2.5e-05
0.00037
-0.000222
0.000403
0.000206
0.0006
-0.000518
0.000271
-0.000716
0.000337
-0.000288
0.000107
-0.000321
0.001456
4.1e-05
0.001028
0.000995
-0.001176
4.1e-05
0.000239
0.000436
4.1e-05
0.000864
7.4e-05
0.000239
-2.5e-05
-5.8e-05
0.00037
-0.001439
-0.000156
-0.000189
0.000107
0.00014
0.00014
7.4e-05
8e-06
-9e-05
-5.8e-05
-9e-05
-2.5e-05
-2.5e-05
0.000107
7.4e-05
0.000107
7.4e-05
0.000107
-2.5e-05
-2.5e-05
-5.8e-05
-0.000123
-0.000387
-2.5e-05
0.000173
7.4e-05
0.000173
0.000206
0.000206
8e-06
8e-06
-2.5e-05
-2.5e-05
-0.000123
-2.5e-05
7.4e-05
7.4e-05
0.00014
0.000107
-5.8e-05
0.00014
-5.8e-05
-9e-05
-0.000123
8e-06
-0.000123
0.00037
0.000173
-2.5e-05
0.000271
4.1e-05
-5.8e-05
0.000173
-9e-05
-2.5e-05
-5.8e-05
8e-06
-2.5e-05
0.000239
4.1e-05
0.000436
0.000699
0.000206
0.000436
-9e-05
-9e-05
-5.8e-05
0.000271
8e-06
0.000239
0.00014
0.000271
0.000271
0.001193
-0.000814
0.000568
0.000206
0.000239
0.000469
0.00037
0.000304
0.000173
-2.5e-05
0.00014
7.4e-05
-2.5e-05
4.1e-05
-5.8e-05
-2.5e-05
-5.8e-05
4.1e-05
7.4e-05
0.00037
0.00014
0.001554
-0.000255
-0.000288
0.00014
-9e-05
-5.8e-05
-0.000156
-2.5e-05
0.000107
0.00014
8e-06
0.000568
8e-06
0.000206
-0.000255
0.000271
8e-06
-0.000156
4.1e-05
0.000469
0.000206
0.00139
0.000929
0.001193
0.001851
0.000271
0.000633
7.4e-05
0.000304
-0.000321
-0.000485
4.1e-05
0.000502
0.001522
0.000633
-0.000354
0.000732
0.000568
-0.000387
0.000271
0.000502
0.000633
0.000107
0.000864
0.000337
0.000239
-0.000255
-5.8e-05
0.000732
7.4e-05
0.000271
0.000403
0.000403
0.00014
0.000469
-0.000255
0.001818
-0.000748
0.000765
-0.000123
-9e-05
0.001982
0.000304
0.000798
0.000469
-0.000123
0.00037
0.00037
0.000206
0.000107
-2.5e-05
8e-06
-0.000156
0.000107
-2.5e-05
0.000107
4.1e-05
0.000107
-2.5e-05
-5.8e-05
4.1e-05
-2.5e-05
-5.8e-05
0.001291
0.000206
0.000173
0.00037
-0.000288
0.000864
0.0006
0.000304
0.000173
0.000271
-0.000156
-0.001768
-0.000387
0.000271
-5.8e-05
7.4e-05
7.4e-05
0.000107
0.000304
-0.000419
8e-06
0.000864
0.001291
0.000436
0.001916
0.002607
0.000107
0.000403
4.1e-05
-9e-05
0.00014
-9e-05
-9e-05
8e-06
-0.000387
0.00014
0.000798
0.000173
0.000239
0.00037
0.003561
0.001258
0.002114
0.001785
-2.5e-05
8e-06
-5.8e-05
0.000173
0.001028
0.000304
0.002476
0.00218
0.001752
0.002443
0.000831
0.00491
0.002607
-5.8e-05
0.00014
0.000107
0.000798
0.001423
0.000897
0.004022
0.000535
0.002476
0.004186
0.004943
0.004713
0.005996
0.003265
0.00218
0.002509
0.003463
0.005996
0.002673
0.002311
0.001916
0.000337
7.4e-05
0.00037
0.003232
0.001456
0.000173
8e-06
-2.5e-05
0.000502
0.002969
0.003002
0.006456
0.003989
0.005239
0.003923
0.004154
0.004055
0.003496
0.003594
0.001357
0.006127
0.003627
0.000107
0.002377
0.000897
0.005469
0.000732
0.00218
0.004647
0.001291
0.00366
0.001028
0.004417
0.003232
0.004252
0.002673
0.000666
0.003298
0.003528
0.000633
0.004088
0.000206
0.000271
-0.00111
0.000864
0.000271
0.000271
-2.5e-05
0.00116
0.000304
0.001061
0.000173
-9e-05
8e-06
-0.000288
-0.000354
0.000271
0.000173
0.000304
-0.000156
0.000535
0.000107
0.000173
0.000535
0.00014
0.000436
-0.000946
0.000403
0.000403
-0.000387
0.001456
0.000535
-2.5e-05
0.000403
0.000502
-0.001176
-5.8e-05
0.002805
-0.002163
-0.000354
0.001916
0.001423
0.000962
0.000765
-5.8e-05
0.000864
-0.000288
0.001554
0.004252
0.000436
7.4e-05
0.000271
8e-06
0.000633
-0.000189
-0.000222
0.001851
-0.000255
0.002706
-0.002689
-0.000354
0.001094
0.003068
-0.000321
0.002245
-0.000387
0.001522
0.002443
0.003167
0.001916
0.002673
0.00037
0.000436
0.003331
0.000206
0.002377
0.000304
0.001324
0.002838
0.002147
-0.000946
0.003825
-0.000387
0.002147
0.002772
0.002377
0.000107
0.002772
0.003463
0.000107
0.008167
0.003331
0.004483
0.003825
0.004022
0.004844
0.00241
0.003134
0.004384
0.003726
-0.000156
0.001193
0.001061
-0.000189
0.001982
0.001554
0.000107
0.001225
-0.000222
0.000798
-0.000354
0.003528
-0.001209
0.002212
-0.001209
0.000535
0.001949
0.001686
0.003463
0.001324
0.001949
-0.000946
0.00162
0.002739
0.003167
0.001357
-0.000452
0.002015
0.002245
0.005502
0.004877
0.002476
0.002476
0.003134
0.002673
0.003956
0.001982
0.003199
0.00139
0.001587
0.003594
0.004779
0.00116
0.000469
0.000337
0.001258
0.001225
0.003298
0.002673
0.002015
0.001719
0.000239
0.005831
0.001818
0.00343
0.003134
0.001028
0.000666
0.002969
0.0006
0.002838
0.000765
0.000897
0.00241
0.003035
0.00389
0.001785
0.002936
0.002706
0.002212
0.001061
0.004252
0.001883
0.002673
0.001357
0.002443
8e-06
0.001785
0.000469
-5.8e-05
0.003232
-0.002953
0.002607
0.002212
0.000732
0.002114
0.003825
0.001554
0.001982
0.000535
0.002936
0.000107
0.005042
-0.001406
0.0006
0.000337
0.001653
0.001291
0.002607
0.002574
0.001061
0.000271
0.000962
0.005009
0.002015
0.000436
0.002048
0.00287
0.001324
-0.000748
0.004252
0.004483
0.002805
0.002015
0.004943
0.003923
0.002805
0.00343
0.005108
0.005009
0.003528
0.004647
0.0057
0.004976
0.002607
-0.000716
0.002772
0.001949
0.002344
0.002344
-0.001834
0.000173
0.000699
0.000239
0.000502
0.001423
0.00116
0.002443
0.001291
0.003397
0.00218
0.001587
0.003528
0.000107
-0.000419
0.001719
0.001916
0.001225
0.000962
8e-06
0.001719
0.000469
0.001423
0.00116
0.003857
0.000897
0.000535
0.000962
0.000831
0.000568
0.000929
-0.000387
-0.000354
-2.5e-05
0.002509
0.003002
-0.002196
0.000173
0.00218
-5.8e-05
0.000666
0.000436
0.000304
0.002936
0.003035
0.006062
0.001554
0.003857
0.000502
0.004186
0.000568
-0.001308
0.00139
0.001851
0.006424
0.008101
0.009648
0.004943
0.000436
-0.000419
-2.5e-05
-2.5e-05
8e-06
0.000337
0.000173
4.1e-05
0.001949
0.000107
0.000568
-5.8e-05
8e-06
0.00014
-2.5e-05
0.000633
7.4e-05
0.000271
0.000107
0.001949
0.002772
0.004976
0.01172
0.012839
0.014451
0.015306
0.015833
0.01603
0.019978
0.018728
0.025308
0.027643
0.031394
0.031591
0.033039
0.034585
0.03498
0.029946
0.010404
0.000403
0.001291
0.004713
0.002607
0.003298
0.004976
0.007345
0.005963
0.007213
0.011556
0.013201
0.015339
0.0183
0.019155
0.023005
0.024814
0.02715
0.035408
0.033138
0.030308
0.03021
0.032578
0.031032
0.031065
0.028894
0.030802
0.025472
0.027216
0.027413
0.026525
0.027051
0.029584
0.026492
0.028499
0.011589
0.007575
0.014089
0.009286
0.002607
-0.001933
0.002541
0.00116
0.002607
0.000699
0.004581
0.005601
0.006358
0.01126
0.014254
0.015405
0.014846
0.008661
0.012181
0.013497
0.00287
0.000633
0.00491
0.008233
0.011227
0.006127
0.003825
0.003068
0.007016
0.006193
0.006687
0.011325
0.010437
0.005996
0.004285
0.004022
0.008365
0.006292
0.005963
0.004022
0.005502
0.005272
0.009681
0.008299
0.007147
0.001653
0.006489
0.009253
0.009088
0.013102
0.010108
0.012214
0.011161
0.010766
0.003101
0.001752
0.005009
0.004384
0.003265
0.001949
-0.000288
-0.001143
0.001291
0.000995
-0.000156
0.00116
0.000897
0.000568
0.000633
0.000633
0.000897
8e-06
7.4e-05
0.000271
-0.000518
0.001061
0.000304
0.000403
0.000864
-0.000979
0.000436
0.000271
0.00037
0.000271
-9e-05
-2.5e-05
-0.000156
0.000107
4.1e-05
0.000107
7.4e-05
0.000107
7.4e-05
8e-06
-9e-05
-9e-05
-9e-05
-5.8e-05
7.4e-05
0.000206
0.000107
0.000107
0.000173
0.000107
8e-06
4.1e-05
-5.8e-05
-0.000189
0.00014
-0.000189
0.000173
-2.5e-05
0.00014
0.000271
0.000107
-5.8e-05
0.000239
0.000271
-9e-05
-2.5e-05
4.1e-05
0.000239
7.4e-05
0.000173
0.00014
-9e-05
-2.5e-05
0.000107
-0.000518
-2.5e-05
0.000568
-5.8e-05
-0.000189
0.000403
0.000633
0.000502
0.000798
-0.000255
0.000403
-5.8e-05
-5.8e-05
0.00014
0.001028
0.00014
-0.000156
-0.000189
-0.00111
0.000502
-0.000321
0.000995
-0.000354
0.00014
-9e-05
0.002048
0.000995
0.004186
0.000469
0.003528
0.001258
0.000633
-0.000189
0.00264
0.005963
0.000633
0.001818
0.003298
0.007476
0.002838
0.00695
0.004121
0.008068
0.004088
0.005634
0.007049
0.006226
0.004318
0.003397
0.003232
0.001949
0.005502
0.001324
0.004647
0.004055
0.005272
0.005766
0.006555
0.009878
0.013365
0.013332
0.018234
0.022643
0.021754
0.03373
0.031756
0.035802
0.031822
0.033236
0.041165
0.044126
0.04531
0.051232
0.050442
0.052285
0.054522
0.059161
0.061727
0.059852
0.062122
0.065609
0.066925
0.066793
0.067747
0.068537
0.071794
0.073702
0.074623
0.07413
0.077551
0.077255
0.082058
0.081433
0.082091
0.08367
0.084756
0.08979
0.09433
0.096501
0.095613
0.098508
0.098113
0.099495
0.096764
0.098804
0.098541
0.100383
0.097422
0.092257
0.081367
0.069228
0.061694
0.049094
0.029552
0.0208
0.014944
0.011227
0.013267
0.017214
0.01807
0.019813
0.025571
0.024913
0.029058
0.034717
0.039421
0.045508
0.051035
0.058799
0.063635
0.065017
0.073834
0.078801
0.080117
0.088178
0.087585
0.091961
0.093079
0.097093
0.099988
0.104101
0.10591
0.109364
0.11147
0.116207
0.1193
0.121965
0.120978
0.119103
0.126669
0.128084
0.131242
0.132624
0.134828
0.13292
0.136078
0.138941
0.139335
0.138217
0.141638
0.142066
0.143612
0.146113
0.145356
0.149172
0.151771
0.153087
0.150159
0.151969
0.149501
0.154798
0.154765
0.153844
0.150061
0.155489
0.153021
0.153021
0.153153
0.154305
0.159206
0.15108
0.15618
0.156607
0.157496
0.155357
0.155982
0.154831
0.157101
0.156542
0.157035
0.154699
0.1572
0.154535
0.153515
0.153021
0.153383
0.156542
0.156805
0.157397
0.153515
0.155522
0.155291
0.15641
0.153877
0.155719
0.151738
0.150455
0.147264
0.149172
0.148777
0.145915
0.145619
0.144172
0.140224
0.139368
0.133808
0.12838
0.127196
0.119135
0.120912
0.115944
0.113411
0.111371
0.106075
0.105943
0.107489
0.109332
0.111174
0.114332
0.110977
0.117162
0.115813
0.117458
0.118346
0.117129
0.117293
0.123676
0.116701
0.119761
0.121208
0.11782
0.122458
0.121899
0.121274
0.119103
0.118938
0.115253
0.119004
0.115319
0.118017
0.114924
0.118149
0.118543
0.11624
0.115253
0.114859
0.116306
0.111667
0.043567
0.000337
0.003167
0.011786
0.02136
0.022248
0.021524
0.024156
0.036559
0.038796
0.047284
0.044192
0.048271
0.054851
0.058503
0.06222
0.060477
0.064227
0.0663
0.069425
0.068537
0.072353
0.069392
0.07686
0.057713
0.013102
0.005568
0.004252
0.010536
0.011161
0.012641
0.016754
0.015142
0.012477
0.01047
0.00843
0.00695
0.010174
0.013267
0.018596
0.026459
0.030242
0.029124
0.028137
0.020011
0.016853
0.008825
0.008463
0.004351
0.004285
0.002903
0.002706
0.000633
0.001686
7.4e-05
0.000436
0.00014
0.00162
0.00037
0.00116
-0.000156
0.000962
0.000633
0.002838
0.00116
0.001357
0.001785
-0.001505
0.000831
0.000502
0.000798
0.001028
0.000436
-2.5e-05
0.005766
0.004252
0.00264
0.004154
0.00468
0.001291
0.005667
0.00616
0.00695
0.014451
0.013168
0.018465
0.022314
0.029519
0.033039
0.034486
0.033828
0.040803
0.040671
0.047054
0.043665
0.049949
0.054588
0.054719
0.060542
0.059194
0.06301
0.062451
0.064293
0.064392
0.06778
0.068997
0.070511
0.072912
0.070906
0.069096
0.069853
0.071103
0.068734
0.071596
0.065181
0.066695
0.072024
0.072287
0.073143
0.075939
0.080512
0.081269
0.082519
0.086368
0.084559
0.086171
0.086763
0.08979
0.090546
0.089395
0.094593
0.0915
0.096304
0.099659
0.096929
0.088967
0.089888
0.087881
0.096567
0.095876
0.0966
0.096534
0.099593
0.102686
0.108476
0.109562
0.109266
0.113608
0.113082
0.114135
0.113181
0.114793
0.099824
0.099692
0.097455
0.095777
0.099857
0.101732
0.102883
0.102456
0.106996
0.108476
0.109693
0.10999
0.112391
0.114957
0.116997
0.116438
0.120649
0.119135
0.12236
0.121767
0.119826
0.120254
0.121504
0.123116
0.125617
0.122623
0.123248
0.124301
0.122689
0.126373
0.12236
0.126834
0.126176
0.127722
0.126768
0.1319
0.126998
0.129992
0.12838
0.124366
0.127821
0.127459
0.130946
0.13042
0.132361
0.12917
0.092915
0.026262
0.03975
0.042316
0.051462
0.055443
0.058075
0.062977
0.071498
0.070544
0.077913
0.078078
0.079788
0.085414
0.086697
0.090908
0.090415
0.004976
0.006358
0.00899
0.01807
0.025834
0.030571
0.039125
0.042185
0.048337
0.053469
0.054621
0.06222
0.06324
0.065642
0.067451
0.069623
0.070313
0.067517
0.068932
0.049061
0.047745
0.044817
0.022182
0.009845
0.000765
0.009121
0.01228
0.019353
0.028367
0.030835
0.021458
-5.8e-05
0.00468
0.007608
0.016425
0.017609
0.024353
0.026953
0.034157
0.030111
0.025702
0.007805
-0.000683
0.004055
0.006753
0.013069
0.013859
0.015076
0.014911
0.017379
0.01524
0.016622
0.010437
0.014155
0.016754
0.021458
0.027545
0.031328
0.031065
0.00389
0.014319
0.012872
0.015997
0.003035
-0.000189
0.00162
0.002344
-0.000847
0.002081
0.001225
0.003167
0.006983
0.003167
0.006654
0.001851
0.00014
0.000798
0.00116
0.001258
0.00139
0.000337
-0.00111
0.000929
4.1e-05
0.000304
0.000798
8e-06
0.000535
-0.000321
0.00162
0.000239
0.000568
-5.8e-05
0.000107
-0.000123
-9e-05
-9e-05
-0.000255
8e-06
0.000436
-0.000189
-0.000354
0.000206
-5.8e-05
0.000173
-0.000518
0.000666
-0.000321
0.005108
0.00241
-0.001571
0.001193
-0.000321
0.000502
0.000107
0.001883
-0.000321
0.000568
0.000666
0.000568
0.0006
0.001357
0.000765
0.00116
-5.8e-05
0.000864
0.000864
0.000568
0.000929
0.000107
0.000304
0.00014
0.000271
0.000107
7.4e-05
-0.000189
0.000239
-0.000123
0.000304
4.1e-05
0.000304
0.000568
0.000502
0.001851
0.000699
-2.5e-05
8e-06
-0.000189
4.1e-05
8e-06
4.1e-05
0.000239
0.000173
0.000173
0.000107
-0.00065
0.000337
0.000436
0.000173
0.000206
8e-06
0.000732
0.001785
0.000929
0.004515
0.000107
0.002245
0.003364
0.004219
0.00037
0.000897
0.002147
-2.5e-05
0.0006
0.001883
0.005371
0.000436
0.006259
0.003627
0.007279
0.006456
0.010898
0.014221
0.019123
0.022248
0.021031
0.022051
0.0284
0.030242
0.030242
0.031822
0.013102
0.004219
0.006358
0.00389
0.002739
0.003167
0.003726
0.0057
-0.000452
0.000864
-9e-05
0.000271
0.000239
0.001094
-0.000748
0.001291
-0.001012
-0.001439
0.005404
0.00139
0.001719
0.000798
0.001686
-0.002229
0.000666
0.001653
0.00218
0.000107
0.000929
-0.000255
0.00116
-0.002492
0.000271
0.000798
-0.000156
-9e-05
4.1e-05
0.000173
-9e-05
0.000535
0.000107
0.000107
4.1e-05
-5.8e-05
-5.8e-05
-5.8e-05
-0.000156
8e-06
8e-06
4.1e-05
7.4e-05
0.00014
0.000107
8e-06
-2.5e-05
-9e-05
-5.8e-05
7.4e-05
-2.5e-05
7.4e-05
7.4e-05
0.00014
0.00014
7.4e-05
8e-06
-5.8e-05
-5.8e-05
-9e-05
-0.000123
-2.5e-05
4.1e-05
7.4e-05
0.00014
0.000107
0.000173
4.1e-05
-2.5e-05
-2.5e-05
-9e-05
-9e-05
-5.8e-05
4.1e-05
4.1e-05
0.000107
0.00014
0.000107
8e-06
8e-06
-9e-05
-9e-05
-9e-05
-5.8e-05
7.4e-05
7.4e-05
0.000107
0.00014
0.00014
8e-06
-5.8e-05
-9e-05
-0.000123
-0.000156
-5.8e-05
-2.5e-05
4.1e-05
0.000107
7.4e-05
0.000173
4.1e-05
8e-06
-9e-05
-9e-05
-5.8e-05
-2.5e-05
8e-06
0.000107
0.000107
0.00014
0.000107
7.4e-05
8e-06
-5.8e-05
-0.000123
-0.000156
-2.5e-05
8e-06
4.1e-05
7.4e-05
7.4e-05
0.00014
7.4e-05
-2.5e-05
-0.000123
-9e-05
-9e-05
-9e-05
4.1e-05
7.4e-05
7.4e-05
0.00014
0.000107
7.4e-05
-2.5e-05
-5.8e-05
-9e-05
-0.000156
-9e-05
7.4e-05
8e-06
0.000107
7.4e-05
0.00014
0.000107
-2.5e-05
-2.5e-05
-9e-05
-0.000123
-9e-05
8e-06
0.000107
0.000107
0.00014
0.000107
0.00014
-2.5e-05
-5.8e-05
-9e-05
-9e-05
-5.8e-05
4.1e-05
4.1e-05
0.000107
0.00014
7.4e-05
0.00014
-2.5e-05
-2.5e-05
0.000337
0.000107
0.001061
8e-06
0.000732
0.002936
0.001883
0.003792
0.005667
0.011819
0.016359
0.020077
0.013859
0.017511
0.022774
0.028301
0.036658
0.041033
0.048074
0.050936
0.060509
0.06176
0.070445
0.072419
0.075182
0.079723
0.079854
0.085875
0.083966
0.0865
0.092191
0.096172
0.093737
0.096369
0.095317
0.102258
0.097422
0.10035
0.106963
0.107818
0.107489
0.110384
0.109792
0.109726
0.115517
0.117458
0.110878
0.115878
0.004746
0.01047
0.020504
0.026426
0.033401
0.04179
0.04781
0.05212
0.062187
0.065148
0.069129
0.074788
0.07788
0.082124
0.081631
0.090283
0.092257
0.097718
0.099396
0.102423
0.105647
0.108674
0.112227
0.11555
0.118116
0.122886
0.123708
0.126242
0.13315
0.129893
0.133545
0.135388
0.139039
0.137658
0.137822
0.138283
0.140224
0.145455
0.148712
0.146507

Kurve 3

0.002344
0.003265
0.003167
0.001686
0.005601
0.00037
0.003298
0.003956
0.002805
0.000765
0.00389
0.002015
0.004548
0.003693
0.003792
0.001916
0.004614
0.007213
0.001554
0.004351
-0.000123
0.001752
0.002936
0.00287
0.00218
0.005568
0.001653
0.0057
0.003167
0.002377
0.004252
0.000929
0.004055
0.005338
0.001587
0.002147
-0.000321
0.001094
0.000798
-0.000321
0.000469
0.000962
8e-06
0.002015
0.00287
-0.000189
-2.5e-05
-9e-05
7.4e-05
-9e-05
0.000304
0.004055
-0.000222
0.001587
0.000107
0.001883
0.003331
0.006292
0.000107
0.001883
0.002903
0.001587
0.003364
0.002344
-0.000683
-0.000255
0.005831
0.000897
0.001324
0.001752
0.000699
-0.002163
0.000502
-0.000354
0.000831
0.001489
0.00218
0.003463
0.003792
0.002574
0.004154
0.003002
0.000469
0.001982
0.003199
0.00366
0.002936
0.005042
0.001028
0.002739
0.000206
-0.000551
-0.001768
0.000897
0.000897
0.002212
0.002048
4.1e-05
0.002969
-0.000419
0.001423
0.001982
0.005239
-0.001571
0.00014
-0.000485
0.001028
-0.000321
-0.000781
-0.00111
-0.000123
0.000633
0.00037
-0.003117
0.000239
8e-06
-0.000452
4.1e-05
-0.000584
0.000535
-0.00111
7.4e-05
0.000502
8e-06
-0.000485
0.000337
-0.000189
0.000206
0.000469
0.000633
-0.000255
0.000337
8e-06
0.000239
0.000239
-2.5e-05
-0.000979
-0.000781
0.000765
-0.00065
-5.8e-05
-0.001275
0.000633
-0.000222
0.000271
-2.5e-05
-2.5e-05
-0.000222
0.0006
0.000765
0.000502
0.000995
0.000666
-5.8e-05
-0.000419
0.000732
0.00037
0.000107
7.4e-05
0.000239
-0.000518
0.000304
0.000173
0.000239
0.000304
8e-06
8e-06
0.000107
0.000666
-9e-05
0.000337
-2.5e-05
0.000107
-2.5e-05
0.000436
4.1e-05
-0.000123
-0.000255
-2.5e-05
-0.000189
4.1e-05
4.1e-05
7.4e-05
0.00014
0.000107
0.00014
-2.5e-05
4.1e-05
-0.000123
-5.8e-05
-0.000123
-0.000123
8e-06
8e-06
0.000107
0.000107
0.000107
4.1e-05
-5.8e-05
-2.5e-05
-0.000123
-9e-05
-2.5e-05
-2.5e-05
7.4e-05
0.00014
0.000107
0.00014
0.000107
-2.5e-05
-9e-05
-9e-05
-9e-05
-0.000123
7.4e-05
7.4e-05
0.000107
0.00014
0.000107
7.4e-05
-2.5e-05
-2.5e-05
-0.000123
-0.000123
-0.000156
4.1e-05
8e-06
0.000107
4.1e-05
0.000173
0.000107
-2.5e-05
-2.5e-05
-9e-05
-0.000123
8e-06
-2.5e-05
7.4e-05
7.4e-05
0.000107
7.4e-05
4.1e-05
7.4e-05
-9e-05
-5.8e-05
-9e-05
-9e-05
4.1e-05
4.1e-05
7.4e-05
0.00014
0.000107
0.000107
8e-06
-5.8e-05
-9e-05
-9e-05
-2.5e-05
8e-06
0.000107
0.00014
4.1e-05
0.000206
4.1e-05
4.1e-05
-2.5e-05
-9e-05
-5.8e-05
-2.5e-05
-2.5e-05
4.1e-05
4.1e-05
0.00014
7.4e-05
0.000107
8e-06
-5.8e-05
-5.8e-05
-0.000156
-9e-05
-2.5e-05
7.4e-05
0.000107
0.000107
0.000107
0.000107
8e-06
-5.8e-05
-9e-05
-2.5e-05
-0.000123
-9e-05
4.1e-05
4.1e-05
4.1e-05
0.000107
0.00014
7.4e-05
-9e-05
-2.5e-05
-9e-05
-0.000156
-2.5e-05
-2.5e-05
0.000107
0.000107
0.000107
0.000107
7.4e-05
-9e-05
-5.8e-05
-0.000123
-5.8e-05
-9e-05
4.1e-05
7.4e-05
7.4e-05
0.000107
0.000107
4.1e-05
-2.5e-05
-5.8e-05
-9e-05
-9e-05
-5.8e-05
7.4e-05
4.1e-05
0.00014
0.000107
0.000107
0.00014
-5.8e-05
-9e-05
-2.5e-05
-0.000123
-0.000123
7.4e-05
4.1e-05
0.00014
0.00014
0.00014
4.1e-05
-5.8e-05
-2.5e-05
-9e-05
-0.000156
-2.5e-05
0.00014
4.1e-05
0.000107
0.000107
0.000107
0.000107
8e-06
8e-06
-9e-05
-9e-05
-9e-05
4.1e-05
0.000107
7.4e-05
7.4e-05
0.00014
0.000107
8e-06
-2.5e-05
-9e-05
-9e-05
-5.8e-05
7.4e-05
0.000107
8e-06
0.000239
0.000107
0.000107
4.1e-05
-2.5e-05
-9e-05
-0.000189
-0.000123
8e-06
7.4e-05
7.4e-05
7.4e-05
0.000107
0.00014
8e-06
4.1e-05
7.4e-05
-9e-05
-0.000189
4.1e-05
0.000206
7.4e-05
0.00014
0.00014
7.4e-05
-2.5e-05
8e-06
-0.000156
-2.5e-05
4.1e-05
8e-06
7.4e-05
7.4e-05
0.000107
7.4e-05
0.000107
4.1e-05
-5.8e-05
-5.8e-05
-5.8e-05
-0.000156
-2.5e-05
8e-06
0.000107
7.4e-05
0.000173
4.1e-05
8e-06
-9e-05
-2.5e-05
-9e-05
-0.000123
4.1e-05
4.1e-05
7.4e-05
0.00014
0.00014
4.1e-05
4.1e-05
-5.8e-05
-5.8e-05
-0.000156
0.000337
-2.5e-05
4.1e-05
0.000173
4.1e-05
0.00014
0.00014
0.000107
4.1e-05
7.4e-05
8e-06
-0.000419
-2.5e-05
7.4e-05
0.000107
0.000107
7.4e-05
0.000206
8e-06
-9e-05
-5.8e-05
8e-06
-0.000156
7.4e-05
4.1e-05
4.1e-05
0.000107
0.000107
0.000173
-2.5e-05
-5.8e-05
-2.5e-05
-0.000123
-5.8e-05
-0.000321
-0.000255
-0.000156
0.000535
0.000403
0.001061
0.000304
0.000304
0.000173
0.000699
-0.000814
0.000568
7.4e-05
0.000206
0.000107
0.000239
0.000107
0.00014
-0.000156
8e-06
-5.8e-05
-2.5e-05
-5.8e-05
0.000107
0.00014
8e-06
0.000403
0.000173
0.000206
-9e-05
0.000173
-0.000419
0.000271
-0.000288
0.000469
7.4e-05
0.000107
0.002607
0.000206
0.000699
0.00241
0.000732
-0.000255
0.000633
0.000107
8e-06
4.1e-05
0.00014
0.0006
4.1e-05
-0.001341
0.001061
0.001423
0.002838
0.000568
-0.000419
-0.000452
0.001423
0.00162
0.000798
0.002114
0.001851
0.000502
0.000469
0.000206
0.001818
0.000831
0.000831
-0.000123
4.1e-05
0.000173
0.000337
0.000239
0.000929
-2.5e-05
0.000502
0.000469
0.000962
0.000239
0.002212
0.001357
0.001028
-0.000617
0.000469
-9e-05
-0.000485
0.001061
0.000304
0.001193
-0.000518
0.002212
0.000173
0.000765
-0.000156
0.000699
-0.000156
0.000239
-9e-05
0.000502
-0.000255
0.000271
0.000337
0.000304
7.4e-05
0.000107
0.000271
-0.000354
0.000864
-9e-05
8e-06
-2.5e-05
4.1e-05
0.000436
0.000403
0.000206
0.000173
0.000107
-0.000156
-0.000222
-0.00088
0.000239
0.000173
0.000271
-0.000123
0.000271
0.000568
-0.000222
0.000304
0.000535
-2.5e-05
7.4e-05
0.000337
0.000929
-5.8e-05
0.00014
0.000173
4.1e-05
0.000107
-5.8e-05
0.000173
-0.000189
-0.000123
-2.5e-05
-0.001242
0.000107
0.000107
4.1e-05
7.4e-05
0.000206
0.000206
7.4e-05
8e-06
-9e-05
-9e-05
-9e-05
-5.8e-05
8e-06
-2.5e-05
0.000107
0.00014
0.000107
-2.5e-05
8e-06
-0.000123
-2.5e-05
-0.000123
-5.8e-05
7.4e-05
-2.5e-05
0.000173
0.00014
4.1e-05
7.4e-05
-5.8e-05
7.4e-05
4.1e-05
-0.000255
-5.8e-05
7.4e-05
0.000173
7.4e-05
0.000469
0.000798
0.001522
0.000436
0.000107
0.002081
0.000107
0.00139
7.4e-05
0.000173
0.00014
0.000304
0.000535
0.000206
-0.000387
0.001193
0.004154
0.000206
0.000765
0.000173
0.0006
0.000173
0.000271
0.000173
0.000107
-0.000156
0.000173
-9e-05
-5.8e-05
-9e-05
0.000206
0.00014
0.000107
-0.000485
0.002541
0.002476
0.001818
0.001258
8e-06
-2.5e-05
-0.000518
0.001851
0.001686
0.000239
-0.001012
0.001949
0.001719
0.000337
0.002969
0.001423
0.005437
-0.000321
0.000173
0.001785
0.000666
0.000173
0.000502
4.1e-05
0.000107
-0.000123
-2.5e-05
-2.5e-05
7.4e-05
4.1e-05
7.4e-05
4.1e-05
0.000173
0.000173
0.000337
0.002607
0.000271
4.1e-05
0.000271
-0.000255
0.000173
0.000173
-2.5e-05
7.4e-05
7.4e-05
0.000173
-9e-05
-5.8e-05
4.1e-05
-0.000222
0.004154
0.00343
0.003463
0.001785
0.000206
-0.002887
0.004647
0.004746
0.001587
0.005042
-2.5e-05
-0.000222
0.000732
0.001357
-0.000485
0.00218
0.000271
0.00241
-0.000288
0.001291
0.001193
0.001554
-0.001242
0.000469
0.000107
0.000469
4.1e-05
0.000271
0.000206
-0.000123
4.1e-05
-0.000123
-9e-05
0.002772
0.000271
-9e-05
0.0006
0.00014
0.001258
0.00014
0.000173
0.000403
0.001949
0.000502
-0.004302
0.000535
0.000798
7.4e-05
0.00014
0.00264
-0.001637
0.001423
0.001094
-0.000123
-9e-05
0.002048
-0.000123
0.000107
0.000206
4.1e-05
0.000271
-0.003545
0.00037
0.00218
0.002509
0.00241
0.000864
-0.002558
0.00241
0.001028
0.001522
0.000831
0.002739
0.001587
0.002443
0.002245
0.000107
0.000271
4.1e-05
4.1e-05
0.000535
0.00037
0.000107
0.00014
0.00014
0.000271
-0.000354
0.0006
0.00014
0.000436
-0.000156
0.001225
0.00014
0.001587
0.001883
0.001456
-0.000321
0.000568
-0.000156
0.00014
0.002147
0.000436
0.000831
0.000304
0.000403
7.4e-05
0.000107
8e-06
-5.8e-05
-5.8e-05
-9e-05
-2.5e-05
4.1e-05
4.1e-05
0.000107
0.00014
0.000173
8e-06
-9e-05
-2.5e-05
-9e-05
-9e-05
-0.000123
4.1e-05
0.000107
0.000107
0.000107
0.000107
-2.5e-05
4.1e-05
-9e-05
-9e-05
-9e-05
-5.8e-05
7.4e-05
4.1e-05
0.000173
4.1e-05
0.00014
0.00014
-2.5e-05
-9e-05
-5.8e-05
-0.000123
-5.8e-05
8e-06
7.4e-05
0.000107
4.1e-05
0.00014
4.1e-05
8e-06
-2.5e-05
-9e-05
-0.000123
-0.000123
8e-06
7.4e-05
4.1e-05
0.000173
0.000107
4.1e-05
8e-06
-2.5e-05
-5.8e-05
-0.000123
-2.5e-05
-2.5e-05
7.4e-05
0.000107
7.4e-05
0.000107
7.4e-05
-5.8e-05
8e-06
-5.8e-05
-5.8e-05
-0.000123
-2.5e-05
7.4e-05
0.000107
0.000107
0.000107
0.000107
4.1e-05
8e-06
-9e-05
4.1e-05
-0.001012
0.00014
0.000173
7.4e-05
0.000239
0.00037
7.4e-05
0.000239
0.000107
-9e-05
-5.8e-05
0.000271
-2.5e-05
4.1e-05
7.4e-05
0.000107
0.000239
0.000107
-2.5e-05
-2.5e-05
-5.8e-05
-5.8e-05
-0.000189
7.4e-05
8e-06
0.000107
0.000107
0.000107
0.00014
8e-06
-2.5e-05
-2.5e-05
-9e-05
-0.000123
-5.8e-05
8e-06
0.00014
7.4e-05
0.000107
0.000107
-2.5e-05
-2.5e-05
-0.000123
-9e-05
-0.000123
-9e-05
4.1e-05
7.4e-05
0.000107
7.4e-05
7.4e-05
4.1e-05
-9e-05
-5.8e-05
-9e-05
-0.000156
8e-06
8e-06
0.000107
7.4e-05
4.1e-05
0.000173
0.000107
-5.8e-05
-9e-05
-5.8e-05
-0.000123
-5.8e-05
-2.5e-05
4.1e-05
4.1e-05
0.000107
0.00014
7.4e-05
-2.5e-05
-9e-05
-0.000123
-0.000156
-2.5e-05
8e-06
4.1e-05
0.000107
0.00014
0.000107
0.000107
-5.8e-05
-5.8e-05
-9e-05
-9e-05
8e-06
4.1e-05
0.00014
7.4e-05
0.000107
0.000173
8e-06
7.4e-05
-5.8e-05
-5.8e-05
-5.8e-05
-0.000156
8e-06
4.1e-05
4.1e-05
0.000107
0.000107
0.000107
-2.5e-05
-2.5e-05
-5.8e-05
-0.000123
-5.8e-05
7.4e-05
8e-06
0.000107
0.000107
0.00014
4.1e-05
-2.5e-05
-5.8e-05
-9e-05
-5.8e-05
-9e-05
0.000107
0.000107
0.000107
0.000107
0.000173
0.000107
4.1e-05
-9e-05
-5.8e-05
-0.000123
-9e-05
8e-06
7.4e-05
7.4e-05
4.1e-05
0.000107
7.4e-05
-2.5e-05
-5.8e-05
-5.8e-05
-0.000123
-2.5e-05
-2.5e-05
0.000107
0.000107
0.000107
0.00014
4.1e-05
8e-06
-2.5e-05
-0.000123
-0.000123
-0.000123
-2.5e-05
8e-06
4.1e-05
7.4e-05
7.4e-05
0.000173
8e-06
8e-06
8e-06
-0.000123
-0.000123
4.1e-05
0.000107
0.00014
0.000107
0.00014
0.000173
8e-06
8e-06
-9e-05
-0.000123
0.000206
4.1e-05
7.4e-05
0.000107
0.00014
0.00014
0.000107
4.1e-05
-5.8e-05
-2.5e-05
-5.8e-05
-0.000321
-2.5e-05
-2.5e-05
0.000107
0.000107
0.000107
0.00014
-5.8e-05
-2.5e-05
-5.8e-05
-9e-05
-9e-05
8e-06
4.1e-05
4.1e-05
7.4e-05
0.000107
7.4e-05
4.1e-05
-9e-05
-9e-05
-5.8e-05
-9e-05
-2.5e-05
0.000107
4.1e-05
0.00014
0.000107
0.000107
4.1e-05
-9e-05
-5.8e-05
-0.000123
-5.8e-05
-0.000123
4.1e-05
0.000107
7.4e-05
0.000107
7.4e-05
8e-06
8e-06
-9e-05
-5.8e-05
-9e-05
-9e-05
8e-06
4.1e-05
7.4e-05
0.00014
7.4e-05
0.000107
-5.8e-05
-2.5e-05
-5.8e-05
-9e-05
-5.8e-05
8e-06
0.000107
0.000107
0.000107
0.000107
0.000107
8e-06
-9e-05
-0.000123
-5.8e-05
-5.8e-05
4.1e-05
4.1e-05
7.4e-05
0.000107
0.000107
7.4e-05
-2.5e-05
-5.8e-05
-9e-05
-9e-05
-9e-05
8e-06
7.4e-05
0.00014
7.4e-05
0.000107
0.000107
-2.5e-05
-2.5e-05
-0.000123
-2.5e-05
-2.5e-05
8e-06
7.4e-05
7.4e-05
0.00014
0.00014
7.4e-05
-2.5e-05
-0.000123
-9e-05
-0.000123
-5.8e-05
8e-06
0.000107
0.000107
7.4e-05
7.4e-05
4.1e-05
4.1e-05
-2.5e-05
-9e-05
-0.000123
-5.8e-05
-2.5e-05
7.4e-05
7.4e-05
0.000107
0.00014
7.4e-05
8e-06
-5.8e-05
-9e-05
-9e-05
-5.8e-05
8e-06
4.1e-05
0.000107
0.000107
0.000107
0.000107
-2.5e-05
-5.8e-05
8e-06
-9e-05
-9e-05
8e-06
4.1e-05
7.4e-05
0.000107
0.000107
0.000107
-2.5e-05
-2.5e-05
-9e-05
-2.5e-05
-0.000123
7.4e-05
0.000107
7.4e-05
7.4e-05
0.000107
0.00014
8e-06
-2.5e-05
-2.5e-05
-0.000123
0.00014
-2.5e-05
4.1e-05
0.000107
0.00014
4.1e-05
0.000206
-2.5e-05
4.1e-05
-2.5e-05
-5.8e-05
-0.000419
8e-06
0.000107
0.000107
0.000173
0.00014
-2.5e-05
8e-06
-5.8e-05
-9e-05
-5.8e-05
-0.000123
7.4e-05
4.1e-05
0.000107
0.000107
0.000107
8e-06
0.000173
-5.8e-05
-5.8e-05
-5.8e-05
-0.000123
-9e-05
8e-06
0.000107
7.4e-05
0.00014
0.000107
-2.5e-05
-5.8e-05
8e-06
-5.8e-05
-9e-05
-5.8e-05
7.4e-05
0.00014
0.00014
0.000206
0.000206
0.00014
-2.5e-05
-5.8e-05
4.1e-05
-0.000123
-5.8e-05
4.1e-05
0.000107
0.00014
0.000107
0.000173
4.1e-05
7.4e-05
-2.5e-05
-9e-05
8e-06
8e-06
7.4e-05
8e-06
0.000173
0.000107
0.000239
0.00014
7.4e-05
-0.000123
-5.8e-05
-0.000123
4.1e-05
8e-06
7.4e-05
0.000107
7.4e-05
0.00014
4.1e-05
-2.5e-05
-5.8e-05
-0.000123
-5.8e-05
-9e-05
4.1e-05
0.000107
0.00014
0.000173
0.000107
0.000107
8e-06
-5.8e-05
-2.5e-05
-0.000123
-2.5e-05
4.1e-05
4.1e-05
0.000107
0.000173
0.000107
7.4e-05
-5.8e-05
-2.5e-05
-9e-05
-9e-05
8e-06
-2.5e-05
0.00014
0.000107
0.00014
0.00014
7.4e-05
8e-06
-9e-05
-9e-05
-5.8e-05
-9e-05
-2.5e-05
7.4e-05
4.1e-05
0.00014
4.1e-05
0.000107
-2.5e-05
-5.8e-05
-9e-05
-0.000123
8e-06
-2.5e-05
7.4e-05
7.4e-05
7.4e-05
0.000107
7.4e-05
8e-06
-2.5e-05
-0.000123
-5.8e-05
-0.000123
8e-06
7.4e-05
7.4e-05
0.000107
0.00014
7.4e-05
8e-06
-2.5e-05
-0.000123
-9e-05
-0.000123
8e-06
4.1e-05
7.4e-05
0.000107
7.4e-05
0.00014
8e-06
-2.5e-05
-5.8e-05
-5.8e-05
-9e-05
4.1e-05
4.1e-05
0.00014
0.000107
7.4e-05
0.000107
8e-06
8e-06
-5.8e-05
-5.8e-05
-0.000189
4.1e-05
8e-06
4.1e-05
0.000107
0.000107
0.000173
4.1e-05
-2.5e-05
-5.8e-05
-5.8e-05
-5.8e-05
8e-06
8e-06
0.000107
7.4e-05
0.000107
0.000107
4.1e-05
4.1e-05
-0.000123
-5.8e-05
-2.5e-05
-9e-05
0.000107
0.000107
0.000107
0.000107
0.000107
0.000107
-2.5e-05
-5.8e-05
-5.8e-05
-0.000123
-5.8e-05
8e-06
0.00014
0.00014
0.000107
0.000107
7.4e-05
-5.8e-05
-5.8e-05
-9e-05
-0.000156
-5.8e-05
7.4e-05
4.1e-05
0.00014
0.000107
0.000107
7.4e-05
-5.8e-05
-5.8e-05
-2.5e-05
-5.8e-05
-2.5e-05
4.1e-05
0.000107
0.00014
0.00014
0.00014
0.000107
-2.5e-05
-5.8e-05
-9e-05
-9e-05
-2.5e-05
8e-06
7.4e-05
7.4e-05
0.00014
7.4e-05
4.1e-05
4.1e-05
-5.8e-05
-5.8e-05
-0.000123
-2.5e-05
7.4e-05
0.000107
0.000173
0.000107
0.000107
7.4e-05
4.1e-05
-5.8e-05
-9e-05
-9e-05
-9e-05
8e-06
0.00014
7.4e-05
0.00014
0.000107
7.4e-05
4.1e-05
-5.8e-05
-9e-05
-9e-05
-5.8e-05
4.1e-05
0.000107
7.4e-05
0.00014
0.000107
7.4e-05
-2.5e-05
-5.8e-05
-9e-05
-5.8e-05
-9e-05
7.4e-05
7.4e-05
0.000271
7.4e-05
0.00014
0.00014
4.1e-05
-5.8e-05
-5.8e-05
-2.5e-05
-9e-05
8e-06
0.00014
7.4e-05
0.00014
0.000107
0.000107
4.1e-05
-5.8e-05
-2.5e-05
-9e-05
-9e-05
4.1e-05
0.000107
7.4e-05
0.00014
7.4e-05
0.000107
-2.5e-05
-2.5e-05
-5.8e-05
-9e-05
-5.8e-05
-5.8e-05
7.4e-05
0.000107
0.00014
0.000173
0.00014
8e-06
8e-06
-9e-05
-5.8e-05
-5.8e-05
-2.5e-05
4.1e-05
0.000107
0.000107
0.000107
0.000173
8e-06
-5.8e-05
-2.5e-05
-9e-05
-0.000123
4.1e-05
4.1e-05
0.000107
0.000107
0.00014
0.000107
8e-06
8e-06
-0.000156
-5.8e-05
-0.000123
-2.5e-05
4.1e-05
0.000107
0.000107
0.00014
4.1e-05
4.1e-05
-5.8e-05
-5.8e-05
-5.8e-05
-0.000123
-5.8e-05
8e-06
0.00014
0.00014
4.1e-05
0.000107
8e-06
8e-06
-5.8e-05
-2.5e-05
-5.8e-05
-2.5e-05
4.1e-05
4.1e-05
0.000107
0.000173
0.00014
0.00014
-5.8e-05
-2.5e-05
-2.5e-05
-9e-05
-2.5e-05
7.4e-05
0.000107
0.00014
0.000107
0.00014
4.1e-05
-2.5e-05
-2.5e-05
-0.000123
-5.8e-05
-5.8e-05
4.1e-05
0.000107
7.4e-05
0.000173
0.00014
0.000107
4.1e-05
-5.8e-05
-5.8e-05
-0.000123
-5.8e-05
7.4e-05
4.1e-05
0.00014
0.000107
0.00014
4.1e-05
-5.8e-05
-2.5e-05
-0.000123
-0.000156
-9e-05
4.1e-05
0.00014
0.000107
0.000107
0.000173
4.1e-05
8e-06
-5.8e-05
-9e-05
-5.8e-05
-2.5e-05
4.1e-05
7.4e-05
7.4e-05
0.000173
0.000107
7.4e-05
-2.5e-05
-9e-05
-5.8e-05
-0.000156
8e-06
-2.5e-05
4.1e-05
0.000107
0.00014
0.00014
0.000107
8e-06
-5.8e-05
-9e-05
-9e-05
-5.8e-05
4.1e-05
0.00014
7.4e-05
0.000173
0.000107
7.4e-05
4.1e-05
-5.8e-05
-9e-05
-5.8e-05
-2.5e-05
8e-06
7.4e-05
0.00014
4.1e-05
7.4e-05
0.00014
-2.5e-05
-2.5e-05
-0.000123
-9e-05
-5.8e-05
8e-06
0.00014
4.1e-05
0.000107
0.000173
7.4e-05
8e-06
-5.8e-05
-9e-05
-5.8e-05
-0.000123
8e-06
4.1e-05
0.000107
0.000173
0.000107
0.000107
8e-06
-5.8e-05
-5.8e-05
-9e-05
4.1e-05
8e-06
7.4e-05
0.000107
0.000107
0.000107
0.00014
8e-06
-2.5e-05
-0.000123
-5.8e-05
-0.000255
8e-06
7.4e-05
4.1e-05
0.000107
0.000107
0.000107
8e-06
-2.5e-05
-5.8e-05
-9e-05
-0.000156
-2.5e-05
4.1e-05
4.1e-05
7.4e-05
7.4e-05
0.000107
8e-06
-2.5e-05
-9e-05
-9e-05
-5.8e-05
-5.8e-05
4.1e-05
0.000107
7.4e-05
0.00014
0.000107
0.000107
-5.8e-05
-9e-05
-2.5e-05
-0.000123
-2.5e-05
4.1e-05
0.000107
0.000107
0.000173
0.00014
0.000107
-5.8e-05
-2.5e-05
-9e-05
-9e-05
-5.8e-05
8e-06
7.4e-05
0.000107
0.000107
0.000107
4.1e-05
4.1e-05
-5.8e-05
-9e-05
-0.000123
-9e-05
4.1e-05
4.1e-05
0.000107
0.000107
0.000107
7.4e-05
-5.8e-05
-9e-05
-9e-05
-0.000123
-2.5e-05
4.1e-05
4.1e-05
7.4e-05
0.000107
0.000107
4.1e-05
-2.5e-05
-2.5e-05
-9e-05
-0.000123
-5.8e-05
4.1e-05
0.000107
0.00014
7.4e-05
0.000107
4.1e-05
-5.8e-05
-9e-05
-5.8e-05
-9e-05
-5.8e-05
4.1e-05
4.1e-05
0.00014
0.000107
0.000173
0.000107
8e-06
-2.5e-05
-9e-05
-5.8e-05
-2.5e-05
-2.5e-05
7.4e-05
7.4e-05
0.00014
0.000107
7.4e-05
4.1e-05
-5.8e-05
-2.5e-05
-0.000123
-9e-05
4.1e-05
4.1e-05
0.00014
0.000107
0.000107
0.000173
-5.8e-05
-2.5e-05
-9e-05
-0.000123
-2.5e-05
-2.5e-05
0.000107
4.1e-05
0.000107
0.000173
7.4e-05
8e-06
-5.8e-05
-9e-05
-0.000123
-9e-05
8e-06
0.000107
7.4e-05
0.000107
4.1e-05
0.000107
8e-06
-9e-05
-5.8e-05
-0.000156
-5.8e-05
-5.8e-05
7.4e-05
0.000107
0.000107
0.00014
0.000107
4.1e-05
-2.5e-05
-9e-05
-9e-05
-2.5e-05
-2.5e-05
0.000107
7.4e-05
0.000107
0.00014
7.4e-05
4.1e-05
-9e-05
8e-06
-0.000123
-0.000156
8e-06
7.4e-05
7.4e-05
0.000107
0.000107
0.00014
8e-06
-5.8e-05
-5.8e-05
-9e-05
-5.8e-05
-5.8e-05
7.4e-05
7.4e-05
7.4e-05
7.4e-05
4.1e-05
4.1e-05
-2.5e-05
-5.8e-05
-2.5e-05
-5.8e-05
-2.5e-05
7.4e-05
7.4e-05
0.000107
0.000107
7.4e-05
7.4e-05
8e-06
-2.5e-05
-0.000156
-9e-05
-5.8e-05
4.1e-05
0.000107
0.00014
0.000107
0.00014
7.4e-05
-2.5e-05
-2.5e-05
-5.8e-05
-9e-05
-9e-05
4.1e-05
7.4e-05
0.000107
0.000107
0.000107
7.4e-05
-2.5e-05
-5.8e-05
-0.000123
-9e-05
-5.8e-05
8e-06
0.000107
0.000107
0.000107
0.000107
4.1e-05
8e-06
-5.8e-05
-9e-05
-5.8e-05
8e-06
8e-06
7.4e-05
7.4e-05
0.00014
0.000107
8e-06
8e-06
-5.8e-05
-5.8e-05
-0.000123
-5.8e-05
8e-06
4.1e-05
0.00014
0.000107
0.000206
7.4e-05
-2.5e-05
-2.5e-05
-2.5e-05
-9e-05
-9e-05
8e-06
4.1e-05
0.000107
0.00014
0.00014
7.4e-05
7.4e-05
-5.8e-05
-2.5e-05
-9e-05
-5.8e-05
8e-06
0.000107
0.000107
0.00014
0.000107
0.000107
8e-06
-5.8e-05
-2.5e-05
-0.000123
-5.8e-05
-2.5e-05
7.4e-05
7.4e-05
0.000107
0.00014
0.000107
4.1e-05
-5.8e-05
-0.000123
-2.5e-05
-9e-05
4.1e-05
7.4e-05
7.4e-05
0.000107
0.000107
0.000107
8e-06
-9e-05
-5.8e-05
-9e-05
-2.5e-05
8e-06
7.4e-05
0.000107
4.1e-05
0.000173
0.000107
-2.5e-05
-5.8e-05
-9e-05
-9e-05
-0.000156
-2.5e-05
0.000107
4.1e-05
0.000107
0.00014
7.4e-05
0.000107
-5.8e-05
-5.8e-05
-5.8e-05
7.4e-05
4.1e-05
4.1e-05
4.1e-05
0.000107
7.4e-05
0.00014
4.1e-05
-5.8e-05
-5.8e-05
-9e-05
-0.000156
-5.8e-05
4.1e-05
7.4e-05
0.000107
0.00014
0.00014
4.1e-05
-2.5e-05
-5.8e-05
-5.8e-05
-0.000123
-5.8e-05
4.1e-05
7.4e-05
0.00014
7.4e-05
7.4e-05
4.1e-05
-5.8e-05
-2.5e-05
-0.000123
-5.8e-05
-5.8e-05
4.1e-05
0.000107
0.000107
0.000107
7.4e-05
-2.5e-05
8e-06
-9e-05
-2.5e-05
-0.000123
-2.5e-05
4.1e-05
7.4e-05
0.000173
0.000107
0.000173
0.000107
-5.8e-05
-9e-05
-9e-05
-0.000123
8e-06
4.1e-05
4.1e-05
7.4e-05
0.000107
0.000173
0.000107
8e-06
-5.8e-05
-9e-05
-9e-05
-9e-05
0.000107
0.000107
4.1e-05
0.00014
0.000107
0.000107
-5.8e-05
-9e-05
-5.8e-05
-9e-05
8e-06
8e-06
4.1e-05
0.000107
7.4e-05
0.00014
8e-06
-2.5e-05
-2.5e-05
-5.8e-05
-5.8e-05
-5.8e-05
8e-06
4.1e-05
0.000107
0.00014
0.000107
4.1e-05
8e-06
-9e-05
-2.5e-05
-0.000123
-0.000123
7.4e-05
4.1e-05
0.00014
0.000107
0.000107
0.00014
-5.8e-05
-5.8e-05
-5.8e-05
-0.000123
8e-06
8e-06
7.4e-05
7.4e-05
0.000107
0.000107
4.1e-05
8e-06
-9e-05
-5.8e-05
-5.8e-05
-5.8e-05
4.1e-05
7.4e-05
0.000107
0.00014
0.000107
7.4e-05
8e-06
-9e-05
-9e-05
-0.000123
-9e-05
8e-06
8e-06
0.000107
0.000107
0.000107
7.4e-05
-2.5e-05
-2.5e-05
-5.8e-05
-0.000156
-5.8e-05
-2.5e-05
7.4e-05
0.000107
0.000107
7.4e-05
0.000107
8e-06
-2.5e-05
-5.8e-05
-5.8e-05
-0.000156
4.1e-05
8e-06
0.000107
0.000107
7.4e-05
0.000173
-2.5e-05
-9e-05
-5.8e-05
-0.000123
0.00014
-2.5e-05
7.4e-05
7.4e-05
4.1e-05
0.00014
7.4e-05
8e-06
-5.8e-05
-5.8e-05
-5.8e-05
-0.000123
-5.8e-05
7.4e-05
7.4e-05
0.000107
0.000173
0.00014
4.1e-05
-5.8e-05
-2.5e-05
-9e-05
-5.8e-05
-5.8e-05
0.000107
0.000107
7.4e-05
0.000107
4.1e-05
-2.5e-05
-2.5e-05
8e-06
8e-06
-2.5e-05
-0.000189
0.000337
-9e-05
0.000568
0.00014
0.000271
0.000206
0.000173
7.4e-05
-0.000123
-9e-05
-9e-05
7.4e-05
4.1e-05
7.4e-05
7.4e-05
0.000173
0.000107
-2.5e-05
-2.5e-05
-0.000123
-5.8e-05
8e-06
0.000107
4.1e-05
0.000107
0.00014
0.00014
0.000107
8e-06
-0.000123
-5.8e-05
-0.000156
-9e-05
7.4e-05
0.000107
0.000107
0.000107
0.000173
7.4e-05
-2.5e-05
-2.5e-05
-9e-05
-9e-05
-0.000123
-2.5e-05
0.000107
0.000107
0.00014
0.000107
4.1e-05
8e-06
-5.8e-05
-9e-05
-9e-05
-2.5e-05
8e-06
7.4e-05
0.00014
0.000107
0.000107
4.1e-05
8e-06
8e-06
-9e-05
-5.8e-05
-0.000123
8e-06
0.000107
0.000107
7.4e-05
0.00014
0.000107
4.1e-05
-5.8e-05
-5.8e-05
-5.8e-05
-5.8e-05
4.1e-05
4.1e-05
7.4e-05
0.000107
0.000107
7.4e-05
8e-06
-5.8e-05
-5.8e-05
-9e-05
-9e-05
8e-06
8e-06
0.00014
0.00014
0.000173
0.000107
-2.5e-05
-9e-05
-5.8e-05
-0.000156
-9e-05
-2.5e-05
4.1e-05
7.4e-05
0.00014
0.000173
0.000107
4.1e-05
-2.5e-05
-9e-05
-2.5e-05
-2.5e-05
8e-06
4.1e-05
0.000107
0.000107
0.000107
0.00014
8e-06
-2.5e-05
-2.5e-05
-0.000156
-0.000123
-2.5e-05
7.4e-05
7.4e-05
0.000107
0.000173
4.1e-05
4.1e-05
-5.8e-05
-0.000123
-9e-05
8e-06
-2.5e-05
4.1e-05
7.4e-05
0.000173
0.000107
0.000107
8e-06
-5.8e-05
-2.5e-05
-9e-05
-9e-05
8e-06
8e-06
0.00014
7.4e-05
0.000173
0.000173
-2.5e-05
-2.5e-05
-5.8e-05
-9e-05
-5.8e-05
8e-06
0.000107
7.4e-05
0.000107
0.00014
7.4e-05
0.000107
-9e-05
8e-06
-5.8e-05
-5.8e-05
-5.8e-05
7.4e-05
7.4e-05
0.000107
0.00014
0.000173
4.1e-05
-5.8e-05
-5.8e-05
-9e-05
-2.5e-05
-5.8e-05
7.4e-05
7.4e-05
4.1e-05
0.00014
0.00014
0.000107
-2.5e-05
-9e-05
-5.8e-05
-9e-05
-2.5e-05
8e-06
4.1e-05
0.00014
0.000107
0.00014
0.000107
-5.8e-05
-2.5e-05
-5.8e-05
-5.8e-05
-5.8e-05
4.1e-05
0.000107
0.000107
0.000107
0.000107
7.4e-05

Kurve 4

7.4e-05
-2.5e-05
0.000173
0.000107
0.000239
4.1e-05
7.4e-05
-2.5e-05
4.1e-05
-5.8e-05
-0.000189
-0.000156
0.00014
0.00014
0.000107
0.000107
0.000107
0.000304
-5.8e-05
8e-06
0.000107
0.000633
-5.8e-05
0.000271
0.00014
-0.000288
7.4e-05
0.00037
-0.000123
-0.000189
0.001061
-0.000387
-0.000222
-0.002525
0.000995
7.4e-05
0.000469
-0.000452
0.001258
0.00264
0.00218
0.002081
0.000699
0.000107
-0.000123
-2.5e-05
7.4e-05
0.000107
-0.000156
-0.000288
-0.001209
0.000864
-0.000946
0.000107
-0.000321
7.4e-05
-0.000189
0.000633
0.00014
0.000206
0.000239
-9e-05
8e-06
0.000206
0.000304
-0.000321
0.000239
-0.001966
0.000304
-0.000452
-0.000288
-0.000354
0.00116
0.000502
0.001193
-9e-05
0.000765
-9e-05
4.1e-05
-5.8e-05
0.000173
-5.8e-05
0.000173
0.000633
-0.000255
-0.000123
-0.000156
-0.00111
4.1e-05
0.001028
4.1e-05
0.000929
0.001916
0.002081
0.001357
-0.000683
-0.000321
-0.000123
-9e-05
-2.5e-05
4.1e-05
8e-06
7.4e-05
7.4e-05
0.000206
7.4e-05
8e-06
-5.8e-05
-0.000617
8e-06
-5.8e-05
7.4e-05
8e-06
8e-06
0.00014
0.00014
8e-06
-2.5e-05
-0.000716
7.4e-05
-0.001571
0.000929
0.000173
0.000929
0.000304
0.000107
0.00014
0.00162
0.002081
0.00116
0.000436
0.000864
-0.000156
-2.5e-05
0.000568
-0.00065
0.001193
-0.000354
0.000107
-5.8e-05
0.00014
0.001719
0.00014
0.004746
0.00139
0.00616
0.00264
0.002903
0.001324
0.001752
0.00241
0.000929
0.00037
0.000535
-0.00111
-0.004762
0.000864
0.001522
0.004515
-0.001637
0.004844
0.002114
0.006456
0.004943
0.00218
0.003463
0.000765
0.003331
0.002311
0.002805
0.003792
0.001916
0.003364
0.002509
-0.000617
0.0006
0.005634
-0.000946
0.000107
0.002739
0.000831
0.00241
0.000798
0.003594
-0.000288
0.001127
-0.000222
-0.006243
-0.000814
-0.000748
0.002509
0.00287
0.001851
-0.000551
-0.001176
0.00389
0.005798
0.000239
0.002673
-0.001604
0.001785
0.001752
0.000798
0.001785
-0.000617
0.002278
0.000864
0.000502
0.000239
-9e-05
-0.001703
-0.002591
0.002245
0.003035
0.000502
0.00139
0.00287
0.007575
0.00514
0.000502
0.00037
-0.001834
-0.001505
-0.000518
0.002245
-9e-05
0.002805
0.003989
0.003825
0.00343
0.004581
0.005601
0.005305
0.004318
0.005009
0.006292
0.000206
0.004417
0.005042
0.004285
0.004548
0.004746
0.004384
0.009779
0.000107
-0.00315
0.001456
0.003364
0.00468
0.003693
0.003298
0.00593
0.011227
0.012773
0.014681
0.010569
0.007641
0.004943
0.001456
0.00014
0.006851
0.005601
0.012082
0.014188
0.016491
0.020044
0.003594
0.005667
0.014582
0.011753
0.013267
0.019188
0.021524
0.020307
0.025571
-0.000518
-0.003018
0.002377
0.002476
0.00797
0.00343
0.007246
0.008924
0.015504
0.016787
0.021425
0.01501
0.001752
0.000568
-0.000288
0.001028
0.0006
0.00287
0.000535
8e-06
0.001225
0.000173
0.000304
0.000732
0.000206
0.00037
0.000699
0.003035
0.006818
0.003265
0.006753
0.005173
0.006588
0.006884
0.005897
0.004121
0.00514
0.004121
0.006654
0.002936
0.002476
0.00593
0.006588
0.007312
0.006851
0.00843
0.006785
0.009681
0.008036
0.004285
-0.001505
0.006292
0.004877
0.008529
0.010141
0.008068
0.011325
0.003956
0.003923
0.008397
0.011983
0.010832
0.007082
0.001127
0.003134
0.001982
0.003726
0.008595
0.006193
0.003167
0.007476
0.005437
0.006391
0.005996
0.005173
0.009549
0.008068
0.011622
0.009286
0.014517
0.016063
0.014813
0.014089
0.014089
0.011556
0.017905
0.01399
0.011358
0.008299
0.003199
0.004779
0.005996
0.003923
0.006687
0.006555
0.005404
0.00797
0.005667
0.010141
0.006654
0.009121
0.009187
0.011095
0.010536
0.015569
0.013661
0.012773
0.015306
0.008858
0.015635
0.014188
0.010207
0.002541
0.003134
0.008167
0.006029
0.001061
0.004976
0.008167
0.011556
0.011918
0.009944
0.010339
0.011358
0.009253
0.007147
0.005469
0.003726
0.010306
0.011622
0.010174
0.005173
0.003594
0.006292
0.012609
0.013925
0.019484
0.017214
0.01626
0.018662
0.016096
0.011029
0.006424
0.007608
0.004548
0.011885
0.013036
0.015175
0.017149
0.021853
0.021195
0.022412
0.024485
0.023136
0.023498
0.024353
0.025505
0.022412
0.025505
0.022709
0.023663
0.024321
0.018958
0.011227
0.012609
0.014813
0.021919
0.023432
0.011161
0.001916
0.003693
0.009253
0.012378
0.017675
0.019945
0.025735
0.024814
0.026689
0.027051
0.027479
0.027939
0.030177
0.029387
0.029782
0.024617
0.025604
0.025768
0.02919
0.029255
0.030111
0.034125
0.03067
0.03419
0.034881
0.008036
0.014319
0.020866
0.014681
0.006062
0.010832
0.019682
0.019715
0.024189
0.027314
0.027216
0.033006
0.033565
0.037414
0.03396
0.037678
0.035506
0.035769
0.033039
0.035737
0.034881
0.039816
0.006292
0.00116
0.002114
-0.002262
0.002212
0.000798
0.003463
0.001785
0.001028
0.000798
-2.5e-05
0.000535
0.004186
-0.000781
0.000633
0.001982
0.002278
0.008891
0.003397
0.000337
0.000897
0.003956
0.001094
0.002607
0.00218
0.006095
0.008924
0.007082
0.004811
0.016063
0.020702
0.021327
0.003693
0.012411
0.012115
0.017872
0.006193
0.000798
0.002772
0.00162
0.008595
0.006029
0.006588
0.007871
0.013826
0.014879
0.024979
0.025571
0.018168
0.010042
0.006884
0.011819
0.004943
0.008694
0.010371
0.017774
0.022478
0.022741
0.003528
0.003825
0.002114
0.007707
0.009286
0.011885
0.016688
0.009648
0.008068
0.007838
0.011819
0.018399
0.014714
0.018958
0.028334
0.032019
0.035375
0.037678
0.041593
0.042744
0.046856
0.05189
0.052318
0.053107
0.058141
0.061957
0.062747
0.063207
0.065115
0.06903
0.067056
0.066102
0.064392
0.0688
0.068109
0.070412
0.071629
0.074459
0.072287
0.07584
0.07538
0.078209
0.080446
0.078505
0.083407
0.083144
0.083111
0.081367
0.082322
0.079854
0.084592
0.086533
0.084526
0.083177
0.07913
0.071202
0.008134
0.005897
0.007246
0.007147
0.005733
0.011951
0.016754
0.027709
0.024913
0.017511
0.016885
0.022248
0.021919
0.027907
0.032644
0.039224
0.038796
0.043797
0.04485
0.051298
0.050903
0.057943
0.0511
0.006424
0.015438
0.020142
0.029782
0.032447
0.041132
0.040244
0.014385
0.01807
0.023992
0.023992
0.025505
8e-06
0.006654
-0.000617
0.000502
8e-06
0.000173
0.000107
0.000107
-2.5e-05
-2.5e-05
-9e-05
-9e-05
-0.000123
-2.5e-05
0.00014
0.000107
7.4e-05
0.00014
7.4e-05
8e-06
-2.5e-05
-2.5e-05
8e-06
8e-06
4.1e-05
0.000107
0.000107
0.001028
0.000403
0.002311
0.009516
0.004943
0.003792
0.009878
0.018168
0.015767
0.003035
0.010273
0.00366
-0.000189
0.000568
0.000666
-0.000156
-9e-05
0.000765
-0.001703
0.001094
0.002673
0.004779
0.00616
0.005371
0.00264
0.000502
0.007443
0.011391
0.020077
0.024025
0.028828
0.033203
0.034355
0.039882
0.043303
0.044685
0.049653
0.051166
0.050903
0.055015
0.051396
0.042678
0.043073
0.038434
0.021261
0.017346
0.012214
0.023268
0.019353
0.019221
0.021327
0.025275
0.027216
0.028499
0.027249
0.025604
0.027907
0.013267
0.006818
0.010404
0.013464
0.014911
0.012247
0.011753
0.01501
0.020406
0.020537
0.026821
0.036066
0.038829
0.045146
0.049324
0.048008
0.055673
0.003463
0.01126
0.007608
0.00695
0.009878
0.020241
0.017905
0.024781
0.023696
0.029255
0.031723
0.040145
0.045014
0.048337
0.046363
0.013003
0.00366
0.002443
0.004186
0.007312
0.010273
0.015898
0.028992
0.024518
0.030802
0.033401
0.031427
0.0385
0.031887
0.039652
0.043139
0.047449
0.051232
0.056364
0.057713
0.053041
0.043599
0.028565
0.015701
0.015898
0.009023
-0.000288
0.004943
0.008365
0.012247
0.015471
0.021294
0.025604
0.029584
0.034848
0.046001
0.046758
0.053601
0.053436
0.051857
0.051989
0.053798
0.060016
0.034519
0.015866
0.023959
0.031493
0.035934
0.005897
0.010602
0.015997
0.019517
0.00514
0.002278
0.000897
0.000666
0.000304
-0.000617
0.010536
0.017149
0.023663
0.025933
0.032381
0.039948
0.041296
0.050015
0.051791
0.057845
0.058897
0.065017
0.058667
0.05518
0.054719
0.054522
0.043599
0.037217
0.035539
0.028005
0.024847
0.018136
0.026459
0.028565
0.034881
0.03827
0.043534
0.04054
0.042645
0.042448
0.044389
0.048962
0.052153
0.055608
0.060016
0.065675
0.06778
0.060115
0.070478
0.070412
0.063109
0.065148
0.067023
0.069655
0.075084
0.077321
0.075808
0.07765
0.073406
0.068899
0.07186
0.075051
0.075413
0.076466
0.074327
0.074755
0.081203
0.07459
0.073834
0.072551
0.069359
0.067155
0.058996
0.053009
0.053535
0.0486
0.046889
0.028795
0.034157
0.036493
0.032611
0.036197
0.035408
0.022149
0.026196
0.028861
0.02511
0.016524
0.018465
0.01728
0.016622
0.02307
0.027939
0.02715
0.030835
0.032545
0.034881
0.036493
0.034289
0.026558
0.027282
0.014911
0.011852
0.008036
0.007904
0.00514
0.010141
0.011029
0.006522
0.003167
0.003561
0.000666
-0.000288
0.000436
0.001851
0.000107
8e-06
0.00014
0.000206
0.00014
0.00014
7.4e-05
-9e-05
7.4e-05
-0.000123
-2.5e-05
-2.5e-05
7.4e-05
4.1e-05
0.000107
7.4e-05
0.00014
-9e-05
-9e-05
-0.000123
-2.5e-05
-2.5e-05
8e-06
0.000107
0.000107
0.000107
0.000107
4.1e-05
-2.5e-05
-5.8e-05
-9e-05
-9e-05
-9e-05
7.4e-05
4.1e-05
0.000107
0.00014
0.000107
0.00014
8e-06
-9e-05
-9e-05
-2.5e-05
-2.5e-05
0.00014
8e-06
0.000107
8e-06
-0.000387
0.000206
-9e-05
0.000337
0.000436
0.000173
0.000403
0.00037
0.00037
0.000403
0.00014
0.000271
0.000206
0.000107
7.4e-05
-0.000156
4.1e-05
-0.000419
4.1e-05
0.000173
0.000337
0.000107
0.00014
8e-06
7.4e-05
7.4e-05
0.000337
-0.000288
-0.000156
8e-06
0.000436
7.4e-05
0.00014
0.001061
0.000765
-0.000551
-2.5e-05
0.001193
7.4e-05
0.003561
-2.5e-05
0.000107
0.000107
0.000568
0.00014
0.001225
0.000568
0.000304
0.000107
-0.000222
-0.00315
0.000337
0.000436
7.4e-05
0.000765
0.000962
0.001324
0.000436
-2.5e-05
-9e-05
0.000864
0.001324
-0.001637
0.005404
0.007016
0.010141
0.001982
0.000929
0.003627
0.01172
0.017938
0.021031
0.02182
0.024979
0.030078
0.033203
0.035901
0.036822
0.041823
0.037612
0.010799
0.011194
0.017182
0.015964
0.020307
0.021228
0.025637
0.029387
0.031756
0.03396
0.035671
0.030111
0.017182
0.007411
0.013234
0.021064
0.025176
0.030571
0.034848
0.041856
0.048271
0.055311
0.054851
0.058667
0.060608
0.061003
0.052745
0.032151
0.016885
0.014352
0.006325
0.003101
0.016195
0.016326
0.024123
0.030539
0.037743
0.040935
0.047778
0.035671
0.002541
0.011983
0.000831
0.005502
0.005371
0.003265
0.009187
0.015109
0.019123
0.024913
0.025768
0.015175
0.002147
0.008332
0.010108
0.019057
0.019386
0.0082
0.011885
0.016622
0.018037
0.02011
0.021129
0.024288
0.022116
0.014813
0.022314
0.020175
0.019912
0.009055
0.014977
0.010404
0.011457
0.009088
0.002607
0.004976
0.006226
0.008694
0.008134
0.003265
0.001489
0.009516
0.006917
0.010865
0.010569
0.017445
0.012872
0.008134
0.012312
0.01603
0.010306
0.012839
0.014977
0.010799
0.000995
-0.000913
0.003265
0.00241
0.001489
-0.000748
4.1e-05
0.000107
-0.000222
0.001324
0.001324
0.004844
0.00672
0.010437
0.01399
0.010832
0.004515
0.006917
-0.000551
0.006654
0.00774
0.00593
0.002476
0.006259
0.009944
0.009746
0.002739
0.001554
0.001324
0.00695
0.003298
0.008825
0.003068
0.004614
0.003101
0.002443
-0.000584
0.000304
0.002278
-0.000123
7.4e-05
0.000107
-0.001012
4.1e-05
7.4e-05
8e-06
0.00014
0.00014
0.000173
8e-06
-2.5e-05
8e-06
4.1e-05
-0.000189
-0.000222
7.4e-05
7.4e-05
0.000239
0.000173
0.000337
0.000107
0.000173
-0.000156
-2.5e-05
8e-06
-2.5e-05
0.00014
0.000206
0.000107
8e-06
-0.000189
-2.5e-05
8e-06
7.4e-05
-9e-05
8e-06
-2.5e-05
-9e-05
0.000173
0.00014
0.00014
7.4e-05
7.4e-05
8e-06
-5.8e-05
-9e-05
-9e-05
-9e-05
4.1e-05
0.00014
0.000107
0.00014
7.4e-05
7.4e-05
-2.5e-05
-5.8e-05
-5.8e-05
-0.000123
-5.8e-05
4.1e-05
4.1e-05
7.4e-05
0.00014
0.00014
0.000173
-5.8e-05
-2.5e-05
-0.000156
8e-06
-0.000123
7.4e-05
0.000107
0.000107
0.000107
0.000206
0.000107
4.1e-05
-9e-05
-5.8e-05
-5.8e-05
-0.000123
8e-06
0.000107
0.00014
0.00014
0.000107
7.4e-05
-9e-05
-5.8e-05
-5.8e-05
-0.000123
0.000173
4.1e-05
0.000304
0.00014
0.000107
0.000107
7.4e-05
-2.5e-05
-5.8e-05
-5.8e-05
-0.000123
-2.5e-05
-2.5e-05
8e-06
0.000239
0.000239
0.000107
0.000271
4.1e-05
4.1e-05
4.1e-05
-2.5e-05
-0.000123
4.1e-05
7.4e-05
0.000107
0.000107
0.000107
0.000271
-0.000156
-5.8e-05
-5.8e-05
8e-06
4.1e-05
0.00014
0.000239
8e-06
0.000206
0.000107
0.000107
4.1e-05
0.000173
-0.000288
4.1e-05
-0.000222
4.1e-05
0.000206
-9e-05
0.000173
0.000107
0.000107
0.000173
4.1e-05
4.1e-05
-0.000189
0.000337
0.000239
8e-06
0.000206
7.4e-05
0.00014
7.4e-05
-5.8e-05
-9e-05
8e-06
8e-06
0.0006
0.000107
0.000107
0.00014
0.000173
7.4e-05
0.000798
0.000173
-9e-05
0.00014
-0.000189
-0.001341
-0.000321
0.000337
7.4e-05
8e-06
0.000107
0.00014
4.1e-05
0.000239
4.1e-05
8e-06
0.00037
-0.000584
0.00014
0.000173
0.000403
8e-06
0.000337
-5.8e-05
0.000173
-0.000683
8e-06
0.00014
-0.000123
0.000502
-2.5e-05
0.00037
0.000633
0.000403
-0.000354
0.000535
-0.000156
-0.000123
-0.000156
-2.5e-05
-5.8e-05
0.000173
0.000107
0.000206
-5.8e-05
0.00014
0.000239
4.1e-05
8e-06
-9e-05
0.00037
4.1e-05
0.00014
0.000107
0.000271
0.00014
0.000699
-9e-05
-2.5e-05
-0.000189
-0.000123
0.00014
0.000107
7.4e-05
0.00014
0.000403
0.000206
7.4e-05
-0.000189
0.000239
-5.8e-05
8e-06
7.4e-05
0.000107
-2.5e-05
4.1e-05
0.00014
4.1e-05
0.000173
4.1e-05
4.1e-05
7.4e-05
8e-06
-0.000683
0.000304
4.1e-05
0.000239
0.000403
0.00014
-2.5e-05
4.1e-05
-0.000156
-0.000288
0.00014
0.000173
8e-06
8e-06
0.000436
4.1e-05
0.000337
0.000107
7.4e-05
-0.000485
0.000666
0.000173
0.000502
-2.5e-05
0.000107
0.000173
0.000206
0.00014
-2.5e-05
0.000206
-0.000189
0.000173
-0.000222
-5.8e-05
0.00014
0.000337
-5.8e-05
0.000831
0.000107
0.000107
8e-06
4.1e-05
-9e-05
8e-06
-0.000123
0.000239
0.00014
7.4e-05
7.4e-05
-2.5e-05
0.000304
-0.000222
-0.000288
0.000304
0.000436
0.000206
0.000206
0.000107
-0.000354
-9e-05
0.00037
8e-06
-0.000321
0.0006
-0.000584
0.000271
-0.000222
4.1e-05
0.000568
-2.5e-05
0.001982
0.001357
0.000271
0.000239
-2.5e-05
-9e-05
-9e-05
0.000568
4.1e-05
-0.000156
0.000502
-0.002953
0.000831
-0.000683
0.000535
-0.000255
0.000107
0.001587
-0.00394
0.000502
0.002311
0.001686
0.004384
0.008562
0.001818
0.00514
0.003693
0.002245
0.001883
0.003956
0.001522
0.006456
0.00616
0.003989
0.010108
0.006884
0.014582
0.010898
0.016622
0.019353
0.018761
0.011194
-0.000123
0.001489
0.001785
0.001949
0.00037
0.002509
0.000436
0.00843
0.014846
0.023367
0.0259
0.028663
0.030012
0.036197
0.039882
0.04508
0.048567
0.052647
0.056989
0.060838
0.06176
0.065346
0.064326
0.065839
0.06778
0.065872
0.069787
0.063306
0.06347
0.065115
0.067583
0.064984
0.063635
0.058963
0.05314
0.047481
0.031756
0.022577
0.001785
-5.8e-05
-5.8e-05
0.000337
0.000469
0.000666
0.000271
0.000337
0.000469
0.000831
-2.5e-05
0.00037
0.001127
0.000271
0.000699
0.000271
0.001423
0.000173
-0.000189
-0.000123
0.001061
-5.8e-05
-0.001505
0.000995
0.000798
0.000304
0.002081
0.003496
0.007147
0.012378
0.015537
0.008167
0.002015
0.005239
0.010602
0.015471
0.017247
0.018761
0.016556
0.016688
0.013398
0.01228
0.011819
0.007575
0.003923
0.005272
0.004844
0.00264
0.004121
0.001225
0.001653
0.001258
-0.001077
0.000798
0.000568
-0.000847
0.001258
-0.000683
0.000798
0.000271
-0.000781
0.001357
0.001916
0.000206
0.000864
0.000337
0.000271
-5.8e-05
8e-06
4.1e-05
-5.8e-05
8e-06
0.000107
0.00287
-0.002953
0.000239
0.000962
0.000502
-0.000156
0.000798
0.000271
-0.000814
-0.001143
-0.000321
0.000568
0.003397
-5.8e-05
0.00037
-5.8e-05
0.00014
0.000107
-0.00065
-0.000419
0.003594
0.000173
7.4e-05
0.000206
0.000206
0.000107
0.000173
-2.5e-05
-0.000156
-2.5e-05
7.4e-05
-0.00088
0.000633
-2.5e-05
0.000173
-9e-05
7.4e-05
0.000337
0.000239
-2.5e-05
8e-06
-0.000189
-2.5e-05
8e-06
0.000107
8e-06
-5.8e-05
0.000337
-9e-05
0.00014
0.00014
0.000699
-0.000156
-2.5e-05
-0.00088
0.000568
8e-06
0.000864
-0.000156
-2.5e-05
0.000403
-9e-05
-5.8e-05
-9e-05
-0.000189
-0.000123
0.000107
-2.5e-05
0.000173
7.4e-05
0.00014
-9e-05
8e-06
-2.5e-05
0.000173
-0.000123
0.000173
8e-06
0.000173
-5.8e-05
0.000173
0.00014
0.000304
7.4e-05
-9e-05
-2.5e-05
-0.000123
-0.000255
4.1e-05
0.00014
0.000173
0.000436
0.000206
0.000173
7.4e-05
-9e-05
-9e-05
-5.8e-05
0.000304
-2.5e-05
0.000206
-2.5e-05
0.00014
0.000304
7.4e-05
-0.000255
8e-06
-2.5e-05
8e-06
7.4e-05
7.4e-05
0.000206
0.000107
0.00014
0.000107
7.4e-05
-9e-05
-5.8e-05
-9e-05
-5.8e-05
-0.000123
8e-06
7.4e-05
4.1e-05
4.1e-05
0.000206
0.000107
4.1e-05
4.1e-05
-9e-05
-9e-05
0.000107
4.1e-05
0.000107
0.00014
0.000107
0.000206
0.000206
-5.8e-05
-0.000123
8e-06
-0.000123
-5.8e-05
4.1e-05
7.4e-05
0.00014
0.000107
0.000239
7.4e-05
0.000107
-2.5e-05
-9e-05
-0.000156
-9e-05
-2.5e-05
4.1e-05
4.1e-05
0.00014
7.4e-05
0.000107
4.1e-05
-2.5e-05
-2.5e-05
-5.8e-05
8e-06
4.1e-05
0.000107
0.000107
0.000107
0.000107
0.000107
-2.5e-05
-9e-05
-5.8e-05
-5.8e-05
-5.8e-05
8e-06
0.000107
7.4e-05
0.000107
-2.5e-05
0.000107
8e-06
8e-06
-9e-05
-9e-05
0.000206
4.1e-05
7.4e-05
7.4e-05
0.00014
0.000107
7.4e-05
8e-06
8e-06
-9e-05
-9e-05
-0.000255
4.1e-05
4.1e-05
0.000107
0.000107
0.00014
4.1e-05
-5.8e-05
-2.5e-05
-0.000123
-9e-05
-0.000123
-5.8e-05
4.1e-05
4.1e-05
0.00014
0.00014
0.000107
4.1e-05
-9e-05
8e-06
-9e-05
-0.000123
-5.8e-05
8e-06
0.000107
0.000107
0.000173
0.000107
4.1e-05
-9e-05
-5.8e-05
-9e-05
-5.8e-05
-5.8e-05
4.1e-05
0.000107
4.1e-05
0.000173
0.000107
4.1e-05
-5.8e-05
-0.000123
-5.8e-05
-0.000156
-5.8e-05
8e-06
4.1e-05
0.000107
0.00014
0.00014
7.4e-05
-5.8e-05
8e-06
-9e-05
-2.5e-05
-2.5e-05
8e-06
0.00014
7.4e-05
0.000107
0.00014
4.1e-05
8e-06
-9e-05
-2.5e-05
-2.5e-05
-2.5e-05
8e-06
0.000107
0.000107
0.000107
7.4e-05
7.4e-05
-5.8e-05
-2.5e-05
-9e-05
-9e-05
-9e-05
8e-06
0.000107
0.000107
0.000107
7.4e-05
0.000107
-2.5e-05
-5.8e-05
-5.8e-05
-9e-05
-9e-05
4.1e-05
4.1e-05
0.000107
0.000107
0.000107
0.00014
4.1e-05
-9e-05
-5.8e-05
-9e-05
-5.8e-05
8e-06
4.1e-05
0.000107
0.000107
0.000173
0.000107
-5.8e-05
-2.5e-05
-5.8e-05
-5.8e-05
-0.000156
4.1e-05
0.000107
0.000107
0.00014
4.1e-05
8e-06
-2.5e-05
-2.5e-05
-2.5e-05
-9e-05
-5.8e-05
4.1e-05
7.4e-05
0.000107
0.000107
7.4e-05
7.4e-05
-2.5e-05
8e-06
-9e-05
-9e-05
-5.8e-05
-2.5e-05
0.000107
4.1e-05
0.00014
0.00014
0.000107
7.4e-05
-5.8e-05
-9e-05
-5.8e-05
-0.000123
-2.5e-05
7.4e-05
0.000107
0.000107
0.00014
0.000107
-5.8e-05
8e-06
-5.8e-05
-5.8e-05
0.000239
-2.5e-05
0.000107
0.00014
7.4e-05
0.000107
7.4e-05
4.1e-05
8e-06
-2.5e-05
-2.5e-05
-0.000255
8e-06
0.000107
0.000107
0.00014
0.000107
0.00014
4.1e-05
8e-06
-9e-05
-2.5e-05
-0.000123
8e-06
4.1e-05
7.4e-05
0.00014
0.000107
0.000173
8e-06
8e-06
-9e-05
-5.8e-05
-5.8e-05
-5.8e-05
7.4e-05
7.4e-05
0.000107
0.000173
7.4e-05
4.1e-05
-5.8e-05
-9e-05
-5.8e-05
-0.000123
-5.8e-05
4.1e-05
0.000107
7.4e-05
0.000107
0.000173
8e-06
8e-06
-9e-05
-5.8e-05
-0.000123
-5.8e-05
8e-06
0.000107
7.4e-05
0.00014
0.000107
4.1e-05
-5.8e-05
-2.5e-05
-5.8e-05
-9e-05
-9e-05
4.1e-05
4.1e-05
0.00014
0.000107
0.00014
0.000107
-5.8e-05
-5.8e-05
-2.5e-05
-0.000123
8e-06
-2.5e-05
0.000107
7.4e-05
0.000107
0.000107
0.00014
8e-06
-5.8e-05
8e-06
-0.000123
-2.5e-05
8e-06
0.000271
0.000107
0.000173
7.4e-05
7.4e-05
-2.5e-05
-9e-05
-5.8e-05
-9e-05
-5.8e-05
4.1e-05
7.4e-05
0.000107
7.4e-05
0.00014
0.00014
-2.5e-05
8e-06
-0.000156
-0.000123
-2.5e-05
8e-06
0.000107
0.00014
0.000173
0.00014
0.000173
4.1e-05
-2.5e-05
-5.8e-05
-2.5e-05
-0.000222
0.000271
0.000173
0.000107
0.000206
0.000173
4.1e-05
0.000107
8e-06
-0.000222
8e-06
-0.000222
0.000107
-2.5e-05
0.000206
0.000206
0.000337
8e-06
0.000798
-2.5e-05
0.000469
0.000173
-2.5e-05
0.000271
0.000206
0.000206
0.00014
0.00014
4.1e-05
0.00014
-0.000222
0.000337
0.00014
0.001094
0.000271
0.000633
0.001423
0.001423
0.000173
0.001061
-0.000419
0.000436
-0.000584
-0.000518
0.00241
-0.001176
0.002509
0.000568
-0.00065
0.00116
0.001752
-0.001012
0.001258
0.000732
0.001423
-0.000485
-0.001012
0.001489
0.000107
0.000239
-2.5e-05
0.001291
0.000436
0.000831
-0.000255
0.000304
0.000436
0.000271
0.001094
0.001324
-0.000814
0.001225
0.000436
0.000173
0.001423
0.001554
0.001522
0.002048
-0.000518
0.000568
0.000469
0.000897
0.000995
0.000568
0.00241
0.004779
4.1e-05
0.003068
0.003989
0.005075
0.00287
0.00287
0.002936
0.001752
0.006851
0.005404
-0.001801
0.003134
0.002509
0.001522
0.00445
4.1e-05
0.000831
0.000107
0.000173
0.000107
0.000107
-2.5e-05
-2.5e-05
-0.000288
0.000535
0.000502
0.00139
-9e-05
0.0006
-9e-05
0.000271
7.4e-05
0.00014
4.1e-05
0.000107
-9e-05
8e-06
0.000173
0.000107
0.000271
0.000239
0.000206
0.000535
0.000403
-0.000123
-2.5e-05
-0.000189
0.000239
0.000107
0.000206
0.000337
0.00037
0.000337
8e-06
0.000502
-5.8e-05
0.000239
0.000436
0.000107
-2.5e-05
0.000271
0.000666
-0.000617
0.000337
-9e-05
-0.000123
-9e-05
0.002245
-0.00065
0.001225
0.001785
0.001258
0.000995
0.000436
0.001752
0.003068
-0.000913
0.000271
-0.000156
-0.000387
-2.5e-05
8e-06
4.1e-05
7.4e-05
0.000304
0.00014
0.000107
4.1e-05
4.1e-05
-5.8e-05
-5.8e-05
-0.000123
4.1e-05
4.1e-05
0.000107
0.00014
0.000107
7.4e-05
8e-06
8e-06
-9e-05
-5.8e-05
-5.8e-05
8e-06
7.4e-05
0.00014
0.000107
0.00014
0.000107
-2.5e-05
-5.8e-05
-2.5e-05
-2.5e-05
-0.000156
8e-06
7.4e-05
0.000107
0.000107
0.00014
7.4e-05
4.1e-05
-2.5e-05
-2.5e-05
-9e-05
0.000304
7.4e-05
0.00014
4.1e-05
0.000107
7.4e-05
0.000173
8e-06
8e-06
-5.8e-05
-9e-05
-0.000123
-5.8e-05
7.4e-05
0.000107
0.00014
0.00014
0.000107
8e-06
-2.5e-05
-9e-05
-2.5e-05
-0.000189
8e-06
4.1e-05
7.4e-05
0.00014
0.000107
0.000173
4.1e-05
-2.5e-05
-5.8e-05
-5.8e-05
-0.000156
-5.8e-05
0.000107
0.00014
0.00014
0.000107
0.000107
8e-06
-5.8e-05
-9e-05
-5.8e-05
-5.8e-05
-9e-05
4.1e-05
7.4e-05
7.4e-05
0.000107
7.4e-05
7.4e-05
-5.8e-05
-2.5e-05
-5.8e-05
-0.000123
8e-06
4.1e-05
4.1e-05
7.4e-05
0.000107
0.000173
7.4e-05
-2.5e-05
-9e-05
-9e-05
-5.8e-05
-2.5e-05
7.4e-05
4.1e-05
7.4e-05
0.000173
4.1e-05
4.1e-05
-2.5e-05
-9e-05
-9e-05
-9e-05
-5.8e-05
8e-06
0.000107
0.000107
0.000107
0.00014
7.4e-05
-5.8e-05
-2.5e-05
-5.8e-05
-9e-05
-2.5e-05
8e-06
7.4e-05
7.4e-05
0.00014
7.4e-05
7.4e-05
-2.5e-05
-9e-05
-5.8e-05
-9e-05
-9e-05
4.1e-05
0.000107
7.4e-05
0.000173
7.4e-05
0.00014
-2.5e-05
-2.5e-05
-9e-05
-0.000123
-2.5e-05
-2.5e-05
0.000107
0.000107
0.00014
0.00014
4.1e-05
-2.5e-05
8e-06
-2.5e-05
-5.8e-05
-9e-05
8e-06
4.1e-05
4.1e-05
0.000107
7.4e-05
0.000107
8e-06
-2.5e-05
-5.8e-05
-5.8e-05
-9e-05
4.1e-05
4.1e-05
0.000107
0.000107
0.000107
0.000107
-2.5e-05
-2.5e-05
-9e-05
-9e-05
-0.000123
-2.5e-05
0.000107
0.000107
0.000107
0.00014
4.1e-05
4.1e-05
-2.5e-05
-9e-05
-9e-05
-0.000156
8e-06
4.1e-05
0.00014
0.00014
0.000107
0.00014
-5.8e-05
-2.5e-05
-9e-05
-0.000123
