Ladekurvenmessung

Zeit: 2018_05_02 15.10.22

Info: FVA3, v = 0.0769, T = 40, F = 20, h = 79.7

Ladewiderstand[Ohm]: 1012700

Störkapazität[nF]: 0.000000

Entladezeit[ms]: 100

Abtastrate[Hz]: 250000

Anzahl der Messwerte: 2500

Verzögerung [ms]: 1


Kurve 1

7.4e-05
0.000107
8e-06
-5.8e-05
-5.8e-05
-9e-05
-2.5e-05
-9e-05
0.000107
4.1e-05
0.000107
0.000173
0.00014
0.000107
-2.5e-05
8e-06
-5.8e-05
0.000864
8e-06
0.00014
0.000107
0.000107
-2.5e-05
0.000107
-2.5e-05
-5.8e-05
-5.8e-05
-9e-05
0.000271
4.1e-05
0.000107
0.00014
0.000107
0.000107
0.00014
-2.5e-05
-5.8e-05
-9e-05
-9e-05
-0.000354
-2.5e-05
-2.5e-05
0.000107
0.000173
-0.000123
0.000403
0.000436
0.001127
-0.000189
0.00014
-5.8e-05
7.4e-05
0.00014
0.00014
0.00014
0.000107
-0.000123
0.00014
-9e-05
-0.000156
-5.8e-05
-5.8e-05
-0.000387
0.00014
4.1e-05
0.000436
4.1e-05
0.00014
0.000765
-9e-05
-0.001242
-0.000123
0.000831
0.000666
-0.000485
-0.003545
-0.000683
0.000436
-0.000288
0.00037
-2.5e-05
4.1e-05
7.4e-05
0.000206
0.000206
0.000436
-2.5e-05
0.000107
7.4e-05
0.000173
0.000206
-5.8e-05
-2.5e-05
-9e-05
-5.8e-05
-5.8e-05
4.1e-05
7.4e-05
0.000107
0.000107
0.000107
0.000107
4.1e-05
-5.8e-05
-2.5e-05
-0.000123
-2.5e-05
4.1e-05
4.1e-05
7.4e-05
8e-06
0.000173
0.000107
-2.5e-05
-2.5e-05
-0.000123
-5.8e-05
-9e-05
8e-06
0.000107
0.000107
0.000173
7.4e-05
8e-06
8e-06
-2.5e-05
-9e-05
-9e-05
-0.000123
0.000107
8e-06
0.000107
0.000107
0.000107
0.000107
-9e-05
-2.5e-05
-9e-05
-0.000123
-5.8e-05
4.1e-05
4.1e-05
7.4e-05
0.000107
0.000206
0.000107
-5.8e-05
-2.5e-05
-0.000123
-2.5e-05
-0.000156
4.1e-05
7.4e-05
0.000173
0.00014
0.00014
7.4e-05
-5.8e-05
-5.8e-05
-9e-05
-0.000156
-9e-05
8e-06
8e-06
0.000107
0.000107
0.00014
7.4e-05
4.1e-05
8e-06
-0.000123
-2.5e-05
-9e-05
8e-06
7.4e-05
7.4e-05
7.4e-05
0.000107
4.1e-05
-2.5e-05
-9e-05
-2.5e-05
-9e-05
-9e-05
4.1e-05
4.1e-05
0.000107
0.000107
0.000107
4.1e-05
-2.5e-05
8e-06
-5.8e-05
-9e-05
8e-06
8e-06
7.4e-05
0.000107
7.4e-05
0.000107
7.4e-05
7.4e-05
8e-06
-9e-05
-5.8e-05
-0.000189
8e-06
8e-06
4.1e-05
0.000107
7.4e-05
0.000107
4.1e-05
-9e-05
-5.8e-05
-0.000156
-9e-05
-2.5e-05
4.1e-05
0.000107
8e-06
0.00014
0.00014
8e-06
-2.5e-05
-9e-05
-9e-05
-0.000156
-5.8e-05
4.1e-05
7.4e-05
0.000107
0.00014
4.1e-05
4.1e-05
-2.5e-05
-2.5e-05
-0.000123
-9e-05
-5.8e-05
8e-06
0.000107
0.000107
0.000107
0.000107
-2.5e-05
-2.5e-05
-9e-05
-9e-05
-0.000123
-5.8e-05
8e-06
7.4e-05
0.000107
0.00014
0.000107
0.00014
-5.8e-05
-2.5e-05
-9e-05
-0.000123
-5.8e-05
4.1e-05
0.000107
0.000107
0.000107
0.000107
4.1e-05
-5.8e-05
-2.5e-05
-9e-05
-9e-05
-5.8e-05
4.1e-05
0.000107
8e-06
0.000107
0.000107
0.000107
-2.5e-05
-9e-05
-9e-05
-9e-05
-9e-05
4.1e-05
7.4e-05
0.000107
7.4e-05
0.000107
0.000107
-2.5e-05
-2.5e-05
-5.8e-05
-0.000123
-2.5e-05
4.1e-05
4.1e-05
0.000107
0.000107
0.000107
4.1e-05
8e-06
-5.8e-05
-0.000123
-9e-05
-9e-05
0.000107
0.00014
7.4e-05
0.00014
0.000107
4.1e-05
8e-06
-2.5e-05
-2.5e-05
-5.8e-05
-0.000156
4.1e-05
8e-06
0.000107
0.000107
0.00014
4.1e-05
8e-06
-5.8e-05
-0.000123
-2.5e-05
-9e-05
8e-06
4.1e-05
0.000107
7.4e-05
0.00014
4.1e-05
8e-06
-5.8e-05
-5.8e-05
-0.000123
-0.000123
7.4e-05
4.1e-05
7.4e-05
0.00014
0.000173
4.1e-05
4.1e-05
-2.5e-05
8e-06
-9e-05
-9e-05
-2.5e-05
0.000107
0.00014
7.4e-05
0.00014
0.000107
4.1e-05
-9e-05
-9e-05
-5.8e-05
-2.5e-05
4.1e-05
-2.5e-05
0.000239
0.000107
0.00014
7.4e-05
8e-06
-2.5e-05
-9e-05
-0.000123
-0.000189
4.1e-05
4.1e-05
0.000107
7.4e-05
0.00014
0.000107
7.4e-05
4.1e-05
-5.8e-05
-5.8e-05
-9e-05
-2.5e-05
7.4e-05
0.000107
7.4e-05
0.000107
0.00014
-5.8e-05
-2.5e-05
-2.5e-05
-9e-05
-0.000123
-2.5e-05
4.1e-05
0.000107
0.000173
0.00014
7.4e-05
4.1e-05
-2.5e-05
-9e-05
-9e-05
-5.8e-05
-9e-05
4.1e-05
0.000107
0.000107
0.00014
0.000107
4.1e-05
-5.8e-05
8e-06
-5.8e-05
-0.000123
-2.5e-05
4.1e-05
4.1e-05
0.000107
0.000107
0.000107
7.4e-05
8e-06
-2.5e-05
-5.8e-05
-5.8e-05
-2.5e-05
8e-06
0.000206
0.000206
0.000173
0.000173
0.000271
-5.8e-05
0.000436
-2.5e-05
8e-06
0.00014
0.000107
-0.000123
0.000173
0.000107
7.4e-05
4.1e-05
-5.8e-05
-0.000123
-2.5e-05
-9e-05
-2.5e-05
4.1e-05
0.000107
0.00014
0.000107
0.00014
4.1e-05
-2.5e-05
-0.000123
4.1e-05
-0.000387
-0.000123
0.000107
0.000107
0.00014
0.000271
0.000173
0.000107
-2.5e-05
-2.5e-05
-9e-05
-5.8e-05
-9e-05
8e-06
7.4e-05
0.000107
0.000107
0.000173
0.00014
-2.5e-05
-2.5e-05
-0.000123
-5.8e-05
-0.000123
4.1e-05
0.000107
4.1e-05
0.00014
0.000107
7.4e-05
8e-06
8e-06
-5.8e-05
-0.000156
4.1e-05
-2.5e-05
4.1e-05
8e-06
0.00014
0.00014
4.1e-05
-0.000156
0.000239
-0.000123
0.000107
-0.000222
0.000107
7.4e-05
0.00014
4.1e-05
0.000173
4.1e-05
-9e-05
-5.8e-05
8e-06
-9e-05
-0.000222
0.000107
0.000239
0.000304
0.000206
0.000633
0.000206
0.000206
0.000107
8e-06
0.000107
0.003331
-0.000222
0.00014
0.000206
0.000107
4.1e-05
0.000304
0.00014
-0.000156
7.4e-05
-9e-05
-0.000189
4.1e-05
0.00014
0.00014
0.000107
7.4e-05
-2.5e-05
-2.5e-05
-2.5e-05
8e-06
-0.000123
-2.5e-05
-2.5e-05
0.00014
0.000107
0.000107
7.4e-05
0.000173
-2.5e-05
-2.5e-05
-9e-05
-9e-05
-9e-05
-5.8e-05
4.1e-05
0.000107
0.000107
0.000173
0.000107
4.1e-05
-2.5e-05
-9e-05
-5.8e-05
-5.8e-05
-2.5e-05
8e-06
7.4e-05
0.000107
0.00014
0.000107
7.4e-05
-5.8e-05
-5.8e-05
-9e-05
-0.000222
-5.8e-05
4.1e-05
0.00014
0.000173
0.000239
7.4e-05
0.000271
-9e-05
-5.8e-05
7.4e-05
-0.000255
7.4e-05
0.000107
4.1e-05
7.4e-05
0.000107
0.000107
0.000173
-0.000123
8e-06
-9e-05
-9e-05
-2.5e-05
0.000304
7.4e-05
0.00014
0.000173
0.000897
7.4e-05
-2.5e-05
-5.8e-05
-0.000156
-2.5e-05
-0.000617
0.000633
4.1e-05
4.1e-05
0.000107
0.000962
8e-06
0.00014
8e-06
-2.5e-05
8e-06
0.000535
0.000173
0.00014
0.000107
0.000107
0.00014
4.1e-05
-9e-05
-5.8e-05
-5.8e-05
0.00014
0.000403
0.001587
0.000897
0.00162
0.000831
0.002838
4.1e-05
4.1e-05
-0.000123
-2.5e-05
-9e-05
-0.000255
-9e-05
0.000239
0.00287
-0.001999
-9e-05
7.4e-05
0.001818
0.000864
0.000633
0.000304
0.00218
0.000304
0.001752
0.00014
0.001752
0.002772
0.005897
0.005766
0.003956
0.007772
0.007509
0.006785
0.001949
0.003397
0.003364
0.000304
4.1e-05
0.00116
0.000304
0.0057
0.005963
0.003989
0.003002
0.002212
0.004154
0.000173
-2.5e-05
-0.000156
0.004055
0.003331
0.002147
0.001357
0.000173
0.004154
-0.001242
8e-06
0.000699
0.000798
0.00014
7.4e-05
4.1e-05
-5.8e-05
-2.5e-05
-5.8e-05
0.000173
4.1e-05
0.000107
0.00014
0.00014
0.000107
0.000107
-2.5e-05
-2.5e-05
-5.8e-05
-9e-05
-0.000156
-2.5e-05
4.1e-05
0.00014
0.000107
0.000107
7.4e-05
4.1e-05
-5.8e-05
-5.8e-05
-5.8e-05
-0.000123
-2.5e-05
4.1e-05
0.000107
0.000107
7.4e-05
0.000107
4.1e-05
-2.5e-05
-5.8e-05
-9e-05
-9e-05
-5.8e-05
4.1e-05
0.000107
0.000107
0.000107
0.00014
8e-06
8e-06
-0.000123
0.000699
0.000239
0.001818
0.000798
0.000798
0.002377
0.000206
0.003693
0.004483
0.003199
7.4e-05
0.000798
0.000107
0.001061
0.000304
0.00014
0.000206
0.000173
0.000206
4.1e-05
-2.5e-05
-0.000123
0.003857
0.00514
0.006851
0.0057
0.007378
0.003068
0.006062
0.004055
-0.00167
0.000666
0.000831
8e-06
7.4e-05
0.003496
0.001225
0.001949
0.000173
0.000173
8e-06
-0.000123
-2.5e-05
8e-06
-5.8e-05
-9e-05
8e-06
0.000337
0.001094
0.003627
0.007378
0.008299
0.010898
0.014122
0.013299
0.01478
0.016885
0.014813
0.018465
0.000699
0.001949
0.005568
0.008891
0.012641
0.014418
0.013859
0.014056
0.017083
0.015471
0.017609
0.017708
0.020373
0.019912
0.022445
0.015701
0.016162
0.011227
0.010832
0.011457
0.01376
0.009286
0.01705
0.016425
0.016951
0.01932
0.01682
0.018201
0.015569
0.017478
0.016556
0.018333
0.018168
0.01478
0.009911
0.003167
0.000271
0.000897
-0.00088
0.002969
0.003627
0.003726
0.009187
0.002805
0.008463
0.006917
0.006489
0.004515
0.008496
0.009911
0.013596
0.012806
0.012872
0.018596
0.013332
0.002344
0.000897
-0.000617
0.001127
0.000798
0.000535
0.000107
0.000403
0.000535
-0.002032
0.002476
0.005568
0.008068
0.00695
0.004285
0.004285
0.011786
0.008496
0.006621
0.006029
0.003594
0.003232
0.00445
0.007608
0.009878
0.01376
0.008694
0.009286
0.004746
0.009549
0.010668
0.010602
0.011951
0.009549
0.011885
0.015372
0.015898
0.018366
0.022511
0.021294
0.024123
0.022906
0.025011
0.025637
0.026591
0.024156
0.023334
0.025933
0.026097
0.023728
0.02261
0.010042
-0.001999
0.001851
4.1e-05
0.003528
0.001225
0.005831
0.003561
0.000568
0.000995
0.000831
0.001291
0.003825
0.006588
0.012411
0.009549
0.006358
0.005239
0.010108
0.011918
0.0107
0.015142
0.014221
0.007838
0.013201
0.015306
0.015504
0.01728
0.018859
0.019846
0.021458
0.019221
0.029453
0.021458
0.021754
0.020373
0.019254
0.012839
0.00945
0.012082
0.01274
0.019945
0.017313
0.02182
0.023531
0.020504
0.023728
0.027282
0.024321
0.027347
0.023334
0.005963
0.008726
0.014977
0.004285
0.001061
0.000798
-9e-05
-0.000387
0.000732
0.000403
0.000239
7.4e-05
0.000239
4.1e-05
0.000239
0.000502
-2.5e-05
-0.000123
-2.5e-05
0.000107
8e-06
0.000271
0.000173
0.000107
0.00014
0.00014
-9e-05
8e-06
-2.5e-05
4.1e-05
8e-06
0.00037
7.4e-05
0.00014
0.000173
8e-06
0.000206
-0.000123
-5.8e-05
4.1e-05
-0.000189
7.4e-05
7.4e-05
4.1e-05
0.000239
7.4e-05
0.000239
0.000107
-5.8e-05
-9e-05
-0.000123
-9e-05
-2.5e-05
0.000107
8e-06
0.000173
7.4e-05
0.00014
0.000107
-2.5e-05
-9e-05
-5.8e-05
-0.000156
0.000107
-2.5e-05
7.4e-05
0.000271
7.4e-05
0.000107
7.4e-05
8e-06
-2.5e-05
-5.8e-05
0.000633
4.1e-05
7.4e-05
7.4e-05
0.000107
0.000271
0.000173
4.1e-05
8e-06
-0.000123
-5.8e-05
-0.000518
-0.000222
0.000304
0.00014
-2.5e-05
0.000206
4.1e-05
0.000107
-0.000123
8e-06
-0.000123
0.00037
0.000271
-0.000189
7.4e-05
-2.5e-05
0.000502
0.00014
-2.5e-05
-2.5e-05
0.000107
-0.000189
8e-06
-0.000387
0.000239
7.4e-05
0.000173
0.000206
0.00014
0.00014
7.4e-05
0.000107
-0.000123
0.000107
-5.8e-05
0.000107
-9e-05
0.000271
7.4e-05
0.00014
0.000107
8e-06
-9e-05
-2.5e-05
-0.000123
0.00014
7.4e-05
0.000107
0.000239
0.000107
0.000173
0.000107
-2.5e-05
8e-06
8e-06
-0.000156
-5.8e-05
-2.5e-05
0.00014
0.000206
0.000107
0.000206
4.1e-05
4.1e-05
-2.5e-05
-2.5e-05
-0.000123
-2.5e-05
8e-06
0.000173
7.4e-05
0.00014
4.1e-05
0.00014
-5.8e-05
8e-06
-2.5e-05
-9e-05
-2.5e-05
-2.5e-05
4.1e-05
0.000107
0.000107
0.00014
8e-06
8e-06
8e-06
-0.000123
-5.8e-05
-0.000123
4.1e-05
4.1e-05
0.000107
0.00014
0.000107
0.00014
8e-06
8e-06
-2.5e-05
-5.8e-05
4.1e-05
4.1e-05
4.1e-05
0.000173
0.000107
0.00014
8e-06
8e-06
-0.000123
-5.8e-05
-9e-05
-0.000123
4.1e-05
0.000107
0.000239
0.000107
0.000107
4.1e-05
0.000107
-9e-05
-2.5e-05
-9e-05
-2.5e-05
4.1e-05
7.4e-05
0.000107
0.000173
4.1e-05
0.00014
4.1e-05
-5.8e-05
-2.5e-05
-9e-05
4.1e-05
-2.5e-05
0.000107
0.000107
0.00014
0.000206
0.000107
4.1e-05
-9e-05
-0.000123
-9e-05
-0.000156
7.4e-05
0.000107
8e-06
0.000173
0.000173
7.4e-05
4.1e-05
4.1e-05
-9e-05
-9e-05
0.000271
-2.5e-05
7.4e-05
0.00014
7.4e-05
4.1e-05
0.00014
4.1e-05
4.1e-05
-0.000123
-5.8e-05
-0.000419
-2.5e-05
0.000107
0.000173
0.000206
0.00014
-2.5e-05
0.000107
8e-06
-0.000123
-5.8e-05
-5.8e-05
-2.5e-05
8e-06
0.000206
0.000107
4.1e-05
0.000206
7.4e-05
-9e-05
8e-06
-5.8e-05
-5.8e-05
-9e-05
0.000107
7.4e-05
7.4e-05
0.000107
8e-06
4.1e-05
-2.5e-05
8e-06
-9e-05
-0.000123
-0.000123
7.4e-05
8e-06
0.000107
0.00014
0.000173
7.4e-05
8e-06
-5.8e-05
-5.8e-05
-9e-05
-9e-05
8e-06
0.000107
0.000107
0.000107
0.000107
0.000107
7.4e-05
-5.8e-05
-2.5e-05
-9e-05
-2.5e-05
0.000107
8e-06
0.000107
0.000173
0.00014
7.4e-05
-2.5e-05
-9e-05
-0.000123
-0.000189
8e-06
8e-06
0.00014
0.000107
0.000107
0.00014
0.00014
-2.5e-05
8e-06
-9e-05
-5.8e-05
-5.8e-05
4.1e-05
0.000107
0.000107
0.00014
0.000107
0.000107
-2.5e-05
-2.5e-05
-9e-05
-9e-05
-5.8e-05
4.1e-05
4.1e-05
0.00014
7.4e-05
0.000107
4.1e-05
-2.5e-05
-2.5e-05
-9e-05
-2.5e-05
-5.8e-05
-2.5e-05
0.000107
7.4e-05
7.4e-05
0.000107
4.1e-05
-2.5e-05
-2.5e-05
-9e-05
-9e-05
-0.000123
4.1e-05
4.1e-05
0.00014
0.000173
4.1e-05
7.4e-05
-2.5e-05
-5.8e-05
-5.8e-05
-0.000123
8e-06
4.1e-05
4.1e-05
0.000107
7.4e-05
0.00014
0.000107
8e-06
8e-06
-5.8e-05
-9e-05
-0.000123
-2.5e-05
0.000107
7.4e-05
0.000107
0.00014
4.1e-05
8e-06
-9e-05
-2.5e-05
-5.8e-05
-5.8e-05
8e-06
7.4e-05
0.000107
0.000107
0.000107
0.000107
8e-06
-5.8e-05
-5.8e-05
-9e-05
-9e-05
-2.5e-05
0.000107
4.1e-05
0.000107
0.00014
0.00014
7.4e-05
-5.8e-05
-2.5e-05
-9e-05
-0.000123
8e-06
7.4e-05
4.1e-05
0.000107
7.4e-05
0.000107
-2.5e-05
-2.5e-05
-9e-05
-0.000123
-2.5e-05
-2.5e-05
8e-06
7.4e-05
7.4e-05
0.00014
0.00014
7.4e-05
-5.8e-05
-2.5e-05
-5.8e-05
-2.5e-05
-2.5e-05
4.1e-05
8e-06
0.000107
0.00014
0.000107
8e-06
-2.5e-05
-2.5e-05
-9e-05
-5.8e-05
-9e-05
8e-06
0.00014
4.1e-05
0.000107
0.00014
4.1e-05
8e-06
-5.8e-05
-9e-05
-2.5e-05
-9e-05
7.4e-05
7.4e-05
0.000107
0.000107
0.000107
7.4e-05
-5.8e-05
-5.8e-05
-9e-05
-0.000123
-2.5e-05
4.1e-05
4.1e-05
0.00014
0.000107
0.000173
7.4e-05
8e-06
-2.5e-05
-5.8e-05
-5.8e-05
-5.8e-05
4.1e-05
7.4e-05
7.4e-05
0.00014
7.4e-05
0.000107
8e-06
-9e-05
-5.8e-05
-9e-05
-5.8e-05
8e-06
4.1e-05
7.4e-05
7.4e-05
0.00014
0.000107
-2.5e-05
-2.5e-05
-2.5e-05
-5.8e-05
4.1e-05
8e-06
0.000107
0.000107
4.1e-05
0.000107
4.1e-05
-2.5e-05
-2.5e-05
-0.000123
-5.8e-05
-0.000123
4.1e-05
4.1e-05
7.4e-05
0.000107
7.4e-05
7.4e-05
-2.5e-05
-2.5e-05
-9e-05
-9e-05
8e-06
4.1e-05
4.1e-05
0.00014
0.000107
0.000107
0.00014
8e-06
-2.5e-05
-9e-05
-9e-05
-9e-05
4.1e-05
7.4e-05
0.000107
0.000107
0.000107
8e-06
8e-06
-0.000123
8e-06
-0.000123
-0.000123
8e-06
0.000107
0.000107
7.4e-05
0.000173
7.4e-05
8e-06
-9e-05
-2.5e-05
-5.8e-05
-2.5e-05
-9e-05
7.4e-05
7.4e-05
0.000107
0.000173
0.000107
8e-06
-5.8e-05
-2.5e-05
-5.8e-05
-0.000222
8e-06
7.4e-05
7.4e-05
0.000107
0.000107
7.4e-05
8e-06
-2.5e-05
-9e-05
-0.000123
0.000173
8e-06
4.1e-05
7.4e-05
0.000107
0.000173
0.000107
-9e-05
0.00014
-0.000288
8e-06
-0.000321
-0.000387
0.000173
0.000173
0.000239
0.00014
0.00014
4.1e-05
8e-06
-2.5e-05
-0.000123
-9e-05
-5.8e-05
0.000107
0.00014
7.4e-05
0.000107
-2.5e-05
8e-06
4.1e-05
-5.8e-05
-9e-05
-9e-05
-9e-05
7.4e-05
0.000107
7.4e-05
0.00014
0.000107
0.000107
-2.5e-05
-5.8e-05
-9e-05
-0.000123
-9e-05
8e-06
0.000107
7.4e-05
7.4e-05
0.000107
0.00014
-5.8e-05
-2.5e-05
-0.000123
-2.5e-05
-5.8e-05
4.1e-05
7.4e-05
7.4e-05
0.00014
0.000173
4.1e-05
-2.5e-05
-5.8e-05
-9e-05
-9e-05
-5.8e-05
7.4e-05
0.000107
0.000107
0.00014
0.000304
0.00014
4.1e-05
4.1e-05
-0.000123
-0.000288
-0.00088
0.000962
-0.000222
4.1e-05
-2.5e-05
-0.000156
-0.000189
4.1e-05
7.4e-05
8e-06
4.1e-05
0.000271
0.00014
0.000239
0.000206
0.000271
0.00037
8e-06
-0.000387
0.000107
4.1e-05
-0.000156
-9e-05
4.1e-05
0.00014
0.000173
0.000173
0.000107
0.00014
-2.5e-05
-9e-05
-9e-05
-9e-05
-5.8e-05
8e-06
4.1e-05
0.000107
0.000107
0.000107
0.000107
4.1e-05
-2.5e-05
-9e-05
-9e-05
-9e-05
8e-06
8e-06
0.000107
0.000107
7.4e-05
0.000107
-2.5e-05
-5.8e-05
-9e-05
-5.8e-05
-5.8e-05
8e-06
4.1e-05
7.4e-05
0.00014
0.000107
4.1e-05
4.1e-05
-2.5e-05
-9e-05
-5.8e-05
-9e-05
4.1e-05
0.000107
7.4e-05
0.000107
0.00014
0.00014
7.4e-05
8e-06
-2.5e-05
-9e-05
-0.000156
8e-06
4.1e-05
4.1e-05
0.000107
0.00014
4.1e-05
-2.5e-05
-2.5e-05
-9e-05
-5.8e-05
0.000107
8e-06
7.4e-05
7.4e-05
0.000107
0.000107
0.000107
4.1e-05
-5.8e-05
8e-06
-9e-05
-0.000189
4.1e-05
8e-06
7.4e-05
4.1e-05
0.000107
0.000107
8e-06
8e-06
-9e-05
-0.000123
-5.8e-05
-2.5e-05
4.1e-05
7.4e-05
4.1e-05
0.000173
7.4e-05
8e-06
-5.8e-05
-5.8e-05
-2.5e-05
-0.000123
-5.8e-05
8e-06
0.000107
0.00014
0.00014
7.4e-05
7.4e-05
-5.8e-05
-2.5e-05
8e-06
4.1e-05
0.001489
0.00037
0.000502
-9e-05
0.000239
0.000633
0.001028
-5.8e-05
4.1e-05
-9e-05
8e-06
0.000502
0.000666
0.000206
0.000271
0.000337
0.000239
0.001982
4.1e-05
0.000962
0.000107
0.000864
0.00037
0.000271
0.000107
-0.000288
0.000206
-0.000288
-2.5e-05
-0.000913
0.000633
8e-06
0.000633
-0.000551
0.000864
-0.000222
0.000568
-0.000354
0.002245
-0.002393
0.000239
0.00037
-0.000321
4.1e-05
0.000535
0.000173
-2.5e-05
0.000337
0.000206
0.000864
0.000469
0.000568
0.000897
0.000633
4.1e-05
8e-06
7.4e-05
0.000206
8e-06
0.000107
0.00014
4.1e-05
8e-06
8e-06
-5.8e-05
-5.8e-05
8e-06
4.1e-05
7.4e-05
7.4e-05
0.000173
0.000107
4.1e-05
-5.8e-05
-5.8e-05
-0.000123
-2.5e-05
-0.000156
4.1e-05
7.4e-05
0.000107
0.00014
7.4e-05
7.4e-05
4.1e-05
-5.8e-05
-9e-05
8e-06
-0.000123
7.4e-05
7.4e-05
7.4e-05
0.00014
0.000107
7.4e-05
8e-06
8e-06
-9e-05
-0.000123
-9e-05
4.1e-05
0.000107
0.00014
0.000107
0.00014
0.000107
8e-06
-2.5e-05
-9e-05
-5.8e-05
-0.000123
-2.5e-05
7.4e-05
0.000107
7.4e-05
0.000206
0.00014
4.1e-05
-5.8e-05
-5.8e-05
-9e-05
4.1e-05
-2.5e-05
4.1e-05
0.000107
0.000107
7.4e-05
0.000107
-2.5e-05
8e-06
-2.5e-05
-9e-05
-0.000156
-5.8e-05
7.4e-05
4.1e-05
7.4e-05
0.000107
0.000107
4.1e-05
-2.5e-05
-5.8e-05
-9e-05
-9e-05
8e-06
7.4e-05
0.000107
0.000107
0.000107
0.00014
4.1e-05
-5.8e-05
-5.8e-05
-0.000123
-2.5e-05
-5.8e-05
8e-06
0.000107
7.4e-05
0.000206
4.1e-05
8e-06
8e-06
-9e-05
-5.8e-05
-9e-05
-5.8e-05
7.4e-05
4.1e-05
0.00014
0.000107
4.1e-05
0.000107
-2.5e-05
8e-06
-2.5e-05
-5.8e-05
4.1e-05
0.00014
0.000239
0.000107
0.000271
0.00014
0.00014
-9e-05
0.000107
-9e-05
-2.5e-05
-9e-05
0.000239
0.000633
0.000206
0.000239
4.1e-05
0.00014
-5.8e-05
-9e-05
-5.8e-05
-5.8e-05
-5.8e-05
7.4e-05
7.4e-05
0.00014
0.000107
0.000107
8e-06
-5.8e-05
-2.5e-05
-9e-05
-2.5e-05
-9e-05
8e-06
7.4e-05
0.000107
0.00014
0.000206
4.1e-05
-2.5e-05
-9e-05
-0.000123
-9e-05
0.000206
-0.000222
0.000304
0.00037
4.1e-05
0.000271
7.4e-05
0.000107
-0.000189
0.00037
8e-06
0.001028
0.000699
0.00037
-0.000189
0.001357
0.001489
0.0006
0.000535
0.002772
0.001785
-0.000156
0.000765
-0.000189
0.000864
0.00037
0.000304
0.000271
0.000929
0.008233
0.012806
0.014451
0.002377
0.000239
0.000107
0.00014
0.000173
0.000271
0.000239
0.000535
0.004154
0.005437
0.000535
-0.00213
0.008924
0.000897
0.001851
-0.000748
-9e-05
0.001587
0.00037
-0.000387
-2.5e-05
-5.8e-05
0.000995
-0.000748
0.000403
8e-06
0.000304
0.000732
0.000568
-0.000979
0.007049
0.009516
0.011029
0.016359
0.017478
0.019781
0.017807
0.012674
0.000765
0.001061
0.002476
0.008101
0.003627
-0.000189
0.00037
-0.001768
-9e-05
0.000239
0.000864
0.00116
0.000765
-0.000452
0.005239
0.003594
0.003627
0.00037
-0.000288
0.004252
0.004186
0.004943
0.00718
0.0082
0.000962
0.002541
-0.000288
0.000897
0.002344
0.007443
0.004548
0.006489
0.004121
0.000239
0.000107
0.002805
0.005009
0.00162
0.000995
0.003265
-0.00088
0.002805
4.1e-05
0.00014
-0.000518
0.003101
0.004713
0.006818
0.005601
0.002838
0.001851
-0.000156
0.003101
0.004088
0.002212
0.002278
0.002772
0.003594
0.003002
0.003232
0.001094
0.003331
-0.000584
0.003956
0.003068
0.003496
0.00343
0.004877
0.002344
0.000666
0.001028
0.000732
0.000897
0.0006
0.002969
0.000831
0.004186
0.000798
0.003265
0.002673
0.000831
0.004088
0.004417
0.003463
0.005338
0.003594
0.004384
0.00593
0.004614
0.005667
0.001324
0.004877
0.000337
0.00287
0.004647
0.006588
0.003726
0.006687
0.00218
0.005733
0.001193
0.004548
0.002739
0.00343
0.005437
-0.000551
0.003397
0.00445
0.002015
0.003857
0.003923
0.002443
0.002278
0.004318
0.005601
0.004351
0.001423
0.004844
0.002114
0.001752
0.001686
0.002936
0.002147
0.003627
0.002607
0.002114
0.000962
0.007937
0.006522
0.005766
0.001883
0.003561
0.002114
0.002772
0.003627
0.003726
0.001949
0.002081
0.00287
0.000962
0.004022
0.001719
0.002476
0.00241
0.001851
0.001324
0.004811
0.000535
0.00343
-0.00167
4.1e-05
0.000304
0.000436
0.004844
0.001094
0.003035
-0.003051
0.003956
0.001324
0.002706
0.00139
0.003134
0.005206
0.003463
0.000666
0.003364
0.003825
0.001752
0.001357
0.004022
0.003726
0.003726
0.004186
-0.002953
0.001357
0.002147
0.004844
0.003265
0.003759
0.004943
0.005831
0.004614
0.005568
0.002114
0.002607
0.000765
0.001456
8e-06
0.000173
0.002377
-5.8e-05
0.00616
0.002377
0.002706
0.002969
0.004219
0.002936
0.004022
0.00162
0.003956
0.004351
0.004384
0.00616
0.007213
0.00468
0.002936
0.003792
0.005272
0.003134
-2.5e-05
0.001324
0.004351
0.00343
0.004713
0.004055
0.004384
0.00139
0.002344
0.00241
0.003068
0.001818
0.001554
0.00287
0.003857
0.000765
0.002673
-0.000485
0.003134
-0.001538
-2.5e-05
-0.00111
0.001291
0.002903
0.002278
0.005502
0.002607
0.003792
0.00241
0.003167
0.004252
0.003956
0.003397
0.006226
0.004121
0.005502
0.005075
0.001719
0.004154
0.006522
0.00695
0.005272
0.004976
-0.001637
0.004548
0.001752
0.003923
0.003627
0.001883
-0.002163
0.001193
0.002772
0.003594
0.000206
0.001851
0.004285
4.1e-05
0.000206
0.000206
7.4e-05
4.1e-05
-5.8e-05
-5.8e-05
8e-06
0.000271
0.000107
-2.5e-05
0.0006
0.002541
0.001127
0.002541
0.00014
-0.000419
0.000436
-0.000123
-0.000156
0.000206
0.000403
0.00014
0.000107
0.00014
4.1e-05
4.1e-05
-0.000123
-5.8e-05
-9e-05
0.000107
8e-06
4.1e-05
7.4e-05
0.00014
0.00014
0.000173
-2.5e-05
-2.5e-05
-5.8e-05
-0.000123
-0.000123
-2.5e-05
7.4e-05
0.000107
0.000107
0.000107
7.4e-05
-2.5e-05
8e-06
-5.8e-05
-5.8e-05
-5.8e-05
4.1e-05
4.1e-05
7.4e-05
0.000107
0.00014
7.4e-05
4.1e-05
-9e-05
-5.8e-05
-5.8e-05
-5.8e-05
4.1e-05
0.000107
0.000173
0.000173
0.000173
4.1e-05
-2.5e-05
0.000107
-9e-05
8e-06
0.000107
0.00014
4.1e-05
0.00014
0.00014
0.000107
8e-06
8e-06
-2.5e-05
-2.5e-05
-9e-05
-5.8e-05
8e-06
7.4e-05
0.000173
7.4e-05
0.00014
0.000206
-2.5e-05
-5.8e-05
-5.8e-05
-0.000123
-5.8e-05
-9e-05
4.1e-05
0.000107
0.000107
0.00014
0.000107
7.4e-05
8e-06
-9e-05
-0.000123
-2.5e-05
-5.8e-05
7.4e-05
0.000107
0.00014
7.4e-05
0.000107
8e-06
-2.5e-05
-2.5e-05
-9e-05
8e-06
-9e-05
8e-06
8e-06
0.000239
7.4e-05
0.000239
0.000271
0.000502
-0.000419
0.000206
-2.5e-05
0.00014
4.1e-05
0.000107
0.00014
4.1e-05
0.000535
-0.000716
0.000173
-9e-05
-5.8e-05
-0.000123
0.000436
7.4e-05
0.000107
7.4e-05
0.000107
0.000107
-9e-05
8e-06
-9e-05
-2.5e-05
-9e-05
8e-06
4.1e-05
0.00014
0.000107
0.00014
0.00014
0.000107
-5.8e-05
-9e-05
4.1e-05
-0.000123
-2.5e-05
-2.5e-05
4.1e-05
8e-06
0.000173
0.000107
0.000173
-2.5e-05
-2.5e-05
-0.000123
0.000271
-0.000419
0.000337
0.000173
0.000173
0.00014
0.000206
7.4e-05
0.001949
-0.000419
-9e-05
-5.8e-05
-0.000222
4.1e-05
0.000271
0.001094

Kurve 2

0.000271
0.001522
0.001851
0.001225
0.000173
0.000962
0.001456
-0.00065
-0.000321
-0.000156
-0.00065
-0.00065
0.002607
-0.00338
-0.000123
0.000535
0.001456
-0.000387
0.00264
0.001587
0.000699
0.001818
0.000831
0.001258
0.001818
0.002969
-0.001209
0.000765
-0.000321
0.000864
8e-06
0.001291
0.002574
0.004121
0.002509
0.000864
0.000765
0.000173
0.002048
-0.001538
-0.000321
-2.5e-05
-0.000156
-9e-05
4.1e-05
0.000107
0.000107
0.000107
0.00014
-0.000156
0.000173
-0.000123
0.000666
-0.000222
0.00116
0.000239
0.000206
0.001653
-0.001242
0.00116
-0.002393
0.000864
-0.000617
-0.000288
-0.001538
-5.8e-05
7.4e-05
8e-06
0.000304
-5.8e-05
0.000304
0.000469
0.000337
-9e-05
-0.000189
-0.000354
-0.00065
-0.000123
0.000271
-0.000189
0.000436
0.000173
0.000633
8e-06
0.000107
-9e-05
8e-06
-2.5e-05
-2.5e-05
8e-06
0.000206
7.4e-05
0.00014
7.4e-05
-9e-05
-9e-05
-9e-05
-2.5e-05
0.000107
4.1e-05
4.1e-05
0.00014
4.1e-05
0.00014
7.4e-05
4.1e-05
4.1e-05
-9e-05
-5.8e-05
-0.000387
8e-06
7.4e-05
8e-06
0.000107
7.4e-05
0.000107
8e-06
-5.8e-05
-2.5e-05
-0.000123
-9e-05
8e-06
4.1e-05
0.000107
7.4e-05
0.000107
0.00014
4.1e-05
-0.000123
-9e-05
-9e-05
-5.8e-05
-0.000222
7.4e-05
0.000107
0.000107
0.000107
7.4e-05
4.1e-05
-2.5e-05
-9e-05
-9e-05
-9e-05
-2.5e-05
7.4e-05
0.000107
0.000107
4.1e-05
0.00014
8e-06
8e-06
-9e-05
-0.000123
-0.000123
-2.5e-05
4.1e-05
0.000107
8e-06
0.00014
0.000107
8e-06
-2.5e-05
-9e-05
-5.8e-05
-0.000123
-2.5e-05
7.4e-05
7.4e-05
7.4e-05
0.00014
7.4e-05
7.4e-05
-2.5e-05
-5.8e-05
-9e-05
-0.000123
-2.5e-05
8e-06
0.000107
7.4e-05
7.4e-05
0.000107
7.4e-05
8e-06
-9e-05
-0.000156
-5.8e-05
-5.8e-05
7.4e-05
4.1e-05
7.4e-05
7.4e-05
4.1e-05
0.000107
-2.5e-05
-0.000123
-9e-05
-0.000123
-5.8e-05
4.1e-05
7.4e-05
0.00014
0.00014
0.00014
7.4e-05
8e-06
-5.8e-05
-9e-05
-0.000123
-2.5e-05
4.1e-05
7.4e-05
7.4e-05
0.00014
0.000107
7.4e-05
-5.8e-05
-9e-05
-5.8e-05
-0.000123
-5.8e-05
4.1e-05
0.000107
0.00014
0.000107
7.4e-05
7.4e-05
-2.5e-05
-5.8e-05
-9e-05
-9e-05
-5.8e-05
-2.5e-05
4.1e-05
0.000107
7.4e-05
0.000107
4.1e-05
-2.5e-05
-5.8e-05
-2.5e-05
-9e-05
-2.5e-05
-2.5e-05
4.1e-05
4.1e-05
0.00014
0.000107
0.00014
4.1e-05
-5.8e-05
-5.8e-05
-5.8e-05
-9e-05
-2.5e-05
8e-06
7.4e-05
7.4e-05
0.000107
0.00014
-2.5e-05
-2.5e-05
-9e-05
-2.5e-05
8e-06
-5.8e-05
4.1e-05
4.1e-05
0.00014
0.000173
7.4e-05
4.1e-05
-5.8e-05
-2.5e-05
-9e-05
-0.000189
8e-06
4.1e-05
0.00014
0.000107
0.00014
0.00014
-2.5e-05
-9e-05
-0.000123
-9e-05
-9e-05
-2.5e-05
0.000107
7.4e-05
0.00014
0.00014
0.000107
7.4e-05
-5.8e-05
-5.8e-05
-2.5e-05
-0.000123
-2.5e-05
7.4e-05
4.1e-05
0.000107
4.1e-05
0.000107
8e-06
-2.5e-05
-2.5e-05
-0.000123
-5.8e-05
-5.8e-05
4.1e-05
4.1e-05
0.000107
7.4e-05
0.00014
4.1e-05
8e-06
-0.000123
-9e-05
-0.000123
-9e-05
0.000107
7.4e-05
0.00014
0.00014
0.000107
4.1e-05
-5.8e-05
-9e-05
-0.000123
-9e-05
-2.5e-05
4.1e-05
0.000107
7.4e-05
0.000107
0.00014
4.1e-05
8e-06
-5.8e-05
-0.000123
-5.8e-05
-2.5e-05
0.000107
0.000107
7.4e-05
0.000107
0.000173
0.000107
-2.5e-05
-9e-05
-5.8e-05
-9e-05
-9e-05
4.1e-05
0.000107
0.000107
7.4e-05
0.00014
0.000107
-5.8e-05
-2.5e-05
-5.8e-05
-9e-05
-2.5e-05
4.1e-05
0.000107
7.4e-05
0.000107
0.000107
4.1e-05
-2.5e-05
-2.5e-05
-9e-05
-0.000123
-9e-05
8e-06
4.1e-05
7.4e-05
0.000107
0.000107
4.1e-05
-2.5e-05
-5.8e-05
-5.8e-05
-9e-05
-5.8e-05
8e-06
0.00014
7.4e-05
0.000107
0.00014
4.1e-05
4.1e-05
-5.8e-05
-9e-05
-9e-05
-5.8e-05
4.1e-05
0.000107
7.4e-05
0.00014
0.00014
0.000107
8e-06
-9e-05
-5.8e-05
-0.000123
-5.8e-05
8e-06
8e-06
0.00014
0.000107
0.00014
0.000107
-2.5e-05
-2.5e-05
-5.8e-05
-9e-05
-0.000123
-2.5e-05
0.00014
4.1e-05
0.00014
0.000107
0.000107
8e-06
-5.8e-05
-2.5e-05
-9e-05
-2.5e-05
8e-06
7.4e-05
0.000107
0.000107
0.000107
0.00014
-2.5e-05
-9e-05
-9e-05
-9e-05
-9e-05
-5.8e-05
4.1e-05
0.000107
0.000107
0.00014
7.4e-05
4.1e-05
-2.5e-05
-5.8e-05
-9e-05
-9e-05
-2.5e-05
7.4e-05
8e-06
0.000107
0.000107
0.000206
7.4e-05
-9e-05
-5.8e-05
-9e-05
-5.8e-05
-2.5e-05
7.4e-05
0.000107
0.00014
0.00014
7.4e-05
8e-06
8e-06
-5.8e-05
-5.8e-05
-0.000123
-9e-05
7.4e-05
4.1e-05
0.000107
7.4e-05
0.000107
4.1e-05
8e-06
-2.5e-05
-0.000156
0.000173
0.00014
0.00037
-0.000288
0.000929
0.002147
0.000864
0.002838
0.000206
-9e-05
0.001061
0.00139
0.001127
0.003693
-0.000255
0.002805
0.001752
0.004285
0.005108
0.009286
0.01251
0.014188
0.014056
0.008825
0.01705
0.012082
0.005897
0.001883
0.002936
0.001752
0.005338
-0.000354
0.000271
0.00014
0.001291
0.003923
0.004779
0.00445
0.003726
0.010898
0.010832
0.01603
0.011227
0.004877
0.001818
0.001883
0.001554
0.003825
0.005404
0.008068
0.004186
0.001719
0.005535
0.004318
0.004976
0.004844
0.00774
0.002015
0.002805
0.006029
0.005437
0.005404
0.008068
0.009483
0.00366
0.002048
0.000633
0.00241
0.000962
0.001883
0.001883
0.000502
0.000995
0.004318
-0.000123
0.002344
0.001851
0.002969
-0.000781
0.00037
0.00037
0.001587
-0.000255
0.00014
0.000304
7.4e-05
0.000304
0.000633
0.000337
0.000436
0.002969
-0.000419
0.002212
0.001423
0.002476
0.001324
0.002607
0.002739
0.006062
0.001949
0.003265
0.001028
0.001818
0.007476
0.002147
0.002377
0.002607
0.003397
0.001554
0.005601
0.001653
0.001851
0.002706
0.000699
0.002147
0.000962
0.000304
-0.001571
0.001489
0.001949
0.001949
0.000535
-0.00167
0.001916
0.004055
0.002607
0.00774
0.010635
0.011556
0.01455
0.0082
0.008924
0.00797
0.002377
0.002476
-0.001045
0.001949
-0.000518
4.1e-05
0.00218
0.001752
0.001554
0.001127
0.000962
0.001686
-0.00088
0.000436
0.00037
-0.000354
0.00037
-0.000189
-2.5e-05
8e-06
-0.000222
-5.8e-05
-9e-05
4.1e-05
0.000206
0.000239
8e-06
0.000337
0.000107
0.001225
0.000633
-2.5e-05
-0.000156
-0.000156
0.00014
8e-06
0.000107
0.000107
0.00014
0.00014
0.000239
-2.5e-05
4.1e-05
-5.8e-05
0.000304
0.00162
0.002509
-9e-05
0.000502
0.000666
0.00014
0.000568
-0.001012
-2.5e-05
-0.000255
0.000436
-0.000288
0.000239
0.000995
0.000568
0.000469
0.000633
0.000239
0.000107
-2.5e-05
-2.5e-05
-0.000156
-0.000123
0.000107
-0.000288
4.1e-05
7.4e-05
0.000239
7.4e-05
0.00014
0.000107
0.001061
0.000239
0.002015
0.002048
0.001949
0.002607
0.000436
0.000864
0.000699
0.000798
8e-06
0.001489
-0.000387
0.001653
0.002805
0.000864
0.00139
0.002574
0.000864
0.000436
0.003857
0.001719
0.00014
0.001324
-9e-05
0.000568
0.001522
0.000239
0.000568
-0.000419
0.001982
-0.000288
0.00037
4.1e-05
-0.001604
0.002706
-0.000387
0.000239
0.003068
0.003726
0.000304
0.001291
0.004844
-0.001012
-0.001012
0.000535
-0.000156
7.4e-05
4.1e-05
-0.001308
0.000173
0.001094
-0.000781
-0.000321
4.1e-05
-5.8e-05
-5.8e-05
-0.000156
0.000107
8e-06
7.4e-05
8e-06
0.000765
8e-06
0.000107
0.000304
-2.5e-05
-5.8e-05
7.4e-05
-0.000123
0.000107
0.000107
0.000107
7.4e-05
7.4e-05
4.1e-05
-5.8e-05
-2.5e-05
-0.000123
-5.8e-05
8e-06
7.4e-05
0.000107
8e-06
0.000173
7.4e-05
4.1e-05
-2.5e-05
-5.8e-05
-5.8e-05
-5.8e-05
-2.5e-05
4.1e-05
7.4e-05
-0.000255
0.000107
0.000173
4.1e-05
-2.5e-05
-9e-05
-9e-05
-0.000156
-9e-05
7.4e-05
0.00014
0.00014
0.00014
0.000107
8e-06
-2.5e-05
-2.5e-05
-9e-05
-9e-05
-9e-05
4.1e-05
7.4e-05
7.4e-05
0.000239
-2.5e-05
-0.000551
-5.8e-05
0.000239
-0.000222
0.000304
8e-06
8e-06
0.000502
0.000304
7.4e-05
0.000107
7.4e-05
-0.000189
7.4e-05
-9e-05
-0.000354
4.1e-05
0.00014
0.000173
7.4e-05
0.00014
0.000173
0.00014
4.1e-05
8e-06
-5.8e-05
-5.8e-05
8e-06
0.000107
-0.000321
0.000107
0.000239
0.000173
7.4e-05
-2.5e-05
7.4e-05
-9e-05
8e-06
-0.000123
0.000436
8e-06
0.000173
7.4e-05
0.000304
0.000107
-2.5e-05
-2.5e-05
-0.000123
8e-06
-9e-05
0.000271
8e-06
0.000107
7.4e-05
0.000173
0.000107
8e-06
-2.5e-05
7.4e-05
-0.000123
-9e-05
4.1e-05
4.1e-05
-0.000189
0.000173
0.00014
7.4e-05
-2.5e-05
-5.8e-05
4.1e-05
-2.5e-05
-0.000123
-2.5e-05
0.000271
8e-06
0.00014
0.00014
0.00014
-2.5e-05
-2.5e-05
-0.000123
0.000107
0.000535
-0.000288
0.000337
0.00014
0.000206
0.000337
0.000107
0.000502
8e-06
-0.000222
0.000436
4.1e-05
0.00116
0.001094
0.00014
4.1e-05
0.000798
0.000568
0.000469
0.003923
0.003496
0.004614
0.006029
0.000107
-0.000288
-0.000485
4.1e-05
0.000962
0.002509
0.00264
0.002476
-0.000387
0.002607
0.006226
0.006193
0.001587
0.002673
0.000929
0.003759
0.000929
0.007213
0.004614
0.002969
0.000337
-0.005223
0.001357
0.001291
0.001324
0.000535
4.1e-05
0.000107
0.000995
-5.8e-05
0.00014
-9e-05
-0.000189
-0.000123
4.1e-05
4.1e-05
0.00014
8e-06
0.000239
0.000107
8e-06
-5.8e-05
-0.000222
0.000107
-0.000123
7.4e-05
4.1e-05
0.00014
4.1e-05
0.00014
-2.5e-05
-2.5e-05
-0.000123
4.1e-05
-0.000189
4.1e-05
4.1e-05
0.000107
0.00014
0.000107
0.000107
-5.8e-05
-9e-05
-2.5e-05
-5.8e-05
-9e-05
-2.5e-05
4.1e-05
0.00014
0.00014
0.00014
7.4e-05
7.4e-05
-2.5e-05
-5.8e-05
7.4e-05
0.00014
7.4e-05
0.00343
0.000732
0.000206
-0.000156
0.002805
0.001225
-0.000156
0.000897
0.005535
0.000337
0.004055
0.000436
0.000206
4.1e-05
0.000173
0.000107
7.4e-05
-5.8e-05
-9e-05
-9e-05
8e-06
-9e-05
7.4e-05
0.000107
7.4e-05
0.000107
7.4e-05
0.00014
-0.000123
7.4e-05
-5.8e-05
8e-06
-5.8e-05
4.1e-05
0.000107
0.00014
0.00014
0.000173
8e-06
0.000271
-0.001012
0.00037
-9e-05
-9e-05
0.000206
0.000239
0.000206
8e-06
0.00014
-0.000222
8e-06
0.0006
0.000436
0.004713
0.002344
0.000403
0.002311
0.000633
-5.8e-05
0.000239
0.000107
0.00014
0.000568
0.000929
-0.000354
0.000502
-2.5e-05
0.000271
0.000173
0.001686
0.001423
0.001851
7.4e-05
7.4e-05
-0.000321
-0.000387
-0.000222
0.000206
0.000271
-0.000189
0.000206
0.000633
0.000732
-0.000123
0.003693
-0.000156
0.001489
-0.003315
0.000732
0.000864
0.0006
0.000107
-5.8e-05
0.000502
-2.5e-05
4.1e-05
-9e-05
-5.8e-05
-2.5e-05
4.1e-05
-2.5e-05
0.000403
8e-06
0.00014
0.002772
0.000239
0.00014
-2.5e-05
-0.000123
-2.5e-05
7.4e-05
4.1e-05
0.000107
7.4e-05
0.000107
7.4e-05
4.1e-05
-2.5e-05
-2.5e-05
-2.5e-05
-0.000123
-9e-05
4.1e-05
0.00014
7.4e-05
0.000239
0.000107
7.4e-05
-0.000189
0.000403
-0.000222
-0.000189
4.1e-05
0.000239
0.000107
0.000469
8e-06
0.000304
7.4e-05
-9e-05
8e-06
-0.000189
-9e-05
-0.000189
7.4e-05
0.000107
7.4e-05
0.000107
7.4e-05
4.1e-05
4.1e-05
-9e-05
-5.8e-05
-5.8e-05
4.1e-05
0.000107
-2.5e-05
0.000633
-2.5e-05
0.00014
0.000403
0.00037
-0.000222
0.00014
4.1e-05
0.000206
-2.5e-05
0.000271
0.000304
0.000699
0.000666
0.000765
0.001028
0.000239
0.001916
-9e-05
0.001752
0.000337
0.000107
0.000173
0.000666
0.000535
0.000469
0.001916
0.000304
0.002015
7.4e-05
0.004088
0.006259
0.001291
0.003528
0.007772
0.010174
0.005963
-0.000419
0.005173
0.003167
0.005042
0.008332
0.009681
0.009352
0.00162
0.005239
0.008792
0.006456
0.00162
0.009187
0.004186
0.003496
0.000798
0.000337
0.003496
0.001061
0.00366
0.001225
0.002344
0.000206
0.001193
0.001324
0.002344
0.000469
0.003364
0.001686
0.003989
0.001225
0.00139
0.001982
0.001851
0.001752
0.001554
0.001554
0.001554
0.002278
0.003397
0.004581
-0.000222
0.004055
0.002574
0.005173
0.000304
0.003923
0.005733
-0.002689
0.00014
0.004055
0.010931
0.008101
0.011457
0.011622
0.015471
0.013036
0.017543
0.01932
0.019452
0.016293
0.019123
0.021162
0.000633
0.001489
0.003857
0.000173
0.005601
0.010503
0.010075
0.021031
0.00695
0.013793
0.001094
0.004022
0.00264
0.004877
0.009055
0.006917
0.009352
0.012312
0.007904
0.015569
0.019846
0.022741
0.014319
0.01603
0.021886
0.023202
0.027051
0.028696
0.007378
0.007509
0.015504
0.019715
0.018958
0.022182
0.025406
0.026031
0.025933
0.025011
0.026689
0.017083
0.013892
0.020307
0.022248
0.025933
0.028795
0.023367
0.021261
0.0259
0.029354
0.031295
0.033894
0.037184
0.03544
0.038533
0.03702
0.035671
0.038039
0.031098
0.016951
0.011391
0.011293
-0.000354
-0.000156
0.001851
0.000173
-0.000321
0.000173
0.000107
0.001324
-9e-05
0.000173
0.000304
0.00014
0.001916
0.004943
0.003923
0.003528
0.007082
0.003989
-0.000288
0.000173
-5.8e-05
-2.5e-05
-5.8e-05
-0.000123
8e-06
7.4e-05
0.000962
0.000107
0.00014
0.002706
0.000765
7.4e-05
-2.5e-05
-9e-05
-9e-05
-0.000123
-0.000123
0.0006
-0.001012
0.000469
4.1e-05
0.000403
0.000502
7.4e-05
-5.8e-05
-2.5e-05
8e-06
4.1e-05
0.00014
0.000107
8e-06
0.000337
0.00014
-5.8e-05
0.000107
-0.000222
-0.000156
-0.000485
0.00116
4.1e-05
0.000206
0.000239
0.000304
7.4e-05
8e-06
-9e-05
0.000173
8e-06
-2.5e-05
4.1e-05
4.1e-05
7.4e-05
0.00014
0.00014
0.000107
-5.8e-05
-9e-05
-9e-05
-2.5e-05
-2.5e-05
8e-06
7.4e-05
0.000107
0.000107
0.000173
8e-06
-5.8e-05
-2.5e-05
-2.5e-05
-0.000156
-0.000321
0.000107
0.000107
7.4e-05
0.000173
-2.5e-05
0.000206
4.1e-05
-5.8e-05
7.4e-05
-0.000387
0.000403
-0.000156
7.4e-05
0.00014
0.000206
0.000107
0.00014
8e-06
4.1e-05
-5.8e-05
-2.5e-05
-0.000123
8e-06
4.1e-05
0.000206
0.000173
0.000206
0.000304
-9e-05
-9e-05
-0.000255
4.1e-05
0.000436
-0.000321
0.000962
0.000173
0.00014
0.000206
0.000206
0.000436
-0.000255
-0.000551
0.003002
-0.00236
8e-06
0.002607
0.001686
0.00514
0.00616
0.003331
8e-06
-0.001176
0.000798
0.001028
0.000271
-0.000946
0.002048
0.007476
0.005733
0.006555
0.00468
0.014089
0.011885
0.010799
0.012773
0.005996
0.005568
0.006818
0.009878
0.01274
0.003627
0.005897
0.010503
0.013168
0.003331
0.005568
0.009779
0.0006
0.004186
0.006753
0.007838
0.01149
0.014352
0.004515
0.003594
0.002936
-0.000387
0.002772
0.006687
0.006522
0.00616
0.000568
0.009253
0.007707
0.01149
0.009582
0.015306
0.015833
0.015142
0.011918
0.004581
0.000535
0.0006
0.001061
0.005206
0.000337
0.00672
0.001324
0.005042
0.004186
-0.000255
0.001456
-0.000748
0.003463
0.002311
0.000962
-0.000518
0.007542
0.000535
0.000173
-0.000255
0.000206
4.1e-05
0.000173
0.001456
0.00037
0.000173
4.1e-05
0.00139
0.004515
0.003134
0.006193
0.003528
0.000666
0.000304
0.001357
-0.000123
0.002607
0.000633
-2.5e-05
-0.000189
0.000864
0.001719
0.002311
0.000239
0.00014
0.000239
0.000107
0.000107
0.000337
8e-06
8e-06
-9e-05
-2.5e-05
-0.000321
0.001127
-0.000551
0.000436
-0.000288
0.003496
0.003331
-0.000123
0.003167
0.001752
0.000403
7.4e-05
0.000239
0.000173
-0.00088
0.008529
0.006193
-0.002064
0.00241
0.002081
0.005305
0.008726
0.001291
0.004351
0.006489
0.007082
0.00287
0.000436
0.000995
0.00162
0.001851
0.009088
0.002147
0.006785
4.1e-05
0.000995
-0.00065
8e-06
0.000568
0.00014
0.00287
0.000929
0.005075
0.009911
0.001719
0.002903
0.006193
0.006851
0.00922
0.007509
0.003528
0.008167
0.005897
-0.000518
-0.000847
-0.000946
8e-06
7.4e-05
0.000107
0.000304
-0.000255
0.000864
0.000271
4.1e-05
0.000337
0.004219
0.002015
0.000535
0.003134
-0.000255
0.002969
0.002245
0.000568
0.002969
0.001982
0.000699
0.001489
0.000304
0.000765
0.001851
0.004351
0.00139
0.001752
7.4e-05
0.001554
0.000535
0.002081
-0.001143
-0.001406
-0.000321
0.000304
0.000304
0.000765
0.00162
0.002278
0.003298
-0.000321
0.000962
0.00116
0.000535
0.00162
0.000897
0.000239
-0.000123
0.000337
8e-06
0.000502
7.4e-05
0.0006
-2.5e-05
0.000173
8e-06
0.001028
-0.000452
0.002114
0.000304
0.001851
0.001324
0.000107
-0.000354
0.000502
-2.5e-05
0.00014
-0.000551
0.000831
0.0006
0.000107
0.000568
0.000337
0.000304
7.4e-05
-0.000189
-9e-05
0.001324
0.001752
0.000173
0.002212
0.00162
-0.00088
-0.000979
0.000732
-0.001077
-2.5e-05
0.00116
-0.002328
0.00014
0.000403
-0.000255
0.001423
0.000962
8e-06
-5.8e-05
-0.000123
-2.5e-05
-9e-05
-5.8e-05
-2.5e-05
0.000107
0.000107
7.4e-05
0.000469
0.000403
0.000633
0.000107
0.000568
0.000337
0.000304
0.000304
7.4e-05
-2.5e-05
0.000337
-2.5e-05
4.1e-05
0.000173
8e-06
7.4e-05
0.00014
0.000107
0.000107
0.000173
0.00014
0.000107
0.00014
8e-06
7.4e-05
-9e-05
-2.5e-05
-5.8e-05
-5.8e-05
-2.5e-05
-0.000123
0.000239
-5.8e-05
0.000173
0.000107
8e-06
-5.8e-05
4.1e-05
-2.5e-05
-0.000189
7.4e-05
0.000173
4.1e-05
0.000173
7.4e-05
7.4e-05
8e-06
-9e-05
-2.5e-05
-5.8e-05
0.000173
-5.8e-05
7.4e-05
7.4e-05
0.000107
0.00014
0.00014
8e-06
8e-06
-2.5e-05
-2.5e-05
-0.000222
4.1e-05
0.000107
0.000107
0.000107
4.1e-05
0.000173
-2.5e-05
-2.5e-05
-5.8e-05
-9e-05
-9e-05
-5.8e-05
0.000107
0.00014
0.00014
7.4e-05
0.000107
8e-06
-5.8e-05
-9e-05
-5.8e-05
-0.000123
-2.5e-05
7.4e-05
0.000107
0.000107
0.00014
0.000107
4.1e-05
-2.5e-05
-2.5e-05
-2.5e-05
-9e-05
-2.5e-05
8e-06
0.000107
0.000107
0.000107
0.000107
8e-06
-5.8e-05
-5.8e-05
-5.8e-05
-9e-05
-5.8e-05
7.4e-05
7.4e-05
0.00014
0.00014
0.000107
4.1e-05
8e-06
-2.5e-05
-5.8e-05
-9e-05
-9e-05
8e-06
7.4e-05
0.00014
0.000107
0.00014
8e-06
-2.5e-05
-2.5e-05
-5.8e-05
8e-06
8e-06
4.1e-05
7.4e-05
0.00014
7.4e-05
0.000206
0.000107
-2.5e-05
-9e-05
-0.000123
-2.5e-05
-0.000123
0.000206
0.000206
0.000239
0.000206
0.000206
4.1e-05
0.000271
7.4e-05
0.000765
0.000239
-2.5e-05
0.000107
0.000633
0.002541
0.000568
0.000798
0.000666
0.000173
-0.000255
-0.000123
0.000337
0.0006
-5.8e-05
0.000897
4.1e-05
0.001127
0.000304
0.000206
0.00014
-9e-05
-0.000222
0.000107
-0.000485
4.1e-05
0.000107
0.000107
0.000831
0.00037
0.000304
-0.000189
0.000502
-5.8e-05
-2.5e-05
0.000271
0.000107
8e-06
0.00014
-0.000123
0.000173
4.1e-05
4.1e-05
-5.8e-05
-2.5e-05
-9e-05
-9e-05
8e-06
4.1e-05
0.000107
0.000107
0.00014
-2.5e-05
8e-06
8e-06
-5.8e-05
-5.8e-05
-0.000354
4.1e-05
7.4e-05
0.000239
7.4e-05
0.00014
0.000107
0.00014
8e-06
8e-06
0.000107
0.0006
-5.8e-05
0.000502
-2.5e-05
0.000436
4.1e-05
0.000107
0.00014
-0.000156
7.4e-05
-5.8e-05
8e-06
-5.8e-05
7.4e-05
0.000107
0.000304
0.000173
0.000107
-2.5e-05
-2.5e-05
-2.5e-05
-2.5e-05
-9e-05
-0.000123
7.4e-05
7.4e-05
0.00014
0.00014
0.000173
-2.5e-05
-2.5e-05
-5.8e-05
-9e-05
-5.8e-05
-2.5e-05
0.000107
0.000107
0.000107
0.000173
0.000107
4.1e-05
-2.5e-05
-2.5e-05
-2.5e-05
-9e-05
-9e-05
7.4e-05
7.4e-05
0.000107
0.000107
0.00014
7.4e-05
8e-06
-9e-05
-5.8e-05
-0.000123
-5.8e-05
7.4e-05
7.4e-05
7.4e-05
0.000206
4.1e-05
8e-06
-5.8e-05
8e-06
8e-06
0.000206
8e-06
0.00014
7.4e-05
0.000107
0.000107
0.00014
4.1e-05
-2.5e-05
-5.8e-05
-9e-05
-0.000123
8e-06
7.4e-05
8e-06
0.00014
4.1e-05
0.000107
7.4e-05
8e-06
-2.5e-05
-5.8e-05
-9e-05
-2.5e-05
0.00014
4.1e-05
0.000107
0.000107
0.000107
4.1e-05
4.1e-05
0.000173
-2.5e-05
-5.8e-05
-2.5e-05
0.000206
7.4e-05
0.0006
7.4e-05
0.000206
4.1e-05
0.000173
-0.000156
8e-06
-0.000123
0.001094
-9e-05
7.4e-05
0.000107
-2.5e-05
0.002344
8e-06
0.000929
-0.000156
8e-06
0.000732
0.003726
0.000107
0.00264
0.000568
0.001324
0.000798
0.000469
-0.000419
-0.001406
0.001061
-0.000979
0.004811
0.001193
0.005338
-2.5e-05
0.005864
-0.000123
0.000271
0.000897
0.001522
0.000502
0.001883
-0.000222
0.000798
-0.000485
0.000304
0.000502
0.000107
0.000502
-0.000387
0.000206
8e-06
0.000568
-0.004696
0.000403
0.000271
0.000502
0.003528
0.000699
0.000337
0.001456
0.001127
0.002311
0.001324
0.000502
0.006325
0.007838
0.001061
0.001061
0.000271
-0.000222
0.00241
0.001357
0.002673
0.001949
-0.00292
0.000798
0.00037
0.000206
0.000403
0.003232
0.000271
0.001357
-0.000683
0.001028
0.000436
-0.000387
0.000502
0.003298
0.00037
0.00389
0.006095
0.001028
0.00945
0.010832
0.014089
0.007016
0.00843
0.005798
0.010766
0.008726
0.000732
0.004088
0.002114
0.00445
0.001883
0.003923
0.00468
-2.5e-05
0.000798
0.007871
0.007312
0.006062
0.006654
0.008463
0.000699
0.00366
-0.000288
0.000831
0.004647
0.010602
0.007378
0.008759
0.00922
0.011062
0.014056
0.008562
0.012609
0.008233
0.003199
0.003331
0.000403
0.003792
0.00162
-0.000781
0.004548
0.002509
0.001554
0.007575
0.004285
0.005338
0.002048
0.010997
0.009648
0.01297
0.001752
0.000535
0.003331
0.006522
0.008792
0.012707
0.009615
0.010832
0.008332
0.006226
0.007805
0.007114
0.010108
0.013069
0.010733
0.002903
0.006687
0.001982
0.004088
0.004811
0.001324
-0.000419
0.001719
0.007016
0.000831
-2.5e-05
0.000206
-5.8e-05
4.1e-05
8e-06
-9e-05
0.000732
0.002015
0.004746
0.001949
0.006588
0.005897
0.006555
0.000535
-2.5e-05
-9e-05
0.00287
0.003199
0.00389
0.006062
0.005798
0.008759
0.008924
0.011391
0.007509
0.003693
0.005173
0.008759
0.001258
0.000337
0.005568
0.001291
4.1e-05
-0.000485
0.00037
-0.000321
4.1e-05
-2.5e-05
0.005733
-0.000288
0.001193
0.000897
0.003298
0.003561
0.000206
-0.000189
0.000107
-0.000387
0.000239
-0.002229
0.002377
0.004384
0.001686
0.001851
0.000107
0.001489
0.00218
-0.001637
0.004088
0.008792
0.007246
0.003199
0.007049
0.008529
0.011424
0.010832
0.010141
0.008496
0.008167
0.00843
0.009779
-0.000123
0.007838
0.006292
0.003199
0.005206
0.006358
0.00445
0.001785
0.003397
0.004318
-0.000156
0.001456
0.003463
0.003397
0.007641
0.005042
0.00491
0.003134
0.005897
0.004384
0.006358
0.008595
0.013299
0.012806
0.015273
0.011424
0.012444
0.013957
0.009977
0.015208
0.012609
0.001883
-0.000716
0.00014
-0.000617
0.001785
0.003528
0.002838
0.005502
0.005864
0.007608
0.008496
0.008825
0.001094
0.003792
-0.005025
0.002706
0.002772
0.002114
-0.000156
0.000897
0.001916
0.007246
0.004417
0.006917
0.003397
0.003199
0.005206
0.008759
0.010437
0.007476
0.001225
0.003594
4.1e-05
0.000173
0.000633
-0.000156
0.002805
-0.001538
0.000502
0.003496
0.004186
0.002969
0.002969
0.008266
0.001785
0.000995
0.003298
0.00672
0.005667
0.008858
-0.000485
0.000337
8e-06
0.000337
0.000206
0.002607
0.002114
0.003265
0.004647
0.002673
0.004483
0.004417
0.00264
0.00014
0.002607
-5.8e-05
0.001818
0.003199
0.002838
0.00014
0.002015
0.001851
0.000271
0.001489
-0.000946
0.003199
0.001258
0.001686
0.001785
0.004746
0.003825
0.007641
0.002344
0.003561
0.001752
0.003627
0.000239
0.002574
0.000568
0.002574
0.00264
0.003528
0.000304
0.00264
0.000239
0.001357
0.003923
0.000239
-9e-05
0.000271
0.00014
-0.000156
-0.000288
-0.000387
0.000732
-0.00088
-0.000518
0.000239
0.001225
0.002114
4.1e-05
0.000502
0.000798
0.000403
0.001456
0.000732
0.000929
0.001193
0.002311
0.001916
0.002015
0.002081
0.000107
0.001851
0.000271
0.000206
0.000304
0.001587
0.00139
0.000271
0.000304
8e-06
0.000107
-9e-05
-9e-05
0.000206
7.4e-05
-5.8e-05
0.000107
-2.5e-05
0.000173
0.000173
0.000107
8e-06
-0.000123
0.000502
-0.001933
0.001291
7.4e-05
0.000107
0.000206
0.001094
4.1e-05
-0.000123
-5.8e-05
8e-06
-0.000156
-9e-05
4.1e-05
0.000173
0.002114
0.000864
0.000568
-0.00065
0.000897
-0.000288
0.002607
0.001225
0.001587
-0.000748
0.000239
0.001028
0.000206
-9e-05
-2.5e-05
0.00037
4.1e-05
0.001193
7.4e-05
0.001094
0.001061
0.001094
-0.000946
0.001225
0.002574
0.001456
0.005042
0.002081
0.000765
0.00116
0.00037

Kurve 3

0.002114
0.002344
-0.000255
0.000535
-0.002064
0.000206
0.000107
0.000831
-0.000123
0.000107
0.000765
-0.002525
0.002081
-0.000979
-0.000518
0.001456
-0.000518
0.000107
0.002443
0.000436
0.003956
0.002739
0.002377
-0.001012
0.003101
0.00241
0.003693
0.001752
0.00162
0.000436
0.00116
0.002245
-0.000354
0.001752
0.000271
0.000732
-0.001703
0.003956
0.001258
0.002311
0.001587
0.003035
0.002838
0.003561
4.1e-05
0.00162
0.00139
0.002344
0.00445
-0.000189
0.00287
-0.000518
0.002509
0.000436
0.000502
0.00366
0.001982
0.001554
0.00264
-0.006308
-0.000452
0.001522
0.001291
8e-06
-0.000551
0.000502
-0.002953
-0.000288
-2.5e-05
-0.000518
-0.001308
-0.000814
-0.001143
0.000304
0.000633
0.001653
0.00139
-0.00065
0.001489
-0.00088
0.00162
-5.8e-05
-0.001143
0.000403
-0.000387
0.001587
0.00037
-0.003545
-0.000748
-0.001176
0.00037
-0.000551
0.001193
0.000403
0.00037
0.001653
-0.000255
0.004252
0.003825
0.002805
0.002114
0.003331
-0.001176
-5.8e-05
-0.00315
0.000173
0.001456
0.001357
0.000337
0.003825
7.4e-05
4.1e-05
0.002476
-9e-05
0.001061
4.1e-05
-2.5e-05
-0.001012
0.000337
-0.001604
0.001225
-0.000419
0.000535
0.000568
0.000107
0.000535
0.000897
0.000173
0.000304
4.1e-05
-9e-05
-5.8e-05
0.000337
-0.000452
-0.000255
-5.8e-05
-0.000123
0.000206
-0.000748
0.000337
0.000173
0.000304
0.00014
-5.8e-05
-9e-05
0.000107
7.4e-05
8e-06
-0.000255
-0.000255
-2.5e-05
-0.000123
0.000271
-0.000518
0.00037
-0.000387
-9e-05
-0.000189
0.00014
-0.000156
0.000173
4.1e-05
0.00014
0.000173
-0.000321
0.000403
-0.000123
0.000173
-0.000288
0.000271
-0.00065
0.000239
-9e-05
4.1e-05
0.000206
0.000337
0.00014
0.000206
-0.000189
0.000239
-0.000452
0.000239
4.1e-05
-2.5e-05
0.000239
-9e-05
7.4e-05
0.000206
-9e-05
-0.000222
0.000206
-0.000123
-0.000189
0.000107
0.000469
0.000403
0.000173
0.000765
-0.000387
-0.000222
-0.000584
0.000107
-0.000781
0.000206
-0.001209
0.000107
-0.000617
-0.000781
0.000798
0.000173
0.000206
0.000765
0.000864
8e-06
0.005568
0.00139
0.002476
0.000206
0.000864
0.000173
-0.000485
-5.8e-05
0.000436
-0.00088
7.4e-05
-0.005946
-0.001143
0.000337
0.000206
0.001587
0.000897
0.001423
-9e-05
0.000633
0.000206
0.002607
0.000765
-5.8e-05
-0.000156
0.000107
-0.000419
-0.000485
4.1e-05
0.000173
0.002048
0.000502
-0.000781
-2.5e-05
-0.000321
0.000502
0.001225
0.001883
0.000469
-0.001077
0.000568
0.000271
0.00037
-0.000387
-0.000288
0.0006
0.001127
0.003528
0.000469
0.001193
-0.001637
0.002015
-0.000321
0.001489
0.000568
0.00116
0.002212
0.000206
0.000666
0.000107
0.000239
0.004055
0.004219
-0.000288
0.003956
-0.000617
0.002245
0.002212
0.00264
0.002015
0.003068
0.001982
0.001916
0.002114
0.001291
0.000206
0.002706
-0.000814
-5.8e-05
0.000831
0.000962
0.000502
0.000502
0.0006
0.000765
0.001489
-0.000156
0.000897
-0.001077
0.003298
0.001653
0.001127
0.000962
0.000798
0.001489
-0.000584
0.002772
-0.001505
0.000403
0.000666
0.001686
0.002015
0.002541
-0.000189
0.001785
0.000897
0.001818
0.004351
0.00014
0.004318
0.00343
0.005568
0.005075
0.007082
0.003035
0.008661
0.00445
0.006522
0.01001
0.00922
0.010997
0.011358
0.011951
0.012016
0.012839
0.010503
0.009121
0.00797
0.014122
0.015635
0.015273
0.017675
0.016326
0.017083
0.016589
0.018826
0.018596
0.018794
0.017543
0.016359
0.017247
0.01932
0.016721
0.018432
0.016227
0.015273
0.015964
0.013925
0.016293
0.015833
0.011424
0.015339
0.013694
0.011852
0.016885
0.018201
0.014352
0.014352
0.017116
0.014879
0.017543
0.013365
0.016622
0.014648
0.014155
0.013267
0.017346
0.012773
0.014977
0.015109
0.015142
0.018497
0.013234
0.018201
0.015504
0.016885
0.017543
0.009286
0.012345
0.01501
0.007443
0.012082
0.008167
0.010668
0.013661
0.014846
0.014813
0.013036
0.013201
0.001686
0.002509
0.003232
0.009055
0.011523
0.01399
0.01501
0.020011
0.021327
0.017576
0.017741
0.018925
0.019452
0.018136
0.018432
0.02034
0.018629
0.021557
0.02136
0.021853
0.022445
0.019945
0.02307
0.020899
0.020965
0.021064
0.018794
0.019715
0.017741
0.018925
0.014944
0.017346
0.016392
0.018366
0.01399
0.016227
0.014813
0.012839
0.008397
0.013201
0.007049
0.007707
0.010503
0.011358
0.015273
0.015175
0.019024
0.020208
0.022412
0.020899
0.021458
0.024057
0.022083
0.022774
0.026163
0.022643
0.024617
0.022807
0.025242
0.028236
0.026097
0.022051
0.023992
0.021656
0.021294
0.022906
0.021129
0.025308
0.023005
0.024946
0.024386
0.023992
0.023926
0.026887
0.023564
0.023794
0.024353
0.025373
0.024419
0.025406
0.025143
0.023531
0.02363
0.01955
0.023827
0.021689
0.023103
0.021393
0.01626
0.015866
0.020899
0.018563
0.022215
0.018366
0.016129
0.016063
0.0158
0.019517
0.020866
0.021294
0.021064
0.022577
0.021294
0.023926
0.026558
0.027808
0.027018
0.026097
0.025637
0.02409
0.021031
0.014155
0.02284
0.019287
0.021557
0.023761
0.023202
0.02261
0.028367
0.026097
0.030769
0.032183
0.029223
0.026295
0.027117
0.022445
0.020373
0.018168
0.017774
0.019452
0.019813
0.014319
0.016853
0.014879
0.01603
0.019682
0.017675
0.023005
0.026755
0.026624
0.030604
0.035539
0.036855
0.041231
0.039092
0.041099
0.045409
0.042645
0.047613
0.046067
0.053206
0.052285
0.054357
0.053963
0.049554
0.055246
0.057252
0.062516
0.060509
0.053568
0.055937
0.061529
0.057779
0.059424
0.055706
0.052252
0.04327
0.044915
0.045935
0.052252
0.050245
0.055706
0.05893
0.059786
0.063043
0.063273
0.065181
0.065576
0.068603
0.068932
0.00491
0.002607
0.011852
0.018859
0.026624
0.027084
0.030999
0.036789
0.035539
0.039553
0.040507
0.040671
0.042876
0.045376
0.047218
0.047317
0.050706
0.055509
0.051035
0.01001
0.012609
0.019748
0.028236
0.028597
0.032118
0.037349
0.04156
0.040737
0.044389
0.045179
0.049225
0.047876
0.048074
0.047876
0.049061
0.048995
0.046824
0.003068
0.004055
0.009681
0.013102
0.018695
0.014451
0.016853
0.014714
0.016885
0.016787
0.012247
0.009845
0.003232
0.000304
0.000962
0.001752
0.004121
0.001949
0.002344
-0.000387
0.002509
0.002739
-0.000354
0.004844
0.005305
0.011523
0.008891
0.013596
0.014319
0.014254
0.015537
0.019912
0.015931
0.0057
0.012411
0.014615
0.016326
0.015043
0.016195
0.016853
0.020965
0.017741
0.013661
0.01353
0.018596
0.02034
0.02511
0.027446
0.030703
0.030308
0.029584
0.025439
0.021327
0.018826
0.02159
0.022939
0.018004
0.015898
0.015964
0.018465
0.015537
0.015569
0.01955
0.018629
0.011424
0.007082
0.008595
0.011523
0.000239
-2.5e-05
-0.000222
4.1e-05
4.1e-05
0.00116
0.004088
-0.000814
0.001785
0.000633
0.002772
0.002739
0.004121
0.003035
0.003232
0.002147
0.006687
0.004384
0.002739
0.005009
0.000337
0.003923
0.004877
0.008595
0.015043
0.015569
0.014023
0.018004
0.015931
0.015964
0.015931
0.016129
0.012444
0.015142
0.018695
0.013431
0.023663
0.025077
0.030604
0.032776
0.032414
0.030835
0.035539
0.025373
0.027578
0.027939
0.031591
0.02307
0.029749
0.030111
0.027512
0.029552
0.028104
0.030111
0.024288
0.024222
0.021557
0.024353
0.021952
0.025176
0.010766
0.000239
0.00014
0.000502
-2.5e-05
0.000995
-5.8e-05
-9e-05
-9e-05
0.005075
0.012609
0.012148
0.003956
0.007312
0.015602
0.021096
0.013826
0.020768
0.022906
0.000304
8e-06
0.001719
0.001225
0.004483
0.003627
0.010042
0.001127
0.000271
0.000173
0.001456
0.001982
0.010569
0.014221
0.018925
0.022445
0.026459
0.031295
0.027117
0.026426
0.030242
0.031262
0.034552
0.04202
0.042909
0.046692
0.04429
0.04837
0.052449
0.051495
0.05518
0.061036
0.061266
0.062911
0.06528
0.066267
0.068899
0.068668
0.072518
0.073965
0.075084
0.07561
0.072123
0.07584
0.07584
0.076038
0.07742
0.076498
0.074656
0.07561
0.074689
0.079196
0.07969
0.076762
0.072222
0.073866
0.044192
0.041987
0.042974
0.043007
0.044192
0.049949
0.053535
0.057187
0.059226
0.064424
0.064622
0.065477
0.067418
0.065148
0.071136
0.070083
0.069984
0.067287
0.068932
0.068307
0.064951
0.059325
0.057055
0.051429
0.056693
0.062154
0.069261
0.071037
0.073011
0.079657
0.082519
0.089987
0.086862
0.093211
0.094165
0.096106
0.091731
0.099297
0.100383
0.102324
0.105417
0.106371
0.109562
0.109266
0.115846
0.116142
0.117885
0.119135
0.124794
0.124728
0.125847
0.136572
0.134993
0.134137
0.146211
0.141145
0.145619
0.145191
0.146705
0.149106
0.150587
0.152298
0.15539
0.157068
0.155423
0.159371
0.154008
0.160358
0.16276
0.165984
0.165062
0.160917
0.164898
0.170129
0.170293
0.169635
0.171807
0.172761
0.173189
0.177038
0.177827
0.176051
0.180032
0.172695
0.179439
0.180328
0.178058
0.180689
0.182894
0.180492
0.182828
0.184374
0.182071
0.18319
0.182532
0.185098
0.181249
0.184275
0.1824
0.186677
0.186151
0.188026
0.187203
0.186776
0.18977
0.188914
0.187796
0.191776
0.190822
0.187697
0.188487
0.191546
0.188158
0.189112
0.191382
0.189408
0.193619
0.191875
0.193158
0.188092
0.188947
0.190658
0.194211
0.18819
0.192533
0.194178
0.191776
0.194112
0.156575
0.136177
0.137164
0.140882
0.142033
0.146277
0.146343
0.1471
0.153285
0.150521
0.155193
0.153844
0.154041
0.156344
0.158647
0.158943
0.162398
0.161838
0.161707
0.161509
0.165391
0.168122
0.166148
0.169866
0.16855
0.169504
0.170359
0.172399
0.171971
0.170918
0.172169
0.174077
0.168122
0.167793
0.16855
0.166707
0.166971
0.160983
0.152133
0.157298
0.152692
0.146968
0.11907
0.118445
0.101633
0.093014
0.095679
0.099528
0.104528
0.106897
0.110187
0.112128
0.114398
0.114924
0.107687
0.108246
0.100251
0.090678
0.062681
0.033467
0.020241
0.021722
0.028729
0.034815
0.041033
0.048797
0.051725
0.061003
0.061595
0.068241
0.073801
0.080216
0.079525
0.085348
0.088243
0.088803
0.094494
0.089263
0.088342
0.087947
0.092948
0.096764
0.102423
0.099429
0.104561
0.104627
0.108707
0.109036
0.108345
0.107226
0.110253
0.112424
0.113707
0.116734
0.112325
0.118971
0.115582
0.118478
0.117787
0.113641
0.115056
0.11624
0.115681
0.118478
0.112161
0.097685
0.088178
0.081203
0.078999
0.083177
0.084493
0.08548
0.089428
0.086829
0.088375
0.076301
0.05393
0.029486
0.037349
0.041987
0.049883
0.019781
0.003232
0.004614
0.002114
0.00672
0.014911
0.022248
0.028663
0.037316
0.044553
0.043599
0.036724
0.042316
0.041264
0.044685
0.045376
0.049488
0.053041
0.054588
0.058996
0.063405
0.066201
0.06301
0.070577
0.068668
0.06903
0.007871
0.015175
0.025768
0.028005
0.000107
0.009352
0.008233
0.012444
0.016885
0.018991
0.003199
0.000864
0.012609
0.016556
0.021228
0.0259
0.034092
0.034421
0.040474
0.039586
0.004088
0.000633
0.007509
0.006127
0.000535
-5.8e-05
-0.000387
0.003627
0.004384
0.008266
0.009384
7.4e-05
0.000107
0.003561
0.001193
0.003134
0.001225
0.006193
0.006917
0.007575
0.009319
0.007049
0.012214
0.010273
0.009121
0.005831
0.012345
0.013497
0.006884
-0.000189
0.002541
4.1e-05
0.00014
0.000107
-0.000222
0.000304
-2.5e-05
-9e-05
0.000107
4.1e-05
0.000107
0.000107
8e-06
-2.5e-05
-5.8e-05
4.1e-05
-0.000156
-0.000123
-2.5e-05
4.1e-05
8e-06
0.00014
7.4e-05
0.00014
4.1e-05
-5.8e-05
-2.5e-05
-5.8e-05
-0.000156
-9e-05
-0.000189
-0.00065
0.0006
-0.000189
0.00218
0.000502
0.003759
0.003561
0.003594
0.006095
0.006358
0.003167
0.009154
0.012839
0.011293
0.01955
0.025538
0.029946
0.033697
0.040704
0.040178
0.042711
0.040244
0.043073
0.042053
0.044948
0.048008
0.046067
0.0486
-0.000189
0.012411
0.012839
0.023498
0.01932
0.018333
0.012378
0.010207
0.00014
0.003989
0.010141
0.012707
0.021557
0.025275
0.025801
0.030703
0.024715
0.019254
0.022544
0.018629
0.013069
0.007147
0.003232
0.004976
0.00616
0.001028
0.006095
0.005469
0.005272
0.004515
0.004548
-0.000123
0.003528
0.006489
0.0057
0.005305
0.009911
0.015306
0.021195
0.023399
0.027347
0.035506
0.03544
0.042382
0.044159
0.03646
0.041099
0.040573
0.040211
0.029486
0.032282
0.038697
0.041823
0.04735
0.056298
0.054653
0.057878
0.055114
0.062122
0.056496
0.058207
0.060213
0.060411
0.064227
0.061003
0.066398
0.064589
0.071827
0.073373
0.075347
0.079426
0.081795
0.080545
0.082486
0.07969
0.082552
0.082354
0.08038
0.083901
0.080315
0.082091
0.084361
0.081598
0.063997
0.069458
0.072353
0.07413
0.069294
0.074031
0.073768
0.07413
0.072485
0.068866
0.067254
0.061398
0.059128
0.063438
0.057713
0.051725
0.053469
0.047712
0.045902
0.047679
0.002936
0.002476
0.014451
0.020044
0.024288
0.032907
0.034421
0.042678
0.043402
0.047679
0.053995
0.050903
0.051429
0.051495
0.039323
0.038434
0.035342
0.037579
0.04077
0.044981
0.042678
0.038434
0.043599
0.045771
0.051725
0.054555
0.05791
0.066826
0.063405
0.062319
0.058634
0.055377
0.060312
0.065543
0.06755
0.065444
0.068076
0.070774
0.058766
0.059424
0.064753
0.068241
0.066267
0.069721
0.065872
0.069162
0.06574
0.073176
0.072715
0.07413
0.029881
0.00162
0.008101
0.018201
0.025867
0.033532
0.010042
0.011194
0.019287
0.021623
0.025669
0.026591
0.031525
0.031065
0.030275
0.028038
0.029058
0.000271
0.002805
0.011161
0.009121
0.010437
0.015833
0.022676
0.023959
0.0284
0.036724
0.016129
0.000173
0.007049
0.011523
0.00241
0.005009
0.011786
0.017149
0.026229
0.033368
0.038533
0.041593
0.028104
0.034059
0.037743
0.045014
0.047251
0.019057
0.023202
0.004285
0.006193
0.01603
0.021425
0.026821
0.036427
0.038138
0.040606
0.046396
0.049126
0.058404
0.064095
0.064852
0.064688
0.052614
0.0587
0.06176
0.066826
0.066398
0.069294
0.068833
0.076235
0.078703
0.076564
0.081269
0.081565
0.083276
0.078571
0.078472
0.080841
0.049126
0.020406
0.027939
0.01955
0.005733
0.007345
0.005173
0.010635
0.009319
0.000897
0.002147
0.000206
0.007345
0.008463
0.011062
0.011819
0.012707
0.025176
0.023169
0.014714
0.018826
0.016787
0.020537
0.028795
0.032085
0.038763
0.046856
0.049423
0.056858
0.061233
0.06222
0.061858
0.072419
0.074031
0.079558
0.080479
0.076235
0.079788
0.078275
0.078242
0.06653
0.053403
0.022774
0.025143
0.015504
0.010371
0.004351
0.000699
0.002278
-0.000748
0.00139
0.004647
0.000337
0.001094
-0.001012
0.00514
0.005108
0.000798
0.000173
-0.000156
0.001554
0.000535
0.002212
0.000304
0.004186
0.000206
0.003792
0.000864
0.002377
0.00139
0.001489
0.002607
0.005996
0.001851
0.003134
0.002805
0.003002
0.01047
0.011589
0.013003
0.0006
0.000765
0.00014
0.008924
0.011687
0.019254
0.020833
0.000929
0.004811
0.007575
0.009154
0.016063
0.021228
0.026953
0.031756
0.034684
0.039257
0.041922
0.048468
0.052614
0.056693
0.06199
0.064984
0.065971
0.068471
0.065411
0.007608
0.00945
0.011325
0.016293
0.017741
0.030111
0.032282
0.031854
0.033269
0.032809
0.033532
0.04156
0.040507
0.046955
0.035671
0.02238
0.027216
0.032841
0.039915
0.043599
0.029387
0.029584
0.020899
0.017576
0.026558
0.004121
0.012609
0.014023
0.009713
0.014319
0.016721
0.024025
0.018662
0.028071
0.025669
0.009977
0.01603
0.016885
0.003199
0.003792
0.003364
0.005864
0.000864
0.003594
0.002476
0.002509
0.003199
0.006062
0.007805
0.002739
0.000239
0.008891
0.006456
0.005864
0.000403
8e-06
-0.000156
4.1e-05
0.000962
0.000173
-0.000452
0.000732
0.002476
0.001094
0.001883
0.000831
0.001818
0.00014
8e-06
0.00037
0.00514
0.006029
0.00899
0.013661
0.013859
0.002739
0.002311
0.009154
0.000173
0.004154
0.011194
0.013628
0.016787
0.008957
0.007213
0.0057
0.012345
0.010174
0.013168
0.003232
0.004055
0.006029
0.010931
0.005996
0.00218
0.006259
0.012707
0.010569
0.005897
0.001423
0.00241
0.004746
0.002278
0.005075
0.002607
0.004515
0.000337
0.000633
0.002212
0.001061
0.003002
0.004976
0.005042
0.006292
0.008003
0.010404
0.009549
0.002245
0.003035
-0.001176
0.003199
-0.000518
0.004844
0.008397
0.00139
-5.8e-05
0.00445
0.005996
0.007509
0.000403
0.001719
0.007904
0.007345
0.004121
0.004877
0.004186
0.001916
0.011062
0.01047
0.012148
0.01455
0.018267
0.0158
0.014254
0.016589
0.015767
0.020011
0.019452
0.02363
0.024584
0.02363
0.023531
0.024156
0.019353
0.017675
0.015635
0.014155
0.012839
0.011095
0.009615
0.009023
0.008266
0.008562
0.00514
0.006029
0.003035
0.002673
0.001028
0.000864
0.002311
0.001851
0.001785
0.000304
0.000831
-0.000748
-0.000354
-0.000288
0.000864
-2.5e-05
0.000173
4.1e-05
0.000173
0.000173
0.000107
4.1e-05
7.4e-05
-5.8e-05
-5.8e-05
-0.000781
7.4e-05
0.000502
0.000304
0.000929
0.000271
0.000864
0.000239
7.4e-05
0.000732
0.001489
0.000633
-0.000387
0.000699
0.000633
0.000568
0.000206
0.000337
4.1e-05
0.000173
-5.8e-05
0.000206
-0.000156
-0.000288
-0.000419
4.1e-05
0.000469
0.00037
-0.000189
4.1e-05
0.000239
8e-06
-2.5e-05
-9e-05
-5.8e-05
0.002739
0.000666
0.001587
0.002476
-0.002064
0.003594
0.000568
0.00014
0.000666
-0.00088
0.002443
0.000403
-0.000321
0.001653
0.000831
0.000469
0.004384
0.001653
0.001883
0.003167
0.003199
0.002344
0.001061
0.002377
-0.001045
0.005075
7.4e-05
0.002607
-0.000716
0.000107
0.002245
0.00445
0.003035
0.000995
0.002147
0.003627
0.004483
0.003265
0.00491
0.002903
0.004318
0.005042
0.006193
0.005766
0.006588
0.003496
0.003035
0.00514
0.00616
0.006489
0.00899
0.009417
0.008726
0.00264
-0.000387
0.005634
0.004746
0.008003
0.006588
0.011358
0.009944
0.013497
0.011424
0.011128
0.013957
0.017445
0.02057
0.0183
0.023202
0.024617
0.027775
0.027282
0.035111
0.038599
0.043468
0.043994
0.045771
0.044455
0.05212
0.054028
0.058733
0.061332
0.066563
0.068603
0.072254
0.075248
0.074689
0.077058
0.075084
0.078933
0.07459
0.077814
0.075413
0.061398
0.062187
0.065938
0.062451
0.064457
0.063569
0.055805
0.058207
0.05722
0.059753
0.060444
0.05564
0.056298
0.054884
0.042941
0.044619
0.045211
0.04735
0.046988
0.050015
0.049521
0.04883
0.048666
0.050081
0.046626
0.048139
0.050673
0.048863
0.041198
0.031196
0.030012
0.033203
0.029321
0.030506
0.026295
0.021623
0.019221
0.003068
-0.002887
-9e-05
0.001028
0.001818
0.000535
0.000765
0.004219
0.001357
0.000502
0.001225
0.0006
0.000206
0.001127
0.000831
-0.000485
0.002739
0.0006
-0.000255
0.005996
0.000206
0.000699
0.001489
0.004844
0.002278
0.001851
0.002147
0.000897
0.001094
0.000666
0.003463
0.002509
0.00014
0.004877
0.007937
0.009319
0.009319
0.00616
0.01001
0.016063
0.017839
0.00445
0.005009
0.003002
0.004022
0.004811
0.010042
0.008266
0.007246
0.001653
0.006062
0.008003
0.009977
0.011885
0.007871
0.008332
0.00139
0.002081
0.004943
0.00774
0.009187
0.012543
0.011885
0.011556
0.009713
0.00139
-0.000156
-2.5e-05
8e-06
4.1e-05
7.4e-05
0.000173
0.000206
7.4e-05
0.000107
-2.5e-05
4.1e-05
-0.000189
0.000699
-0.000354
0.00014
0.000107
0.001193
0.002739
7.4e-05
0.000929
-0.000419
0.001028
0.000304
0.002739
0.002278
0.000337
0.000239
0.001127
-2.5e-05
0.000666
-0.000156
0.000469
-0.000156
-9e-05
-0.000354
7.4e-05
-2.5e-05
7.4e-05
0.00014
4.1e-05
0.000173
0.00014
0.000304
-0.000222
0.000535
0.000436
0.000798
-0.000156
0.000732
0.000699
0.000699
0.001258
0.002015
-0.000419
-9e-05
0.001291
-0.000321
4.1e-05
4.1e-05
0.000173
4.1e-05
0.000304
0.00014
0.000206
0.000173
8e-06
7.4e-05
-9e-05
-0.000123
0.00037
0.00014
0.000535
0.002081
-0.000222
0.002805
0.00037
0.000962
0.000206
0.000732
0.000271
0.000469
0.000173
0.000304
0.000173
0.000403
0.00014
7.4e-05
0.00014
-0.000189
-0.000716
0.0057
-0.001045
0.001818
0.000633
0.000864
0.002805
0.001818
0.000765
0.0006
0.000107
0.001423
-0.006506
0.001489
0.002114
0.002311
0.001785
0.001061
-0.001242
0.00264
0.003956
0.001851
0.000337
0.001686
0.000798
0.002212
0.00343
0.000897
0.003561
-0.000617
0.004713
0.000239
0.001752
0.001061
-0.000485
-0.000387
0.002015
-0.000321
0.00116
0.000864
0.00014
0.00037
0.001785
0.00468
0.004252
0.008661
-0.000387
0.003035
0.004844
0.004285
0.003956
0.004384
0.005075
0.004154
0.00139
0.001686
0.006193
0.005897
0.005338
0.002838
0.002969
0.001785
0.002509
0.003496
0.003364
0.000337
0.003068
0.00264
0.003496
0.004121
0.006917
0.004055
0.002541
0.005634
0.001324
0.003068
-0.001308
0.000568
0.003528
0.003068
0.002739
0.004252
0.001587
0.002311
0.002541
0.001522
0.001785
0.001785
0.002805
0.000271
0.00162
-0.000847
0.002673
0.001686
0.002476
0.002377
0.000403
0.001456
0.005272
0.001949
0.00218
0.004548
0.00014
0.001916
0.00287
-0.000288
0.001653
0.001324
0.001686
0.004351
0.000699
0.002015
0.002541
0.003298
0.002805
0.00287
0.002673
0.000765
0.000337
0.000897
-0.000156
-9e-05
-0.000123
-9e-05
0.000107
0.000107
0.00014
0.000173
0.000107
0.000107
4.1e-05
-5.8e-05
0.00014
-0.000123
0.00014
-9e-05
0.000206
-5.8e-05
0.000436
7.4e-05
7.4e-05
0.000271
-5.8e-05
0.001949
0.00014
0.001456
-0.001374
0.001357
-0.000452
0.002772
0.003068
0.003364
0.003463
0.00162
-0.000123
-0.000946
0.00162
-0.000847
0.002114
0.000469
0.000239
-0.000321
4.1e-05
0.001127
0.001225
-0.000255
0.000995
0.005042
0.000732
0.001094
-0.000551
-0.000255
0.000666
8e-06
-5.8e-05
-5.8e-05
-9e-05
-5.8e-05
0.000173
0.000107
0.000173
0.000666
0.000633
0.001587
0.000897
-0.001077
0.000403
0.000271
0.002574
-0.000518
-5.8e-05
4.1e-05
0.00014
0.000107
0.00014
0.00014
4.1e-05
0.000206
0.002015
0.000337
0.000271
0.000535
0.000699
0.000206
8e-06
0.000469
-9e-05
-5.8e-05
-2.5e-05
-2.5e-05
-9e-05
8e-06
-9e-05
0.000666
-9e-05
0.001061
0.000436
4.1e-05
8e-06
7.4e-05
8e-06
-0.000485
-0.000781
4.1e-05
0.000107
-2.5e-05
0.000107
0.000239
0.000173
8e-06
4.1e-05
-0.000123
4.1e-05
-9e-05
-2.5e-05
8e-06
4.1e-05
0.000107
0.00014
-0.000321
7.4e-05
-2.5e-05
-2.5e-05
-5.8e-05
-5.8e-05
-9e-05
8e-06
0.00014
0.000107
0.000107
0.000107
0.00014
4.1e-05
-5.8e-05
-9e-05
-9e-05
-9e-05
8e-06
0.000107
0.000107
0.00014
0.000107
0.00014
8e-06
-0.000123
-5.8e-05
-2.5e-05
-5.8e-05
0.000107
0.000173
0.00014
0.00014
0.00014
4.1e-05
8e-06
0.000107
-0.000156
-0.000354
-0.000156
0.000239
-5.8e-05
0.000173
0.000271
0.000239
4.1e-05
0.000173
0.000173
8e-06
0.000864
-0.000222
0.00014
4.1e-05
0.000239
0.000206
0.000502
0.000436
0.000107
-0.000189
8e-06
-9e-05
0.000107
0.00014
8e-06
0.000502
0.000173
0.000831
0.000304
0.000469
8e-06
0.000502
8e-06
0.000173
-0.000518
0.000271
4.1e-05
0.000107
0.002673
0.003298
0.000107
0.000337
0.000469
-5.8e-05
0.003199
0.003561
0.007279
0.00718
0.002541
0.001686
0.0006
0.000436
0.00037
0.000403
-0.000913
0.001587
0.000239
-0.000354
-0.000748
0.000929
0.002377
0.002772
0.000239
0.000897
-0.000123
0.004055
4.1e-05
0.001883
-0.000617
0.000107
0.00014
4.1e-05
-0.001077
-5.8e-05
0.000239
8e-06
0.000535
-0.001242
0.00116
0.001818
0.001324
0.002015
0.001423
-0.000518
0.00218
0.001094
0.000502
7.4e-05
0.000271
-0.000551
8e-06
0.000502
0.000206
0.00037
0.000568
0.000304
4.1e-05
0.000502
4.1e-05
-0.000452
0.001061
-0.000123
0.000271
0.001127
0.000666
-0.002295
0.001489
0.000239
0.002805
0.000304
-0.000288
-0.000452
0.000107
4.1e-05
0.000173
7.4e-05
0.000173
4.1e-05
-5.8e-05
-0.000123
-5.8e-05
-9e-05
0.00014
0.000239
0.000107
0.000239
0.00014
0.000107
8e-06
0.000239
-0.000222
0.001028
0.000568
0.001686
0.000107
0.000271
-0.000156
-2.5e-05
0.001851
0.000568
0.003199
-0.000584
0.002443
0.001489
0.002903
0.001357
0.000962
0.000502
0.000897
0.000403
0.001061
0.000271
-2.5e-05
-9e-05
-2.5e-05
0.00014
-0.000683
0.000271
0.000337
0.000995
0.001193
-0.001604
0.000699
0.000666
-0.000683
0.00162
7.4e-05
0.000304
0.000173
-9e-05
0.000337
0.000239

Kurve 4

0.000107
0.000107
7.4e-05
8e-06
-2.5e-05
-9e-05
-5.8e-05
-0.000123
-2.5e-05
4.1e-05
0.000107
0.00014
0.00014
0.000107
4.1e-05
-2.5e-05
-9e-05
-5.8e-05
-9e-05
-9e-05
8e-06
0.00014
0.000107
0.000107
0.00014
4.1e-05
8e-06
-9e-05
-9e-05
-5.8e-05
-2.5e-05
7.4e-05
7.4e-05
0.000107
0.00014
0.000107
7.4e-05
-5.8e-05
-2.5e-05
-9e-05
-9e-05
8e-06
4.1e-05
7.4e-05
0.000107
0.000107
0.00014
0.00014
8e-06
-5.8e-05
-9e-05
-2.5e-05
-2.5e-05
4.1e-05
7.4e-05
0.000107
0.000173
0.000107
7.4e-05
-2.5e-05
-5.8e-05
-9e-05
-9e-05
-2.5e-05
4.1e-05
0.000107
0.00014
0.000173
0.000173
7.4e-05
-2.5e-05
-2.5e-05
-5.8e-05
-9e-05
-9e-05
4.1e-05
0.000107
0.000107
0.00014
0.000173
7.4e-05
-2.5e-05
-5.8e-05
-0.000123
-5.8e-05
-9e-05
4.1e-05
7.4e-05
7.4e-05
0.00014
7.4e-05
0.00014
-2.5e-05
8e-06
-5.8e-05
-9e-05
-5.8e-05
8e-06
0.000107
7.4e-05
0.00014
0.000206
0.000107
-2.5e-05
-2.5e-05
-2.5e-05
-5.8e-05
-9e-05
4.1e-05
0.00014
7.4e-05
0.000173
0.00014
0.000173
4.1e-05
8e-06
-5.8e-05
-2.5e-05
-5.8e-05
7.4e-05
0.000107
0.00014
0.00014
0.000173
0.00014
-2.5e-05
-2.5e-05
-9e-05
-5.8e-05
4.1e-05
8e-06
7.4e-05
7.4e-05
0.00014
0.00014
0.000107
7.4e-05
8e-06
-2.5e-05
-9e-05
-0.000189
8e-06
0.000107
0.00014
0.000173
0.00014
0.000206
8e-06
8e-06
8e-06
-9e-05
8e-06
-2.5e-05
0.000107
0.000107
0.000173
0.00014
0.00014
0.000107
-2.5e-05
-5.8e-05
8e-06
-0.000123
-2.5e-05
0.000107
7.4e-05
0.000206
0.000173
0.00014
4.1e-05
-2.5e-05
8e-06
4.1e-05
-5.8e-05
4.1e-05
7.4e-05
0.00014
0.000173
0.000173
0.000173
0.000107
7.4e-05
-5.8e-05
-2.5e-05
-2.5e-05
8e-06
7.4e-05
0.00014
0.00014
0.000206
0.000239
0.000173
4.1e-05
8e-06
-5.8e-05
-5.8e-05
4.1e-05
0.00014
0.00014
0.00014
0.000173
0.000173
0.000173
4.1e-05
8e-06
-2.5e-05
-2.5e-05
8e-06
0.00014
0.000206
0.00014
0.000239
0.000206
0.000173
4.1e-05
-2.5e-05
4.1e-05
8e-06
8e-06
0.00014
0.000173
0.000271
0.000271
0.000173
0.000107
0.000107
8e-06
-9e-05
4.1e-05
4.1e-05
0.00014
0.000206
0.000206
0.000173
0.000239
0.00014
4.1e-05
7.4e-05
-2.5e-05
4.1e-05
8e-06
0.00014
0.000206
0.000206
0.000206
0.000173
0.000173
4.1e-05
7.4e-05
8e-06
-2.5e-05
-2.5e-05
0.000107
0.000173
0.000173
0.000206
0.000239
0.000206
0.000107
7.4e-05
8e-06
7.4e-05
0.000107
0.000107
0.000173
0.000206
0.000271
0.000173
0.000206
0.000107
8e-06
7.4e-05
-2.5e-05
8e-06
0.000107
0.000173
0.000239
0.000239
0.000239
0.000206
7.4e-05
7.4e-05
8e-06
4.1e-05
8e-06
0.000107
0.000206
0.000206
0.000239
0.000206
0.000239
0.000173
4.1e-05
4.1e-05
4.1e-05
-2.5e-05
0.00014
0.000206
0.000173
0.000239
0.000239
0.000206
0.000107
4.1e-05
4.1e-05
-2.5e-05
8e-06
0.000107
0.000206
0.000206
0.00014
0.000304
0.000206
0.000173
7.4e-05
4.1e-05
7.4e-05
4.1e-05
0.000107
0.00014
0.000271
0.000239
0.000239
0.000206
0.00014
4.1e-05
7.4e-05
-2.5e-05
4.1e-05
0.000107
0.000173
0.000206
0.000239
0.000239
0.000173
0.000107
0.00014
4.1e-05
7.4e-05
8e-06
-2.5e-05
0.000239
0.000173
0.000173
0.000239
0.000206
0.000206
0.000107
8e-06
8e-06
4.1e-05
8e-06
0.000173
0.000206
0.000206
0.000173
0.000304
0.00014
7.4e-05
4.1e-05
7.4e-05
4.1e-05
0.000107
0.000206
0.000239
0.000239
0.000239
0.000271
0.000173
7.4e-05
4.1e-05
4.1e-05
-2.5e-05
0.000107
0.000173
0.000271
0.000239
0.000271
0.000239
0.000206
0.000107
0.000107
8e-06
8e-06
4.1e-05
0.00014
0.000271
0.000239
0.000173
0.000239
0.000173
0.00014
4.1e-05
8e-06
4.1e-05
0.000107
0.000206
0.000206
0.000239
0.000271
0.000206
0.000206
0.000107
0.000107
8e-06
4.1e-05
0.000107
0.000173
0.000239
0.000239
0.000271
0.000304
0.000206
0.00014
0.000107
4.1e-05
7.4e-05
7.4e-05
0.00014
0.000206
0.000239
0.000271
0.000239
0.000239
0.000173
4.1e-05
0.000107
4.1e-05
0.000107
0.00014
0.000206
0.000271
0.000239
0.000304
0.000173
0.000107
0.000107
4.1e-05
4.1e-05
0.000107
0.000107
0.000206
0.000173
0.000304
0.000206
0.000206
0.00014
7.4e-05
4.1e-05
8e-06
4.1e-05
0.000206
0.000173
0.000173
0.000271
0.000239
0.000271
7.4e-05
4.1e-05
7.4e-05
8e-06
-2.5e-05
0.000107
0.000206
0.000206
0.000239
0.000271
0.000271
0.00014
0.000107
4.1e-05
4.1e-05
7.4e-05
0.000173
0.000173
0.000206
0.000239
0.000239
0.000271
0.000173
4.1e-05
4.1e-05
4.1e-05
4.1e-05
0.000107
0.000173
0.000239
0.000239
0.000271
0.000271
0.000107
0.00014
4.1e-05
4.1e-05
8e-06
0.000107
0.000173
0.000206
0.00014
0.000239
0.000239
0.000173
7.4e-05
0.000107
4.1e-05
-2.5e-05
7.4e-05
0.000206
0.000206
0.000239
0.000173
0.000304
0.000107
7.4e-05
4.1e-05
4.1e-05
7.4e-05
4.1e-05
0.000206
0.000206
0.000239
0.000173
0.000271
0.00014
0.000107
8e-06
7.4e-05
4.1e-05
0.000107
0.00014
0.000173
0.000239
0.000239
0.000239
0.00014
7.4e-05
4.1e-05
4.1e-05
8e-06
7.4e-05
0.000107
0.000206
0.000271
0.000173
0.000271
0.000173
0.000107
4.1e-05
-2.5e-05
-5.8e-05
4.1e-05
0.00014
0.000173
0.000206
0.000239
0.000271
0.000206
4.1e-05
8e-06
-2.5e-05
4.1e-05
4.1e-05
0.00014
0.000173
0.000173
0.00014
0.000271
0.00014
7.4e-05
4.1e-05
8e-06
-2.5e-05
-2.5e-05
0.000107
0.00014
0.000173
0.000239
0.000239
0.00014
0.000107
8e-06
4.1e-05
-5.8e-05
-5.8e-05
0.000107
0.000107
0.000173
0.000173
0.000239
0.000206
0.000107
4.1e-05
8e-06
8e-06
7.4e-05
7.4e-05
0.00014
0.00014
0.000173
0.000206
0.00014
0.000107
-2.5e-05
-2.5e-05
-9e-05
-5.8e-05
0.000107
0.00014
0.000173
0.000206
0.000173
0.000107
0.000107
8e-06
4.1e-05
-2.5e-05
8e-06
8e-06
0.000173
0.000107
0.000107
0.000173
0.00014
0.000107
7.4e-05
-2.5e-05
8e-06
8e-06
4.1e-05
0.000206
0.00014
0.000239
0.000173
0.000206
4.1e-05
-2.5e-05
-5.8e-05
-5.8e-05
-5.8e-05
-5.8e-05
0.00014
0.000107
0.000239
0.000173
0.000173
-2.5e-05
7.4e-05
-5.8e-05
-2.5e-05
-0.000156
8e-06
0.000107
0.000173
0.00014
0.000173
0.000271
0.00014
4.1e-05
8e-06
4.1e-05
-5.8e-05
0.000239
4.1e-05
0.000304
0.000173
0.000206
8e-06
0.00014
0.000107
8e-06
-0.000156
-5.8e-05
-9e-05
0.000337
0.00014
4.1e-05
0.000436
0.000173
0.000403
-5.8e-05
0.000502
-0.000189
0.000403
0.000633
0.000633
0.000962
0.000173
-0.000123
0.000239
0.001851
-0.000354
0.000403
-0.000255
0.000304
-0.000847
0.000699
0.000403
0.000929
0.00037
0.000304
0.000732
0.00014
0.00014
-0.000123
-0.000123
0.002607
0.002212
-0.000979
0.000666
-0.000913
-0.00167
0.00116
0.001423
0.000864
0.000864
0.000765
0.000206
0.002015
-2.5e-05
0.000107
0.000107
-5.8e-05
-0.000255
4.1e-05
-5.8e-05
-0.000123
-5.8e-05
0.000436
8e-06
0.000271
0.000271
0.000568
0.000173
7.4e-05
-2.5e-05
0.000107
-9e-05
8e-06
4.1e-05
7.4e-05
0.000765
4.1e-05
0.000239
0.000173
0.001225
7.4e-05
0.001883
0.001423
0.000403
-9e-05
-0.000321
0.000271
-0.000123
0.000239
0.000107
0.000403
-0.000288
0.001851
-0.000419
-0.000123
0.000469
0.003496
0.000897
0.00037
0.001554
0.000765
0.00139
0.001357
0.003397
0.002607
0.005042
0.004219
0.003035
0.000337
0.000633
0.00162
0.001193
0.003331
0.000699
0.003167
-0.000123
0.005042
-0.002788
0.00241
0.001357
0.003463
0.00491
0.006522
0.003134
0.005502
0.006818
0.005437
0.005667
0.008595
0.003528
0.002739
0.003792
0.004088
0.004614
0.00162
0.004318
0.002476
0.004943
0.004713
-0.001308
-0.001341
0.004121
0.002607
0.002772
0.001851
0.002574
0.003857
0.003167
0.000765
0.000173
0.00218
-0.00088
0.001587
0.000831
0.001489
0.002015
0.00287
0.005075
0.000962
0.003101
0.003265
0.000568
-0.000748
0.000107
0.001916
0.002147
-0.000518
-0.000288
0.000436
0.000633
0.003561
0.005996
0.009121
0.001028
0.004943
0.004548
0.00014
0.000699
-0.000222
0.002212
0.00389
0.004022
0.004548
0.004548
0.007016
0.004647
0.004186
0.006095
0.007378
0.009023
0.00241
0.001028
0.005535
0.00514
0.003759
0.002739
0.005568
0.000633
0.000107
0.000239
0.001851
0.006884
0.003463
0.005437
0.00491
0.006391
0.00616
0.007378
0.006259
0.009352
0.007575
0.001851
0.002903
0.003035
0.003627
0.00014
0.005239
-0.000255
0.003561
0.003726
0.001193
0.000239
0.001061
0.000206
0.000929
-2.5e-05
-5.8e-05
0.00037
-0.000321
0.001818
7.4e-05
0.00014
0.000239
0.000436
-0.000123
0.000337
-0.000189
-0.000617
0.000239
0.000962
-0.000716
0.001094
0.000765
0.000831
0.001291
-0.000485
0.001883
0.000699
0.002245
-0.000156
-0.000123
0.00014
-0.000222
-9e-05
0.000798
0.000239
0.000765
0.000271
0.000436
0.000831
0.000436
0.000271
7.4e-05
0.000206
0.000403
-0.000321
-0.000189
0.000929
-2.5e-05
0.000436
-0.000156
0.000469
-0.000387
0.000337
-0.000419
0.001357
0.001785
0.001851
0.000765
-0.000156
0.000535
0.000107
0.000107
-2.5e-05
0.000929
-0.000485
0.000732
0.00014
0.000239
0.000107
-2.5e-05
0.000107
0.00014
0.00014
0.000535
0.00014
0.000271
0.000732
0.000436
0.000337
4.1e-05
0.000239
-0.000584
0.000699
-0.000452
-0.000847
-0.000189
0.000436
0.000469
0.000535
0.000403
0.000535
0.000304
-5.8e-05
0.00014
0.000666
-0.000354
-0.000255
0.000206
-0.000156
0.000337
-5.8e-05
0.000304
4.1e-05
0.000107
8e-06
-0.000123
0.000568
-0.000584
0.00037
-2.5e-05
0.00037
-0.000123
0.000304
8e-06
7.4e-05
-0.000255
0.000173
-9e-05
-0.000156
-2.5e-05
0.00014
0.00014
0.000337
0.000107
-9e-05
0.000666
7.4e-05
-5.8e-05
-2.5e-05
0.000206
7.4e-05
0.000107
0.000271
-5.8e-05
0.000239
0.000271
0.000206
-0.000189
0.000699
7.4e-05
0.000502
0.000337
0.000535
-0.000814
0.001094
0.000206
0.00116
-0.000847
0.000535
-0.000584
7.4e-05
-5.8e-05
-0.000222
0.000206
0.000271
0.000173
0.00014
0.000798
-5.8e-05
0.000206
4.1e-05
0.000206
0.000107
0.000469
0.000271
0.000271
0.000206
0.000568
-0.000551
-2.5e-05
4.1e-05
-0.000189
0.00014
8e-06
0.00037
-2.5e-05
0.000666
-0.000485
0.0006
-0.000288
0.000699
0.000107
0.000107
-0.000189
0.000304
-0.000156
-0.000123
0.000699
-0.00213
0.002311
0.000239
0.000107
-0.000222
4.1e-05
-0.000123
0.000403
0.000304
0.00037
0.000304
0.000436
8e-06
0.000633
0.00037
-5.8e-05
0.000929
-5.8e-05
0.000535
8e-06
0.00037
0.000239
0.000732
0.002541
0.001653
0.000304
0.002048
0.000929
-0.000222
0.000304
0.002509
0.003002
0.000239
0.00139
-0.001275
0.00116
0.001061
0.001423
0.001357
0.00218
0.003726
0.00139
0.003265
0.002147
0.005239
0.001653
0.003265
0.001127
0.002377
0.000304
0.001258
0.003923
0.002114
0.001883
0.003857
0.000535
0.004318
-0.000354
0.001653
0.002838
0.000535
0.002048
-0.004861
0.001094
0.000666
0.003825
0.000239
0.000929
0.001653
0.00366
0.001916
-0.000518
0.002509
0.002048
0.000798
0.001258
0.002147
0.001193
0.003068
0.00037
8e-06
0.002739
0.002673
0.001489
0.000666
-0.001604
0.001522
0.001456
0.00037
0.000633
-0.001966
0.003397
0.002344
0.003759
0.002739
0.004713
0.002739
0.005667
0.003759
0.006358
0.003232
0.002509
0.003463
0.005305
0.003002
0.000666
0.001258
0.000765
0.003265
0.000436
0.002541
0.001127
0.003857
0.003759
0.005831
0.0006
0.004318
0.005272
0.00445
0.003265
0.008397
-0.002295
0.001423
0.007246
0.005437
0.006391
0.006753
0.006259
0.005502
0.007772
0.001818
0.003989
0.004614
0.00445
0.006456
0.004713
0.004581
0.004154
0.004318
0.003232
0.002772
0.002245
0.004186
0.001193
4.1e-05
0.001225
0.003035
-0.000847
0.003825
0.001489
0.002936
0.00218
-0.000551
0.003167
0.001094
0.002278
0.002147
0.000732
0.000962
0.000864
0.001719
0.002443
7.4e-05
0.003101
0.000436
0.000239
0.000436
0.001258
0.001127
0.000304
-0.000222
0.000502
-0.001637
0.000107
0.000666
8e-06
0.003561
-0.001604
0.001258
0.001028
-0.000156
0.002015
0.001489
0.000633
0.003463
0.000897
0.002311
0.002311
0.003594
0.000107
0.001094
0.00264
-9e-05
0.001883
-0.002558
8e-06
0.000206
0.000666
0.000633
0.000502
0.000206
-9e-05
0.0006
0.000502
-0.000913
0.001028
0.000732
-0.000255
0.000962
-0.000255
0.000436
-0.000748
0.001719
-0.001077
0.000271
-5.8e-05
8e-06
-0.000452
0.000173
0.000107
0.000304
0.00014
0.000206
0.000864
0.000239
0.000337
-5.8e-05
0.002541
-0.001308
0.000995
0.000436
0.000436
0.000239
0.000173
0.00014
0.000502
-2.5e-05
-9e-05
-0.000288
-0.000452
-0.000123
0.000107
0.000107
0.000173
-2.5e-05
0.000271
0.00014
-9e-05
4.1e-05
-5.8e-05
-9e-05
4.1e-05
7.4e-05
7.4e-05
7.4e-05
0.000173
0.000107
8e-06
-5.8e-05
-2.5e-05
-0.000123
-0.000123
-2.5e-05
7.4e-05
0.00014
0.000206
0.00014
7.4e-05
0.000107
-2.5e-05
-5.8e-05
-5.8e-05
-0.000123
-5.8e-05
7.4e-05
0.00014
0.00014
0.00014
0.000107
8e-06
-2.5e-05
-2.5e-05
-2.5e-05
-0.000123
8e-06
4.1e-05
0.000107
0.00014
0.00014
0.000107
0.00014
-2.5e-05
-2.5e-05
-9e-05
-0.000123
0.000107
-2.5e-05
7.4e-05
0.00014
0.000173
0.000173
8e-06
8e-06
-5.8e-05
-9e-05
-5.8e-05
-2.5e-05
8e-06
4.1e-05
0.000107
0.000173
-2.5e-05
0.000173
-2.5e-05
-2.5e-05
-9e-05
-2.5e-05
-5.8e-05
0.000107
0.000107
0.000107
0.000173
8e-06
0.000107
-5.8e-05
-5.8e-05
-0.000123
-2.5e-05
-0.000156
4.1e-05
4.1e-05
0.000107
7.4e-05
0.000206
7.4e-05
8e-06
-5.8e-05
-5.8e-05
-9e-05
-2.5e-05
0.000107
8e-06
0.000337
-0.000189
0.000173
-2.5e-05
0.000304
-2.5e-05
-0.000123
8e-06
-2.5e-05
7.4e-05
0.00014
8e-06
0.000271
0.000239
-2.5e-05
0.001061
7.4e-05
0.000271
-0.000156
-0.002097
0.000173
-0.000485
-0.000156
0.00014
0.000271
0.000271
0.000239
0.000271
0.000107
0.000271
0.000732
-0.000584
0.000403
-5.8e-05
0.000304
0.000107
0.000206
-0.000189
4.1e-05
-9e-05
-9e-05
-0.000156
4.1e-05
7.4e-05
0.000107
0.000107
0.000107
7.4e-05
-5.8e-05
-2.5e-05
-5.8e-05
-0.000156
0.001357
4.1e-05
8e-06
0.000173
4.1e-05
0.000337
0.000502
8e-06
0.001258
-0.000354
-0.000847
-0.000683
0.000107
-0.000387
0.000633
-0.000123
0.000403
0.000173
0.000107
-5.8e-05
-5.8e-05
-0.000123
-0.000123
8e-06
8e-06
0.000436
0.00014
8e-06
0.000337
0.000337
0.00014
0.000403
-0.000551
0.000304
8e-06
-0.000189
4.1e-05
0.000107
0.000271
-0.000123
0.000271
-0.000189
-9e-05
7.4e-05
-5.8e-05
-0.000156
0.000502
8e-06
0.000535
0.000206
0.00014
0.000107
0.000173
4.1e-05
-2.5e-05
7.4e-05
0.000239
0.000337
7.4e-05
0.000469
0.0006
0.000271
0.001193
0.001489
0.000864
0.000897
7.4e-05
0.000337
-0.000189
4.1e-05
0.000239
0.000436
0.000798
0.000436
0.000107
-0.000288
0.000568
-0.000419
0.000337
-5.8e-05
0.00037
0.000107
0.001489
0.000271
0.00037
0.000107
-5.8e-05
0.00014
-0.000387
0.000107
0.000107
-5.8e-05
0.000173
4.1e-05
0.000107
-2.5e-05
-9e-05
-2.5e-05
-5.8e-05
-5.8e-05
-2.5e-05
4.1e-05
0.000107
4.1e-05
0.000239
0.000173
-2.5e-05
-2.5e-05
-2.5e-05
-0.000189
-5.8e-05
-5.8e-05
7.4e-05
4.1e-05
0.00014
0.000107
0.00014
0.000107
-2.5e-05
-9e-05
-9e-05
-9e-05
-9e-05
4.1e-05
7.4e-05
7.4e-05
0.000173
0.00014
0.000107
-2.5e-05
-9e-05
-9e-05
-0.000123
8e-06
-2.5e-05
4.1e-05
0.000107
0.000107
0.00014
0.000107
-5.8e-05
-2.5e-05
-0.000123
-0.000123
-5.8e-05
-2.5e-05
7.4e-05
7.4e-05
0.00014
0.00014
7.4e-05
-2.5e-05
-9e-05
-2.5e-05
-9e-05
-0.000123
8e-06
7.4e-05
0.000107
0.000107
7.4e-05
0.000107
8e-06
-5.8e-05
-0.000123
-9e-05
8e-06
-5.8e-05
0.000107
0.000107
4.1e-05
0.00014
0.000107
8e-06
-2.5e-05
-9e-05
-2.5e-05
-0.000255
8e-06
4.1e-05
7.4e-05
0.000107
7.4e-05
0.000107
4.1e-05
-9e-05
-2.5e-05
-0.000156
-5.8e-05
-2.5e-05
4.1e-05
7.4e-05
7.4e-05
0.00014
0.000107
-2.5e-05
8e-06
-5.8e-05
-9e-05
-9e-05
-9e-05
4.1e-05
4.1e-05
0.00014
0.000107
7.4e-05
8e-06
-9e-05
-9e-05
-9e-05
-0.000123
-2.5e-05
8e-06
4.1e-05
0.000107
7.4e-05
0.00014
-2.5e-05
8e-06
-9e-05
-0.000123
-5.8e-05
-9e-05
8e-06
4.1e-05
0.000107
0.000107
7.4e-05
7.4e-05
-2.5e-05
-0.000123
-2.5e-05
-0.000123
-2.5e-05
8e-06
7.4e-05
0.000107
7.4e-05
0.000107
8e-06
8e-06
-5.8e-05
-0.000123
-9e-05
-2.5e-05
8e-06
7.4e-05
0.000107
0.00014
0.000107
7.4e-05
8e-06
-9e-05
-9e-05
-9e-05
-5.8e-05
4.1e-05
4.1e-05
0.000107
0.000206
0.000107
7.4e-05
-2.5e-05
-9e-05
-9e-05
-0.000123
-2.5e-05
8e-06
0.000107
4.1e-05
0.000107
0.00014
4.1e-05
-2.5e-05
-2.5e-05
-9e-05
-5.8e-05
-9e-05
4.1e-05
4.1e-05
0.000107
0.00014
0.000107
7.4e-05
-2.5e-05
-5.8e-05
-5.8e-05
-9e-05
-0.000123
8e-06
4.1e-05
0.000107
0.000107
0.00014
0.000107
-5.8e-05
-2.5e-05
-0.000123
-0.000123
-5.8e-05
-5.8e-05
0.000107
4.1e-05
0.00014
0.00014
4.1e-05
8e-06
-0.000123
-5.8e-05
-0.000123
-9e-05
8e-06
8e-06
0.000107
0.000107
0.000107
0.000107
-2.5e-05
8e-06
-2.5e-05
-9e-05
-9e-05
-2.5e-05
0.00014
7.4e-05
0.000107
0.00014
7.4e-05
4.1e-05
-5.8e-05
-5.8e-05
-9e-05
0.000469
-5.8e-05
0.00014
4.1e-05
0.000239
8e-06
0.000239
0.00014
-2.5e-05
-2.5e-05
-0.000123
-0.000781
0.000107
4.1e-05
7.4e-05
0.000271
0.000107
0.00014
-2.5e-05
-2.5e-05
-0.000123
0.00014
-0.000156
0.000239
-0.000123
0.000271
0.000436
0.000239
0.000304
-5.8e-05
8e-06
-5.8e-05
-2.5e-05
-0.000222
7.4e-05
-2.5e-05
0.000271
-5.8e-05
0.00014
0.000107
-5.8e-05
-2.5e-05
-5.8e-05
-9e-05
-5.8e-05
-9e-05
0.000107
0.000107
7.4e-05
0.00014
7.4e-05
4.1e-05
-5.8e-05
-9e-05
-9e-05
-9e-05
-5.8e-05
0.000107
0.000107
0.00014
0.000107
7.4e-05
7.4e-05
-5.8e-05
-2.5e-05
-0.000123
-9e-05
-5.8e-05
7.4e-05
4.1e-05
7.4e-05
0.000107
0.00014
8e-06
-2.5e-05
-9e-05
-5.8e-05
-0.000123
-2.5e-05
4.1e-05
0.000107
0.00014
0.000107
0.00014
7.4e-05
-2.5e-05
-5.8e-05
-5.8e-05
-0.000123
-9e-05
8e-06
0.000107
7.4e-05
0.000107
0.00014
0.000107
-2.5e-05
-0.000123
-0.000156
-9e-05
-5.8e-05
4.1e-05
7.4e-05
0.000107
0.00014
7.4e-05
7.4e-05
-2.5e-05
-0.000123
-5.8e-05
-0.000123
-2.5e-05
-2.5e-05
7.4e-05
7.4e-05
0.000173
0.00014
0.000107
-2.5e-05
-5.8e-05
-5.8e-05
-9e-05
-0.000123
8e-06
8e-06
0.00014
0.000107
8e-06
0.000469
-0.000123
0.000107
-2.5e-05
-5.8e-05
-0.004269
0.001258
0.000436
0.000107
0.000173
0.000107
8e-06
8e-06
-5.8e-05
-9e-05
-2.5e-05
-0.000156
8e-06
0.000107
0.000107
0.000107
0.00014
8e-06
0.000206
-2.5e-05
-2.5e-05
-9e-05
-0.000189
-5.8e-05
4.1e-05
8e-06
0.000173
0.000107
0.000107
4.1e-05
-0.000123
-9e-05
-9e-05
7.4e-05
-5.8e-05
0.000107
0.000107
0.00014
0.00014
7.4e-05
-5.8e-05
-2.5e-05
-9e-05
-0.000123
-0.001308
-0.000222
0.000337
7.4e-05
0.000173
0.00014
0.000337
-2.5e-05
4.1e-05
4.1e-05
-2.5e-05
0.000831
0.000239
0.00014
8e-06
0.000699
-0.000452
7.4e-05
0.000337
8e-06
-9e-05
-9e-05
-0.000123
-9e-05
4.1e-05
0.000107
7.4e-05
0.000107
0.000107
8e-06
-5.8e-05
-9e-05
-9e-05
-9e-05
-5.8e-05
4.1e-05
7.4e-05
7.4e-05
0.000107
0.000107
4.1e-05
-5.8e-05
-5.8e-05
-5.8e-05
-0.000123
-5.8e-05
4.1e-05
0.000107
4.1e-05
0.000107
7.4e-05
7.4e-05
-2.5e-05
-9e-05
-9e-05
-9e-05
-9e-05
7.4e-05
7.4e-05
0.00014
0.000107
0.000107
0.000107
-2.5e-05
-9e-05
-5.8e-05
-9e-05
-2.5e-05
4.1e-05
7.4e-05
0.000107
0.000107
0.000173
4.1e-05
-2.5e-05
-0.000123
-5.8e-05
-5.8e-05
-9e-05
4.1e-05
0.00014
7.4e-05
0.00014
0.00014
0.000107
-2.5e-05
-5.8e-05
-9e-05
-0.000156
-2.5e-05
4.1e-05
4.1e-05
7.4e-05
7.4e-05
7.4e-05
8e-06
-2.5e-05
-2.5e-05
-2.5e-05
-9e-05
0.000239
8e-06
0.000206
0.00014
8e-06
0.000107
-5.8e-05
8e-06
-5.8e-05
-0.000123
-5.8e-05
-0.000156
4.1e-05
7.4e-05
7.4e-05
0.000107
0.000107
0.00014
-2.5e-05
-5.8e-05
-5.8e-05
-9e-05
-5.8e-05
8e-06
0.000107
0.000107
0.000107
0.000107
4.1e-05
8e-06
-2.5e-05
-9e-05
-5.8e-05
-0.000123
-2.5e-05
0.000107
0.000107
0.00014
0.000107
4.1e-05
-2.5e-05
-5.8e-05
-9e-05
8e-06
0.000107
4.1e-05
7.4e-05
4.1e-05
0.00014
0.00014
7.4e-05
8e-06
-0.000123
4.1e-05
-9e-05
8e-06
-2.5e-05
8e-06
0.000107
0.00014
0.000107
7.4e-05
4.1e-05
-2.5e-05
-2.5e-05
-9e-05
-0.000518
8e-06
0.00014
0.00014
0.000107
4.1e-05
0.000107
-2.5e-05
8e-06
-5.8e-05
-0.000156
-2.5e-05
-9e-05
0.000107
7.4e-05
4.1e-05
0.00014
0.000107
8e-06
-5.8e-05
-0.000123
-5.8e-05
-0.000123
-5.8e-05
0.000107
0.000107
0.00014
0.000107
0.000107
8e-06
-5.8e-05
-5.8e-05
-0.000123
-9e-05
-5.8e-05
8e-06
0.000173
0.00014
0.00014
7.4e-05
-2.5e-05
0.000173
-0.000189
-5.8e-05
-0.000189
0.001028
0.00014
0.000173
0.001193
7.4e-05
7.4e-05
0.001357
-5.8e-05
-5.8e-05
-9e-05
8e-06
0.000732
7.4e-05
0.000239
0.00014
0.000107
0.000732
0.000502
-9e-05
-2.5e-05
-9e-05
-2.5e-05
8e-06
0.00014
7.4e-05
0.00037
7.4e-05
0.00014
0.000239
-0.000354
8e-06
-0.000156
0.000239
-0.000123
0.00014
0.0006
-0.001077
-0.00065
0.003134
7.4e-05
0.000107
4.1e-05
-5.8e-05
-5.8e-05
8e-06
8e-06
0.000337
0.000239
0.000107
0.000304
-5.8e-05
8e-06
-0.000814
0.002114
-0.000123
0.000239
0.00139
0.000304
0.000337
0.002903
0.000732
0.000633
4.1e-05
-9e-05
4.1e-05
-0.000419
-0.000156
4.1e-05
0.000107
0.000107
0.000107
7.4e-05
0.00014
0.00037
-0.001604
-0.001077
0.000304
0.006588
0.00014
0.000535
0.000107
0.000206
0.00014
0.000239
-0.000123
0.000239
-0.000485
-0.000419
-0.000518
0.000206
0.00014
8e-06
7.4e-05
0.000107
7.4e-05
-2.5e-05
-5.8e-05
-9e-05
-0.000123
-9e-05
-2.5e-05
4.1e-05
0.000107
7.4e-05
-2.5e-05
0.00014
0.00014
-2.5e-05
-9e-05
-5.8e-05
-9e-05
4.1e-05
4.1e-05
0.00014
0.00014
0.00014
4.1e-05
8e-06
-9e-05
-9e-05
-5.8e-05
-0.000387
-2.5e-05
7.4e-05
7.4e-05
0.000107
0.000403
0.00014
7.4e-05
-5.8e-05
-9e-05
-9e-05
-9e-05
8e-06
7.4e-05
4.1e-05
7.4e-05
-0.000354
4.1e-05
0.000271
-5.8e-05
0.001357
-0.000156
-0.000123
-2.5e-05
0.002739
0.002147
0.000765
-0.000189
0.000568
-0.000123
-0.000617
0.001522
-0.00111
0.000864
-0.000123
0.002607
0.000436
0.002311
0.002607
0.001258
0.006753
0.006226
0.003627
0.004318
7.4e-05
4.1e-05
8e-06
0.00037
0.000107
0.00014
-0.000584
0.001554
-9e-05
0.001653
0.000403
-2.5e-05
-0.000419
0.000633
0.0006
-0.000156
0.001489
0.001127
0.00116
0.000206
0.000436
-0.000156
-0.000387
-0.000288
-0.000288
0.000304
-0.000255
0.002541
0.000173
0.000568
-0.000551
0.00014
-2.5e-05
-2.5e-05
0.000271
0.001587
0.002081
-0.000123
0.00139
0.002212
0.000469
0.000568
0.002541
-0.00088
0.00241
-0.000485
0.002377
0.001291
0.00162
0.001357
0.002936
0.00014
0.001291
0.002015
0.000206
0.002048
0.000337
0.000699
-0.000518
0.001752
-0.000354
0.000765
-0.002032
4.1e-05
-0.000814
4.1e-05
-0.000123
-9e-05
0.001456
0.00139
0.002278
0.001193
0.002739
0.00162
0.003528
0.002574
0.000699
-0.001406
0.001028
-0.000156
0.000107
0.00014
0.000173
0.000107
0.000403
4.1e-05
-9e-05
0.000469
-0.000387
0.000271
-0.000255
0.00264
0.000699
0.001225
-0.001867
-0.000387
-0.000288
0.000798
-0.000123
-0.000123
-0.001077
0.000206
0.00139
0.000206
0.002541
-0.000518
0.000831
-2.5e-05
-5.8e-05
-9e-05
-5.8e-05
-0.000156
-2.5e-05
4.1e-05
0.000107
4.1e-05
0.000107
0.000173
4.1e-05
-5.8e-05
-0.000123
-5.8e-05
-0.000452
0.000107
-9e-05
4.1e-05
0.000239
8e-06
-0.000156
4.1e-05
-0.000123
-5.8e-05
-0.000156
-2.5e-05
8e-06
0.000568
0.000304
0.000107
0.000337
4.1e-05
0.000403
4.1e-05
-2.5e-05
-0.000485
4.1e-05
-0.001406
0.000107
