Ladekurvenmessung

Zeit: 2018_05_04 11.36.41

Info: FVA3, v = 0.748, T = 80, F = 20, h = 160.9

Ladewiderstand[Ohm]: 1012700

Störkapazität[pF]: 0.000000

Entladezeit[ms]: 200

Abtastrate[Hz]: 250000

Anzahl der Messwerte: 2500.000000

Verzögerung[ms]: 3

Ladespannung[V]: 0.200000


Kurve 1

-0.000183
0.00031
0.001625
0.000639
-0.002813
-0.000841
0.000146
0.000803
0.001132
0.00146
-0.00347
-0.003142
-0.000183
0.003597
-1.9e-05
0.00294
0.00146
0.001132
-0.002648
0.001625
0.001132
-0.001827
-0.000841
0.000639
0.000639
0.001789
0.001132
-0.002155
-0.002648
0.000474
0.003761
-0.005278
0.000803
0.00146
0.00031
0.002447
0.001789
-0.001498
0.000967
0.001132
-0.000512
0.00146
-0.001334
0.00031
-0.002977
0.003268
-0.000676
0.002118
0.00031
0.00031
-0.003142
0.000474
0.000146
-0.005771
-0.000183
0.001625
0.002282
0.00031
0.002447
-0.001991
-0.000347
-0.001169
-0.000347
-0.000347
-0.001827
-0.001827
0.003597
0.000474
0.002282
-0.002813
-0.001005
0.001132
-0.002155
-0.000676
-0.003799
0.000639
-0.001991
0.00294
0.001132
0.000146
-0.000676
0.000639
-0.003799
-0.003142
-0.000676
-0.004128
-0.003963
-0.000183
-0.001991
-0.001498
0.000967
-0.002813
-0.00232
-0.007579
-0.001991
-0.002977
-0.000347
-0.002648
-1.9e-05
-0.001334
0.001954
-0.000841
-0.001662
-0.000512
-0.001991
0.000146
-0.003799
-0.003306
-0.002977
-0.000512
-0.001005
-0.003963
-0.002813
0.000146
-0.00232
-0.000841
-0.001827
-0.00232
-0.000676
-0.002813
0.001789
-0.002155
-0.003142
-0.000512
-0.000841
-0.001827
0.002118
-0.001334
-0.000347
0.000146
0.000146
0.001296
0.002611
-0.004456
-0.001334
0.00146
-0.001827
0.001132
-1.9e-05
-0.001005
-0.002648
0.003597
-0.001827
0.00146
-0.00347
0.002282
-0.001498
0.000639
0.000803
-0.000347
0.00294
0.000967
0.001625
0.000639
0.000146
-0.003799
-0.003142
0.001789
0.003268
-0.005936
0.00294
-0.002813
-0.00232
-0.000676
0.001132
-0.000676
-0.000183
0.001625
0.000146
0.001625
0.001132
0.001625
-0.001498
0.002775
0.000803
0.002282
-0.002977
0.00031
-0.000676
0.000639
0.001132
0.001296
0.00294
0.003433
-0.000183
0.000146
0.002282
-0.001334
-0.000183
0.002611
0.002118
0.002611
-0.000512
0.002118
-0.000676
-0.000676
0.001132
-0.002977
0.000474
0.002282
0.002118
0.00146
0.001296
-0.001827
-0.001827
0.006227
0.002447
0.002611
0.000146
0.001296
-0.000676
0.00146
-0.000512
-0.001827
-0.002484
-0.001498
-0.000512
-0.001498
0.001296
0.000967
0.001132
0.000474
0.005241
-1.9e-05
0.002118
0.002447
0.007049
0.001625
0.00294
-0.000347
-0.002648
0.000639
-0.000841
0.004912
0.001132
-0.000512
0.001954
0.002611
0.000803
0.00146
0.000474
0.00146
0.001132
0.001625
0.000803
-0.000512
-0.002648
-0.001334
0.000967
0.00031
-0.001169
-0.001827
-0.000347
-0.000676
0.000803
0.000967
-1.9e-05
-0.001991
-0.001334
0.001954
-0.004621
-0.002648
-0.001498
-0.002813
-0.00232
-0.002155
-0.000841
-0.000841
-0.001005
0.002447
0.000803
0.000967
-0.000183
0.001789
-0.001334
0.002118
0.000146
0.000146
-0.000512
0.001132
0.000146
-0.000841
0.000474
-0.002484
0.001132
0.000639
0.003761
-0.001991
0.004912
0.000639
0.002775
0.00146
0.002447
-0.000841
0.000146
0.000474
0.000146
0.000803
0.000474
0.001132
-0.001827
0.003926
0.000474
0.00031
-0.001334
0.001625
0.000967
-0.001005
0.00294
-0.001827
0.000639
-0.00232
0.000967
-0.001005
-0.002648
-0.00347
-0.002813
-0.002813
0.001132
-0.001827
-0.000841
-0.001169
0.002118
0.001789
0.001132
0.000474
-0.000841
-1.9e-05
-0.002155
-0.001827
-1.9e-05
0.00031
-0.001169
-0.000183
0.000474
0.002447
-0.001662
0.000474
0.000639
0.000639
-1.9e-05
0.002447
0.000967
0.000967
0.00146
0.00031
0.001132
0.000803
-0.001169
-0.000512
0.002775
-0.001334
0.002282
0.002118
0.002447
0.003268
0.00294
0.003433
0.005569
0.001132
0.000474
0.002118
0.000146
-0.000347
0.003268
0.002447
0.00146
0.00294
0.00146
0.004912
0.001296
0.002118
0.001954
0.00409
0.003597
0.005734
-0.001334
0.001954
0.006391
0.000967
0.006391
0.000639
0.000474
0.00146
0.001954
0.001789
0.002611
0.000803
0.002447
-0.001498
0.00294
0.004583
0.000474
-0.000183
0.003268
0.002118
-0.000183
0.001789
0.000146
0.001954
0.00031
0.002118
-0.008401
-0.000347
0.001789
0.002447
0.000639
0.001132
0.002282
-1.9e-05
-0.001827
0.001625
0.001625
-0.003799
0.003433
0.000803
0.003104
0.003597
0.004419
0.002611
0.003104
0.002282
0.000967
0.000967
0.002611
0.000639
-1.9e-05
-0.001005
-0.000676
-1.9e-05
0.002775
-0.001334
-0.000183
0.001625
0.00146
0.003104
0.000474
0.003104
0.002282
-1.9e-05
0.00294
0.002118
0.003433
0.003926
0.003926
0.003926
0.003433
0.00294
0.005405
0.003597
0.004583
0.004419
0.003268
0.00294
0.005241
0.004912
0.005405
0.004748
0.008857
0.003433
0.001789
0.007213
0.006062
0.007213
0.004912
0.010007
0.007706
0.009021
0.009843
0.010171
0.008363
0.009843
0.005241
0.006556
0.00672
-0.000183
0.000474
0.001296
0.005241
-1.9e-05
0.008528
-0.001169
-0.001005
0.000474
0.004419
0.003926
0.004255
0.006556
0.010171
0.007377
0.007049
0.012308
0.000803
0.004583
0.003104
0.002118
0.003926
0.006391
0.008199
0.014116
0.008692
0.000967
0.001789
-0.000841
-0.001169
-0.000183
-1.9e-05
-0.000183
-0.000183
-0.000347
-0.000512
-0.000347
-0.000512
-0.000347
-0.000183
-0.000347
-0.000183
-1.9e-05
-0.000183
-0.000183
-0.000347
-0.000347
-0.000183
-0.000512
-0.000183
-0.000512
-0.000347
0.00031
-0.000183
-1.9e-05
0.000803
-0.000183
-0.003306
0.002282
-0.001169
-0.000676
-0.000676
-0.000676
-1.9e-05
-0.001662
-0.000841
0.000967
0.00146
-0.004128
0.001625
-0.003142
-1.9e-05
-0.000841
-0.002484
-0.002484
0.003433
-0.000347
-0.001005
-0.000512
-0.001334
0.000146
-0.003306
-0.002648
-0.004949
-0.005607
-0.005771
-0.001827
-0.005443
-0.005936
-0.004292
-0.00347
-0.005114
-0.002484
-0.003799
-0.003963
-0.004456
-0.002648
-0.004785
-0.005771
-0.0061
-0.005607
-0.006757
-0.006593
-0.005771
-0.006593
-0.006757
-0.008072
-0.005443
-0.006429
-0.005936
-0.006922
-0.005607
-0.005443
-0.005936
-0.003142
-0.005771
-0.005443
-0.00725
-0.006757
-0.007744
-0.005443
-0.00725
-0.008401
-0.006757
-0.007744
-0.005771
-0.002813
-0.004456
-0.00347
-0.003963
-0.002484
-0.002813
-0.008894
-0.002648
-0.006429
-0.005443
-0.003306
-0.001827
-0.008237
-0.005278
-0.004292
-0.003306
-0.001827
-0.002813
-0.002648
-0.001334
0.002282
-0.00232
0.001625
-0.002484
-0.002484
-0.002813
-0.00232
-0.003142
-0.003306
-0.004621
-0.004621
-0.007744
-0.00873
-0.006593
-0.008401
-0.008237
-0.010209
-0.00725
-0.010702
-0.007415
-0.009058
-0.00988
-0.012839
-0.01251
-0.011688
-0.013167
-0.014975
-0.013496
-0.013496
-0.015797
-0.01366
-0.014975
-0.016619
-0.015304
-0.013003
-0.011524
-0.00873
-0.008237
-0.0061
-0.006429
-0.006264
-0.00725
-0.011852
-0.004621
-0.002813
-0.003963
0.000639
-0.005114
-0.005278
-0.000676
-0.003799
-0.001662
-0.002484
-0.000676
-0.001662
-0.000347
-0.001005
-0.008072
-0.003799
-0.003306
-0.001827
-0.001334
-1.9e-05
-0.001662
-0.001169
0.00031
-0.001169
-0.00232
-0.003799
-0.001169
0.00031
-0.000183
-0.000347
-0.001005
-0.000676
-0.001498
-0.001498
-0.001334
-0.000841
0.000803
-0.002155
-0.002484
0.001954
-0.001498
-0.000183
0.000146
-0.002155
0.000803
-0.00347
0.001625
-0.001827
-0.001334
-0.003963
0.000967
-0.000676
-0.002813
-1.9e-05
-0.001662
-0.001662
-0.004949
0.000803
-0.002813
-0.000183
0.00146
-0.000841
-0.000183
-0.000841
-0.000512
0.000146
-0.001498
-0.000347
-0.001169
-0.000347
-0.000183
-0.001498
-0.000676
0.000146
-0.000512
-0.000183
-1.9e-05
-0.000841
0.00031
-0.000676
-0.000512
-0.000512
-0.000512
-0.000512
-0.000183
-0.000512
-0.000347
-0.000183
-0.000347
-0.000183
-0.000347
-0.000183
-0.000512
0.000146
-0.000183
-1.9e-05
-0.000347
-0.000183
-0.000183
-0.000183
-0.000512
0.00031
-0.000512
-0.000183
-0.000676
-1.9e-05
-0.000183
-0.000183
0.000474
-0.000347
0.001132
-0.000841
-1.9e-05
-0.000347
-0.000347
0.000474
-0.000183
-0.000676
0.000146
-0.000183
-0.000183
-0.000347
-0.000512
-0.000183
-0.000512
-0.000347
0.000146
-0.000183
-0.000347
-1.9e-05
0.000146
0.00031
-0.000512
-0.000183
-0.000347
-0.000347
-0.001169
-0.000347
-0.000512
-0.000347
-1.9e-05
-1.9e-05
0.00031
-0.000676
0.000146
-0.000841
0.00146
-0.000512
0.000803
0.000146
0.000146
-0.000676
-0.000183
0.00031
-0.000512
-0.000676
-1.9e-05
-0.000512
0.00031
0.000474
-0.000676
0.000639
0.00031
0.001954
0.000639
0.002118
0.006391
0.008857
0.00935
0.005405
0.010007
0.019704
0.026114
0.028908
0.038934
0.041564
0.05274
0.057506
0.059807
0.067861
0.072298
0.074435
0.08216
0.087912
0.090213
0.09613
0.097609
0.103855
0.106485
0.110758
0.110593
0.110758
0.117332
0.122263
0.124893
0.127358
0.130645
0.130316
0.137384
0.136233
0.140342
0.143301
0.147903
0.14593
0.149875
0.150697
0.153326
0.151683
0.156613
0.1576
0.157271
0.162859
0.160394
0.162202
0.161873
0.166146
0.165489
0.169269
0.16894
0.171899
0.173214
0.173542
0.173542
0.174693
0.174528
0.17535
0.177322
0.177158
0.178144
0.178637
0.178637
0.182911
0.181267
0.183568
0.183568
0.183239
0.186362
0.182417
0.186033
0.186198
0.185705
0.182253
0.168283
0.154806
0.157271
0.157271
0.158093
0.157271
0.157928
0.156613
0.157764
0.162695
0.163023
0.167297
0.165982
0.16779
0.167461
0.169269
0.167297
0.169762
0.167625
0.162037
0.163681
0.152669
0.118976
0.104019
0.096952
0.075092
0.043043
0.021676
0.017896
0.011486
0.011815
0.0105
0.011486
0.0105
0.011651
0.009843
0.00935
0.001296
0.007213
0.010336
0.007377
0.009514
0.0105
0.007377
0.009021
0.010829
0.007706
0.010336
0.003926
0.008692
0.011486
0.009843
0.007542
0.010336
0.008692
0.006062
0.009021
0.009843
0.007706
0.008199
0.011322
0.01313
0.020526
0.024799
0.031867
0.040577
0.042221
0.049288
0.053233
0.058328
0.067039
0.066381
0.069669
0.078051
0.081009
0.085447
0.092843
0.096623
0.097609
0.105498
0.104841
0.111087
0.11651
0.114538
0.120784
0.118811
0.123742
0.109772
0.083639
0.057999
0.014116
-0.000347
-1.9e-05
-0.000183
0.001132
-0.000512
0.005569
0.005569
0.006556
0.002447
0.010664
0.017732
0.021183
0.026114
0.034825
0.037783
0.037783
0.054055
0.056027
0.062273
0.065724
0.073613
0.077393
0.082817
0.086926
0.0935
0.093993
0.099746
0.101883
0.105992
0.105827
0.110758
0.121441
0.116675
0.121441
0.123413
0.126043
0.127522
0.130809
0.132782
0.135083
0.135247
0.137712
0.141821
0.141986
0.143794
0.143629
0.146259
0.137877
0.141164
0.141164
0.145437
0.143794
0.144615
0.147574
0.14971
0.14971
0.152011
0.152669
0.148396
0.149382
0.135411
0.140671
0.134097
0.135411
0.120126
0.105005
0.092843
0.100403
0.103362
0.105498
0.105992
0.108293
0.111744
0.114538
0.115031
0.118811
0.122427
0.120126
0.125386
0.130316
0.130809
0.130481
0.133768
0.13837
0.140671
0.140013
0.146095
0.147081
0.149217
0.151354
0.154477
0.153984
0.156942
0.15875
0.160394
0.160394
0.161051
0.164996
0.166804
0.166968
0.166968
0.169926
0.168776
0.172063
0.171734
0.175515
0.176994
0.174857
0.177487
0.180774
0.182089
0.179952
0.18061
0.178637
0.17798
0.181267
0.183075
0.180281
0.183075
0.184225
0.188499
0.190142
0.184061
0.193429
0.186526
0.189814
0.188992
0.194744
0.193429
0.193429
0.192279
0.197703
0.195237
0.193429
0.19195
0.193594
0.192115
0.192936
0.19458
0.191786
0.193429
0.192936
0.192115
0.192115
0.193265
0.190964
0.192936
0.190964
0.194087
0.191457
0.192443
0.192772
0.190471
0.184225
0.178473
0.179295
0.179788
0.18061
0.179295
0.18176
0.182911
0.182911
0.177651
0.179623
0.173707
0.173214
0.170584
0.171734
0.148067
0.124728
0.098595
0.094487
0.074106
0.04633
0.027758
0.016088
0.014116
0.009678
0.004255
0.00787
0.014116
0.009514
0.00787
0.01428
0.018882
0.024142
0.02973
0.041564
0.04255
0.050603
0.05389
0.062108
0.066053
0.071148
0.076079
0.079201
0.084954
0.090542
0.093665
0.09876
0.101554
0.104512
0.108621
0.112566
0.114374
0.119469
0.119633
0.124564
0.128015
0.128673
0.131302
0.133439
0.138534
0.139192
0.142314
0.141821
0.147081
0.148231
0.14971
0.152176
0.152998
0.156449
0.15497
0.158421
0.158421
0.163023
0.160887
0.161051
0.161709
0.167625
0.168118
0.170913
0.170913
0.173378
0.173378
0.174857
0.177158
0.174528
0.175021
0.178473
0.17913
0.177651
0.182253
0.177815
0.181924
0.180281
0.182417
0.182089
0.18554
0.18554
0.183404
0.188827
0.186526
0.18817
0.187019
0.19195
0.190307
0.188499
0.188827
0.18932
0.186526
0.187019
0.187513
0.190635
0.1908
0.189649
0.191457
0.1908
0.193594
0.193922
0.194416
0.195566
0.19458
0.195073
0.196059
0.193922
0.193265
0.190142
0.19573
0.195895
0.19458
0.19721
0.197045
0.196717
0.195237
0.196223
0.196717
0.196552
0.19458
0.197045
0.195237
0.19721
0.19721
0.196059
0.198853
0.198524
0.197045
0.196552
0.196881
0.200004
0.199675
0.197703
0.199839
0.197045
0.197703
0.197374
0.198524
0.196717
0.200004
0.196717
0.199182
0.199839
0.193922
0.195566
0.197703
0.199346
0.19836
0.198196
0.200825
0.201647
0.199839
0.201319
0.200497
0.200497
0.200168
0.200497
0.199675
0.203455
0.201154
0.199675
0.185047
0.114538
0.094815
0.096623
0.096952
0.080516
0.055863
0.046823
0.054712
0.058328
0.067861
0.068682
0.073284
0.077558
0.084461
0.083968
0.087912
0.091857
0.096294
0.100732
0.105992
0.106978
0.110593
0.11651
0.115689
0.118483
0.119304
0.124564
0.128344
0.131138
0.13196
0.134754
0.134754
0.136891
0.138534
0.140342
0.14478
0.146423
0.13952
0.141
0.142972
0.144451
0.147903
0.149382
0.150204
0.152176
0.154806
0.158421
0.15612
0.160065
0.158257
0.161051
0.161215
0.166311
0.163352
0.166968
0.159243
0.129659
0.081174
0.017732
0.005076
0.007542
0.001296
0.000803
0.003433
0.001132
0.001954
0.001132
0.00409
0.004748
0.004748
0.003761
0.00031
0.001132
0.001789
0.000967
-0.000841
0.000146
0.000803
0.000639
0.001132
-0.001827
-0.000512
-1.9e-05
0.000146
0.000146
0.000639
0.000803
-1.9e-05
0.000639
-0.000183
0.000639
-0.000183
0.000639
0.00031
0.000474
0.000803
0.001789
-0.001334
0.00672
0.014938
0.020197
0.026114
0.034003
0.041892
0.045508
0.05274
0.057835
0.06556
0.069833
0.07575
0.081831
0.083146
0.090706
0.09235
0.097281
0.100075
0.103526
0.107799
0.111415
0.113059
0.117496
0.119633
0.125386
0.125714
0.131796
0.132289
0.137384
0.137712
0.14215
0.14478
0.146259
0.147081
0.147574
0.151025
0.147738
0.152505
0.153326
0.1576
0.1576
0.162366
0.163516
0.163516
0.167625
0.168612
0.166475
0.171077
0.175021
0.17272
0.174364
0.173214
0.174857
0.173707
0.178802
0.176336
0.179623
0.175515
0.176008
0.179623
0.180445
0.182911
0.184554
0.182911
0.184225
0.188006
0.185047
0.185705
0.185212
0.185047
0.186198
0.186198
0.185047
0.186855
0.186526
0.188006
0.188992
0.189814
0.191786
0.190471
0.19195
0.191786
0.191786
0.188499
0.190142
0.1908
0.191128
0.189649
0.19195
0.192608
0.194744
0.191786
0.193922
0.195402
0.194909
0.196223
0.196717
0.195237
0.192115
0.056191
0.019375
0.014116
0.014609
0.014609
0.010336
0.000474
-0.000841
-1.9e-05
0.000146
0.000146
-0.000347
0.002282
-0.000841
0.000474
0.000967
0.001132
-1.9e-05
-1.9e-05
0.00031
-0.000183
0.002118
-0.000183
0.000146
-0.000183
0.00031
-0.000512
-0.000183
0.000803
0.001625
0.00031
0.002118
-0.000347
-0.001827
0.000639
-0.000512
0.00031
0.000639
-0.000841
0.002282
0.001954
0.002118
-0.000676
-0.000841
-1.9e-05
-1.9e-05
0.000146
-0.000676
-0.000183
-0.000183
-1.9e-05
-1.9e-05
-0.000183
-1.9e-05
-0.000183
-0.000183
-0.000841
-0.000347
-0.001827
0.004912
-0.004128
-0.000183
0.001132
0.000967
0.001789
0.000967
0.007213
0.012144
0.020855
0.025785
0.034496
0.03992
0.048631
0.054219
0.058492
0.063094
0.071477
0.072463
0.078708
0.081502
0.086433
0.092679
0.091857
0.097609
0.100732
0.107471
0.107142
0.113716
0.117332
0.120619
0.123578
0.1267
0.128837
0.13311
0.134097
0.13837
0.137548
0.140013
0.145766
0.140671
0.144615
0.150204
0.152011
0.152505
0.154312
0.155956
0.156449
0.157928
0.156778
0.161215
0.164667
0.16138
0.163845
0.166311
0.163188
0.166475
0.169598
0.168447
0.170419
0.171734
0.169762
0.17272
0.172392
0.174528
0.174857
0.1742
0.174528
0.173871
0.173707
0.173707
0.176336
0.174035
0.177815
0.176994
0.174035
0.172556
0.177651
0.175186
0.177158
0.176172
0.176829
0.175186
0.175021
0.174693
0.172556
0.172556
0.172392
0.17272
0.172885
0.177322
0.172227
0.176665
0.176172
0.181267
0.176994
0.182253
0.182417
0.182911
0.183075
0.180774
0.183239
0.181267
0.182582
0.184225
0.184883
0.183732
0.187019
0.184554
0.186526
0.186033
0.184225
0.188663
0.190142
0.190964
0.190964
0.191621
0.189485
0.191128
0.191293
0.190635
0.191457
0.193758
0.191786
0.193101
0.190307
0.192936
0.191128
0.191621
0.190964
0.193758
0.192443
0.193758
0.191621
0.192115
0.192443
0.192608
0.193265
0.192279
0.193429
0.19458
0.198196
0.193265
0.192279
0.192443
0.193594
0.192772
0.195073
0.194087
0.19195
0.19458
0.19195
0.190964
0.192115
0.194416
0.191457
0.193594
0.192936
0.193594
0.192936
0.194087
0.192608
0.193429
0.194251
0.195073
0.193594
0.195073
0.195895
0.192608
0.197045
0.194251
0.197538
0.195402
0.194251
0.189485
0.191786
0.192772
0.192115
0.193758
0.19573
0.195895
0.196881
0.196388
0.196717
0.198689
0.19573
0.19836
0.195566
0.197703
0.197703
0.197538
0.19573
0.199675
0.196717
0.199018
0.199511
0.197703
0.136398
0.106156
0.021841
0.026607
0.033181
0.038605
0.048631
0.044358
0.049124
0.054383
0.059478
0.062108
0.072956
0.074764
0.077886
0.083968
0.086597
0.093007
0.096623
0.102704
0.105663
0.109279
0.11158
0.11914
0.11914
0.121277
0.123906
0.125386
0.127029
0.134918
0.133932
0.135247
0.140671
0.141328
0.148724
0.145766
0.150532
0.15234
0.155134
0.154148
0.158586
0.160558
0.161544
0.163188
0.160887
0.162859
0.165489
0.165817
0.166146
0.170419
0.169598
0.173214
0.173049
0.174857
0.174857
0.179788
0.178144
0.180938
0.178473
0.18061
0.181596
0.179459
0.186033
0.183732
0.18061
0.184718
0.183897
0.184225
0.18554
0.18554
0.186855
0.186855
0.189814
0.188663
0.1908
0.19195
0.193758
0.191621
0.193922
0.18932
0.189649
0.188499
0.189156
0.189814
0.18932
0.194251
0.192608
0.193594
0.190307
0.194251
0.193101
0.194909
0.194744
0.196223
0.198196
0.194744
0.191457
0.195073
0.19458
0.195073
0.188334
0.193594
0.196717
0.194087
0.197045
0.197045
0.196717
0.199511
0.196552
0.193922
0.197703
0.193758
0.193758
0.195402
0.195895
0.197045
0.196552
0.198031
0.194909
0.200497
0.198196
0.196881
0.199182
0.19721
0.198031
0.201154
0.195402
0.199018
0.197045
0.195073
0.122098
0.117168
0.115853
0.113059
0.057506
0.063259
0.030716
0.03614
0.040413
0.047973
0.055205
0.061451
0.068189
0.071641
0.076736
0.084296
0.081995
0.091857
0.092021
0.097281
0.097116
0.104348
0.107964
0.112401
0.113716
0.118811
0.120784
0.124071
0.127194
0.134425
0.135411
0.139192
0.139849
0.13952
0.143629
0.142314
0.145437
0.148396
0.14971
0.150368
0.148067
0.152669
0.153655
0.15875
0.159408
0.162366
0.163023
0.162859
0.166146
0.164996
0.163845
0.166639
0.168118
0.168612
0.168283
0.172392
0.171734
0.173049
0.17272
0.176008
0.174528
0.175515
0.175843
0.176994
0.178309
0.17913
0.180116
0.181103
0.181596
0.178309
0.184225
0.181596
0.181267
0.181924
0.184061
0.18176
0.182582
0.182911
0.182911
0.186855
0.185869
0.185376
0.18439
0.186033
0.184554
0.186362
0.185869
0.187184
0.187184
0.187513
0.185212
0.189978
0.18817
0.186691
0.188006
0.187677
0.187841
0.186526
0.188006
0.188663
0.191128
0.18932
0.191293
0.190635
0.189978
0.193265
0.192443
0.192608
0.19195
0.192115
0.193758
0.193101
0.193594
0.19458
0.194087
0.194087
0.194909
0.197703
0.196059
0.196388
0.193265
0.19721
0.197045
0.192936
0.196717
0.196881
0.192936
0.192772
0.195073
0.196388
0.195237
0.19195
0.194909
0.196881
0.196881
0.19458
0.197703
0.19458
0.194744
0.194909
0.198524
0.196552
0.191786
0.194416
0.194744
0.193265
0.192115
0.197045
0.193101
0.192772
0.193265
0.196552
0.191786
0.194087
0.195402
0.197045
0.196223
0.196223
0.194251
0.19458
0.191786
0.194416
0.195895
0.194087
0.194744
0.196881
0.196388
0.197538
0.197703
0.201812
0.199182
0.195402
0.196059
0.199018
0.196059
0.196059
0.19721
0.197045
0.194087
0.198853
0.195402
0.195566
0.19458
0.194416
0.197703
0.195566
0.199182
0.201812
0.196881
0.201319
0.195073
0.196059
0.198031
0.196059
0.195402
0.196717
0.197045
0.195566
0.199511
0.194744
0.194416
0.196388
0.197538
0.194416
0.195402
0.196223
0.196223
0.198196
0.196059
0.198524
0.196717
0.196223
0.196388
0.197538
0.195237
0.195237
0.196717
0.197703
0.193429
0.198031
0.196881
0.202798
0.19836
0.197374
0.202633
0.195237
0.195402
0.195895
0.196717
0.198031
0.197867
0.196059
0.197374
0.197045
0.19573
0.192443
0.197867
0.195402
0.197538
0.192772
0.19836
0.198853
0.198524
0.19721
0.197374
0.196388
0.191293
0.196881
0.195237
0.19836
0.196388
0.197045
0.19836
0.200004
0.200497
0.201647
0.199839
0.199839
0.199018
0.197538
0.202962
0.199346
0.200168
0.199839
0.198689
0.19836
0.192772
0.191621
0.19573
0.191786
0.190635
0.191128
0.192279
0.192608
0.192936
0.19195
0.191457
0.19573
0.193429
0.195073
0.192608
0.193758
0.192279
0.194744
0.191293
0.197374
0.19195
0.19458
0.193594
0.19721
0.196717
0.196717
0.197045
0.191293
0.19836
0.197538
0.196717
0.199182
0.197374
0.197374
0.196881
0.194087
0.198524
0.195402
0.192279
0.198196
0.196717
0.197538
0.196717
0.198689
0.19836
0.200168
0.199511
0.199346
0.19836
0.198853
0.196223
0.19836
0.19836
0.196552
0.199346
0.195566
0.195895
0.198196
0.199018
0.197867
0.198524
0.197374
0.199839
0.199839
0.199839
0.198689
0.198196
0.196388
0.198689
0.199675
0.194744
0.193758
0.197867
0.200332
0.197045
0.198524
0.198853
0.204934
0.202633
0.200661
0.198689
0.199839
0.197045
0.197045
0.196388
0.19573
0.194251
0.196717
0.196059
0.197374
0.199675
0.197703
0.197374
0.197703
0.201976
0.198031
0.198524
0.198524
0.199839
0.200332
0.199182
0.197867
0.197538
0.19573
0.196388
0.198031
0.195402
0.197045
0.197867
0.197374
0.198524
0.201483
0.197703
0.199839
0.199182
0.200004
0.198031
0.198853
0.196223
0.196552
0.198031
0.197703
0.200825
0.198689
0.198689
0.199018
0.199839
0.197045
0.19836
0.195895
0.198853
0.199675
0.199675
0.19836
0.195566
0.197703
0.195895
0.195895
0.195566
0.197374
0.196552
0.199018
0.199346
0.197374
0.197867
0.200332
0.197867
0.19836
0.197703
0.199018
0.19721
0.200332
0.197374
0.196388
0.198031
0.199675
0.197867
0.197374
0.196717
0.195237
0.19458
0.196059
0.196223
0.195402
0.195566
0.192279
0.196223
0.19458
0.193594
0.194251
0.193594
0.196059
0.194909
0.193758
0.194744
0.194909
0.194416
0.19573
0.194416
0.19836
0.195566
0.195073
0.193101
0.192772
0.195237
0.1908
0.193265
0.195237
0.196223
0.195402
0.197867
0.194744
0.196717
0.192608
0.196388
0.19573
0.195237
0.197045
0.19721
0.190964
0.195237
0.196388
0.000146
-0.000183
0.00031
-0.000676
0.00031
0.000146
-0.000512
-0.000347
-1.9e-05
-0.000183
-0.000512
-0.000183
-0.000183
-0.000183
-1.9e-05
-0.000183
-0.000183
-0.000183
-0.000512
-0.000512
-0.000512
-0.000512
-0.000347
-0.000183
-0.000347
-0.000183
-0.000183
-0.000183
-0.000347
-0.000347
-0.000347
-0.000347
-0.000183
-0.000347
-0.000183
-1.9e-05
-1.9e-05
-0.000183
-1.9e-05
-1.9e-05
-0.000347
-0.000183
-0.000347
-0.000512
-0.000183
-0.000183
-0.000347
-0.000183
-0.000347
-0.000183
-0.000347
-0.000512
-0.000347
-0.000347
-0.000347
-0.000183
-0.000183
-0.000347
-0.000183
-0.000183
-0.000183
-0.000183
-0.000347
-0.000347
-0.000183
-0.000512
-0.000183
-0.000347
-0.000183
-0.000183
-0.000183
-0.000183
-0.000183
-0.000347
-0.000183
-0.000347
-0.000512
-0.000347
-0.000183
-0.000183
-1.9e-05
-1.9e-05
-1.9e-05
-0.000183
-0.000183
-0.000347
-0.000512
-0.000347
-0.000183
-0.000183
-0.000183
-0.000347
0.000146
0.001789
0.004419
0.012144
0.020362
0.027758
0.03351
0.04107
0.045508
0.051918
0.057013
0.064738
0.06934
0.076243
0.076243
0.084132
0.083803
0.091199
0.094815
0.096788
0.103033
0.103033
0.111087
0.112401
0.116675
0.113223
0.024635
0.01954
0.029566

Kurve 2

0.000146
0.004748
0.003761
0.001789
0.00294
0.001296
0.000474
0.000474
0.001625
0.001132
0.001789
0.002611
-0.001169
0.002611
-0.000347
0.001132
-0.001169
0.00031
-0.001169
0.001789
-0.003963
0.003926
0.005405
-0.000183
0.00146
0.001132
0.000474
-0.001334
0.000474
-1.9e-05
0.000803
-0.000183
-0.000676
-0.000676
-0.001169
-0.001498
0.000639
-0.00232
0.001954
0.000146
0.002611
0.002118
0.000639
0.002282
0.001132
0.000967
0.000146
0.002118
-0.001991
0.000803
-0.001662
0.000639
0.001296
0.003268
0.000639
0.001625
0.00294
0.000967
0.00294
-0.000347
0.000967
0.000146
0.001296
0.002447
-0.002155
0.000967
0.001789
-0.000512
-0.000841
-1.9e-05
-0.001498
0.001625
0.001625
-0.003306
-0.000841
0.001296
-0.001991
0.00409
-0.000183
0.001789
-0.000676
0.000803
-0.002648
0.000474
-0.00232
-0.002155
-0.00232
-0.001005
0.001132
-0.003306
0.000474
0.001954
0.00146
0.001132
0.001789
0.001954
-0.002155
-0.001169
0.002282
-0.000347
0.001132
0.001625
-0.002813
-0.001991
0.001625
-0.000841
0.001789
0.000474
0.001132
0.001625
0.000803
0.004583
-0.004621
0.003926
0.000639
0.000146
-0.000512
0.00031
-0.001498
-0.002484
0.000474
-0.002813
-0.000183
0.001625
0.002447
0.000474
0.002611
-0.000841
-0.000512
-0.000512
-0.000841
0.000639
-0.001005
-1.9e-05
-0.001169
-1.9e-05
0.000146
0.00031
-0.002155
-0.001334
-0.001827
-1.9e-05
0.001132
0.002775
-0.002484
0.00146
-0.000347
0.001132
0.000803
-0.001169
0.000474
0.004255
0.001954
0.001789
0.000803
0.000146
0.001132
0.000474
-0.000512
0.000474
-0.001498
-0.000841
0.001789
-0.002813
0.000639
0.002282
-0.001005
-0.001005
0.004255
-0.002648
-0.000183
0.003761
0.000967
0.002447
-0.001991
0.002118
-0.001334
0.001132
0.000803
0.001789
-0.001005
0.000967
0.000146
-0.001662
0.001789
0.001296
-0.001991
-0.001498
-0.000841
-0.001662
0.002447
-0.002155
-0.00232
0.000639
0.002447
-0.000841
0.003926
0.003597
0.001132
0.00031
0.001625
-0.000183
-0.000512
0.003104
0.001132
-1.9e-05
0.001296
0.003268
-0.001827
0.002118
0.00031
0.001954
-0.008894
0.000639
-0.000841
0.003433
0.004255
-0.001827
0.001296
0.000474
0.00294
0.001954
-0.000183
0.000474
-0.003306
0.001132
0.002118
0.000146
0.002447
0.00146
0.001132
0.000474
0.003433
-0.000841
-0.001827
-0.00232
-0.001334
-0.001169
-0.002648
-1.9e-05
-0.004128
0.001132
-0.001991
-0.001662
0.000803
0.000639
-0.001169
-0.001169
0.00409
0.00294
0.000474
0.000639
-0.001169
-0.002977
-0.001005
0.00031
-0.00232
-0.000841
0.001296
-0.001334
-0.000347
-0.000512
-0.000512
-0.001334
0.004583
0.001296
0.002118
0.002447
0.00146
-0.000183
-0.001991
-0.000841
-0.001169
0.002118
-0.002484
-0.001991
-0.001662
0.002775
-0.001827
0.000639
0.000474
-0.002155
-0.002813
-0.002155
-0.0061
-0.007415
-0.003963
-0.005443
-0.008237
-0.006593
-0.00232
-0.006593
-0.003963
-0.007415
-0.005607
0.000474
0.00031
-0.002813
-1.9e-05
-0.003963
0.00031
0.000146
-0.001827
-0.001005
-0.001498
-0.001498
-0.000676
-0.000347
-0.000676
-0.000347
-0.001334
-0.000183
-0.000347
-1.9e-05
-0.000347
-0.000183
-0.000347
-0.000183
-0.000347
-0.000183
-0.000512
-0.000183
-0.000512
-0.000347
-0.000183
-0.000183
-0.000183
-0.000347
-1.9e-05
-0.000347
-0.000347
-0.000512
-0.000347
-0.000347
-0.000347
-0.000183
-0.000183
-0.000183
-0.000183
-0.000183
-0.000183
-0.000347
-0.000347
-0.000512
-0.001169
-0.00232
-0.000512
0.000967
-0.000512
0.00031
-0.000347
-0.001169
0.001296
-0.000676
0.002118
-0.004292
0.000474
-0.003306
-0.001662
-0.002648
-0.005278
-0.004128
-0.004785
-0.003306
-0.002648
-0.001662
-0.002648
-0.002813
-0.00347
-0.001827
-1.9e-05
0.000474
-0.003142
-0.001334
-0.002648
0.002775
-0.001991
-0.001662
-0.001169
-0.002813
-0.00347
-0.000347
-0.001991
-0.00347
-0.00232
-0.001169
-0.002155
-0.001662
-1.9e-05
0.00031
-0.002813
-0.001169
0.000803
-0.001005
0.00031
-0.000841
-0.001005
-0.001991
-1.9e-05
0.000967
-0.000347
0.001296
-0.001498
0.002775
0.001789
0.00294
-0.000183
0.003268
0.002611
0.001789
-0.001005
-0.001169
-0.001498
-0.000512
0.002118
0.000639
0.001296
-0.001334
0.001132
0.00294
0.003268
-0.000347
0.003597
0.00031
0.001296
-0.001005
-0.003799
-0.003635
-0.000841
-0.000676
-0.000183
0.001954
-0.00232
0.002282
-0.001169
-1.9e-05
-0.001991
-0.001662
-0.000676
-0.000676
-0.000347
0.000803
0.001132
-0.000512
0.00031
0.001625
0.000639
-0.000676
-0.003635
-0.001005
0.002447
0.001625
0.001625
-0.001005
0.002611
0.002775
0.002118
0.001625
0.003268
0.003104
0.001789
0.001789
0.002118
0.000474
0.000803
0.001625
0.001789
0.001625
0.000474
0.001296
-0.002813
0.002282
0.002282
0.001625
0.00146
0.003597
0.00146
0.004419
0.003761
0.000639
0.00146
0.001132
0.000967
0.002118
-0.000512
0.000146
0.001296
-0.003142
0.002282
-0.001498
0.001789
-1.9e-05
0.000967
0.001789
0.000474
0.000146
0.002447
0.000474
-1.9e-05
0.006556
-0.003306
0.000474
-0.001991
-0.002484
-0.001991
0.001132
-0.002648
0.002447
0.00146
0.00146
-0.001662
-0.000512
0.000146
0.000803
0.001132
0.000474
0.000803
-0.00347
0.002775
-0.001498
-0.002155
-0.009387
-0.001498
0.004419
0.000146
0.000967
0.00294
0.004583
-0.001498
0.001296
0.000803
0.00146
-0.001334
0.00031
-0.001169
0.000474
-0.001827
-0.000347
-0.002155
-0.000512
-1.9e-05
0.002282
0.001625
0.000639
-0.000841
-0.001662
0.001625
-0.000183
0.000639
0.000146
0.001625
0.000474
0.001296
-0.002648
-0.001005
0.001132
-0.000347
0.000474
0.001954
0.000474
-1.9e-05
0.003104
0.001789
0.000474
-0.000183
0.002282
-0.001334
-0.000676
-0.000183
-0.000841
-0.004292
-0.001498
-0.001169
0.000474
0.000474
-0.000183
0.000639
-0.000347
-0.001334
-0.000347
0.001132
-0.003142
-0.001005
-0.001991
-0.000347
-0.001991
-0.000183
-0.002155
0.001132
-0.000183
0.000803
0.001625
0.001789
0.000803
0.001296
0.001296
0.000967
0.003926
0.000474
0.00294
-1.9e-05
0.002447
-0.000347
-0.000183
-0.000676
0.000474
0.002447
0.001296
0.002118
0.00031
0.003104
0.000146
0.003268
-1.9e-05
0.002447
0.000639
0.000639
-0.000676
0.003268
-0.000347
-0.002155
-0.000676
0.000474
-0.003306
-0.000676
0.000474
0.000474
0.000146
0.000146
0.001625
0.002447
0.004583
-0.000347
0.002447
-0.001827
-0.001991
-0.002484
-0.001169
-0.001169
-1.9e-05
0.000639
-0.000183
0.001954
0.003597
0.001625
0.000639
0.002118
-0.000841
0.002775
0.001132
0.003268
0.001954
0.001625
0.00031
0.003104
0.001789
0.002447
0.001132
-1.9e-05
0.001789
0.000474
0.002282
0.002118
0.003268
0.000146
0.00146
0.000146
0.000967
-1.9e-05
0.003761
-0.002648
-0.000183
-0.000841
-0.000841
0.000146
-0.000512
0.002611
-0.002813
0.003597
0.000639
0.004419
0.001132
0.002118
0.002447
0.001789
0.00146
0.00031
-0.001498
-0.001662
-0.001334
-0.001991
-0.001334
-0.004456
0.003761
0.00146
0.001625
0.001954
0.002282
0.000803
0.00294
0.000474
0.001296
0.000639
0.00294
0.001789
0.001625
0.00146
0.000474
0.000146
0.001296
-0.000347
-1.9e-05
0.000474
0.000803
0.002775
0.000803
0.003597
-0.000512
0.001296
0.004255
0.003926
-0.000841
0.000146
-0.000512
-1.9e-05
0.001296
0.001625
0.00294
0.000803
0.002775
0.001789
-0.000512
-0.002484
0.003926
-0.003635
0.000639
0.002775
0.000146
0.001954
-0.001169
0.000146
0.000639
0.00146
0.00031
0.000474
-0.000347
0.000474
-0.000676
0.003268
0.001954
0.002775
0.006884
0.01576
0.022663
0.024799
0.033346
0.039591
0.045344
0.051918
0.058985
0.061286
0.069997
0.073449
0.077558
0.081174
0.087584
0.091528
0.096459
0.09991
0.103197
0.11158
0.111908
0.114702
0.118154
0.121605
0.125879
0.126536
0.129659
0.13459
0.134261
0.13459
0.138041
0.138534
0.142807
0.145108
0.149217
0.150368
0.151518
0.153984
0.157271
0.157107
0.160229
0.155956
0.162366
0.162859
0.166804
0.166146
0.166146
0.16894
0.171734
0.172227
0.1742
0.172556
0.173214
0.173871
0.175021
0.179952
0.177487
0.185212
0.17798
0.18061
0.179952
0.182746
0.18176
0.181267
0.182746
0.184554
0.185047
0.18439
0.18176
0.184225
0.188827
0.18817
0.188499
0.188992
0.1908
0.186855
0.189814
0.18439
0.185212
0.174693
0.180938
0.177487
0.112894
0.097116
0.089885
0.090871
0.077722
0.079694
0.047316
0.03236
0.008035
0.011815
0.018225
0.020197
0.019047
0.020526
0.012144
0.010336
-1.9e-05
-0.001991
0.005241
-0.000183
0.001789
0.003926
0.004419
0.000639
0.004748
0.002775
0.009021
0.01313
0.020526
0.02595
0.033674
0.038605
0.044358
0.049946
0.057013
0.06293
0.06934
0.071805
0.076572
0.082982
0.086762
0.094651
0.098267
0.100568
0.103197
0.108293
0.110593
0.115524
0.116839
0.119797
0.128837
0.126043
0.131631
0.13459
0.131796
0.136726
0.142479
0.144287
0.147409
0.145437
0.15119
0.151354
0.153326
0.154148
0.157764
0.156613
0.15875
0.16138
0.162366
0.165653
0.166804
0.168118
0.168776
0.1742
0.170419
0.174857
0.171734
0.174857
0.175021
0.176665
0.175021
0.176501
0.177158
0.177651
0.178802
0.179295
0.182089
0.181267
0.184225
0.181431
0.184061
0.183568
0.185869
0.185869
0.187677
0.187841
0.187184
0.186855
0.18932
0.187513
0.191128
0.192279
0.188663
0.189156
0.189814
0.183404
0.186198
0.18439
0.179295
0.178309
0.17798
0.170748
0.150368
0.142807
0.136069
0.107635
0.054383
0.041399
0.039756
0.025457
0.018882
0.013459
0.009185
0.006556
0.005734
0.004419
0.006556
0.005734
0.00672
0.002447
-0.001334
-0.000676
0.001132
-0.003306
-1.9e-05
0.00146
-0.000183
0.001954
0.001789
0.002282
-0.000347
-0.001498
0.000803
0.00146
-0.000347
0.004419
-1.9e-05
-0.001005
-0.000676
-0.000347
-0.000841
-0.000512
-0.001498
-1.9e-05
-0.000347
0.000146
0.001132
-1.9e-05
-1.9e-05
-0.000347
-0.000183
-0.000347
-0.000183
-0.000347
-0.000183
-1.9e-05
-0.000183
-0.000183
-1.9e-05
-0.000183
-0.000347
-0.000183
-0.000347
-0.000347
-0.000512
-0.000183
-0.000347
-0.000183
-0.000183
-0.000183
-0.000183
-1.9e-05
-0.000512
-0.000347
-0.000512
-0.001169
-0.000347
-0.000183
-0.000183
-0.000347
0.00031
-0.000347
-0.000512
-0.000183
-0.000183
-0.000512
0.000146
-0.000512
-1.9e-05
-0.000183
0.000146
-0.000183
-0.000183
-0.000183
-0.000183
-0.000512
-0.000183
-0.000347
-0.000183
-1.9e-05
-0.000183
-1.9e-05
-0.000183
-0.000183
-1.9e-05
-0.000183
-0.000676
-0.000512
-0.000841
-0.000347
-0.000183
-0.000183
-0.000183
-0.000183
-1.9e-05
-1.9e-05
-0.000183
-0.000347
-0.000183
-0.000347
-0.000183
-1.9e-05
-0.000183
-0.000347
-0.000183
-0.000183
-0.000183
-0.000183
-0.000347
-0.000676
-0.000512
-0.000183
-0.000347
0.000967
-1.9e-05
-0.000676
0.001296
0.00031
0.000639
0.000639
-0.002155
0.005734
-0.000512
-0.001169
-0.000347
0.004583
0.015924
0.016746
0.023484
0.03351
0.04107
0.044522
0.045179
0.059478
0.067861
0.069176
0.074271
0.079859
0.08331
0.085118
0.093993
0.097938
0.098595
0.103197
0.105827
0.110922
0.113881
0.120619
0.12177
0.126207
0.125386
0.131631
0.134425
0.135083
0.137877
0.138863
0.141328
0.143136
0.146588
0.145108
0.150861
0.151847
0.156778
0.162202
0.157928
0.160065
0.160065
0.162202
0.163352
0.165489
0.166146
0.164831
0.165324
0.17157
0.171077
0.169433
0.171734
0.175021
0.175186
0.176172
0.177487
0.176829
0.180116
0.18061
0.185047
0.183404
0.186362
0.183897
0.188006
0.182417
0.185705
0.186855
0.185376
0.186362
0.186362
0.187677
0.186855
0.190307
0.1908
0.192443
0.190307
0.191621
0.191621
0.193429
0.190307
0.193594
0.191621
0.193265
0.195566
0.194909
0.195073
0.195402
0.194416
0.195402
0.196223
0.194087
0.196388
0.193429
0.197045
0.19573
0.198031
0.196059
0.193758
0.195237
0.198196
0.193265
0.195566
0.19721
0.198031
0.196388
0.198853
0.196717
0.198031
0.198524
0.194416
0.192936
0.19458
0.198031
0.196388
0.199675
0.199675
0.201483
0.198524
0.196717
0.19836
0.19836
0.197867
0.19836
0.199839
0.196388
0.19836
0.200004
0.199675
0.197538
0.199511
0.197867
0.200825
0.197703
0.200661
0.199018
0.200168
0.199839
0.200497
0.200661
0.199018
0.20362
0.198853
0.201319
0.199675
0.197867
0.197045
0.199182
0.198196
0.200168
0.201154
0.202469
0.200497
0.201319
0.200332
0.201319
0.201483
0.199675
0.197374
0.199018
0.201154
0.203948
0.203948
0.199511
0.202305
0.202305
0.201647
0.200332
0.201319
0.200004
0.199839
0.200332
0.200497
0.199182
0.199182
0.199018
0.197538
0.200004
0.197867
0.199511
0.197538
0.200497
0.200332
0.200004
0.199182
0.202798
0.200332
0.201319
0.201812
0.197374
0.196388
0.194909
0.200168
0.197703
0.199675
0.197538
0.200168
0.200004
0.198689
0.19721
0.196717
0.199182
0.201812
0.201976
0.202469
0.202633
0.199346
0.201976
0.200825
0.202962
0.199839
0.20099
0.195402
0.198524
0.201647
0.200168
0.199839
0.201812
0.019047
0.026771
0.035318
0.040742
0.045344
0.053233
0.058985
0.065067
0.07049
0.073778
0.080352
0.083803
0.08857
0.092843
0.097774
0.101061
0.105334
0.108786
0.112894
0.117168
0.120126
0.122756
0.129001
0.130481
0.128508
0.131467
0.132946
0.140506
0.139849
0.142643
0.144451
0.147738
0.148396
0.155627
0.153162
0.154477
0.158914
0.157764
0.161544
0.162859
0.167625
0.164174
0.167461
0.164338
0.165817
0.170913
0.17272
0.170584
0.176008
0.177158
0.177651
0.179295
0.177815
0.180281
0.178637
0.176172
0.179623
0.180281
0.182911
0.182253
0.182089
0.185376
0.180774
0.184061
0.183404
0.184061
0.185869
0.184554
0.186362
0.18439
0.186362
0.186033
0.188827
0.188499
0.190307
0.187513
0.187019
0.185047
0.186198
0.184225
0.184225
0.185869
0.18439
0.185869
0.187019
0.187513
0.187019
0.188006
0.186855
0.186526
0.181267
0.186362
0.186526
0.186691
0.187841
0.188663
0.185376
0.187184
0.18817
0.190964
0.188663
0.189649
0.190471
0.190635
0.193101
0.191293
0.192936
0.192279
0.194416
0.19458
0.194087
0.193922
0.193922
0.193429
0.193922
0.193265
0.193265
0.195237
0.198031
0.196223
0.196059
0.197867
0.195566
0.196388
0.197538
0.198031
0.197867
0.197703
0.196059
0.197045
0.196223
0.196059
0.195895
0.197045
0.196552
0.194087
0.200825
0.194744
0.200004
0.195566
0.19836
0.199675
0.200168
0.199346
0.199839
0.196059
0.196552
0.197867
0.197045
0.196059
0.197867
0.199511
0.197045
0.199839
0.199511
0.201647
0.197867
0.199839
0.198853
0.199346
0.199675
0.198689
0.199675
0.198031
0.197867
0.197538
0.19573
0.195402
0.197867
0.197703
0.197045
0.198689
0.199182
0.196552
0.199018
0.200497
0.198689
0.195237
0.18817
0.185705
0.171406
0.150532
0.117168
0.102047
0.096294
0.087584
0.080352
0.071805
0.068682
0.067532
0.073942
0.076243
0.079366
0.087912
0.089227
0.093172
0.099417
0.101718
0.104019
0.108457
0.109443
0.113223
0.119469
0.119469
0.124893
0.127522
0.133932
0.133275
0.136233
0.139685
0.141986
0.142314
0.141986
0.146423
0.147081
0.150039
0.152176
0.156449
0.154477
0.158257
0.157928
0.15875
0.162202
0.162695
0.162202
0.167132
0.167132
0.167954
0.170584
0.169105
0.170913
0.172063
0.173378
0.173707
0.175515
0.176994
0.178966
0.177158
0.17798
0.181431
0.182911
0.184554
0.186526
0.187019
0.182089
0.187019
0.184554
0.185212
0.186033
0.186362
0.187184
0.190307
0.186855
0.190635
0.187841
0.189814
0.191621
0.190307
0.192279
0.192608
0.190964
0.192936
0.193101
0.192443
0.194416
0.193594
0.193594
0.195237
0.196552
0.194909
0.195895
0.193265
0.195402
0.196059
0.194416
0.194909
0.196223
0.193429
0.194087
0.196223
0.193594
0.196059
0.195402
0.198853
0.196881
0.199346
0.197374
0.197703
0.194087
0.197867
0.198853
0.19836
0.198689
0.199018
0.199018
0.197374
0.198196
0.163681
0.073778
0.073613
0.081995
0.085283
0.084132
0.088405
0.093336
0.098431
0.10254
0.104348
0.108457
0.117661
0.114702
0.118483
0.121277
0.125879
0.126043
0.129659
0.132453
0.136233
0.137877
0.140506
0.14478
0.143629
0.145273
0.149546
0.148067
0.151354
0.154312
0.151683
0.155299
0.157928
0.159736
0.154148
0.00672
0.013952
0.023484
0.031045
0.036797
0.0437
0.049288
0.052904
0.05915
0.065395
0.000474
0.00294
0.006884
0.017074
0.027429
0.003761
0.010336
0.02332
0.026443
0.03236
0.038934
0.045837
0.047809
0.05274
0.060958
0.058164
0.065231
0.064409
0.069833
0.073284
0.077229
0.082653
0.087584
0.083803
0.092186
0.095966
0.099417
0.102869
0.106978
0.110265
0.113716
0.116017
0.117825
0.121277
0.123906
0.127687
0.131302
0.134097
0.134918
0.137055
0.139356
0.145602
0.14478
0.146916
0.149382
0.149875
0.149875
0.153655
0.157928
0.157107
0.159901
0.159243
0.163516
0.164174
0.167132
0.168283
0.172556
0.17157
0.17157
0.17157
0.174364
0.174693
0.173707
0.174364
0.179623
0.17798
0.176008
0.180445
0.179459
0.181924
0.18061
0.183075
0.18554
0.185376
0.184225
0.187184
0.186362
0.186855
0.188992
0.187348
0.18817
0.185705
0.187184
0.186526
0.188992
0.188827
0.191293
0.188006
0.190964
0.192936
0.190964
0.190635
0.194744
0.192772
0.194251
0.193758
0.194251
0.193429
0.194087
0.193922
0.195566
0.19573
0.194909
0.195402
0.194416
0.196059
0.195402
0.196717
0.192772
0.196552
0.195895
0.198031
0.197867
0.195402
0.199018
0.196223
0.197867
0.197538
0.198853
0.198689
0.195073
0.195237
0.201154
0.19721
0.199018
0.197867
0.19836
0.199182
0.197374
0.199839
0.197045
0.197703
0.195895
0.198524
0.197538
0.196388
0.195402
0.199675
0.195566
0.197045
0.199675
0.199675
0.19836
0.199839
0.200332
0.198524
0.201483
0.19721
0.197374
0.199018
0.200661
0.199018
0.200661
0.201976
0.200497
0.199182
0.200004
0.199346
0.195402
0.201647
0.201154
0.199018
0.201647
0.201319
0.201812
0.199182
0.20099
0.200332
0.199346
0.199675
0.19573
0.193758
0.193265
0.190307
0.188334
0.186691
0.18439
0.183568
0.177322
0.173378
0.167625
0.155463
0.118811
0.06556
0.035154
0.018389
0.013952
0.008528
0.0105
0.006391
0.00294
0.000474
0.002447
0.00294
0.000639
0.002775
0.000146
0.000967
-0.004949
0.003268
0.000146
0.000639
0.000803
-0.001005
0.000639
-0.000183
-0.000512
0.000146
-1.9e-05
0.000639
-0.000841
0.00031
0.000146
0.00031
-0.000347
0.000474
-0.000676
0.000474
-0.000347
-0.000676
-0.000841
-0.000347
-1.9e-05
-0.000183
-1.9e-05
-0.000183
-1.9e-05
-0.000183
-0.000183
-0.000183
-0.000512
-0.000183
-0.000183
-0.000347
-0.000183
-0.000183
-0.000183
-0.000183
-0.000183
-0.000183
-0.000183
-0.000347
-0.000512
-0.000183
-0.000183
-1.9e-05
-0.000183
-0.000183
-0.000347
-1.9e-05
-0.000183
-0.000183
-0.000347
-0.000676
-0.000512
-0.000183
-0.000183
-1.9e-05
-0.000183
-0.000183
0.000146
-0.000183
-0.000347
-0.000347
-0.000347
-0.000347
-0.000183
-0.000183
-0.000183
-0.000183
-0.000183
-1.9e-05
-0.000183
-0.000347
-0.000347
-0.000183
-0.000347
-0.000183
-0.000183
-0.000183
0.000146
0.000146
-1.9e-05
-0.000347
-0.000183
-0.000347
-0.000347
-0.000512
-0.000183
-0.000183
-0.000183
-0.000183
-1.9e-05
-1.9e-05
-1.9e-05
-0.000512
-0.000347
-0.000347
-1.9e-05
-0.000512
-0.000347
-1.9e-05
-1.9e-05
-0.000183
-0.000183
-0.000183
-0.000512
-0.000347
-0.000512
-1.9e-05
-0.000347
-1.9e-05
-0.000347
-0.000183
-0.000183
-1.9e-05
-0.000183
-0.000347
-0.000512
0.000146
-0.001498
-0.000347
-1.9e-05
0.000474
-1.9e-05
0.003597
0.010171
0.015431
0.025128
0.034003
0.038276
0.046166
0.049453
0.055698
0.058985
0.066217
0.070819
0.075257
0.078708
0.088241
0.091035
0.095637
0.099582
0.101225
0.106813
0.107306
0.113388
0.114538
0.12292
0.125057
0.128344
0.130809
0.129823
0.132946
0.138205
0.137219
0.139356
0.141986
0.141821
0.142807
0.13952
0.134754
0.134261
0.139192
0.139849
0.140835
0.14215
0.142479
0.14478
0.148396
0.148396
0.151354
0.155956
0.154806
0.157271
0.160229
0.162202
0.16138
0.163352
0.161873
0.166475
0.162037
0.165489
0.168118
0.167297
0.168283
0.171899
0.174693
0.171734
0.173707
0.176172
0.177651
0.176501
0.17798
0.179788
0.179295
0.179952
0.181431
0.178966
0.178309
0.179788
0.181267
0.180281
0.180445
0.178637
0.176829
0.1742
0.170584
0.170091
0.162037
0.159736
0.160229
0.162037
0.159408
0.16138
0.15612
0.160229
0.155627
0.155134
0.156285
0.15612
0.156778
0.159408
0.161215
0.161051
0.163023
0.163516
0.167625
0.166146
0.167297
0.163845
0.16894
0.168776
0.169433
0.170419
0.170419
0.172227
0.173049
0.171406
0.1742
0.174857
0.175021
0.176665
0.171899
0.102869
0.098924
0.094158
0.095308
0.098431
0.098102
0.095801
0.095308
0.09991
0.08331
0.087748
0.091364
0.094815
0.100075
0.102211
0.107635
0.110758
0.114867
0.118976
0.120455
0.120948
0.12555
0.130809
0.13196
0.131631
0.135904
0.080516
0.058657
0.034003
0.008528
0.009843
0.01428
0.023484
0.029237
0.035811
0.042221
0.050274
0.052082
0.060958
0.06408
0.07049
0.075257
0.079037
0.081502
0.085447
0.0935
0.091857
0.100403
0.102704
0.106813
0.101554
0.103526
0.104512
0.105663
0.105005
0.108128
0.108786
0.110922
0.116346
0.113388
0.122098
0.118647
0.122427
0.124071
0.130645
0.127358
0.133768
0.134754
0.137219
0.138863
0.142314
0.146588
0.146588
0.148889
0.150697
0.152998
0.153326
0.158586
0.158914
0.161873
0.163681
0.166639
0.164996
0.168776
0.16779
0.170748
0.170913
0.170419
0.171734
0.173049
0.174035
0.174035
0.176994
0.175843
0.177487
0.17798
0.178637
0.180116
0.181267
0.179295
0.183897
0.179952
0.186033
0.186855
0.186691
0.187348
0.18554
0.187019
0.187184
0.18817
0.189649
0.189814
0.188334
0.188992
0.191457
0.193265
0.190635
0.194087
0.192115
0.196552
0.191128
0.192443
0.192772
0.193101
0.192772
0.194416
0.191786
0.192608
0.195566
0.192608
0.200661
0.196388
0.195237
0.19458
0.195895
0.195237
0.196552
0.193429
0.198196
0.195566
0.19458
0.185705
0.193594
0.194251
0.192772
0.196059
0.195895
0.195895
0.19573
0.197867
0.197703
0.198196
0.194909
0.198031
0.197867
0.196223
0.196717
0.200661
0.198524
0.195073
0.203291
0.19721
0.198031
0.198031
0.196223
0.197374
0.198524
0.198031
0.197045
0.195237
0.193758
0.196552
0.195073
0.192772
0.188334
0.167954
0.145602
0.119633
0.084789
0.078215
0.07953
0.08594
0.088898
0.094158
0.097774
0.102376
0.104184
0.109279
0.111251
0.110593
0.113881
0.112894
0.111087
0.114702
0.115853
0.114374
0.119469
0.119469
0.095473
0.091857
0.090871
0.080516
0.077229
0.077722
0.078708
0.081995
0.065231
0.05537
0.056849
0.05537
0.059478
0.063752
0.064245
0.072298
0.074271
0.07953
0.080845
0.087255
0.088898
0.095966
0.096294
0.098431
0.101554
0.102704
0.107964
0.10895
0.114702
0.116346
0.118647
0.115524
0.127194
0.123906
0.130152
0.130152
0.131796
0.134425
0.138699
0.138534
0.142807
0.144287
0.145108
0.146916
0.145602
0.150204
0.150368
0.152176
0.152505
0.156449
0.157764
0.159243
0.16138
0.162366
0.163188
0.163188
0.164996
0.164996
0.164503
0.152176
0.143629
0.137548
0.132946
0.130481
0.132617
0.130645
0.133768
0.13459
0.13574
0.140835
0.142643
0.14478
0.148067
0.149875
0.15119
0.152669
0.153819
0.156942
0.15612
0.159079
0.160887
0.163516
0.161544
0.164831
0.165982
0.16401
0.16779
0.170419
0.171899
0.173049
0.173214
0.174857
0.175843
0.173214
0.178144
0.177487
0.178144
0.180281
0.181924
0.180774
0.182089
0.181431
0.183732
0.183897
0.18439
0.187348
0.186362
0.186526
0.186526
0.188663
0.187184
0.186691
0.186526
0.187841
0.189485
0.191128
0.190307
0.192772
0.191293
0.190307
0.192279
0.192279
0.19195
0.191293
0.195073
0.19195
0.1908
0.194744
0.193922
0.194087
0.193922
0.192443
0.193922
0.193101
0.19573
0.196881
0.196881
0.19573
0.196059
0.19721
0.195895
0.19721
0.195895
0.197703
0.194087
0.196059
0.196717
0.196881
0.193922
0.195895
0.195895
0.197374
0.199018
0.197538
0.198196
0.196388
0.198031
0.197867
0.199182
0.198524
0.200825
0.198031
0.200825
0.198031
0.197867
0.197374
0.197703
0.19721
0.200661
0.195073
0.199675
0.200661
0.198031
0.199839
0.199182
0.200168
0.193265
0.20214
0.196059
0.19836
0.193265
0.197045
0.195402
0.192115
0.186362
0.180938
0.171077
0.159572
0.155956
0.144451
0.141328
0.13459
0.126536
0.118154
0.108128
0.020197
0.005076
0.007377
0.000639
-0.000676
-0.000183
-0.000183
-1.9e-05
-0.000183
-0.000347
-0.000512
-0.000347
-0.000512
-0.000183
-0.000183
-0.000347

Kurve 3

-0.001005
0.005898
0.005734
0.00294
0.002447
0.002611
0.001625
0.00146
0.001625
0.003433
0.004583
0.00146
0.00031
-1.9e-05
0.001789
-0.000183
0.001132
-0.00232
-0.001005
-0.001662
-0.001662
-0.001169
-0.001169
-0.002484
-0.001827
-0.00347
-0.003963
-0.002484
-0.003306
-0.00347
-0.00232
-0.002155
-0.002813
-0.002977
0.001296
0.000146
-0.004292
0.000146
-0.00347
0.00031
-0.002155
0.000967
-0.000676
0.00031
0.001132
-0.001334
0.002118
0.000474
0.00031
-0.001334
-0.000183
-0.000676
0.001132
0.000639
-0.002155
0.000474
0.000803
-0.000183
0.002282
0.001789
0.003433
-0.002484
0.002611
0.000803
-0.000347
0.001296
0.000967
0.001954
0.000967
0.002447
-0.001991
-0.000183
-0.001334
0.001132
0.000639
0.000639
-0.001991
-0.001498
0.004748
0.000639
0.00294
0.000803
0.002447
0.003104
0.008363
0.003597
-0.001169
0.002447
0.000967
0.00146
0.002611
0.000146
0.00294
-0.001827
0.005569
0.001296
0.000639
0.001789
0.002118
0.004912
-0.000347
0.001789
-0.000512
0.00146
0.00031
0.001296
0.000474
0.001954
-1.9e-05
0.005241
0.005898
0.00031
0.002611
0.001296
-1.9e-05
0.000803
0.001625
0.00409
0.000146
0.000967
0.001954
0.000803
-0.002484
-0.001498
0.002611
0.000803
0.000474
-0.000841
-1.9e-05
0.00031
0.000967
0.004912
0.000146
0.001625
-0.00232
0.007213
-0.002813
-1.9e-05
0.000803
-0.001498
-0.000183
-0.000347
0.003761
0.00031
0.001296
0.000639
-0.003963
-1.9e-05
-1.9e-05
-1.9e-05
-0.00232
-0.001334
0.000146
-0.000347
0.00031
-0.000676
0.000146
-0.005607
-0.002484
0.002447
-0.002977
-1.9e-05
-0.000347
0.00031
0.001789
-0.001334
0.000639
0.000967
0.000967
-0.000841
0.001789
-0.000841
-0.001498
-0.001169
0.006391
0.002118
0.005241
-0.001827
0.00031
0.000146
0.001132
0.002282
0.00146
0.00146
0.00294
0.003761
-0.004785
-0.000347
0.001625
-0.003799
0.006227
0.003926
0.002611
0.005734
0.005405
0.006062
0.009185
0.008692
0.007542
0.013623
0.009843
0.012801
0.012144
0.010171
0.010007
0.009678
0.012637
0.012308
0.010336
0.010171
0.009843
0.011651
0.013787
0.014116
0.012308
0.011651
0.014609
0.013294
0.013787
0.011979
0.013623
0.0105
0.012472
0.007706
0.007706
0.011158
0.009185
0.007706
0.009185
0.011322
0.005734
0.0105
0.0105
0.010993
0.010336
0.010993
0.006884
0.008035
0.012144
0.010664
0.009678
0.007706
0.010007
0.008528
0.011651
0.008857
0.00787
0.007213
0.00672
0.010829
0.00935
0.010993
0.007706
0.009185
0.011815
0.009843
0.010993
0.012472
0.011486
0.011158
0.0105
0.01691
0.0105
0.007377
0.011979
0.012637
0.01313
0.017732
0.017403
0.019375
0.022169
0.019704
0.021676
0.022827
0.02069
0.014116
0.001789
0.003433
0.001132
0.003433
0.002775
0.004912
0.005734
0.004912
0.008035
0.005734
0.009021
0.010007
0.005898
0.000639
0.001296
0.005898
0.00787
0.010829
0.009185
0.012308
0.014773
0.01428
0.01428
0.01954
0.01954
0.022334
0.021183
0.022169
0.003433
0.003104
0.006884
0.005898
0.008857
0.009843
0.0105
-0.000347
0.003268
0.000474
0.003761
0.005734
0.003433
0.006062
0.00935
0.008363
0.009514
0.010336
0.005241
0.010336
0.004419
0.008035
0.005241
0.010007
0.012965
0.007377
0.0105
0.015595
0.007706
0.00146
0.007377
0.012144
0.011486
0.019704
0.020033
0.005898
0.00672
-1.9e-05
-0.000183
-0.000512
0.001789
-1.9e-05
0.000146
0.003104
0.007377
0.007542
0.008528
0.004419
0.004583
0.004912
0.000474
0.00146
0.002447
0.002118
0.000639
0.002118
0.00031
0.001625
0.001296
0.004255
0.001296
0.002447
0.006227
0.005569
0.005734
0.00409
0.005241
0.007049
0.007213
0.007377
0.008857
0.007706
0.006884
0.004255
0.005734
0.00146
0.004748
-0.000512
0.006062
0.00294
0.003104
0.005898
0.007377
0.005734
0.005076
0.002775
0.006227
0.011322
0.006062
0.008857
0.0105
0.0105
0.013952
0.013459
0.013294
0.013952
0.008857
0.013787
0.016417
0.014116
0.016581
0.012308
0.013294
0.014609
0.019375
0.021183
0.018225
0.019868
0.020197
0.019211
0.021183
0.020033
0.018554
0.01576
0.012637
0.007706
-0.001005
-0.000512
-0.000512
-0.000183
-1.9e-05
-0.000183
-0.000183
-0.000183
0.000146
-0.000183
-0.000347
-0.000347
-0.000183
-0.000347
-0.000183
-1.9e-05
-0.000183
-1.9e-05
-0.000183
-1.9e-05
-0.000183
-0.000512
-0.000347
-0.000347
-0.000512
-0.000183
0.000146
-0.000183
-0.000183
-0.000183
-0.000183
-0.000183
-0.000347
-0.000512
-0.000347
-0.000183
-0.000347
-0.000183
-0.000183
-0.000183
0.000146
-0.000183
-0.000183
-0.000347
-0.000347
-0.000347
-0.000347
-0.000347
-1.9e-05
-0.000183
-1.9e-05
-0.000347
-0.000183
-0.000183
-0.000183
-0.000512
-0.000347
-0.000512
-0.000347
-0.000347
-0.000183
-0.000183
-0.000183
-1.9e-05
-0.000347
-0.000512
-0.000512
-0.000347
-0.000347
-0.000183
-0.000183
-1.9e-05
-0.000183
-0.000183
-0.000183
-0.000183
-0.000512
-0.000347
-0.000347
-0.002155
0.000474
0.00146
0.003597
-0.001005
0.00294
0.00146
0.00294
0.002775
0.003761
-0.000512
0.002611
0.000639
0.001296
0.000146
-0.001169
-0.000841
-0.001498
-0.002648
-0.004621
-0.003635
-0.007908
-0.002977
-0.007908
-0.008237
-0.006593
-0.004128
-0.006429
-0.0061
-0.001334
0.001625
0.000146
-0.001334
-1.9e-05
-0.003142
-0.001498
-0.00347
-0.001991
-0.004949
-0.00347
-0.005278
-0.000512
-0.000347
0.000803
-0.000676
0.001789
-0.002813
0.000803
0.002447
0.001954
0.002775
-0.001498
0.001296
0.000967
0.002775
-0.004292
-1.9e-05
-0.005278
-1.9e-05
0.003268
-0.000841
-0.002155
0.002118
0.001625
0.000146
-0.000183
-0.001005
-1.9e-05
0.00146
0.001789
-0.00232
-0.00232
-0.001827
-0.001991
-0.00347
0.000474
-0.000512
0.00146
0.00031
0.003433
0.000639
0.002118
0.005898
0.006391
0.007213
0.006556
0.005569
0.005241
0.005241
0.003597
0.005076
0.003597
0.003104
0.001625
0.000146
-0.001005
-0.001169
-0.002155
-0.002813
-0.000183
-0.002813
0.00031
-0.003963
-0.000512
-0.000183
-0.000183
-0.000347
-0.000347
-0.000183
-0.000183
-0.000676
-0.000347
-0.000183
-0.000183
-0.000183
-0.000183
-0.000183
-0.000347
-0.000183
-0.000183
-0.000347
-0.000676
-0.000347
-0.000347
-1.9e-05
-1.9e-05
-0.000183
-0.000183
-0.000183
-0.000512
-0.000347
-0.000347
-0.000347
-0.000841
-0.000183
-0.000347
-0.000183
-1.9e-05
-0.000347
-0.000183
-0.000347
-0.000347
-0.002648
-0.001991
-1.9e-05
-0.001662
-1.9e-05
-0.000347
0.000639
0.00146
0.003104
0.003104
0.004255
0.005405
0.005076
0.003433
0.003104
0.000639
-0.000841
-0.000841
-0.000512
-0.000676
-1.9e-05
0.001296
-0.003142
0.001132
-0.001827
0.001954
-0.000676
0.004748
0.000474
-0.001991
-0.000676
-0.001498
-0.002813
-0.002155
-0.002648
-0.000183
-0.000512
-0.001169
0.001132
-0.000676
-1.9e-05
0.002775
0.003597
0.00031
0.003433
0.001789
0.00409
0.003761
0.003268
-0.002484
0.002611
0.001789
0.002775
0.003597
0.001132
0.000146
-0.001827
0.000146
-0.001498
0.001132
0.000474
0.002118
-0.002648
0.005076
-0.001169
-0.000676
0.001132
-0.000347
-0.001662
-0.000841
0.000146
-0.001498
-0.000347
-0.001827
-0.000183
-0.001334
0.001954
0.000639
0.001625
-0.003799
-0.002155
-0.002155
-0.003142
-0.004128
-0.007908
-0.003799
-0.005114
-0.001991
-0.004456
-0.003306
-0.004456
-0.005443
-0.003963
-0.001498
-0.007744
-0.003306
-0.005936
-0.006264
-0.004128
-0.00988
-0.005771
-0.00347
-0.008401
-0.006757
-0.006757
-0.007415
-0.006922
-0.0061
-0.004621
-0.004621
0.00031
0.003761
0.020033
0.024142
0.029401
0.037619
0.041892
0.048138
0.048631
0.05274
0.057013
0.045672
0.048138
0.061944
0.057835
0.066053
0.069833
0.071477
0.078051
0.084954
0.08594
0.090213
0.095144
0.097938
0.101225
0.099582
0.104348
0.105827
0.109607
0.111908
0.117168
0.117496
0.114538
0.122427
0.125057
0.115524
0.127358
0.130974
0.135083
0.137055
0.140178
0.143136
0.146259
0.151518
0.152669
0.158257
0.159243
0.163352
0.165489
0.165982
0.170255
0.178637
0.175186
0.176829
0.181103
0.183568
0.186691
0.185869
0.190964
0.187184
0.188992
0.182417
0.180281
0.177815
0.178144
0.175021
0.164503
0.155299
0.132946
0.1101
0.116182
0.120126
0.124399
0.130974
0.136398
0.140178
0.143465
0.14856
0.150368
0.153162
0.156285
0.16138
0.160229
0.161215
0.166968
0.170091
0.172556
0.1742
0.180281
0.176829
0.183075
0.187019
0.183075
0.183897
0.185869
0.186691
0.189978
0.186362
0.190307
0.189485
0.196223
0.189156
0.191457
0.195237
0.194087
0.18932
0.191457
0.196388
0.191128
0.19458
0.194744
0.194744
0.193265
0.194087
0.19195
0.194909
0.193101
0.193265
0.192115
0.191128
0.19573
0.19573
0.19458
0.193758
0.199346
0.196059
0.198689
0.197374
0.199511
0.196059
0.196881
0.19573
0.199346
0.196388
0.19573
0.196059
0.196881
0.198031
0.197867
0.198853
0.196717
0.199018
0.199182
0.203126
0.19836
0.199346
0.201319
0.194744
0.198196
0.199675
0.193758
0.194087
0.19458
0.196552
0.195073
0.192115
0.192443
0.195895
0.193594
0.192936
0.194416
0.191293
0.192443
0.192443
0.190635
0.1908
0.189156
0.184718
0.186691
0.184883
0.182417
0.186198
0.185047
0.184883
0.181431
0.185869
0.182089
0.182582
0.181267
0.182911
0.177322
0.176501
0.175515
0.175515
0.169926
0.169926
0.169926
0.164503
0.165653
0.159736
0.158586
0.149382
0.118318
0.116346
0.116346
0.11273
0.115031
0.113059
0.112237
0.104184
0.101883
0.104019
0.10139
0.103526
0.09613
0.098595
0.09876
0.10254
0.09991
0.09991
0.098102
0.099089
0.096952
0.096788
0.09613
0.097116
0.098431
0.098924
0.103362
0.10139
0.102869
0.104677
0.107635
0.060793
0.007542
0.013952
0.023156
0.025292
0.035482
0.044029
0.050603
0.05537
0.057999
0.067039
0.071805
0.070326
0.071477
0.048302
0.034003
0.035975
0.041564
0.044686
0.005898
0.000803
0.002118
0.001132
-0.000183
-0.000347
-0.000841
-0.000512
-0.000183
-0.000183
-0.000512
-0.000347
-0.000512
-0.000512
-0.000512
-0.001991
0.008692
0.015102
0.024964
0.033346
0.039263
0.046001
0.054055
0.061286
0.066381
0.069669
0.03236
0.023977
0.022827
0.032195
0.03614
0.04896
0.050274
0.059643
0.068847
0.073284
0.080023
0.083968
0.08709
0.09498
0.097938
0.103362
0.1101
0.110758
0.116839
0.120291
0.124893
0.128344
0.130645
0.131138
0.134261
0.139192
0.142479
0.147245
0.145273
0.152505
0.151518
0.15234
0.1576
0.15497
0.155299
0.156449
0.153655
0.153655
0.14971
0.151025
0.153984
0.15119
0.155134
0.149053
0.159408
0.162037
0.164503
0.166475
0.169269
0.166968
0.171077
0.170091
0.172556
0.171241
0.172063
0.173542
0.176336
0.175186
0.179788
0.18061
0.179788
0.181596
0.183075
0.182746
0.183568
0.185047
0.182582
0.186855
0.184225
0.180281
0.180774
0.179788
0.179459
0.181103
0.177815
0.180445
0.18061
0.181431
0.181924
0.181431
0.18176
0.180445
0.186526
0.182253
0.18439
0.182582
0.184061
0.179788
0.184718
0.178802
0.183732
0.182089
0.182417
0.182253
0.181596
0.182746
0.183239
0.183404
0.180116
0.186033
0.179952
0.182911
0.181596
0.184883
0.183239
0.183075
0.18176
0.176994
0.181924
0.180445
0.179459
0.176008
0.178637
0.176829
0.176008
0.174035
0.175843
0.175679
0.172063
0.175186
0.174857
0.173871
0.170748
0.172556
0.167297
0.166804
0.168283
0.16894
0.16779
0.167625
0.166804
0.164831
0.16516
0.160722
0.154806
0.154312
0.14971
0.149546
0.149546
0.148889
0.151847
0.150861
0.147903
0.150368
0.149382
0.15234
0.155792
0.155134
0.155792
0.157271
0.163188
0.160722
0.167132
0.166475
0.169433
0.171406
0.171406
0.170584
0.17157
0.173542
0.173378
0.175186
0.174035
0.175515
0.168118
0.160394
0.150697
0.145766
0.136562
0.021348
0.027922
0.018554
0.025457
0.028415
0.021019
-1.9e-05
0.003761
-0.001662
0.009021
0.014445
0.017074
0.018389
0.014609
-1.9e-05
0.00031
-0.000512
0.003433
0.004255
0.005898
0.006062
0.007377
0.010171
0.016581
0.023649
0.027922
0.035975
0.027265
0.038605
0.037455
0.0437
0.051589
0.056684
0.0603
0.068518
0.068682
0.076079
0.081338
0.084461
0.088734
0.006062
0.013952
0.020033
0.026771
0.023156
0.027265
0.029072
0.036962
0.029401
0.036304
0.040577
0.04748
0.052575
-0.002977
0.008857
0.003761
0.002118
-0.001827
0.014773
0.012472
0.015431
0.000803
0.003268
0.009678
0.006062
-0.004621
0.004419
0.000146
-0.001498
0.005734
0.012472
0.016746
-0.000512
-0.000347
0.006227
0.000146
0.006556
0.012144
0.015266
0.022827
0.025457
0.027429
0.031702
0.038934
0.038934
0.006391
0.016581
0.024799
0.031867
0.034825
0.042714
0.044522
-1.9e-05
0.007706
0.003104
0.008363
0.016088
0.021512
0.027429
0.006391
0.014445
0.025621
0.032031
0.008035
0.012965
0.019375
0.02595
0.030552
0.008035
0.00672
0.018225
0.026278
0.029237
0.035975
0.037783
0.040577
0.046001
0.050768
0.042057
0.050439
0.054876
0.057342
0.062601
0.063259
0.063752
0.066546
0.074435
0.075914
0.072791
0.081667
0.087748
0.088734
0.093665
0.099417
0.103033
0.105334
0.108786
0.108293
0.107799
0.107142
0.102376
0.109936
0.102869
0.107306
0.090378
0.066381
0.001789
0.000474
-0.000512
0.000474
0.000803
-0.000183
0.002447
-0.000347
0.004583
0.001296
0.002118
-0.000512
-0.000512
-0.000512
0.000146
-0.000512
-0.000347
0.00031
0.001132
0.001789
-0.000183
-0.000512
0.004419
-0.001498
0.006062
-0.000183
-0.000347
0.004419
-0.001005
0.004255
-0.000512
0.000474
0.001296
0.002118
-0.001827
0.000967
-0.000347
0.000639
0.000474
-0.001662
0.001296
0.000474
-0.000183
0.00031
-0.000183
-0.000512
-0.000512
-0.000347
0.00031
0.00146
-0.001005
-0.001662
0.000474
0.000146
0.001132
0.000474
0.009514
0.020855
0.026771
0.031867
0.001296
0.000474
-0.000841
0.005569
0.0105
-0.000512
-0.001827
0.005898
0.002282
0.010336
0.017239
0.024142
0.001954
0.008528
0.00935
0.004583
0.010171
0.017567
0.022827
0.026443
0.035482
0.036633
0.044522
0.043043
0.046494
0.050768
0.018882
0.027429
0.035647
0.03992
0.038276
0.040906
0.009185
-0.000183
-0.000183
0.005076
-0.000183
-1.9e-05
-0.000347
0.004748
-0.000183
-0.000183
-0.002155
0.00294
0.011486
0.020855
0.020526
0.008528
0.000474
0.000146
-0.000183
-0.000183
0.000803
0.000967
0.003761
-0.000512
-0.000512
-0.000347
-0.002484
-1.9e-05
0.001296
0.000146
-1.9e-05
0.000639
0.008528
0.019211
0.02332
0.022991
0.026278
0.033839
0.041892
0.049781
0.054219
0.061286
0.067203
0.069833
0.076736
0.060793
0.064738
0.070326
0.075092
0.078215
0.089063
0.09235
0.098431
0.103033
0.107142
0.110429
0.114045
0.110758
0.112401
0.116839
0.11799
0.121605
0.123249
0.126043
0.125879
0.128673
0.108786
0.113388
0.113716
0.117168
0.118647
0.122263
0.123413
0.126865
0.129823
0.133275
0.133439
0.127687
0.128837
0.122098
0.119962
0.116346
0.114045
0.09613
0.083146
0.083475
0.085776
0.087584
0.086597
0.087255
0.086269
0.084954
0.081338
0.079694
0.064574
0.019868
0.024635
0.025621
0.030223
0.034661
0.034496
0.042714
0.035647
0.040742
0.041892
0.042221
0.039427
0.045508
0.04896
0.043536
0.041728
0.044029
0.043865
0.042714
0.03992
0.037783
0.037948
0.034825
0.039427
0.037455
0.036797
0.036962
0.035647
0.036304
0.032853
0.030059
0.024799
0.021019
0.01691
0.016581
0.011979
0.010664
0.007706
0.008199
0.001625
0.002282
0.000639
0.000474
0.000639
-0.000676
0.000146
0.00146
-0.000676
-0.000512
0.003104
-0.000347
-0.000183
-1.9e-05
-1.9e-05
-0.000183
-1.9e-05
-0.000347
-0.000183
-0.000347
-0.000183
0.000474
-0.000347
-1.9e-05
-1.9e-05
-1.9e-05
-1.9e-05
-1.9e-05
-1.9e-05
-0.000183
-0.000347
-0.000347
-0.000676
-0.000183
-0.000676
0.003926
0.00294
-0.000347
0.004748
0.002118
0.006062
0.003597
0.002611
-1.9e-05
0.003926
0.003104
0.007542
0.009021
0.00935
0.011979
0.009678
0.010664
0.009514
0.008035
0.00672
0.010007
0.008199
0.01313
0.015924
0.016417
0.015924
0.018225
0.01954
0.022005
0.021512
0.019868
0.005405
0.006556
0.009678
0.012308
0.005569
0.000639
-0.000512
0.002447
0.001625
-0.000183
0.000474
-0.001005
-0.000183
-0.000347
-1.9e-05
0.000146
-1.9e-05
-1.9e-05
-0.000347
-0.000347
-0.000183
0.001789
0.007377
0.015266
0.018882
0.028251
0.034661
0.03729
0.041235
0.049124
0.051918
0.058821
0.059643
0.068354
0.069669
0.072791
0.079366
0.079694
0.084461
0.08857
0.087912
0.087584
0.095308
0.098595
0.102047
0.104348
0.110265
0.001625
0.011651
0.016253
0.023484
0.035154
0.03614
0.041564
0.045837
0.05389
0.058328
0.001132
0.006391
0.016253
0.021183
0.000803
0.00672
0.015595
0.021348
0.029401
0.037948
0.041564
0.046987
0.049453
0.057013
0.061451
0.066381
0.069833
0.073613
0.079201
0.084296
0.086926
0.091364
0.095308
0.098431
0.099417
0.103526
0.107964
0.111744
0.115853
0.118483
0.11914
0.123578
0.123742
0.124893
0.128344
0.12818
0.133275
0.133603
0.136069
0.13574
0.143136
0.146752
0.148396
0.14971
0.147738
0.151683
0.14971
0.153491
0.154312
0.159736
0.160887
0.16138
0.160722
0.16516
0.164996
0.165982
0.16779
0.168776
0.170091
0.171899
0.173378
0.175021
0.175515
0.173707
0.175021
0.177651
0.177322
0.176501
0.176994
0.178637
0.179788
0.179459
0.182911
0.183239
0.181924
0.186526
0.182911
0.182089
0.184061
0.189156
0.184718
0.187019
0.185376
0.187841
0.188827
0.186033
0.187677
0.18932
0.187513
0.187513
0.191786
0.189978
0.191786
0.190142
0.193594
0.19573
0.19458
0.192115
0.194744
0.18932
0.194909
0.195895
0.193101
0.191293
0.19458
0.193758
0.194251
0.194744
0.195566
0.195073
0.19458
0.196552
0.195237
0.198524
0.193594
0.197867
0.196552
0.196388
0.196388
0.197374
0.19573
0.196059
0.194909
0.194909
0.193922
0.199511
0.200332
0.198524
0.199346
0.198524
0.197867
0.197045
0.196223
0.195402
0.196881
0.197538
0.197374
0.197703
0.196881
0.198689
0.197867
0.201319
0.198031
0.201319
0.201483
0.197538
0.197045
0.203126
0.200004
0.20214
0.199018
0.201812
0.201319
0.201483
0.197374
0.203291
0.198031
0.197703
0.201154
0.200168
0.200825
0.200661
0.200004
0.199839
0.201647
0.198853
0.201647
0.199839
0.20099
0.200497
0.200332
0.201647
0.201154
0.202305
0.200168
0.196717
0.196881
0.201319
0.200168
0.201976
0.19836
0.199839
0.179952
0.114045
0.066053
0.054219
0.001296
-1.9e-05
-0.000183
-1.9e-05
-0.000183
-0.000183
-1.9e-05
-0.000183
-0.000512
-1.9e-05
-0.000676
-0.000183
-1.9e-05
-0.000183
-1.9e-05
-0.000183
-1.9e-05
-1.9e-05
-0.000183
-0.000347
-0.000512
-0.000512
0.00031
-0.000183
0.001625
0.00146
0.007049
0.01691
0.021348
0.031538
0.037455
0.045508
0.051096
0.056027
0.061286
0.065231
0.071148
0.077558
0.083146
0.084625
0.09235
0.093829
0.101883
0.095637
0.105827
0.109114
0.114867
0.114702
0.118647
0.121441
0.124893
0.130974
0.131138
0.017239
0.001789
0.013294
0.019868
0.027758
0.035482
0.043371
0.047645
0.007542
0.015102
0.026443
0.032195
0.041892
0.046001
0.050932
0.061779
0.062601
0.069176
0.07312
0.077722
0.082817
0.090871
0.091199
0.097609
0.099089
0.105005
0.109772
0.108621
0.115853
0.11914
0.120948
0.034989
0.04255
0.048467
0.054055
0.059314
0.065724
0.073613
0.076572
0.078051
0.081667
0.07953
0.085776
0.08857
0.093172
0.094651
0.100403
0.105663
0.002118
0.001789
0.011322
0.021512
0.026607
0.035482
0.04633
0.044193
0.04255
0.051261
0.054548
0.025128
0.031867
0.037948
0.044851
0.049453
0.055863
0.062437
0.033181
0.03614
0.04633
0.048302
0.05537
0.059314
0.066875
0.068189
0.073778
0.077722
0.083639
0.085447
0.090706
0.094487
0.096623
0.099089
0.101225
0.108293
0.111087
0.11158
0.11158
0.115031
0.115853
0.117496
0.119304
0.117332
0.119797
0.117825
0.120455
0.122098
0.120619
0.124728
0.123906
0.126043
0.126207
0.014445
0.008035
-0.000512
0.003104
0.003268
0.009185
0.011651
0.017732
0.016088
0.015595
0.012801
0.018225
0.013623
0.017732
0.021183
0.018554
0.01691
0.006062
0.003597
0.007706
0.014116
-0.000183
0.000146
0.000146
-0.000183
-0.000183
-1.9e-05
-1.9e-05
0.000146
-0.000183
-0.000347
-0.000347
-0.000347
-0.000512
-0.000183
-0.000347
-0.000512
-1.9e-05
-0.000512
-1.9e-05
-0.000676
-0.000347
-0.000676
-0.000347
-0.000183
-0.000347
-0.000183
-0.000183
-1.9e-05
-0.000183
-0.000183
-0.000347
-0.000512
-0.000512
-0.000676
-0.000676
-0.000183
-0.000512
-1.9e-05
-1.9e-05
-1.9e-05
-0.000183
-0.000183
-0.000512
-0.000183
-0.000347
-0.000183
-0.000183
-0.000183
-0.000183
-1.9e-05
-1.9e-05
-0.000676
-0.000183
-0.000512
-0.000183
-0.000512
-0.000347
-0.000347
0.00031
0.000146
0.000146
0.00031
0.006391
0.018389
0.018882
0.031209
0.035154
0.041892
0.040084
0.039427
0.043865
0.034003
0.000803
0.001954
0.012637
0.018882
0.026936
0.033181
0.046166
0.041892
0.048467
0.04896
0.058657
0.062108
0.066546
0.073613
0.056027
0.051754
0.05652
0.061286
0.06556
0.072134
0.075585
0.078873
0.075914
0.082324
0.08709
0.090049
0.093993
0.09876
0.091364
0.095801
0.096952
0.100403
0.104184
0.108786
0.111908
0.113388
0.11651
0.120126
0.127358
0.127687
0.02447
0.028086
0.036633
0.000474
0.008857
0.012801
0.022005
0.026771
0.031373
0.041728
0.049617
0.053726
0.057835
0.065067
0.07312
0.077886
0.08216
0.085611
0.090542
0.094651
0.000639
0.009514
0.011979
0.023484
0.029401
0.033839
0.042057
0.044522
0.050768
0.062108
0.063259
0.069011
0.077065
0.078873
0.081174
0.046823
0.055205
0.060136
0.066053
0.06934
0.07575
0.00672
0.0105
0.003104
0.017074
0.017403
0.021348
0.029072
0.036962
0.043371
0.04633
0.054712
0.058985
0.065395
0.069176
0.072956
0.0769
0.081502
0.083968
0.089227
0.090378
0.090871
0.097774
0.100732
0.095308
0.093336
0.099089
0.098102
0.097774
0.079859
0.088405
0.087255
0.090378
0.0935
0.093993
0.0935
0.090378
0.083803
0.077065
0.001789
0.000146
0.00031
-1.9e-05
0.001954
0.000146
0.000967
0.002611
0.001954
-0.000676
0.003268
0.004912
0.003761
0.000967
-1.9e-05
0.00294
0.000474
-0.001005
-0.000512
-0.000183
-0.000512
0.000474
0.000146
-1.9e-05
0.007049
0.016417
0.018389
0.025621
0.028579
0.03088
0.03351
0.03729
0.040577
0.041728
0.039591
0.043207
0.045508
0.045344
0.045179
0.013459
0.01954
0.023156
0.022334
0.024142
0.027429
0.032688
0.026443
0.027922
0.021183
0.021019
0.011979
0.00409
0.003597
0.010993
0.012144
0.014445
0.016746
0.001296
0.000639
0.000474
-0.000512
0.000474
-0.001169
0.000474
0.00031
-0.001005
0.006884
0.009843
0.013294
0.017239
0.022169
0.02595
0.029401
0.031538
0.03614
0.044686
0.042878
0.045837
0.04748
0.050603
0.051589
0.054383
0.057506
0.061779
0.063916
0.067532
0.068354
0.072791
0.072463
0.076407
0.075585
0.082982
0.088077
0.08857
0.094158
0.097938
0.015595
0.022005
0.026114
0.037783
0.046001
0.044029
0.052904
0.057999
0.063094
0.067203
0.072463
0.077722
0.081502
0.085611
0.089227
0.094487
0.047809
0.053726
0.03729
0.007213
0.014609
0.023156
0.027922
0.03729
0.04255
0.045837
0.055205
0.058821
0.065888
0.069833
0.074599
0.078708
0.082817
0.085118
0.092021
0.09498
0.098102
0.10254
0.108621
0.1101
0.114538
0.118318
0.11914
0.122263
0.124893
0.126043
0.128837
0.131467
0.117661
0.122592
0.123249
0.125879
0.130645
0.133275
0.133768
0.137712
0.117332
0.004748
0.01576
0.023649
0.027593
0.039427
0.042221
0.050439
0.056191
0.062273
0.068025
0.073284
0.066217
0.069833
0.075421
0.077229
0.080023
0.07953
0.084296
0.08709
0.065724
0.068847
0.070162
0.009185
0.016088
0.025128
0.022334
0.032524
0.037948
0.041235
0.04255
0.046823
0.052411
0.058821
0.058985
0.061944
0.063752
0.067368
0.069504
0.070326
0.072956
0.074764
0.075257
0.077393
0.080516
0.002282
0.008528
0.010993
0.008035
0.01313
0.014445
0.024306
0.032195
0.038276
0.044193
0.049781
0.054712
0.060958
0.067039
0.070162
0.07575
0.081338
0.084461
0.085776
0.086597
0.05389
0.061286
0.061944
0.065067
0.070819
0.075257
0.070819
0.010007
0.016581
0.027593
0.025457
0.007542
0.006391
0.017896
0.012801
0.019047
0.022663
0.033346
0.034989
0.035318
0.036962
0.039098
0.038769
0.035647
0.047973
0.051425
0.056849
0.062273
0.065231
0.067368
0.074271
0.078873
0.083639
0.087255
0.090706
-0.000512
0.009021
0.013623
0.020033
0.027758
0.034496
0.027593
0.003268
0.003926
0.000146
0.000146
-0.001334
0.00031

Kurve 4

0.001789
0.002447
0.000474
0.001625
-0.000512
-0.000676
0.002118
0.00031
-0.005278
-1.9e-05
0.000474
-0.000347
0.000146
-0.001991
-0.001827
0.000967
0.000474
0.002447
0.000639
0.003104
0.002447
0.001132
0.00146
0.001954
-0.001334
-0.001169
0.000803
-0.001005
0.000967
-0.001662
-0.002648
-0.001334
0.002282
-0.000183
-0.007908
-0.001662
0.002118
-0.001334
0.000803
0.001789
-0.000183
0.002447
-0.000676
-0.000183
0.000803
0.000803
0.00146
0.000639
0.000146
0.001789
-0.000841
0.00294
0.00031
0.002775
0.002118
-0.000512
0.00031
-0.003799
-0.001662
-1.9e-05
-0.001827
-0.005771
0.001789
-0.002813
-0.000676
0.001296
0.001789
-0.000676
0.000639
0.003926
0.000146
0.002282
0.000639
0.000803
0.000146
0.001954
0.000146
0.000803
0.00031
0.000639
0.000474
0.00031
0.000474
0.00031
0.000803
0.001132
0.000639
-0.000841
0.000803
0.000474
0.002447
-0.000676
-0.000183
-0.001991
0.000803
-0.002484
-0.001498
-1.9e-05
0.002282
-0.001005
-0.000841
0.000639
0.001132
-0.001498
-0.000347
0.00146
-0.000512
-0.003142
-0.004128
0.00294
-0.003799
-0.003306
-0.000183
-0.003306
-0.003799
-0.00347
-0.003963
-0.004128
-0.000347
0.002118
-0.001662
0.003761
0.001954
-0.000512
0.000474
-0.000347
-1.9e-05
0.000474
0.002118
0.000146
0.00294
0.000474
-0.001498
0.001296
-0.000512
0.000639
-0.001005
0.002118
-0.001005
0.001954
0.000639
0.001954
0.000146
0.001296
0.001132
0.002118
-0.002648
-0.001334
-0.001169
0.000146
0.000803
-0.001991
0.001296
0.004912
0.003268
0.001954
0.001954
0.002447
0.002118
0.00294
0.005076
-0.001005
0.001789
0.001789
0.005405
-0.001498
0.001625
0.003433
0.001132
0.006062
0.003597
0.008857
0.005569
0.005076
0.009514
0.009678
0.009843
0.008363
0.013952
0.011158
0.008692
0.012144
0.011158
0.010993
0.010007
0.015595
0.013952
0.012308
0.014773
0.016088
0.016746
0.005405
0.00935
0.003926
0.008857
0.006884
0.009021
0.00935
-0.000841
-0.000183
0.001132
0.003761
0.001789
0.004419
0.003597
0.005405
0.001296
0.010171
0.008857
0.009678
0.013294
0.006227
0.004912
0.006062
0.006227
0.005241
0.003268
0.007049
0.008363
0.008035
0.001132
0.003597
0.005569
0.003268
0.008035
0.004419
0.008363
0.00146
0.00146
-0.001827
-0.000347
0.000967
-0.000512
0.003104
-0.001827
-0.002155
0.000474
0.001954
-0.001005
0.00409
0.004583
0.001132
0.002775
0.003268
0.002118
0.004583
0.003433
0.004912
0.00146
0.006062
0.005734
0.005569
0.004748
0.002447
0.005076
0.004255
0.004255
0.000803
0.004583
0.002118
0.006062
0.003104
0.002282
0.003926
0.002611
0.008363
0.003104
0.00294
0.003761
0.003926
0.003268
0.005569
0.006556
0.001132
0.005405
0.005898
0.00409
0.008692
0.005241
0.006227
0.002118
0.004912
0.006227
0.005405
-0.000347
0.002118
0.00146
-0.000676
0.007377
-0.001498
0.002775
0.000146
0.003268
-0.000676
0.002611
-0.001005
0.00031
0.002447
-0.001827
-0.006429
-0.001498
0.000146
0.000146
-1.9e-05
0.00031
-0.002813
-0.003142
0.00031
-0.000841
-0.001498
-0.003142
-0.0061
-0.005607
-0.006593
-0.005771
-0.001662
-0.001991
-0.004456
-0.001827
-0.002155
-0.000841
-0.006593
-0.001498
-0.004785
-0.004621
-0.002648
-0.004128
-0.002484
-0.004128
-0.00347
-0.002648
-0.00232
-0.004456
-0.003635
-0.004621
-0.004292
-0.00232
-0.008565
-0.00232
-0.005771
-0.003142
-0.004292
-0.003799
-0.005114
-0.005607
-0.002155
-0.006429
-0.004785
-0.005771
-0.005443
-0.003142
-0.003306
-1.9e-05
-0.003963
-0.001334
-0.001991
-0.00232
-0.004292
-0.004128
-0.004456
-0.00347
-0.001334
-0.000512
0.005898
0.000474
0.001296
0.000967
0.000474
-0.00232
0.000146
-0.003635
-0.001169
-0.002155
-0.002484
-0.001662
-1.9e-05
-0.002648
0.002611
-0.001662
-0.002155
-0.001169
-0.000676
-1.9e-05
-0.001334
0.001132
-0.002977
-0.000512
-0.002155
-0.004621
-0.002155
-0.001498
-0.00347
-0.001662
-0.003963
-0.002813
-0.001498
-0.002648
-0.002155
-0.000512
0.000967
-0.001662
-0.002484
-0.002648
0.000146
-1.9e-05
-0.001498
-0.001827
-0.001334
-0.004785
-0.002813
0.003433
-0.000183
0.000803
-1.9e-05
0.002447
0.00146
-0.000676
-0.001005
-0.000676
-0.001334
-1.9e-05
-0.00873
-0.001662
0.000639
-0.001991
-0.001005
-0.001662
-0.001005
-0.000512
-0.000512
-0.001662
0.000474
0.00409
0.000474
0.000803
0.001132
-0.001991
0.000474
-0.001005
-0.000512
-0.002484
-1.9e-05
-0.000347
0.000146
-0.000512
-0.000512
-0.000676
0.000803
-0.001334
-0.000841
0.001132
-0.001662
-0.004621
-0.000183
-0.001991
-0.002813
-0.000676
-0.003635
-0.000512
0.001296
-0.002648
-0.000512
-0.002484
0.000967
0.000146
-0.000676
-0.001991
0.000639
0.001789
0.001954
-0.001005
0.002447
0.002775
0.000639
-0.005114
-0.002484
0.000639
-0.001662
0.000146
-1.9e-05
-1.9e-05
-0.001005
0.001296
0.000146
0.001625
-0.001334
0.004748
0.000474
0.00031
0.001789
0.001132
0.000146
0.000803
-0.000512
0.000967
0.002447
-0.000183
0.00146
-0.001005
0.002118
0.000474
0.001132
0.00672
0.001296
-0.00232
0.001132
0.00146
0.003104
-0.000512
0.002611
-0.003963
-0.001498
-1.9e-05
-0.001991
0.000803
-0.002155
-0.001334
0.00294
0.002775
-0.000512
0.003104
-0.001991
-0.001991
0.001954
0.002447
0.002118
0.000639
0.003104
0.000803
0.002447
0.000146
0.001132
0.00031
0.000967
0.000639
0.002611
-0.000676
0.002611
0.003104
0.002447
0.005241
-1.9e-05
0.005734
0.000146
0.000967
0.000146
0.001625
-1.9e-05
0.003761
0.000803
0.001132
-0.000512
0.001296
-0.001662
0.002775
0.003433
0.002611
0.004583
0.000474
0.002775
0.003433
0.001789
-0.001334
0.003926
-0.005607
0.002282
0.001296
0.000146
0.00031
0.003104
0.002775
0.005405
0.004748
0.003761
0.003597
-0.002648
0.001132
0.000474
0.000639
0.000146
-0.000841
0.000146
-1.9e-05
-0.002155
-0.000676
-0.001498
-0.001662
-0.001169
0.00031
-0.001169
0.002118
0.003104
-0.000512
-0.000347
-0.000183
0.00031
0.000146
0.000639
-0.002155
-0.000347
-0.000183
0.002775
0.000967
-0.001169
-0.001991
-0.000183
0.00146
0.001296
0.000146
-0.000841
0.00031
-0.001498
0.001132
-0.000512
0.000803
-0.002648
0.001296
-0.000347
-0.000676
0.000146
0.004419
0.00031
0.001296
0.000803
0.000803
0.00146
0.003104
0.006391
0.004583
0.003268
0.001132
0.002118
0.000474
0.000967
-0.000183
0.000967
0.000474
-1.9e-05
0.002282
0.00146
0.002447
0.001625
0.007049
-0.001827
-0.000841
0.000639
0.000639
0.00146
-0.001827
-0.000676
-0.001662
-0.000183
0.000639
0.00031
0.000146
-0.001005
-0.001827
0.000639
-0.00232
0.000146
-0.001991
0.002775
-0.000841
-0.000347
-0.001169
-0.000347
-0.000841
0.00031
-0.000512
0.000803
-0.000676
-0.001991
-1.9e-05
-0.001991
0.000967
0.001954
0.003433
-0.003306
0.000967
0.000146
-0.000676
0.00146
0.000803
-0.002484
0.001789
-0.001498
-1.9e-05
0.000803
-0.001169
0.001132
-1.9e-05
-0.000183
0.000639
0.002447
-1.9e-05
0.000639
-0.000512
0.001625
0.002118
0.000474
-0.001498
-0.000841
0.000803
-0.001498
0.001954
0.00294
0.000803
-1.9e-05
0.00031
0.000146
0.000803
0.001132
0.001789
-0.00232
0.000146
0.001296
-0.001334
-0.001005
-0.000512
0.000803
0.000639
-0.002648
-0.001498
0.000967
-0.000512
0.000474
-0.001334
0.001954
0.000803
0.004419
-0.000512
-0.000183
-0.000676
-0.001005
0.001132
-0.001005
-0.000676
-0.000676
0.002775
-0.004128
0.000803
-0.000676
-0.000347
-0.001498
0.000639
-0.000183
0.000967
-0.000512
0.001625
0.001789
0.001789
0.006556
0.012965
0.019047
0.026771
0.034003
0.039263
0.048302
0.045672
0.05652
0.061944
0.066217
0.071312
0.07953
0.08331
0.088734
0.09235
0.095966
0.100075
0.103691
0.105005
0.111744
0.114209
0.117332
0.123249
0.122098
0.126043
0.131302
0.13459
0.13574
0.139356
0.141164
0.14215
0.145602
0.145766
0.14856
0.148889
0.151683
0.153326
0.156285
0.15497
0.159572
0.160394
0.160722
0.161215
0.165653
0.164831
0.168447
0.164996
0.169598
0.172227
0.17157
0.175021
0.175515
0.176336
0.173378
0.179623
0.178473
0.177487
0.176665
0.180445
0.17913
0.180938
0.183404
0.185869
0.185869
0.185212
0.188663
0.187677
0.187019
0.187513
0.189485
0.188992
0.188827
0.189978
0.191293
0.188006
0.190964
0.191621
0.189978
0.191128
0.193101
0.192936
0.192936
0.193594
0.194251
0.192608
0.196223
0.193101
0.193758
0.195895
0.19195
0.19458
0.192936
0.180774
0.181924
0.183568
0.184061
0.186033
0.18439
0.187841
0.192608
0.185047
0.187513
0.188827
0.18817
0.187677
0.191621
0.18817
0.189485
0.188334
0.189814
0.184883
0.187184
0.19195
0.193101
0.193101
0.196059
0.195895
0.189978
0.196552
0.195237
0.197703
0.186526
0.195073
0.19458
0.196059
0.19458
0.193265
0.192772
0.195237
0.196223
0.197703
0.198524
0.196552
0.197867
0.196552
0.199182
0.197045
0.198524
0.197867
0.197045
0.197538
0.200004
0.197374
0.195895
0.198031
0.201647
0.199346
0.199346
0.198031
0.199511
0.199839
0.19836
0.20099
0.197867
0.20099
0.199511
0.198853
0.197867
0.198031
0.196223
0.19836
0.19573
0.198031
0.201154
0.199675
0.200661
0.200168
0.201154
0.199675
0.203126
0.201483
0.204441
0.199675
0.200825
0.20099
0.201154
0.196552
0.201483
0.203291
0.20099
0.201154
0.19836
0.20214
0.199182
0.20214
0.201483
0.201647
0.200661
0.203784
0.200825
0.200004
0.199018
0.200332
0.198031
0.197867
0.201976
0.20099
0.201483
0.201647
0.202305
0.201812
0.201647
0.199182
0.201812
0.201154
0.201976
0.203291
0.199675
0.201647
0.19836
0.201483
0.196881
0.189485
0.187348
0.187348
0.179623
0.177487
0.176829
0.178802
0.176829
0.176172
0.169105
0.165653
0.1576
0.153655
0.13952
0.131302
0.128015
0.128837
0.133603
0.130152
0.137055
0.136233
0.140342
0.141821
0.146095
0.146916
0.152505
0.150697
0.154148
0.156778
0.156778
0.159408
0.158093
0.158914
0.160558
0.16401
0.16516
0.169433
0.167132
0.170091
0.170748
0.173378
0.172063
0.176829
0.176665
0.174528
0.176994
0.178637
0.178637
0.178637
0.179459
0.182253
0.182089
0.181267
0.185869
0.181596
0.18554
0.181103
0.186526
0.187019
0.187348
0.189156
0.190635
0.190142
0.188499
0.190142
0.188827
0.189485
0.186362
0.189978
0.189814
0.189978
0.190142
0.192608
0.194087
0.193265
0.192936
0.194744
0.194416
0.195566
0.195073
0.194744
0.19573
0.193922
0.194744
0.194251
0.19458
0.191457
0.191293
0.183568
0.177651
0.176665
0.175679
0.170584
0.170748
0.162366
0.155792
0.149053
0.142314
0.136726
0.128015
0.123906
0.046987
0.039756
0.039098
0.036797
0.032853
0.013952
0.007213
0.01313
0.013952
0.015102
0.015266
0.015266
0.016088
0.014773
0.018225
0.014609
0.011486
0.003926
0.006391
-0.001169
0.00409
0.00409
0.004583
0.00146
0.002282
0.007049
0.001625
0.005241
0.005569
0.005241
0.007213
0.009843
0.011979
0.012637
0.01313
0.016253
0.016417
0.016253
0.01428
0.016253
0.019868
0.015595
0.012965
0.009514
0.008035
0.006391
0.005734
0.003597
0.00409
0.002775
0.00409
0.003761
0.001789
0.002447
0.00409
0.002118
-0.001827
0.002447
0.000967
0.002775
0.002611
0.003268
-1.9e-05
0.001789
0.00146
0.001789
-0.000347
0.00294
0.001296
0.000967
-0.000183
0.00146
-0.000183
-0.002977
0.000967
0.000639
0.00031
0.000803
0.003597
-0.000512
-0.001169
0.001296
0.000146
-0.000512
0.007213
-0.000347
-0.000512
-0.000347
0.000474
-0.000183
0.000146
-0.001169
-1.9e-05
-0.000183
0.00031
0.000146
-1.9e-05
0.00031
-0.000347
-0.000183
-0.000183
-0.000183
-0.001005
0.000146
-0.000841
-0.001005
-0.005607
0.000474
-0.001334
-1.9e-05
-0.000183
-1.9e-05
0.001296
-0.000512
0.001132
-0.000183
-1.9e-05
0.000639
0.00031
-0.001334
0.000146
-0.000512
0.000146
-0.000183
0.00031
0.001296
-0.000676
0.000474
-1.9e-05
-0.000183
0.000146
0.006884
0.006062
0.011815
0.017074
0.025621
0.033017
0.037619
0.044686
0.051754
0.050932
0.059643
0.067039
0.067532
0.076736
0.079037
0.085118
0.08857
0.095144
0.098102
0.10254
0.107142
0.110922
0.114209
0.117168
0.119797
0.124728
0.124893
0.126536
0.132617
0.132453
0.136398
0.140835
0.141
0.143301
0.146259
0.147409
0.152176
0.150368
0.157928
0.155134
0.156778
0.159736
0.159572
0.161215
0.160722
0.164503
0.162366
0.166311
0.166804
0.16894
0.169433
0.173542
0.171734
0.176665
0.176172
0.176336
0.176336
0.177322
0.179952
0.176829
0.178966
0.180774
0.18176
0.177651
0.184554
0.179952
0.180774
0.183568
0.186198
0.187348
0.188663
0.189978
0.190635
0.189978
0.187184
0.191128
0.19195
0.192936
0.190307
0.193101
0.190635
0.193101
0.192443
0.194251
0.193265
0.194744
0.062108
0.01576
-0.001662
0.001789
-0.000512
-0.000512
-1.9e-05
-0.000512
-1.9e-05
-0.000347
-0.000347
-0.000512
-0.000183
-0.000183
0.006884
0.015595
0.022827
0.02973
0.038769
0.044193
0.051425
0.055698
0.059478
0.068682
0.071148
0.0769
0.081009
0.084461
0.088734
0.09498
0.097938
0.101554
0.105005
0.112894
0.117003
0.118154
0.122592
0.126372
0.129495
0.1267
0.13311
0.13459
0.139685
0.141657
0.143794
0.143958
0.148067
0.14856
0.151847
0.153162
0.155299
0.159243
0.15875
0.1576
0.164503
0.16779
0.162366
0.169762
0.167132
0.171734
0.169926
0.171077
0.172392
0.174693
0.172885
0.176336
0.173542
0.178637
0.178637
0.179295
0.180938
0.18061
0.183568
0.182253
0.183897
0.181267
0.181924
0.185869
0.182746
0.182911
0.186691
0.185869
0.186526
0.188334
0.189156
0.190142
0.189814
0.189156
0.192115
0.193265
0.1908
0.191786
0.192443
0.192115
0.193594
0.194744
0.192115
0.196388
0.192936
0.193101
0.195566
0.195402
0.197374
0.195402
0.19721
0.200497
0.198853
0.19573
0.20099
0.198031
0.20099
0.195237
0.197374
0.197538
0.197538
0.199346
0.200332
0.200004
0.196059
0.197867
0.199346
0.199182
0.196059
0.199346
0.19836
0.197867
0.196717
0.201647
0.200004
0.199182
0.196717
0.199511
0.197703
0.197374
0.199182
0.199018
0.200004
0.19836
0.200332
0.197703
0.198031
0.199018
0.201483
0.202962
0.201976
0.199182
0.199675
0.200497
0.19836
0.197538
0.19721
0.201647
0.198031
0.200497
0.192936
0.198031
0.200332
0.204934
0.201647
0.202798
0.200497
0.199346
0.202305
0.199182
0.199675
0.193922
0.197867
0.197703
0.200004
0.199018
0.20214
0.200661
0.200497
0.201647
0.202469
0.201154
0.200497
0.200661
0.203126
0.199018
0.199182
0.19458
0.197538
0.196552
0.198853
0.20099
0.197867
0.200825
0.198689
0.199182
0.199018
0.199346
0.198689
0.200332
0.196717
0.202469
0.200004
0.194087
0.197703
0.195402
0.194744
0.196881
0.194416
0.19721
0.197703
0.193758
0.196059
0.199511
0.195237
0.19721
0.199346
0.19573
0.196717
0.195895
0.19573
0.200168
0.192443
0.192936
0.193594
0.19458
0.196059
0.198031
0.195895
0.198524
0.195895
0.199018
0.196881
0.197045
0.19836
0.197374
0.197374
0.19573
0.199018
0.198031
0.198524
0.198524
0.199018
0.197045
0.199182
0.198031
0.200004
0.198853
0.199675
0.201647
0.201319
0.200497
0.201319
0.202305
0.199839
0.199018
0.199511
0.199675
0.199511
0.200497
0.196717
0.200332
0.199182
0.200497
0.19836
0.200168
0.198196
0.199346
0.197703
0.200004
0.196717
0.19721
0.195566
0.19573
0.198031
0.198524
0.199675
0.19721
0.200332
0.19836
0.198524
0.197045
0.196552
0.19721
0.196717
0.196388
0.198196
0.199018
0.197538
0.20099
0.197867
0.199839
0.198031
0.199182
0.197374
0.198689
0.198524
0.19721
0.19836
0.197538
0.197374
0.198853
0.197045
0.197045
0.20099
0.197045
0.200497
0.19836
0.199675
0.198524
0.198524
0.197045
0.199675
0.199182
0.199182
0.198196
0.19836
0.197374
0.19836
0.197703
0.196881
0.204113
0.200168
0.205263
0.197867
0.200168
0.201647
0.200825
0.193922
0.200004
0.196223
0.19458
0.194744
0.19721
0.197538
0.195895
0.19721
0.197867
0.199346
0.197045
0.199839
0.198853
0.198031
0.19836
0.198196
0.19721
0.198853
0.196388
0.197374
0.197703
0.196717
0.197703
0.195895
0.196552
0.194087
0.199511
0.197045
0.199018
0.198689
0.200168
0.197703
0.197703
0.196388
0.197867
0.197374
0.196388
0.198031
0.197538
0.198689
0.198853
0.20214
0.199018
0.199839
0.197045
0.197538
0.196717
0.19836
0.198524
0.20214
0.197538
0.199018
0.200497
0.196717
0.194251
0.197867
0.198853
0.197374
0.197045
0.199346
0.201647
0.199182
0.200825
0.198524
0.199182
0.198853
0.197867
0.201647
0.199018
0.19836
0.200004
0.200661
0.200661
0.202305
0.201154
0.200332
0.199018
0.20099
0.199675
0.201319
0.200661
0.201483
0.201812
0.200168
0.199346
0.204277
0.19573
0.197867
0.198031
0.196717
0.20099
0.196881
0.197538
0.197703
0.199511
0.198031
0.196059
0.199511
0.200661
0.201812
0.199839
0.198196
0.200825
0.199018
0.199182
0.200497
0.196223
0.194744
0.195402
0.198853
0.197867
0.196717
0.197867
0.203291
0.198031
0.200661
0.200004
0.196223
0.186362
0.166639
0.169762
0.16894
0.171734
0.172392
0.176665
0.175679
0.176008
0.171734
0.17535
0.173214
0.17272
0.1742
0.176172
0.176008
0.177322
0.177322
0.176172
0.178309
0.14593
0.036962
0.036633
0.04107
0.047152
0.05537
0.058328
0.067696
0.068189
0.074106
0.079366
0.083475
0.087748
0.091035
0.093829
0.0769
0.083968
0.061122
0.015102
0.007213
0.013952
0.003104
0.006884
0.003104
0.003433
0.004583
0.011322
0.018718
0.024964
0.033181
0.037783
0.044358
0.053233
0.05652
0.063423
0.068354
0.069833
0.078708
0.080845
0.085447
0.08972
0.094487
0.100568
0.102047
0.107799
0.110758
0.116017
0.117332
0.120619
0.12177
0.125221
0.127358
0.13311
0.130974
0.139027
0.138699
0.140013
0.140506
0.144944
0.147574
0.150532
0.151025
0.15497
0.155299
0.153819
0.157764
0.159901
0.162037
0.162859
0.164174
0.162695
0.168447
0.165489
0.167297
0.170255
0.171406
0.1742
0.176501
0.175186
0.178309
0.177815
0.176829
0.181267
0.180116
0.181431
0.181924
0.179952
0.178802
0.181431
0.181596
0.184883
0.183404
0.184554
0.185705
0.188006
0.187348
0.188334
0.189814
0.191621
0.188992
0.190142
0.191128
0.192115
0.19573
0.188663
0.191786
0.190307
0.1908
0.192115
0.196881
0.193429
0.195073
0.195237
0.19458
0.193429
0.191786
0.193265
0.191786
0.19458
0.192608
0.191293
0.193594
0.196881
0.194087
0.19573
0.19573
0.194744
0.198031
0.196881
0.197538
0.19721
0.199675
0.195895
0.199346
0.196881
0.198196
0.196552
0.194744
0.194744
0.197538
0.195895
0.19573
0.198524
0.19721
0.199018
0.197045
0.199182
0.198196
0.198689
0.197703
0.198031
0.19721
0.199675
0.199018
0.198853
0.196059
0.19836
0.196388
0.197374
0.199018
0.194087
0.197703
0.198689
0.19721
0.199346
0.200332
0.196388
0.196388
0.195566
0.196388
0.195895
0.196881
0.197045
0.197374
0.195402
0.197374
0.196552
0.197374
0.195237
0.197538
0.19458
0.189156
0.193265
0.187513
0.187677
0.184061
0.182253
0.180116
0.174035
0.170419
0.168612
0.163681
0.158093
0.153655
0.147903
0.143629
0.134261
0.123742
0.03729
0.002611
0.000967
0.004419
0.003433
-0.000347
0.001954
0.000639
-0.002484
0.001132
-1.9e-05
-0.00232
0.000474
-1.9e-05
0.000967
-0.000183
-1.9e-05
-0.000183
-1.9e-05
-0.000183
-1.9e-05
-0.000183
-0.000183
-0.000347
-0.000512
-0.000347
-0.000183
-0.000347
-0.000183
-1.9e-05
-0.000183
-0.000183
-0.000183
-0.000183
-0.000347
0.001625
0.00672
0.002447
0.000474
-1.9e-05
-0.000512
0.000146
0.000146
-0.000183
-0.000347
-0.000347
-0.000347
0.002118
-0.000183
-1.9e-05
-1.9e-05
-1.9e-05
-0.000183
0.000146
-0.000347
-0.000347
-1.9e-05
-0.000183
0.005241
-1.9e-05
-1.9e-05
0.000146
-0.000183
0.000146
0.002447
-1.9e-05
-0.000512
-0.000347
-0.000512
-0.000841
-0.000841
0.00146
-0.000183
-1.9e-05
0.000146
-1.9e-05
-0.000676
-0.000183
-0.000676
-0.001498
-0.003635
-0.000676
-1.9e-05
-1.9e-05
0.000146
-0.000512
0.000146
-0.000347
0.000803
-0.000183
0.00031
-0.000347
-0.000512
-0.000183
0.000146
-0.000676
-0.000347
-1.9e-05
-0.000676
-0.000347
-0.000183
-0.000347
-0.000183
-1.9e-05
-0.000512
0.000474
-0.000183
0.000146
0.000146
-1.9e-05
-0.000512
-0.000347
-0.000183
-0.000347
-0.000841
-0.000183
-0.000183
-0.001169
0.001789
0.000474
-1.9e-05
0.000803
0.001132
-0.000841
0.001625
-0.001498
0.002775
0.004583
0.008035
0.015102
0.018061
0.02595
0.032031
0.038934
0.043371
0.050439
0.057999
0.061122
0.069011
0.074928
0.078215
0.081831
0.087419
0.090706
0.095144
0.100075
0.105334
0.106485
0.110265
0.113223
0.115853
0.118154
0.122592
0.126372
0.126207
0.129001
0.132782
0.138205
0.140506
0.143136
0.142972
0.146916
0.14593
0.146752
0.148231
0.151683
0.152505
0.151847
0.152011
0.156449
0.152998
0.154312
0.156285
0.157107
0.159243
0.157928
0.16516
0.16138
0.162366
0.169926
0.167132
0.165817
0.166804
0.169762
0.171406
0.170419
0.171734
0.174693
0.176008
0.17798
0.17535
0.176665
0.178309
0.178144
0.177815
0.18061
0.179295
0.181431
0.181924
0.182911
0.180774
0.183239
0.184718
0.182911
0.183239
0.180445
0.189649
0.185869
0.184883
0.189156
0.189156
0.187677
0.190307
0.189978
0.191457
0.190142
0.190142
0.189814
0.190471
0.189156
0.189485
0.193922
0.191457
0.193265
0.194087
0.191293
0.191293
0.193265
0.189156
0.195402
0.192443
0.195237
0.194744
0.192936
0.194909
0.196552
0.191457
0.193758
0.193265
0.192772
0.194251
0.189978
0.194744
0.192115
0.193594
0.192936
0.194087
0.193101
0.192443
0.192772
0.192115
0.192443
0.189156
0.194909
0.191621
0.188827
0.189156
0.194087
0.192115
0.189649
0.191457
0.194087
0.191293
0.193758
0.193922
0.197045
0.19721
0.192115
0.192279
0.190142
0.190307
0.191293
0.188992
0.18932
0.191786
0.189485
0.185705
0.176008
0.175021
0.175021
0.17535
0.17535
0.176665
0.177487
0.176994
0.178966
0.179295
0.178144
0.177815
0.17798
0.178309
0.176172
0.179459
0.178637
0.177487
0.181267
0.182417
0.183075
0.001625
0.009021
0.019211
0.027593
0.032853
0.029566
0.016088
0.019211
0.028415
0.036797
0.043865
0.047645
0.054876
0.0603
0.061615
0.069504
0.076243
0.076243
0.081667
0.074599
0.040742
0.04896
0.048302
0.051261
0.056849
0.063259
0.059972
-0.000183
-1.9e-05
-0.000841
0.006227
0.015431
0.019704
0.0271
0.031373
0.039591
0.044686
0.0437
0.010171
0.019211
0.024635
0.030552
0.033674
0.030223
0.036962
0.039591
0.037126
0.028579
-0.000841
-0.001005
0.000146
-0.000183
-1.9e-05
0.000146
-1.9e-05
-0.000183
-0.001005
-1.9e-05
0.000967
-0.001005
-1.9e-05
0.000803
0.000146
0.000967
0.00031
0.00031
-0.000676
0.004419
0.004912
0.006391
0.012965
0.015431
0.020033
0.01954
0.018061
0.020197
0.022498
0.025292
0.031867
0.028744
0.021183
0.031209
0.03088
0.035647
0.036962
0.036633
0.002611
0.012965
0.017074
0.024635
-0.000183
0.006884
0.012144
0.01954
0.024635
0.031867
0.037455
0.043536
0.047973
0.055041
0.060465
0.06556
0.068189
0.074106
0.079366
0.078215
0.085611
0.086104
0.093993
0.100075
0.102869
0.104019
0.111087
0.108457
0.112237
0.116182
0.118811
0.121112
0.122098
0.123249
0.125057
0.13196
0.130316
0.136562
0.139849
0.140671
0.140342
0.146752
0.143465
0.150039
0.149053
0.149382
0.15119
0.151354
0.156285
0.155134
0.158914
0.156778
0.159901
0.159736
0.16401
0.162366
0.164503
0.16516
0.167132
0.166804
0.169269
0.170748
0.169926
0.170584
0.170913
0.173542
0.171406
0.173707
0.174693
0.176665
0.177815
0.177322
0.17798
0.178309
0.179623
0.179623
0.178966
0.182746
0.179623
0.182911
0.183075
0.180116
0.185705
0.182253
0.185376
0.18554
0.188827
0.187184
0.188334
0.186691
0.187513
0.189649
0.190964
0.188663
0.189485
0.187513
0.191128
0.189978
0.190964
0.190471
0.188499
0.192443
0.19195
0.19195
0.189485
0.194744
0.192772
0.193758
0.193429
0.192936
0.193265
0.191621
0.19458
0.193594
0.193265
0.192279
0.192936
0.19195
0.194251
0.193429
0.193429
0.195073
0.199346
0.196552
0.196552
0.197374
0.193594
0.195237
0.19458
0.195237
0.19195
0.193594
0.196059
0.193922
0.194416
0.196552
0.199346
0.196059
0.192936
0.194744
0.192443
0.196717
0.196717
0.196717
0.195566
0.19721
0.195237
0.196552
0.198031
0.195073
0.199182
0.196881
0.19836
0.197374
0.200004
0.199018
0.202305
0.200168
0.199018
0.199346
0.200004
0.200168
0.197374
0.19836
0.196552
0.198524
0.194909
0.200332
0.197374
0.198689
0.198196
0.195895
0.197045
0.200004
0.197703
