Ladekurvenmessung

Zeit: 2018_05_04 09.59.26

Info: FVA3, v = 1.05, T = 23, F = 20, h = 587.3

Ladewiderstand[Ohm]: 1012700

Störkapazität[pF]: 0.000000

Entladezeit[ms]: 200

Abtastrate[Hz]: 250000

Anzahl der Messwerte: 2500.000000

Verzögerung[ms]: 3

Ladespannung[V]: 0.200000


Kurve 1

-0.000676
0.004912
0.004583
0.003433
-0.002155
-0.002977
-0.000512
0.000146
-0.000512
0.00294
0.002447
0.002118
0.00294
0.002447
0.004583
-0.000512
-0.003142
0.000474
0.000803
0.000146
0.001132
-0.000841
-0.000183
-0.002155
0.002118
-0.001662
0.00294
0.000474
0.001296
0.001789
0.001954
0.002282
-0.000841
0.001296
0.002118
0.00146
0.001954
0.002282
-0.001662
0.000967
-0.003306
-0.001827
-0.001498
0.000474
0.00146
0.000967
0.002282
0.002282
0.003104
0.000639
0.001132
0.002118
0.00031
0.001625
0.001789
-0.003799
-0.000841
-0.001334
-0.001169
-1.9e-05
-0.001169
0.003926
0.000803
0.001789
0.002118
0.002447
-0.001991
0.005569
0.001789
0.001789
0.001132
0.002447
-0.000841
-0.003635
0.001625
-0.001005
0.002611
0.003597
0.001296
0.00294
0.001954
0.002118
0.000967
0.001132
0.001954
-0.000676
0.002282
0.000967
-0.00232
-0.002155
-0.000183
0.001625
-0.001169
0.004748
-0.000347
0.001132
0.000967
0.002118
0.00146
0.003268
0.002611
0.004912
0.00409
0.001625
0.007213
0.003926
-0.001169
-0.000512
0.001625
-1.9e-05
-0.000347
0.001296
0.003926
0.002611
0.002775
0.00146
0.003104
0.004912
0.007213
0.003268
0.00146
0.002447
0.001954
0.00294
0.00146
0.001296
0.003104
0.002775
-0.000183
0.004748
-0.002648
0.001789
0.001132
0.003926
0.002447
0.002775
0.000803
0.002282
0.002611
-0.004128
0.000967
0.00031
0.002118
-0.001005
0.002611
-0.000347
0.003268
0.002118
0.00031
0.001296
0.002447
0.001954
0.00294
0.000803
-0.001498
0.005734
0.005405
0.00409
0.002447
0.00294
0.000967
0.002118
-0.002648
0.000474
0.003268
-0.001991
0.005076
0.003104
0.004583
0.002282
-0.001498
0.001954
0.002447
-0.001005
0.001625
-0.001498
0.000474
0.002282
0.000967
0.000639
0.001296
0.00146
0.001789
0.00031
0.00031
0.000639
-0.000183
-0.000512
-0.002648
0.00409
-0.00232
0.003926
0.003597
0.001625
0.000967
0.000967
0.001132
0.00294
0.003104
0.002611
0.001625
0.000146
0.005405
0.00146
0.000639
-0.001498
0.003761
0.001132
0.004583
0.005241
0.006391
0.004419
0.00294
0.002775
0.004419
0.001625
0.003926
0.002775
0.000146
-1.9e-05
0.002447
0.002282
0.001132
0.003104
0.004583
0.004255
0.00146
0.004419
0.003104
0.003597
0.003926
0.00294
0.003597
0.001296
0.001132
-0.003963
0.003926
-0.001498
0.00294
0.001789
0.001296
0.005569
0.005076
0.006884
0.002775
-0.000512
-0.000347
0.001954
-0.001334
0.001954
-0.001169
-0.001005
-0.000512
0.00294
-0.000512
-0.000512
-0.005936
-0.001991
-0.001827
-0.001662
-0.003963
-0.001498
-0.000183
-0.004456
0.002447
-0.001662
0.000146
-0.00347
-0.002155
-0.004785
-0.006922
-0.005607
-0.003963
-0.002648
0.002775
0.001296
0.000639
-0.001991
-0.001991
-0.002155
-0.003306
-0.003635
-0.004949
-0.001827
-0.003142
-0.004456
-0.000676
-0.002484
-0.007579
-0.005771
-0.004621
-0.004621
-0.00347
-0.002813
-0.001334
-0.004292
-0.000183
-0.002484
-0.001005
-0.001662
-0.001169
-0.001005
-0.000676
-0.004621
0.000803
-0.002977
0.002447
-0.000841
-0.001334
0.004748
-0.002484
-0.000841
-0.002155
0.000967
-0.002484
-0.000676
0.003104
-0.000183
-0.003142
-0.000512
-0.002648
0.001296
0.000967
0.002447
0.003761
-0.000676
0.001625
-0.001334
-0.000512
-0.002484
0.002447
0.00146
0.001296
0.000474
0.001954
-0.001827
-0.003799
-0.004128
-0.002813
-0.004456
-0.001991
0.001132
0.000146
0.000803
-0.000347
-0.00232
-0.003799
-0.003963
-0.001662
0.000639
-0.001334
0.002447
0.001954
-0.005114
0.000146
0.000967
-0.00232
0.001296
0.000146
-0.00347
-0.001991
-0.005607
-0.002155
0.001296
-0.001498
0.001132
0.002282
0.000146
0.001954
0.001296
-0.002155
-0.001827
0.000474
0.00031
-0.001334
-0.002484
-0.000841
0.000639
-0.001005
-0.000347
-0.002155
0.003597
0.001954
0.000146
0.003926
-0.001991
-0.003635
-0.001005
0.00031
-0.002484
0.000474
-0.00347
-0.00232
-0.000512
0.001132
-0.001498
-0.001005
-0.001662
-0.000676
0.001296
0.001132
0.004419
-0.000841
0.000967
-1.9e-05
0.001954
-0.000512
-0.000347
0.000639
-0.001005
-0.001005
0.001789
0.002611
-0.003799
-0.000512
0.000639
0.00031
-0.000183
0.001132
-0.001498
0.004583
-1.9e-05
0.00294
0.002447
-0.001334
0.000803
0.001954
-0.000512
0.000803
-1.9e-05
-0.003306
0.00294
-0.004456
0.002775
-0.0061
-0.00232
0.000639
0.000474
-0.002484
0.001954
0.00146
-1.9e-05
0.003433
-0.000347
0.000803
-0.010702
-0.000841
-0.000512
0.00146
-0.001169
0.001789
0.001296
-0.001005
0.000639
0.00409
0.000146
-0.0061
-0.000676
0.001132
0.002118
-0.001827
0.00031
0.003761
-0.002484
0.000474
0.004255
-0.001991
0.000146
-0.002484
0.001132
-0.000183
-0.001662
0.001132
0.001296
-0.006593
0.002775
0.00031
0.000146
0.001789
-0.002484
-0.003306
0.001132
0.001954
-0.005607
-0.000841
-0.006922
-0.001334
-0.003306
-0.001498
0.000146
-0.000841
0.002611
0.000474
0.001789
0.002118
0.000639
-0.002484
0.000474
0.000639
0.000967
-0.001498
-1.9e-05
-0.001498
-0.001991
-0.000347
-0.002977
0.000474
-0.001662
0.000967
0.000474
-0.000183
0.001296
-0.001662
0.001625
0.001954
-0.001334
0.000639
-0.001334
-0.003799
-0.001827
-0.002813
-0.00232
-0.004456
-0.004456
-0.002155
-0.001498
-0.002155
0.002118
-0.001662
0.001296
-0.000183
0.004748
0.001954
0.005734
0.00146
-0.000676
-0.004128
-0.002155
-0.003963
-0.003306
-0.000512
-0.001498
-0.004128
-0.002155
0.002611
-0.001498
0.002775
-0.000676
0.000146
0.000639
-0.001005
0.000146
0.000967
-0.001991
-0.000512
-0.000347
0.00031
0.001132
-0.002484
0.000474
-0.00347
-0.000347
-0.001005
-0.002648
0.00031
0.000803
0.000803
0.001954
-0.000841
-1.9e-05
0.00031
0.000639
0.002775
-0.002813
0.001954
0.000146
0.000639
0.001625
0.002611
-0.001005
0.003433
-1.9e-05
0.006062
-0.000841
-0.002484
-0.003306
-0.004949
-0.000676
-0.001662
-0.001662
-0.004456
0.003761
-0.000841
0.001625
-1.9e-05
0.001132
0.002611
0.003268
0.004419
-0.001498
0.002447
0.003104
0.001789
-0.000841
0.000967
0.00031
0.00031
-0.000183
0.002118
0.001132
0.001132
0.001789
0.005076
0.004748
0.000146
-0.001991
0.000639
0.001789
-0.001169
0.001625
-0.002155
-0.000183
-0.001334
-0.001827
-0.002484
-0.002155
-0.004292
-0.001169
-0.001334
-0.001991
-0.004785
-0.0061
-0.001334
-0.003635
-0.006757
-0.003306
-0.00347
-0.00873
-0.002813
-0.004456
-0.003635
-0.005278
-0.001169
-0.004949
-0.001169
-0.002484
-0.001827
-0.006429
-0.00347
-0.003142
-0.004128
-0.001498
-0.003635
-0.002648
-0.002977
-0.000841
-0.003799
-0.00232
-0.006922
-0.003963
-0.004456
-0.004785
-0.001169
-0.000183
0.003597
-0.003799
0.002118
-0.000512
-0.002977
-0.003306
0.000639
-0.001991
-0.002484
-0.001827
-0.001334
-0.002484
-0.000512
-0.000512
-0.003306
-0.005607
-0.005607
0.000967
-0.000512
-0.003635
0.00146
0.001296
-0.001169
-0.000841
-0.001498
-0.001662
0.000474
0.000474
-0.001991
0.000639
0.000146
-0.000347
0.00146
-0.000676
0.004748
-1.9e-05
0.000146
0.001132
0.00409
-0.001498
0.002447
0.004583
0.003433
0.008857
0.002775
-0.000183
0.00409
0.00031
0.001296
0.002118
0.003926
0.00409
0.001132
0.004748
0.003104
0.003104
0.000803
0.003926
0.001789
0.002447
0.004255
0.002118
0.005076
-0.000347
0.004912
0.003597
0.006556
0.002775
0.007049
0.004255
0.001132
-0.006264
0.000803
0.000967
-0.004292
0.001625
0.002447
0.003926
0.001625
0.003268
0.001132
0.00031
0.001132
0.001954
-0.002813
-0.000347
0.001296
0.007213
0.012965
0.020362
0.031045
0.032853
0.043043
0.049453
0.060136
0.061944
0.065395
0.07197
0.085611
0.076243
0.090706
0.093172
0.094158
0.100075
0.103033
0.108128
0.112237
0.118154
0.122263
0.120948
0.1267
0.129823
0.131631
0.135411
0.137384
0.14215
0.146259
0.144944
0.147081
0.151847
0.150697
0.149053
0.158914
0.158914
0.156285
0.155792
0.157435
0.117661
0.121441
0.123249
0.132289
0.130152
0.005734
0.012472
0.020033
0.027593
0.016417
0.020362
0.029401
0.040906
0.001954
0.00672
0.011322
0.007049
0.018554
0.027429
0.029894
0.041892
0.046001
0.053069
0.057999
0.066875
0.074106
0.078051
0.08331
0.084132
0.087912
0.097116
0.100568
0.099253
0.108457
0.112401
0.118647
0.11914
0.120619
0.12933
0.13196
0.133603
0.133932
0.135411
0.133932
0.142479
0.146259
0.147574
0.147903
0.151683
0.150861
0.153819
0.160065
0.156942
0.160887
0.162859
0.165489
0.163516
0.170584
0.169269
0.170091
0.171406
0.175515
0.1742
0.173378
0.175021
0.176501
0.174035
0.176172
0.177651
0.179623
0.181431
0.183075
0.18176
0.178637
0.182253
0.182253
0.185869
0.182582
0.187513
0.183568
0.183897
0.184718
0.186033
0.186691
0.18554
0.185047
0.188006
0.184554
0.194416
0.188827
0.189156
0.19195
0.188499
0.193429
0.192115
0.19195
0.186526
0.186362
0.1908
0.192608
0.189649
0.193594
0.192772
0.194416
0.19573
0.193594
0.192936
0.191128
0.200168
0.193922
0.19573
0.193922
0.19458
0.193758
0.197867
0.197374
0.193922
0.196223
0.190964
0.194744
0.194087
0.197867
0.193922
0.190307
0.194087
0.197374
0.193594
0.19836
0.196717
0.194251
0.194416
0.195402
0.193429
0.195237
0.194416
0.19458
0.194744
0.194744
0.198689
0.192608
0.195895
0.197374
0.194416
0.196552
0.194251
0.188499
0.197867
0.197045
0.194416
0.198853
0.197045
0.196552
0.197374
0.19836
0.194909
0.198689
0.197703
0.196552
0.198853
0.198853
0.197867
0.198853
0.20099
0.196552
0.19458
0.196388
0.200168
0.196388
0.195566
0.198689
0.200661
0.197045
0.201812
0.191293
0.195237
0.198524
0.194744
0.199675
0.198689
0.196717
0.195073
0.199182
0.197867
0.202469
0.196552
0.198031
0.195073
0.199675
0.201812
0.196388
0.193429
0.199839
0.196059
0.19836
0.19836
0.196388
0.194744
0.200004
0.203455
0.196388
0.199182
0.199182
0.198031
0.202962
0.201976
0.196717
0.199839
0.194416
0.198689
0.199018
0.19836
0.200497
0.196388
0.201154
0.197703
0.201483
0.197703
0.198853
0.202962
0.200332
0.20099
0.202305
0.197538
0.195566
0.198524
0.197703
0.199182
0.200168
0.197703
0.196717
0.202633
0.199839
0.199182
0.200497
0.200168
0.200825
0.202305
0.199839
0.204606
0.197045
0.197374
0.198689
0.197538
0.199511
0.196881
0.198196
0.198689
0.198689
0.195237
0.197538
0.197374
0.199675
0.201483
0.202469
0.198853
0.20214
0.199839
0.19836
0.197045
0.201319
0.19836
0.198196
0.203784
0.198689
0.199675
0.199839
0.200661
0.198689
0.20362
0.199182
0.20099
0.201976
0.194744
0.193265
0.200004
0.197703
0.193594
0.198196
0.196552
0.199839
0.195073
0.19721
0.199018
0.196388
0.197867
0.19836
0.199675
0.194416
0.200661
0.194251
0.196717
0.196552
0.192936
0.200004
0.194909
0.193101
0.195073
0.195073
0.192772
0.192443
0.199346
0.199182
0.200332
0.199018
0.196059
0.196388
0.196223
0.198196
0.196881
0.197703
0.196717
0.196388
0.19836
0.203455
0.19458
0.185869
0.20099
0.193101
0.200168
0.197867
0.19721
0.198031
0.195895
0.19721
0.198689
0.196552
0.186855
0.196552
0.198853
0.195566
0.199675
0.19458
0.19573
0.199675
0.199182
0.200004
0.19721
0.194251
0.200004
0.200661
0.198031
0.200661
0.19836
0.196223
0.197538
0.197374
0.19721
0.197045
0.196552
0.198196
0.200168
0.199839
0.200332
0.198031
0.200004
0.19721
0.199839
0.199018
0.201647
0.198689
0.196881
0.195237
0.197867
0.199018
0.198031
0.198031
0.197703
0.198196
0.200497
0.198853
0.197045
0.199182
0.196881
0.205592
0.200332
0.198031
0.201647
0.199346
0.199182
0.198031
0.198524
0.198524
0.19721
0.199839
0.197538
0.196388
0.198031
0.19721
0.200497
0.202305
0.201976
0.199675
0.201154
0.199182
0.197374
0.199839
0.196881
0.197867
0.196881
0.197374
0.201319
0.204441
0.197374
0.199839
0.19836
0.199018
0.19836
0.199182
0.199511
0.199675
0.200332
0.198524
0.201483
0.196881
0.199182
0.201319
0.198524
0.195895
0.199018
0.197374
0.199675
0.196717
0.20099
0.200497
0.202962
0.198196
0.201812
0.199182
0.199018
0.200825
0.199182
0.200661
0.194416
0.20214
0.198196
0.198689
0.196223
0.200661
0.198689
0.196388
0.20099
0.199839
0.199346
0.196223
0.19836
0.198689
0.198524
0.19836
0.202305
0.197538
0.200168
0.19573
0.193429
0.197374
0.195402
0.199511
0.197703
0.200004
0.20099
0.202633
0.199675
0.199839
0.200825
0.204113
0.196552
0.201647
0.200168
0.200497
0.201319
0.198524
0.198689
0.201647
0.198689
0.19721
0.198524
0.199018
0.20099
0.199511
0.198853
0.199511
0.201483
0.199182
0.199839
0.200004
0.200497
0.198524
0.199511
0.199675
0.199018
0.192115
0.199182
0.200168
0.197374
0.201154
0.199346
0.198196
0.196223
0.201483
0.197538
0.202633
0.199018
0.200004
0.198853
0.200168
0.199675
0.198031
0.200661
0.199018
0.202305
0.202305
0.200332
0.200332
0.199675
0.199182
0.199675
0.199018
0.201154
0.199182
0.201812
0.201154
0.19836
0.201319
0.194909
0.199346
0.197703
0.200497
0.196223
0.199839
0.19458
0.197045
0.196717
0.197538
0.199675
0.198196
0.199182
0.199182
0.200004
0.197703
0.198031
0.199346
0.19573
0.193429
0.197538
0.193429
0.194909
0.196881
0.193101
0.193265
0.196717
0.196552
0.197703
0.196717
0.199346
0.200497
0.199346
0.195566
0.198689
0.198196
0.197703
0.199346
0.193429
0.195566
0.194909
0.194416
0.196059
0.197538
0.198031
0.195402
0.199675
0.19573
0.198524
0.196223
0.201154
0.198853
0.199511
0.198524
0.196717
0.194744
0.197538
0.195073
0.196223
0.195237
0.196223
0.198689
0.196717
0.19721
0.196717
0.200825
0.19721
0.202633
0.202962
0.201976
0.197045
0.197867
0.193101
0.19721
0.195566
0.194251
0.196552
0.197374
0.200004
0.197045
0.200332
0.200497
0.205263
0.199346
0.199182
0.197703
0.196388
0.199182
0.197703
0.199675
0.198853
0.198031
0.197703
0.197538
0.197703
0.198853
0.197374
0.197045
0.200497
0.202633
0.199511
0.201812
0.199675
0.19836
0.198196
0.197538
0.198524
0.197045
0.19836
0.199182
0.199675
0.197374
0.198689
0.198196
0.198524
0.198031
0.200661
0.196388
0.196223
0.194909
0.198689
0.200168
0.19573
0.19836
0.197703
0.198853
0.199839
0.199511
0.197538
0.197538
0.196717
0.200004
0.202305
0.201647
0.200004
0.199675
0.198524
0.197867
0.201647
0.197045
0.201976
0.199839
0.202305
0.196059
0.196552
0.196881
0.201976
0.196059
0.198031
0.199675
0.19836
0.201319
0.200168
0.202633
0.200661
0.200332
0.196388
0.201976
0.19836
0.20099
0.200168
0.201319
0.199018
0.201976
0.201154
0.200825
0.200661
0.198853
0.201154
0.198689
0.19836
0.200004
0.204277
0.197703
0.20099
0.197867
0.203126
0.200825
0.200825
0.202798
0.200661
0.202469
0.19836
0.201483
0.200825
0.203455
0.202305
0.200497
0.202633
0.204277
0.204113
0.205263
0.200825
0.199675
0.203455
0.19836
0.206742
0.197867
0.200004
0.201154
0.199839
0.203126
0.203291
0.200661
0.199839
0.201319
0.201976
0.202962
0.202305
0.202305
0.203126
0.204113
0.201812
0.201483
0.199182
0.199182
0.198524
0.200168
0.198853
0.200332
0.198689
0.199018
0.199018
0.20099
0.194251
0.196717
0.195237
0.197045
0.194416
0.199511
0.194909
0.193758
0.195895
0.196717
0.199346
0.192443
0.196881
0.192608
0.196059
0.196059
0.196223
0.195073
0.196717
0.195566
0.190471
0.200332
0.194087
0.193594
0.194909
0.196059
0.194087
0.196552
0.190635
0.198689
0.191457
0.195402
0.195895
0.193429
0.195895
0.19458
0.199018
0.195895
0.194909
0.192443
0.197703
0.194909
0.196059
0.193101
0.195566
0.193922
0.195895
0.193594
0.194251
0.199839
0.190964
0.193758
0.195237
0.195895
0.19573
0.197867
0.196223
0.200332
0.194087
0.199511
0.196717
0.194909
0.197703
0.196552
0.19573
0.196059
0.194087
0.19458
0.19836
0.195073
0.196881
0.198196
0.196388
0.19573
0.197374
0.199182
0.196388
0.19836
0.196717
0.196223
0.196881
0.195073
0.197045
0.197538
0.195566
0.19721
0.195895
0.196552
0.201483
0.197538
0.196717
0.200004
0.197374
0.196717
0.200004
0.196717
0.19573
0.195402
0.192936
0.197374
0.194087
0.191786
0.197703
0.197538
0.19721
0.195895
0.199346
0.197374
0.201976
0.200661
0.201647
0.196552
0.197703
0.197867
0.197045
0.197703
0.196059
0.202469
0.192115
0.19836
0.20099
0.191621
0.19721
0.199018
0.196388
0.200661
0.197867
0.199346
0.198689
0.196552
0.197867
0.198853
0.195237
0.196059
0.196881
0.193758
0.197045
0.19573
0.193265
0.198689
0.198524
0.19721
0.202633
0.198524
0.199346
0.195895
0.196388
0.201319
0.196717
0.197538
0.199346
0.20214
0.196059
0.199182
0.19721
0.194909
0.19836
0.198031
0.196388
0.198689
0.199018
0.199675
0.201483
0.19836
0.201154
0.198689
0.193758
0.196388
0.199018
0.199018
0.200332
0.200004
0.199511
0.196388
0.196388
0.201647
0.196388
0.200168
0.199182
0.201483
0.196881
0.200661
0.196388
0.198853
0.198524
0.197045
0.199018
0.198031
0.195895
0.198524
0.197538
0.197045
0.20099
0.197867
0.199018
0.201154
0.199839
0.20362
0.198689
0.19836
0.202633
0.199839
0.199182
0.199346
0.199675
0.199346
0.19836
0.201812
0.199018
0.199346
0.197374
0.200332
0.198031
0.20099
0.197867
0.199182
0.197867
0.203948
0.202305
0.193101
0.197045
0.200004
0.193594
0.18932
0.199675
0.195566
0.199839
0.200661
0.199182
0.198031
0.18554
0.195895
0.200497
0.199511
0.199182
0.199675
0.19836
0.199675
0.198853
0.199839
0.196388
0.191293
0.193429
0.200004
0.197867
0.198853
0.196881
0.198031
0.198196
0.199675
0.193265
0.195073
0.198853
0.194416
0.196881
0.197374
0.197867
0.20214
0.20099
0.200661
0.199675
0.198031
0.198031
0.197045
0.196059
0.201319
0.19721
0.198853
0.196223
0.198689
0.197703
0.200004
0.198689
0.202962
0.197867
0.198196
0.198031
0.200661
0.199346
0.19573
0.198031
0.194416
0.199839
0.199346
0.200168
0.199675
0.199675
0.198524
0.200661
0.199511
0.199839
0.198853
0.19836
0.197703
0.197703
0.194087
0.197045
0.200168
0.19458
0.19836
0.199346
0.196059
0.19721
0.198196
0.198196
0.20099
0.200168
0.200661
0.200497
0.200332
0.197538
0.197867
0.196881
0.19721
0.199675
0.197045
0.203455
0.196881
0.197538
0.200332
0.199346
0.198524
0.201483
0.198524
0.196881
0.196717
0.195566
0.199511
0.196552
0.197703
0.199018
0.197374
0.198031
0.19721
0.19836
0.199182
0.197045
0.201812
0.198689
0.201319
0.199675
0.202469
0.19836
0.197374
0.198689
0.193265
0.193429
0.196059
0.195895
0.194744
0.197867
0.200497
0.201647
0.196388
0.20099
0.19721
0.20099
0.199018
0.198689
0.202305
0.199018
0.199182
0.198524
0.201976
0.197538
0.198524
0.197045
0.198689
0.199511
0.199018
0.197045
0.201976
0.198689
0.195237
0.200497
0.201647
0.199182
0.197538
0.201154
0.197045
0.198196
0.198196
0.198853
0.195895
0.198196
0.19836
0.197538
0.19836
0.198853
0.197045
0.199839
0.197045
0.199182
0.201483
0.200168
0.202469
0.19573
0.197867
0.197538
0.196388
0.195073
0.19836
0.20099
0.200332
0.199511
0.200004
0.200497
0.199511
0.19721
0.199675
0.200497
0.196881
0.201976
0.196059
0.202798
0.199018
0.200661
0.200661
0.203455
0.198689
0.198853
0.198853
0.196388
0.198853
0.198524
0.202798
0.201812
0.200004
0.199839
0.198689
0.198853
0.197045
0.199346
0.197867
0.197867
0.196388
0.198853
0.199182
0.198689
0.197374
0.199018
0.195895
0.198853
0.197867
0.199675
0.200661
0.200825
0.197374
0.199675
0.199018
0.196059
0.197045
0.199839
0.199346
0.197045
0.199018
0.196717
0.19573
0.199346
0.200004
0.198853
0.201483
0.198524
0.200168
0.199675
0.199346
0.201812
0.202469
0.198196
0.199182
0.201154
0.196223
0.198031
0.19721
0.199346
0.197045
0.193594
0.19573
0.196552
0.197703
0.199675
0.200004
0.199182
0.200825
0.196552
0.200332
0.196881
0.199182
0.194416
0.20099
0.195073
0.200004
0.198196
0.195402
0.197703
0.197867
0.19836
0.196552
0.196881
0.197703
0.199346
0.196223
0.194087
0.198689
0.200332
0.199018
0.200825
0.197867
0.199346
0.196223
0.197703
0.198689
0.199346
0.201483
0.200004
0.198196
0.202962
0.20362
0.198196
0.199839
0.199675
0.198853
0.196059
0.200497
0.200168
0.200332
0.195402
0.200332
0.200497
0.196223
0.199346
0.200661
0.199839
0.19836
0.199346
0.199675
0.200497
0.199839
0.203784
0.195402
0.197867
0.197867
0.202305
0.200004
0.196388
0.196223
0.196717
0.200332
0.194909
0.200004
0.199018
0.198196
0.197045
0.202469
0.199511
0.200168
0.203291
0.200661
0.19573
0.199346
0.200825
0.198031
0.199346
0.198853
0.200661
0.19836
0.196881
0.203291
0.204606
0.199675
0.203126
0.199675
0.198524
0.200168
0.201154
0.198524
0.201319
0.202469
0.201812
0.201483
0.198689
0.201812
0.196881
0.197538
0.196388
0.200332
0.19721
0.202633
0.199839
0.203126
0.204277
0.20099
0.200497
0.201483
0.203455
0.197703
0.199511
0.193758
0.198031
0.194251
0.197867
0.199675
0.199182
0.201647
0.201483
0.200497
0.201154
0.201154
0.200004
0.200004
0.199839
0.201976
0.201976
0.20214
0.194744
0.200332
0.199675
0.198689
0.20214
0.199839
0.20099
0.200332
0.201483
0.201154
0.203948
0.199511
0.200497
0.201976
0.204441
0.195073
0.197867
0.195402
0.196388
0.197045
0.198853
0.200661
0.196881
0.199675
0.201647
0.197867
0.197867
0.196552
0.19721
0.201647
0.199018
0.201812
0.196717
0.19573
0.197867
0.198689
0.194251
0.195237
0.199511
0.200332
0.199018
0.202305
0.20099
0.199018
0.20099
0.197703
0.205427
0.198853
0.198196
0.19836
0.198524
0.197374
0.195895
0.191621
0.202962
0.200332
0.198689
0.208715
0.19458
0.199346
0.199839
0.200661
0.198524
0.200825
0.195895
0.193265
0.198853
0.198524
0.195237
0.195237
0.198853
0.196059
0.199839
0.196881
0.199839
0.198196
0.200004
0.196223
0.200497
0.189649
0.196388
0.19458
0.196717
0.199675
0.196059
0.197867
0.198689
0.200332
0.203126
0.200825
0.187184
0.200332
0.197867
0.201976
0.19836
0.199675
0.200004
0.200168
0.201154
0.199839
0.201976
0.193594
0.197538
0.196059
0.198853
0.197867
0.199511
0.198196
0.200661
0.19721
0.201319
0.200168
0.197374
0.197538
0.203126
0.194909
0.203126
0.200004
0.199675
0.203126
0.198031
0.200168
0.20099
0.201154
0.197703
0.201154
0.20099
0.200332
0.198524
0.199182
0.198031
0.198689
0.20099
0.200497
0.19836
0.194087
0.201154
0.198031
0.197703
0.197538
0.199839
0.195895
0.200004
0.19836
0.200497
0.197538
0.198031
0.199511
0.199675
0.200004
0.199182
0.200825
0.197045
0.203126
0.19836
0.19836
0.199839
0.196881
0.19836
0.200661
0.19836
0.201483
0.197867
0.199675
0.199182
0.198853
0.201319
0.203291
0.202469
0.199346
0.205263
0.197538
0.199018
0.202305
0.199346
0.203126
0.19836
0.197703
0.198853
0.197703
0.195402
0.198689
0.194087
0.196881
0.196552
0.198689
0.19721
0.195895
0.19721
0.199839
0.19836
0.198196
0.197045
0.198196
0.196223
0.198031
0.198031
0.196881
0.200825
0.19573
0.198853
0.198524
0.198524
0.200825
0.204113
0.200661
0.199346
0.20099
0.197374
0.200168
0.199839
0.199675
0.198031
0.198524
0.196059
0.197703
0.201483
0.20362
0.197374
0.199182
0.199839
0.201319
0.199346
0.200497
0.196881
0.197703
0.200661
0.196552
0.202305
0.196388
0.198196
0.195895
0.197045
0.196388
0.19836
0.19836
0.195237
0.196059
0.202469
0.200332
0.200168
0.201976
0.198524
0.201812
0.199346
0.20099
0.198689
0.199839
0.197538
0.198524
0.198031
0.199018
0.201483
0.200332
0.197374
0.203455
0.201483
0.199018
0.201812
0.198689
0.200661
0.199675
0.197867
0.198524
0.201319
0.196717
0.197703
0.199182
0.197538
0.194087
0.196059
0.199182
0.195237
0.195402
0.19573
0.204113
0.195237
0.199346
0.200332
0.207564
0.193594
0.194416
0.196881
0.197374
0.197703
0.194909
0.202305
0.197374
0.199511
0.199346
0.199346
0.196552
0.200497
0.197703
0.199511
0.197703
0.200661
0.19836
0.198689
0.198031
0.199182
0.19721
0.196059
0.198689
0.195402
0.194416
0.19458
0.196388
0.196059
0.200497
0.19836
0.200825
0.196881
0.19836
0.197867
0.196059
0.197538
0.194087
0.19573
0.192279
0.196223
0.194909
0.200004
0.194416
0.197045
0.19458
0.199675
0.194744
0.199182
0.199182
0.198689
0.196552
0.197538
0.201812
0.194744
0.196223
0.195073
0.196552
0.193594
0.19721
0.195895
0.199839
0.197045
0.197045
0.202633
0.200004
0.196552
0.202633
0.199346

Kurve 2

0.00146
0.003104
0.00294
0.002447
-0.000676
0.001132
0.000803
-0.000347
-0.000841
0.000639
-0.000676
0.000474
0.004255
0.002447
0.000803
-0.000512
0.002611
0.001296
0.003433
-0.001169
-0.003306
-0.003142
-0.000183
-0.006264
-0.002813
0.000146
-0.001991
-0.000347
0.000639
-1.9e-05
-0.001334
0.00409
0.00146
0.000474
0.002447
0.003597
-0.002484
0.000146
-0.000512
0.001132
-0.003306
0.00294
0.001296
0.001296
0.003926
0.004255
0.000803
-0.001498
0.003761
0.00031
0.002118
0.00031
0.00294
-0.002155
0.001954
0.00031
0.002447
0.00031
0.000967
0.00031
0.000639
0.000967
0.001132
0.004419
-0.003635
0.002447
0.001625
0.000639
0.000639
0.007049
-0.000512
0.003761
0.000803
0.001625
-0.003799
-0.001991
-0.001498
-0.00232
-0.002813
0.000146
0.001954
-0.000512
0.002775
-0.001169
-0.000183
-0.000512
-0.000183
0.002611
0.005405
0.000639
0.005569
0.004912
-0.000183
0.002118
0.00294
-0.003142
-0.004292
-0.001169
-0.000183
0.001789
-0.000512
-0.000512
-0.001005
0.000146
-0.000347
0.001132
0.000803
0.001296
0.000146
0.00146
0.002447
-0.000183
0.003268
0.001789
0.001296
-0.001498
0.000803
-0.003142
-0.004949
-0.002813
-0.001005
-0.001827
0.001954
0.003597
0.00672
0.006227
0.000146
0.002611
0.00146
0.000639
-0.00347
0.003761
-0.001169
0.000474
-0.000183
-0.000512
-0.000183
-0.001662
-0.000512
0.003268
0.002611
-0.002484
0.00294
-0.000183
0.003433
-1.9e-05
0.005076
0.002775
0.000967
0.000474
0.001625
-0.001334
-0.002648
0.000639
0.000474
0.003761
-0.000841
0.001789
-0.001169
0.000474
0.000803
0.003433
-0.000347
0.00146
0.001625
0.000803
-0.000841
0.00146
-0.001498
-0.003142
-0.001662
-0.004456
-0.001169
-0.000512
0.001954
0.00409
0.003926
0.003104
0.000639
0.004912
-0.001827
-0.002813
0.000967
-1.9e-05
0.000474
-0.001827
0.001625
0.00031
0.000474
0.000639
-0.004785
-0.000183
-0.001662
0.000803
0.000639
0.002447
-1.9e-05
0.002447
-0.000512
-0.000512
-0.001827
-0.001005
0.000146
-0.002155
0.000474
-0.002813
-0.003142
0.002118
0.000803
0.001954
0.001296
0.000474
0.00146
0.000967
0.001954
0.000474
0.00031
0.001789
0.001789
0.002611
0.000474
0.00031
-0.00347
-0.003306
-0.004128
-1.9e-05
0.000639
0.001132
-0.001498
0.003104
0.002447
0.001296
0.003433
-0.000512
0.005241
-0.006264
0.00409
0.005405
-0.001498
-0.00347
-0.001991
-0.001334
0.001132
-0.001005
0.002118
0.00031
-0.001169
-0.001334
0.001296
0.003926
-0.001005
0.002447
-0.000183
0.000803
0.000803
0.001132
-0.002155
-0.000183
-0.001334
0.00031
-0.000841
-0.003142
0.000474
0.001132
-0.001662
-0.000512
-0.001005
-0.002155
-0.000512
-0.002155
-0.001169
0.000474
-0.000347
-0.003142
-0.004949
-0.00347
-0.001827
-0.000676
0.000146
-1.9e-05
-0.001662
0.000967
0.00031
0.000803
0.001296
0.001132
0.001625
0.00294
0.000803
0.000639
-0.003799
-0.001005
-0.002484
-0.001827
0.001132
-0.003963
-0.000512
0.000639
0.003597
0.004748
0.004419
-0.001169
0.001625
-0.000512
0.000967
0.000146
0.001296
-0.002977
-0.001827
0.001296
-0.002813
0.00146
-0.001005
0.002775
-0.001827
0.000803
0.002118
0.001789
-0.000512
0.001789
-0.00232
-0.000183
0.001789
-0.003963
-0.004785
-0.006429
-0.001498
-0.002977
-0.000347
-0.002484
0.001625
-0.001169
0.000146
0.000474
0.000474
-0.000841
0.001954
0.00031
0.002282
-0.001662
-0.002977
0.00031
-1.9e-05
-1.9e-05
0.002611
-0.001334
-0.00347
0.000474
-0.002813
0.001625
-0.002813
-0.001334
-0.002813
0.000474
-0.000347
0.001954
-0.001498
-0.00347
0.000474
-0.001005
-0.000183
-0.002155
0.000474
-0.002155
0.000967
-0.001169
0.00294
-0.001005
-0.003142
0.001954
-0.001005
-0.001991
-0.000347
-0.000347
-0.001827
-0.001827
-0.00232
0.000474
-0.00232
-0.000512
-0.002155
-0.000183
-0.001498
-0.001662
-0.000841
-0.000183
0.00146
-0.000183
-0.000183
-0.004785
-0.001662
-0.002977
-0.000347
0.000639
0.000967
0.000967
-0.000183
-0.001498
0.001625
0.00031
-0.005607
-0.001169
-0.001334
-0.002648
0.000967
0.001625
-0.002648
0.000967
0.001296
0.000639
0.00294
0.001625
0.00146
-0.00347
-0.003306
-0.001827
-0.000347
-0.001498
-0.000841
-0.001991
-0.001498
-1.9e-05
-0.004292
-0.002155
-0.001005
-0.003635
0.001954
-0.001991
0.00031
0.001296
0.000803
0.001132
0.006227
-0.001169
-0.000512
0.000474
-0.001498
0.00146
-0.001334
-0.001498
-0.004949
0.000639
0.001625
0.008857
-0.001498
0.000967
0.003761
0.00031
0.002775
-0.000183
0.002447
0.003268
0.003104
-0.00232
0.004912
-0.00232
-0.000841
0.000803
0.000803
-0.000512
0.000803
0.005076
0.00146
0.002282
-0.001991
-0.004785
0.000474
-0.001169
-0.002648
-0.003306
-0.003142
-0.000347
-0.004949
-0.00347
-0.000347
-0.001498
-0.010866
-0.002648
0.00031
0.001954
0.000803
-0.000841
0.003433
-0.002813
0.00031
0.000146
0.00146
-0.010373
-0.00232
-0.003635
-0.005771
-0.001498
-0.003306
-0.000347
-0.000183
-0.001498
0.002118
0.002282
0.000967
-0.000347
0.001625
0.004748
-0.001662
-0.001005
0.000639
-0.001827
-0.001991
-1.9e-05
-0.000347
-0.000512
0.000146
-0.000347
0.000639
0.004419
-0.000183
-0.001005
-0.001334
-0.001169
-0.000183
-0.001827
-0.003142
-0.003306
-0.003635
-0.003142
-0.002155
0.000474
-0.001662
-0.000841
0.003926
0.001954
-0.001662
0.001296
-0.002484
0.000639
-0.001005
-0.000676
0.000803
-0.00232
-0.001662
0.002611
0.001789
-0.001334
-0.001169
-0.002648
0.002118
-0.004456
0.000967
0.000474
0.001789
-0.001498
0.002775
-0.000841
0.001625
-0.003306
-0.000512
-0.001498
-0.000676
-0.003306
-1.9e-05
0.000146
-0.002813
0.003926
0.001132
0.001625
-1.9e-05
0.000803
-0.000512
0.000146
-0.001334
-0.003963
-0.000347
-0.002484
-0.001005
-0.000512
0.004583
-0.000676
0.003597
-0.001662
-0.000676
0.001789
-0.001334
-0.004621
-0.003142
0.00409
-0.000512
0.001789
-0.000676
0.003268
-0.002155
-1.9e-05
-0.000183
0.004255
0.00294
0.000146
-1.9e-05
0.004255
-0.001005
-0.000676
0.00031
-0.00232
-0.001662
-0.000183
-0.00232
-0.006429
0.000146
-0.001334
0.00031
0.00031
0.000639
0.001625
-0.002155
-0.003142
0.000146
-0.001005
-0.002813
-0.001169
-0.000512
-0.001005
-0.000183
-0.001991
-0.000512
-0.000676
0.001296
0.00409
0.000967
0.002282
-0.000512
0.001296
-0.001498
0.003268
-0.001991
0.001625
0.00031
-0.002648
0.003268
-0.001991
-0.00232
-0.000512
0.001296
0.000474
-0.000183
-0.001169
0.005076
-0.000183
-1.9e-05
0.000803
-0.001662
-1.9e-05
-0.003799
0.002118
-0.002813
0.001625
-0.001005
-0.001498
0.001789
-0.001991
-0.001662
0.003761
0.00146
0.000639
-0.001169
-0.000512
-0.001169
-0.002977
-0.001005
-0.001827
-0.000512
-0.002813
-0.000347
-0.002484
-0.002648
-1.9e-05
-0.001662
-0.00232
0.000146
-0.001169
-0.001169
0.001132
-0.001827
0.000639
-0.004292
-0.000512
-0.000347
-0.000676
-0.000347
0.000639
-0.002484
-0.001169
-0.002484
-0.001662
-0.001662
-0.000841
-0.007415
-0.001498
-0.004292
-0.006429
-0.001498
-0.005443
-0.004621
-0.004128
-0.004785
-0.006429
-0.003963
-0.008565
-0.001334
0.000474
-0.000841
0.000474
-0.000183
-0.002977
-0.003799
-0.002977
-0.001991
-0.001334
-0.003635
-0.000183
-0.00347
-0.004456
-0.001827
-0.001991
-0.003799
-0.001991
0.000803
-0.001169
0.001789
-0.003963
-0.000347
-0.001169
-0.002155
-0.001991
-0.000183
-0.004785
-0.001827
-0.002155
0.00031
-0.002813
-0.001005
-0.002155
-0.002977
-0.004621
-0.006593
-0.003635
-0.002813
-0.005771
-0.005936
0.000474
-0.003963
0.000146
-0.001498
-0.001005
-0.001827
0.001625
0.003761
0.008035
0.011158
0.011815
0.012308
0.009021
0.018389
0.017074
0.012144
0.012308
0.012637
0.012965
0.011979
0.01428
0.014445
0.011979
0.0105
0.011486
0.012637
0.010664
0.010171
0.007706
0.00672
0.010171
0.00672
0.011322
0.009843
0.011651
0.0105
0.018061
0.016581
0.017074
0.018718
0.018554
0.018882
0.018554
0.019868
0.019211
0.019375
0.020033
0.01954
0.020855
0.021183
0.022498
0.024964
0.026278
0.034332
0.035318
0.039427
0.044686
0.052575
0.055534
0.058985
0.061944
0.066217
0.072956
0.073613
0.081502
0.079859
0.089227
0.091857
0.09991
0.10254
0.105498
0.10632
0.11158
0.112566
0.111415
0.120455
0.118483
0.121605
0.126372
0.132946
0.134261
0.13952
0.139685
0.140671
0.147903
0.145108
0.148396
0.15234
0.15119
0.155299
0.160394
0.159079
0.158093
0.16253
0.163681
0.169105
0.166475
0.166146
0.16894
0.168283
0.169105
0.169762
0.175186
0.17272
0.175515
0.176665
0.176829
0.17913
0.176501
0.180774
0.178637
0.183075
0.185047
0.184718
0.183075
0.183404
0.184554
0.181267
0.186362
0.185212
0.18817
0.186526
0.181924
0.183568
0.190142
0.186362
0.188006
0.190142
0.192608
0.189485
0.188827
0.191293
0.19195
0.192936
0.193922
0.193758
0.193101
0.195566
0.193101
0.196717
0.190964
0.19458
0.193101
0.196388
0.195402
0.197045
0.19573
0.195237
0.196059
0.195237
0.199675
0.19721
0.201483
0.192279
0.198031
0.193429
0.193758
0.19458
0.198031
0.196223
0.198524
0.19836
0.197045
0.197538
0.202305
0.196388
0.19836
0.199346
0.194909
0.200332
0.194744
0.19721
0.20099
0.196717
0.195895
0.198853
0.199182
0.19836
0.199346
0.200661
0.200332
0.198031
0.201319
0.198031
0.198853
0.199182
0.198689
0.198689
0.197374
0.197703
0.195237
0.198031
0.199182
0.198196
0.201647
0.196059
0.199182
0.200332
0.198689
0.199346
0.19721
0.194087
0.186526
0.184061
0.180116
0.191293
0.18439
0.184883
0.185705
0.186526
0.186362
0.186855
0.188334
0.191128
0.191293
0.190142
0.198689
0.187348
0.192608
0.190964
0.185705
0.189814
0.187841
0.183239
0.192115
0.191621
0.192115
0.201483
0.193429
0.194251
0.193429
0.195895
0.194251
0.197867
0.192772
0.196717
0.195402
0.194251
0.199839
0.192443
0.191457
0.192115
0.195237
0.192279
0.200661
0.194251
0.197867
0.197045
0.197703
0.200168
0.199675
0.199511
0.192443
0.195073
0.194909
0.19573
0.194909
0.197045
0.197867
0.195237
0.193101
0.196388
0.198853
0.193101
0.199018
0.19836
0.198196
0.199675
0.195237
0.200497
0.196717
0.183568
0.193429
0.198853
0.193429
0.193101
0.200332
0.196059
0.197703
0.199675
0.199182
0.199346
0.187513
0.19721
0.197867
0.198853
0.199182
0.200497
0.197045
0.19836
0.198524
0.199675
0.199511
0.188499
0.19721
0.199346
0.198031
0.19721
0.199182
0.198689
0.194087
0.197538
0.199675
0.198196
0.186362
0.19573
0.197703
0.196223
0.199346
0.200004
0.199182
0.197703
0.200168
0.200004
0.197867
0.190964
0.194909
0.201154
0.199182
0.200004
0.199346
0.199675
0.20099
0.200661
0.196059
0.20099
0.197045
0.19836
0.196223
0.196059
0.197374
0.199182
0.197703
0.196552
0.200661
0.19836
0.200004
0.199018
0.199675
0.197045
0.200661
0.199675
0.201647
0.198853
0.200168
0.198689
0.199511
0.197374
0.196223
0.20362
0.197703
0.202962
0.199839
0.201812
0.201154
0.200332
0.200168
0.202962
0.198031
0.20099
0.199182
0.198853
0.203291
0.199675
0.198031
0.197538
0.199511
0.197703
0.201976
0.196388
0.201812
0.197538
0.198689
0.199346
0.20214
0.201483
0.19836
0.202962
0.199839
0.20099
0.202469
0.201647
0.200168
0.199839
0.199511
0.011158
0.019868
0.029566
0.034003
0.04633
0.049946
0.058821
0.063587
0.069011
0.075257
0.079694
0.083968
0.089227
0.092843
0.094815
0.104019
0.106485
0.111908
0.111087
0.120291
0.12177
0.1267
0.130974
0.136726
0.133275
0.13952
0.142643
0.141164
0.146588
0.146916
0.150368
0.15119
0.15497
0.153984
0.157764
0.154148
0.156449
0.16138
0.160394
0.163845
0.166311
0.171077
0.169926
0.171077
0.171241
0.17913
0.172885
0.175515
0.178966
0.178144
0.175021
0.17913
0.179459
0.178309
0.180116
0.17913
0.183897
0.182746
0.180938
0.183732
0.184225
0.183404
0.187019
0.186526
0.185047
0.183239
0.18554
0.183568
0.183239
0.17798
0.184718
0.18554
0.185212
0.186198
0.190471
0.185869
0.186526
0.188827
0.188663
0.189814
0.18817
0.190635
0.18932
0.189814
0.186198
0.187513
0.189978
0.187184
0.187841
0.187513
0.192443
0.192279
0.192608
0.189814
0.191293
0.192115
0.195073
0.192443
0.1908
0.192772
0.192608
0.192772
0.192279
0.192279
0.194909
0.192443
0.191786
0.195237
0.190471
0.192279
0.195237
0.193265
0.192279
0.197374
0.19721
0.196388
0.196717
0.196059
0.195566
0.19195
0.192608
0.192936
0.193101
0.190471
0.192936
0.194416
0.195566
0.197867
0.194416
0.198524
0.197045
0.196552
0.197867
0.197045
0.194416
0.193758
0.198524
0.197538
0.198689
0.193922
0.19573
0.192936
0.192115
0.193594
0.194087
0.195566
0.197045
0.199675
0.200497
0.199511
0.199182
0.20099
0.199839
0.196552
0.199839
0.197045
0.196388
0.197703
0.201319
0.194087
0.198689
0.196881
0.194416
0.198689
0.198689
0.198031
0.198031
0.200497
0.201647
0.203126
0.195402
0.19836
0.197045
0.197045
0.197045
0.198524
0.196388
0.198196
0.198524
0.200661
0.201154
0.199182
0.197703
0.199675
0.201976
0.20214
0.199675
0.196223
0.200004
0.197374
0.198853
0.199839
0.198031
0.199346
0.199511
0.200825
0.200497
0.198689
0.199511
0.197045
0.200497
0.205099
0.200332
0.201154
0.198689
0.200004
0.20214
0.198689
0.199511
0.198524
0.200168
0.200497
0.205921
0.199675
0.202633
0.200004
0.20099
0.200004
0.202633
0.203126
0.199839
0.200004
0.202305
0.203126
0.201976
0.200497
0.201812
0.201647
0.200497
0.200168
0.199018
0.201154
0.202962
0.197374
0.201647
0.207071
0.200332
0.202469
0.200332
0.202469
0.199018
0.199511
0.203126
0.200004
0.20214
0.00787
0.013787
0.017403
0.028251
0.031373
0.039098
0.04633
0.052411
0.059972
0.069176
0.071477
0.078873
0.087255
0.086269
0.093829
0.095473
0.105005
0.107635
0.109772
0.113059
0.117825
0.115524
0.124399
0.127522
0.132782
0.135904
0.134097
0.13952
0.138041
0.142807
0.115689
0.127851
0.127358
0.130152
0.132289
0.054383
0.000803
0.00294
-0.006922
0.011651
0.016088
-0.001005
0.006884
0.011158
0.019868
0.028251
0.035975
0.042878
0.048795
0.051261
0.059972
0.06556
0.069669
0.074599
0.081831
0.083146
0.086597
0.096459
0.097609
0.102869
0.105827
0.110265
0.116017
0.119633
0.121277
0.120619
0.125221
0.131138
0.135904
0.139192
0.133275
0.140671
0.13952
0.144615
0.151025
0.147245
0.151683
0.152011
0.154806
0.157928
0.159243
0.164338
0.16516
0.162859
0.167132
0.16253
0.168118
0.169433
0.169598
0.170091
0.17272
0.175021
0.173542
0.178637
0.172392
0.177158
0.179788
0.181596
0.176829
0.184225
0.181596
0.184554
0.185705
0.184883
0.188006
0.184883
0.185705
0.187513
0.187513
0.186526
0.189485
0.185376
0.193101
0.190142
0.192772
0.187677
0.191293
0.192443
0.19195
0.194087
0.188663
0.19458
0.188006
0.201154
0.193429
0.190471
0.194087
0.194909
0.191293
0.19573
0.19573
0.196552
0.197703
0.194744
0.19721
0.199018
0.198689
0.197703
0.195895
0.19573
0.205099
0.193922
0.199182
0.199182
0.19836
0.198689
0.197703
0.201154
0.200661
0.200825
0.202962
0.201154
0.201483
0.202962
0.201154
0.202469
0.202469
0.201812
0.201154
0.200825
0.199839
0.20099
0.202798
0.203126
0.20477
0.199346
0.201483
0.203455
0.103197
0.10632
0.108128
0.111251
0.115195
0.116182
0.122263
0.124399
0.127194
0.12933
0.135411
0.137712
0.136398
0.143958
0.139192
0.147574
0.147574
0.149875
0.152669
0.155134
0.154477
0.16138
0.158586
0.162859
0.164503
0.163845
0.163516
0.165653
0.163188
0.168612
0.168283
0.168447
0.175515
0.169762
0.172885
0.174528
0.175186
0.176336
0.178473
0.17798
0.178144
0.180281
0.178802
0.182911
0.182746
0.182582
0.183239
0.179952
0.182089
0.185212
0.180938
0.184225
0.184883
0.185705
0.185869
0.186362
0.184225
0.188006
0.185047
0.187184
0.186855
0.187841
0.188827
0.187184
0.190142
0.187184
0.190471
0.190142
0.195402
0.188334
0.189485
0.188499
0.186362
0.192443
0.192936
0.1908
0.193429
0.194251
0.190964
0.199182
0.186198
0.195237
0.192115
0.187348
0.1908
0.191786
0.194251
0.194744
0.195566
0.196059
0.184883
0.194251
0.196552
0.19195
0.19458
0.194416
0.196059
0.194909
0.198524
0.193922
0.194416
0.186362
0.193594
0.192936
0.193594
0.194251
0.19836
0.196552
0.194087
0.197374
0.193594
0.19573
0.189978
0.193429
0.194416
0.192772
0.194909
0.195402
0.193101
0.194416
0.194744
0.192936
0.192936
0.189978
0.190964
0.191621
0.192608
0.195237
0.197374
0.197374
0.195073
0.198524
0.196552
0.192279
0.193594
0.193429
0.189814
0.19836
0.191457
0.197703
0.194909
0.195566
0.196059
0.194909
0.193101
0.19721
0.196388
0.196717
0.198853
0.196223
0.196881
0.197538
0.196717
0.196388
0.197703
0.198524
0.200661
0.194251
0.200168
0.195402
0.197703
0.197703
0.200004
0.197867
0.198853
0.200168
0.19573
0.199839
0.197045
0.195073
0.19458
0.197045
0.195895
0.194416
0.193594
0.196881
0.196717
0.198689
0.198689
0.201483
0.199182
0.200168
0.200168
0.19721
0.200825
0.199018
0.205592
0.199018
0.199839
0.198031
0.200825
0.19836
0.198524
0.198196
0.196881
0.197703
0.196717
0.198689
0.200332
0.201319
0.197374
0.202469
0.196717
0.199839
0.198689
0.198853
0.193758
0.196223
0.19458
0.195237
0.199182
0.19458
0.202798
0.199182
0.199675
0.200497
0.200661
0.198196
0.198853
0.196059
0.197045
0.196717
0.197045
0.203291
0.19573
0.197045
0.198689
0.19836
0.19721
0.200004
0.198524
0.200332
0.197538
0.199675
0.198196
0.204277
0.203784
0.199511
0.198031
0.198689
0.19458
0.201483
0.201812
0.198853
0.202305
0.197703
0.198524
0.196552
0.199675
0.198689
0.198689
0.199018
0.200004
0.197703
0.197703
0.194744
0.19836
0.196059
0.197045
0.19721
0.197374
0.198853
0.196552
0.200168
0.197538
0.198689
0.199511
0.19836
0.198524
0.200825
0.196552
0.200004
0.197374
0.193265
0.201647
0.196552
0.198196
0.195402
0.200004
0.195895
0.201319
0.195566
0.198853
0.198196
0.198689
0.199675
0.199182
0.196388
0.197045
0.200168
0.192772
0.201319
0.199839
0.198853
0.198689
0.197867
0.198689
0.200497
0.199182
0.199839
0.200168
0.200168
0.200004
0.198524
0.197374
0.203291
0.199018
0.20099
0.200168
0.199346
0.200332
0.201647
0.196717
0.196059
0.200497
0.195895
0.197374
0.198031
0.199839
0.200332
0.195895
0.196881
0.20099
0.195566
0.192115
0.198853
0.19573
0.200168
0.199182
0.20099
0.198524
0.199839
0.197374
0.199018
0.197867
0.198196
0.201976
0.194251
0.196223
0.195402
0.197867
0.199018
0.202305
0.19836
0.202469
0.199511
0.196881
0.198853
0.200168
0.196881
0.197045
0.201483
0.197045
0.20214
0.200004
0.199182
0.198524
0.201647
0.198853
0.20477
0.197867
0.200661
0.203784
0.200332
0.200497
0.199675
0.199839
0.197045
0.197045
0.195566
0.198196
0.196223
0.196223
0.200825
0.204113
0.199182
0.201483
0.203455
0.199839
0.201319
0.200004
0.199675
0.198031
0.19836
0.198689
0.199182
0.19836
0.200497
0.202305
0.203455
0.202305
0.202962
0.204934
0.201976
0.19836
0.202305
0.202469
0.201319
0.201319
0.199675
0.193758
0.196717
0.198524
0.195237
0.200497
0.196059
0.199675
0.199839
0.200497
0.201319
0.201483
0.203455
0.198853
0.202305
0.200497
0.202962
0.201647
0.199018
0.199839
0.200332
0.198689
0.20099
0.196388
0.199839
0.199511
0.198689
0.201647
0.201647
0.206742
0.204934
0.203455
0.201812
0.202633
0.198853
0.201154
0.200004
0.20099
0.196717
0.200661
0.199675
0.197867
0.200332
0.198853
0.201812
0.197045
0.199182
0.198524
0.200825
0.203126
0.204277
0.203455
0.203126
0.200168
0.199675
0.199839
0.196552
0.196059
0.197045
0.197867
0.200497
0.199675
0.19721
0.198031
0.196881
0.200004
0.197867
0.202633
0.19573
0.197045
0.195895
0.19573
0.194087
0.19721
0.196223
0.195237
0.19721
0.19721
0.196717
0.193101
0.197045
0.191128
0.195402
0.196388
0.196223
0.198031
0.199018
0.196388
0.198031
0.196881
0.195566
0.197045
0.19573
0.196059
0.193922
0.198524
0.194251
0.196717
0.197045
0.195073
0.194416
0.197045
0.194087
0.19836
0.196552
0.20099
0.19721
0.196552
0.197538
0.199182
0.19836
0.191293
0.197045
0.195073
0.194909
0.19721
0.199346
0.197867
0.199018
0.198524
0.20099
0.199839
0.197374
0.197374
0.193594
0.198853
0.19458
0.197703
0.193922
0.197867
0.195073
0.198031
0.197045
0.19573
0.198853
0.199839
0.197867
0.198524
0.200497
0.196059
0.200497
0.19836
0.198689
0.19458
0.19721
0.196059
0.19721
0.197703
0.195895
0.196223
0.192772
0.203784
0.20099
0.19721
0.200004
0.196881
0.197703
0.197703
0.197045
0.197703
0.198524
0.199675
0.196881
0.200168
0.196223
0.199018
0.197538
0.196552
0.199018
0.195402
0.195566
0.196881
0.19721
0.197538
0.200168
0.197045
0.203455
0.196717
0.198031
0.196059
0.197867
0.201483
0.197867
0.198196
0.200661
0.202798
0.195237
0.201319
0.201483
0.200825
0.19721
0.201154
0.198524
0.200497
0.19836
0.200332
0.199675
0.20099
0.196388
0.198853
0.200497
0.19721
0.19721
0.196223
0.19836
0.197374
0.199839
0.198524
0.201483
0.201483
0.201976
0.199675
0.198196
0.200332
0.199018
0.199839
0.19836
0.197374
0.195402
0.199511
0.198524
0.199018
0.195895
0.19836
0.199675
0.199346
0.202962
0.202633
0.203455
0.20099
0.200332
0.199182
0.198853
0.199839
0.199346
0.199675
0.198853
0.19721
0.199346
0.198031
0.200497
0.199839
0.200661
0.19836
0.199511
0.199839
0.200332
0.200497
0.200332
0.203455
0.202305
0.199018
0.200168
0.204113
0.196388
0.196388
0.199346
0.197703
0.200004
0.199346
0.197867
0.199511
0.203291
0.200332
0.205756
0.19836
0.201976
0.199675
0.199018
0.194087
0.194087
0.197374
0.197045
0.194909
0.197045
0.204934
0.194416
0.197867
0.196059
0.199675
0.200168
0.200497
0.197538
0.199675
0.201483
0.19836
0.196717
0.196881
0.198689
0.197374
0.201319
0.195073
0.20214
0.196552
0.200497
0.201154
0.202633
0.193101
0.201812
0.200332
0.201154
0.200661
0.202305
0.197045
0.197045
0.199675
0.196552
0.199182
0.190142
0.197703
0.19721
0.200661
0.197045
0.200661
0.200004
0.201812
0.196552
0.202962
0.199839
0.191457
0.195895
0.197703
0.199346
0.196059
0.196388
0.199182
0.199839
0.198031
0.20099
0.199182
0.199018
0.199839
0.201483
0.200168
0.199511
0.200661
0.197374
0.201154
0.196881
0.200004
0.200497
0.197538
0.195895
0.200332
0.197538
0.19836
0.198853
0.199839
0.202798
0.196717
0.200661
0.197867
0.198196
0.195073
0.195895
0.19573
0.198196
0.197703
0.197867
0.196059
0.201483
0.199675
0.195402
0.199511
0.194909
0.20214
0.196552
0.197703
0.197374
0.20099
0.196717
0.197045
0.193594
0.200661
0.195237
0.19721
0.196059
0.199511
0.198196
0.197538
0.202305
0.197538
0.203948
0.200004
0.199511
0.199511
0.200332
0.197538
0.200332
0.197045
0.201647
0.199182
0.198524
0.200497
0.199182
0.197867
0.199018
0.199675
0.191786
0.197867
0.196059
0.197703
0.197703
0.201319
0.199511
0.201812
0.201154
0.200661
0.20214
0.198689
0.19836
0.19836
0.199018
0.198853
0.196717
0.19836
0.196881
0.198524
0.195895
0.199346
0.202305
0.194087
0.199511
0.198853
0.199018
0.199675
0.197374
0.197867
0.198524
0.196388
0.199346
0.199182
0.19836
0.202633
0.19721
0.196717
0.199675
0.201319
0.198524
0.198853
0.199675
0.202798
0.199675
0.198853
0.199511
0.198689
0.198853
0.196552
0.194744
0.198689
0.197538
0.196388
0.201154
0.197703
0.197538
0.200825
0.197538
0.197538
0.198689
0.201319
0.199675
0.198853
0.197045
0.204113
0.19836
0.198524
0.197045
0.198524
0.195402
0.195402
0.200661
0.197538
0.197867
0.197045
0.202962
0.201483
0.20214
0.20099
0.199839
0.197703
0.19836
0.198853
0.197538
0.200497
0.200168
0.202305
0.19573
0.198196
0.197703
0.199839
0.201976
0.19721
0.199182
0.20099
0.19721
0.201154
0.197703
0.19721
0.194416
0.197374
0.19721
0.197045
0.197374
0.198689
0.198196
0.193101
0.195237
0.198031
0.199018
0.199346
0.199511
0.196552
0.200661
0.199182
0.201319
0.200332
0.19836
0.200168
0.20099
0.196223
0.198524
0.198031
0.196388
0.195895
0.194744
0.203126
0.19836
0.200497
0.199839
0.20214
0.199018
0.196717
0.199511
0.198524
0.200497
0.199182
0.199839
0.200332
0.200332
0.197374
0.202305
0.197538
0.196881
0.200004
0.199839
0.201976
0.200497
0.19721
0.200497
0.200004
0.198524
0.201647
0.19836
0.199018
0.198689
0.196881
0.197703
0.201976
