Ladekurvenmessung

Zeit: 2018_05_02 15.22.11

Info: FVA3, v = 0.4106, T = 40, F = 20, h = 229.2

Ladewiderstand[Ohm]: 1012700

Störkapazität[nF]: 0.000000

Entladezeit[ms]: 100

Abtastrate[Hz]: 250000

Anzahl der Messwerte: 2500

Verzögerung [ms]: 1


Kurve 1

0.00616
0.008825
0.009055
0.009319
0.01149
0.007608
0.008068
0.008463
0.004844
0.006555
0.006127
0.007147
0.007674
0.008529
0.008496
0.007542
0.008825
0.002541
0.004384
0.005075
0.00218
0.006522
0.004154
0.00774
0.00672
0.006555
0.005996
0.008101
0.00343
0.006588
0.002509
0.004186
0.005535
0.000271
0.004483
0.004318
0.005568
0.001982
0.008101
0.001719
0.002607
0.001522
0.001193
-0.000946
0.002673
0.002212
0.001061
0.000831
0.001028
-0.005058
-0.002953
0.004318
-0.00065
0.006753
0.00218
0.002245
0.002212
0.002838
-0.000321
-9e-05
-0.000156
-2.5e-05
4.1e-05
4.1e-05
4.1e-05
7.4e-05
0.000107
7.4e-05
-5.8e-05
-9e-05
-9e-05
-0.000156
-5.8e-05
4.1e-05
4.1e-05
4.1e-05
7.4e-05
4.1e-05
4.1e-05
-9e-05
-9e-05
-0.000222
-2.5e-05
-0.000156
0.000732
4.1e-05
-9e-05
0.000403
4.1e-05
-2.5e-05
-2.5e-05
-9e-05
-0.000123
-9e-05
-5.8e-05
8e-06
4.1e-05
7.4e-05
7.4e-05
0.000107
0.000107
0.000568
0.003792
0.001127
0.002245
0.001916
0.00218
0.002278
0.003759
-0.001966
0.000502
-0.002393
-0.002624
-0.00315
-0.004729
-0.007888
-0.005058
-0.005124
-0.00769
-0.004992
-0.004137
-0.00565
-0.007559
-0.003709
-0.004499
-0.002689
-0.004828
-0.005256
-0.009927
-0.00644
-0.008611
-0.006966
-0.006506
-0.009664
-0.005354
-0.008118
-0.006539
-0.006374
-0.005617
-0.010816
-0.007131
-0.008447
-0.008052
-0.006407
-0.009664
-0.007789
-0.009598
-0.009532
-0.008677
-0.007723
-0.011572
-0.008315
-0.010355
-0.011901
-0.011638
-0.00792
-0.007657
-0.00723
-0.00871
-0.006374
-0.011046
-0.012099
-0.011112
-0.01246
-0.011737
-0.014895
-0.006966
-0.010914
-0.013349
-0.013382
-0.011276
-0.012526
-0.01325
-0.01223
-0.007657
-0.010651
-0.011342
-0.012197
-0.013349
-0.012493
-0.011013
-0.010421
-0.010684
-0.010914
-0.012855
-0.010783
-0.011704
-0.012197
-0.015487
-0.009829
-0.010816
-0.009927
-0.012066
-0.007032
-0.012493
-0.01246
-0.012559
-0.013415
-0.012197
-0.011835
-0.009993
-0.012592
-0.010947
-0.012757
-0.022824
-0.017593
-0.012822
-0.010783
-0.011375
-0.011671
-0.010125
-0.009269
-0.012033
-0.010256
-0.012164
-0.006572
-0.013447
-0.009072
-0.015783
-0.011177
-0.013184
-0.008578
-0.014566
-0.009861
-0.006966
-0.006243
-0.003907
-0.006637
-0.00417
-0.002722
-0.002821
-0.002558
0.001127
-0.003446
0.002344
0.001357
0.006884
0.002903
0.006292
0.008726
0.007246
0.008858
0.009055
0.008529
0.008134
0.011654
0.0082
0.010273
0.007082
0.010569
0.005963
0.011885
0.016918
0.022347
0.025011
0.026525
0.031131
0.035276
0.038665
0.040967
0.04485
0.044323
0.047481
0.047021
0.051067
0.00514
0.015043
0.023235
0.027314
0.031986
0.038072
0.013003
0.018267
0.024847
0.031032
0.040704
0.047975
0.051166
0.056595
0.063141
0.06801
0.07334
0.077518
0.08117
0.084855
0.090086
0.092454
0.097554
0.100219
0.102028
0.105976
0.110154
0.113312
0.116175
0.119826
0.121438
0.125551
0.124432
0.127097
0.119958
0.120188
0.114464
0.103508
0.099626
0.103344
0.100153
0.101567
0.104495
0.108707
0.111799
0.111996
0.119596
0.12032
0.126209
0.12486
0.128314
0.125288
0.126439
0.123478
0.130519
0.129268
0.132065
0.136835
0.139401
0.142592
0.141803
0.148942
0.143941
0.148152
0.147297
0.151113
0.151113
0.153877
0.154008
0.157627
0.157496
0.152495
0.161082
0.126801
0.119201
0.122524
0.12463
0.127327
0.129861
0.109661
0.111569
0.114168
0.114365
0.121208
0.120912
0.121669
0.127492
0.128249
0.129301
0.131275
0.136111
0.139204
0.140619
0.141211
0.135026
0.142987
0.142889
0.144534
0.146277
0.148054
0.14881
0.150817
0.148054
0.143382
0.148152
0.15039
0.145455
0.148514
0.147791
0.148481
0.152067
0.153581
0.153811
0.154601
0.157529
0.157792
0.161147
0.161641
0.161476
0.164766
0.162792
0.167267
0.163023
0.163516
0.167234
0.168813
0.1673
0.172333
0.17105
0.170951
0.175294
0.170228
0.16957
0.171708
0.171379
0.173452
0.17355
0.177498
0.174143
0.178058
0.173616
0.175294
0.177005
0.178716
0.178847
0.177992
0.182038
0.179308
0.182367
0.180262
0.181249
0.178321
0.182532
0.179077
0.18467
0.18592
0.183683
0.18694
0.183256
0.184572
0.181973
0.186414
0.183387
0.186611
0.18365
0.18546
0.186513
0.185624
0.185953
0.188585
0.187006
0.186776
0.187796
0.189046
0.186809
0.188421
0.189506
0.184933
0.183782
0.185131
0.185657
0.180657
0.183519
0.181051
0.179538
0.178452
0.174439
0.177038
0.17411
0.173583
0.170622
0.172629
0.170524
0.17059
0.170063
0.168714
0.169504
0.170984
0.169899
0.170261
0.167431
0.170524
0.174044
0.175393
0.177202
0.17911
0.178255
0.176544
0.177103
0.179505
0.181512
0.179637
0.18365
0.182795
0.185098
0.179571
0.182762
0.184144
0.184045
0.185032
0.18694
0.187039
0.189474
0.190625
0.189342
0.189638
0.188026
0.191151
0.187664
0.191217
0.185526
0.191316
0.189835
0.186644
0.190757
0.190757
0.190362
0.188585
0.193619
0.186019
0.188816
0.187335
0.189671
0.182631
0.191579
0.190559
0.192073
0.178913
0.104397
0.086237
0.095613
0.091467
0.035802
0.010273
0.017083
0.01524
0.023531
0.028367
0.031262
0.039191
0.040737
0.046527
0.051265
0.051594
0.055706
0.062845
0.061825
0.063076
0.06801
0.070116
0.073702
0.074195
0.077518
0.080249
0.083539
0.083308
0.088572
0.087849
0.088539
0.09354
0.096863
0.093277
0.099429
0.10114
0.099495
0.10216
0.102818
0.107687
0.103081
0.086467
0.003035
0.005897
-9e-05
-0.000354
0.007082
-0.001571
0.002048
0.00139
0.004417
0.000239
7.4e-05
-0.000222
4.1e-05
0.000502
-0.000255
-0.001703
0.00037
0.000666
7.4e-05
0.000864
0.0006
0.001554
0.00468
-0.001176
-5.8e-05
-0.000123
0.001489
0.001752
0.00014
-0.000321
0.000436
4.1e-05
4.1e-05
4.1e-05
0.000107
0.005502
0.005897
0.01228
0.014714
0.020044
0.00366
0.000765
-9e-05
0.005535
0.011951
0.014648
0.017938
0.018004
0.00287
0.004384
0.012082
0.015043
0.017445
0.015405
0.014813
0.006555
0.002838
0.002311
0.01024
0.017576
0.019123
0.016195
0.021096
0.012082
0.002344
0.006687
-0.001374
0.001061
0.001686
0.015372
0.006358
0.003989
0.005897
0.00843
0.016129
0.016688
0.019813
0.022445
0.023728
0.028597
0.030999
0.027512
0.006193
0.00672
0.01228
0.013892
0.022182
0.026097
0.033467
0.036559
0.035638
0.041395
0.043534
0.048337
0.057943
0.06176
0.065872
0.07413
0.074228
0.085644
0.0865
0.091599
0.096172
0.104824
0.104232
0.110746
0.114003
0.119464
0.121833
0.123906
0.127097
0.126209
0.131867
0.133183
0.130157
0.137164
0.142362
0.140322
0.138579
0.127031
0.111898
0.075446
0.013596
-0.000683
0.003035
0.010635
0.008134
0.009779
0.005798
0.000831
-0.000419
0.000271
0.000239
-5.8e-05
4.1e-05
-0.000222
-9e-05
-2.5e-05
8e-06
0.000173
8e-06
0.000732
0.000962
-0.001275
0.000666
-5.8e-05
0.000304
-0.001143
-0.002262
-0.000452
0.000239
4.1e-05
7.4e-05
0.000107
8e-06
-2.5e-05
-9e-05
-0.000156
-5.8e-05
-5.8e-05
-2.5e-05
-2.5e-05
8e-06
7.4e-05
4.1e-05
-2.5e-05
-5.8e-05
-0.000123
-9e-05
-9e-05
-0.000123
8e-06
7.4e-05
0.000107
7.4e-05
0.000239
0.000107
7.4e-05
4.1e-05
-5.8e-05
8e-06
-0.000123
-5.8e-05
8e-06
4.1e-05
7.4e-05
7.4e-05
0.000107
0.000173
0.003199
0.010964
0.018234
0.026887
0.034322
0.036987
0.044981
0.049521
0.055871
0.057285
0.065115
0.071925
0.077716
0.080249
0.08752
0.095218
0.093408
0.100219
0.10591
0.106338
0.11374
0.119826
0.119333
0.125518
0.126571
0.131209
0.130157
0.137756
0.138447
0.142921
0.145159
0.145323
0.152363
0.153449
0.156147
0.158713
0.159733
0.163253
0.166444
0.166576
0.17184
0.167925
0.167168
0.173156
0.172498
0.173189
0.174965
0.17559
0.176478
0.17684
0.179012
0.17786
0.181413
0.180657
0.181644
0.184703
0.18444
0.18694
0.187335
0.184933
0.186315
0.188026
0.187138
0.188848
0.188618
0.193158
0.191151
0.19125
0.19227
0.19329
0.188026
0.190757
0.190526
0.189079
0.192204
0.195593
0.197369
0.195132
0.195264
0.194277
0.19204
0.194277
0.19454
0.195198
0.193816
0.197435
0.203456
0.198685
0.196448
0.199442
0.193816
0.194474
0.194244
0.197863
0.195955
0.198159
0.194277
0.197172
0.194244
0.197764
0.19783
0.196349
0.198323
0.19783
0.195823
0.195527
0.19704
0.195297
0.19579
0.198093
0.194343
0.193356
0.199573
0.195165
0.194935
0.198488
0.194902
0.197632
0.197303
0.197994
0.191809
0.193454
0.194902
0.195922
0.194474
0.200462
0.198455
0.196382
0.199179
0.197336
0.197139
0.197073
0.197139
0.197271
0.197896
0.198751
0.197172
0.189013
0.189177
0.189046
0.192007
0.18898
0.194968
0.192994
0.19431
0.194672
0.19227
0.19431
0.192994
0.192566
0.189474
0.197007
0.192533
0.19329
0.193191
0.194803
0.194277
0.195691
0.104528
0.047054
0.044915
0.046198
0.052647
0.05745
0.063898
0.065971
0.074163
0.08038
0.08821
0.089559
0.095086
0.094724
0.09989
0.104759
0.107785
0.110055
0.116635
0.120254
0.124202
0.127097
0.129762
0.131111
0.131144
0.133578
0.139072
0.140158
0.136967
0.144797
0.145356
0.147494
0.150587
0.154535
0.154962
0.156772
0.157825
0.158581
0.158779
0.158483
0.16401
0.165457
0.164306
0.162102
0.166378
0.163483
0.167036
0.164997
0.171182
0.168385
0.170293
0.173847
0.173254
0.172432
0.175459
0.17809
0.172761
0.175524
0.17536
0.176018
0.172794
0.174833
0.18013
0.177432
0.174932
0.178354
0.173748
0.172563
0.180295
0.17911
0.17865
0.179735
0.183848
0.183585
0.182729
0.181315
0.18138
0.178814
0.178946
0.179604
0.180953
0.179275
0.18546
0.182269
0.182433
0.183585
0.185164
0.184111
0.184539
0.185427
0.183256
0.186151
0.184604
0.186842
0.184539
0.185131
0.184604
0.185789
0.184901
0.185657
0.187236
0.185098
0.18648
0.18546
0.186513
0.188585
0.184078
0.188552
0.187631
0.187861
0.188289
0.190362
0.188322
0.18819
0.187697
0.186052
0.188618
0.19
0.18898
0.18467
0.182696
0.182005
0.182466
0.18365
0.17888
0.18592
0.182466
0.181347
0.182466
0.185756
0.183321
0.186019
0.185065
0.186644
0.187434
0.18648
0.191316
0.191184
0.187105
0.187368
0.190526
0.187335
0.191678
0.190033
0.191349
0.188881
0.188487
0.188092
0.189046
0.187697
0.186249
0.188519
0.19
0.19125
0.188552
0.190757
0.187532
0.190329
0.189638
0.190855
0.188947
0.187993
0.191513
0.190625
0.189046
0.191612
0.18796
0.188487
0.190131
0.189441
0.19102
0.190757
0.191612
0.19148
0.191776
0.191974
0.190066
0.191809
0.190164
0.189112
0.190592
0.188717
0.188585
0.190197
0.188947
0.192994
0.191349
0.191316
0.190033
0.189605
0.189539
0.191941
0.188947
0.189572
0.189474
0.192105
0.189671
0.191217
0.188618
0.191678
0.184736
0.189539
0.192237
0.189506
0.191711
0.189079
0.19046
0.190131
0.192171
0.190164
0.194869
0.186907
0.192007
0.189572
0.19125
0.188026
0.185394
0.188848
0.188585
0.189309
0.189177
0.182203
0.187236
0.189638
0.18921
0.190724
0.188026
0.191053
0.189934
0.191086
0.190296
0.190559
0.190493
0.190296
0.187697
0.191053
0.188092
0.185262
0.190724
0.185262
0.19046
0.191776
0.190757
0.19
0.191842
0.191382
0.193224
0.191711
0.190658
0.19227
0.184572
0.189704
0.191382
0.192402
0.190164
0.195165
0.189375
0.192138
0.190329
0.192402
0.189934
0.191086
0.192566
0.191349
0.19125
0.192467
0.191316
0.190428
0.189934
0.188552
0.190592
0.186776
0.189243
0.187993
0.185427
0.182696
0.17888
0.162595
0.161773
0.161773
0.160457
0.15845
0.15335
0.148087
0.139105
0.09989
0.089329
0.088539
0.086565
0.086631
0.082947
0.08446
0.083703
0.084855
0.082025
0.081104
0.074031
0.066662
0.044422
0.019221
0.0107
0.007904
0.006588
0.001127
-0.000156
0.002541
0.000699
0.001193
0.004779
0.004055
0.009713
0.012016
0.017149
0.014648
0.017576
0.021557
0.020998
0.030802
0.034059
0.039882
0.044455
0.050738
0.053963
0.060806
0.063306
0.067451
0.072254
0.075873
0.07811
0.086829
0.088836
0.093803
0.099166
0.099988
0.105647
0.106634
0.110779
0.113214
0.119168
0.119695
0.125222
0.122754
0.126834
0.129268
0.131538
0.131506
0.132821
0.136177
0.136506
0.140454
0.142099
0.140717
0.144139
0.146376
0.150225
0.146869
0.150258
0.153976
0.151508
0.157068
0.151705
0.160851
0.156443
0.161509
0.162167
0.162529
0.165786
0.166378
0.168418
0.168188
0.171675
0.169306
0.174208
0.172498
0.17582
0.174208
0.17582
0.175557
0.173189
0.176676
0.180821
0.179604
0.183223
0.18467
0.182927
0.18365
0.18115
0.184111
0.183782
0.178419
0.176807
0.171478
0.161904
0.145948
0.141211
0.142658
0.143514
0.138283
0.137559
0.134499
0.132032
0.102522
0.075347
0.058733
0.050541
0.048337
0.056956
0.043435
0.039652
0.042481
0.040704
0.036296
0.037053
0.043501
0.044356
0.046001
0.048205
0.060148
0.065148
0.070445
0.076169
0.081894
0.084822
0.088375
0.094034
0.098968
0.101107
0.108378
0.110516
0.112621
0.119037
0.120254
0.126998
0.127755
0.131999
0.132558
0.138151
0.140026
0.142066
0.142625
0.144731
0.146178
0.148185
0.148613
0.150258
0.151673
0.152232
0.156904
0.153581
0.159371
0.162628
0.163187
0.164701
0.163056
0.164076
0.16526
0.165194
0.166806
0.16799
0.167892
0.168188
0.171807
0.170524
0.1698
0.175656
0.175886
0.174669
0.176051
0.178058
0.176446
0.18523
0.182104
0.185032
0.183815
0.184078
0.184539
0.184966
0.188552
0.188914
0.188519
0.18648
0.189013
0.18773
0.19125
0.190296
0.191612
0.190526
0.193882
0.190658
0.192073
0.193027
0.192731
0.191645
0.190625
0.193981
0.192763
0.192434
0.19227
0.192994
0.190493
0.193191
0.192698
0.195001
0.193981
0.195198
0.197501
0.192007
0.195165
0.194639
0.195823
0.189901
0.188388
0.190987
0.192336
0.191217
0.193915
0.195889
0.195461
0.194474
0.19783
0.195659
0.195889
0.19431
0.195527
0.196876
0.192961
0.193224
0.196251
0.194902
0.196645
0.197007
0.190625
0.197994
0.192007
0.195428
0.194935
0.195165
0.197303
0.197435
0.195264
0.196053
0.198521
0.199442
0.193981
0.19533
0.195132
0.191645
0.195757
0.194112
0.193027
0.192763
0.19533
0.195856
0.19579
0.193652
0.195362
0.19306
0.19431
0.194672
0.194079
0.192402
0.191875
0.195001
0.19204
0.192796
0.194211
0.194277
0.192138
0.192303
0.194474
0.192171
0.190921
0.194441
0.194112
0.192895
0.195264
0.194704
0.192007
0.188256
0.193257
0.194112
0.189605
0.191217
0.192204
0.189375
0.196152
0.189737
0.193685
0.192303
0.195001
0.191711
0.195297
0.197172
0.190625
0.19352
0.194836
0.194046
0.192336
0.192665
0.190625
0.191579
0.192402
0.193619
0.189375
0.192138
0.193685
0.193619
0.193882
0.192402
0.195001
0.192171
0.187829
0.188059
0.189441
0.18671
0.187434
0.189408
0.192303
0.190395
0.18977
0.191875
0.19125
0.191612
0.192237
0.192336
0.19329
0.192961
0.193717
0.197632
0.192632
0.193652
0.193454
0.19375
0.193685
0.193915
0.192763
0.191908
0.193092
0.194375
0.196645
0.199672
0.195461
0.198027
0.197468
0.191842
0.198521
0.193849
0.198883
0.194211
0.19885
0.193388
0.196645
0.19681
0.197665
0.19681
0.19658
0.197665
0.196613
0.198027
0.19477
0.196481
0.19477
0.19556
0.193092
0.196678
0.192007
0.190987
0.191217
0.192566
0.190296
0.190329
0.190493
0.19
0.18898
0.186842
0.186677
0.180525
0.181347
0.175327
0.18013
0.17434
0.172958
0.171083
0.164437
0.159667
0.156706
0.144501
0.145882
0.141573
0.14302
0.141704
0.137033
0.138447
0.13519
0.132558
0.128479
0.127492
0.121702
0.112753
0.104824
0.10012
0.085381
0.071399
0.05643
0.049028
0.054094
0.050179
0.058141
0.055904
0.055838
0.059852
0.061365
0.064194
0.068109
0.068932
0.074426
0.077222
0.078966
0.081565
0.082749
0.084098
0.083308
0.088145
0.088441
0.089757
0.088934
0.088868
0.093441
0.097817
0.099922
0.105647
0.107785
0.113576
0.111273
0.116997
0.120682
0.126209
0.126768
0.132065
0.135092
0.138513
0.141704
0.14325
0.145027
0.145586
0.15289
0.151245
0.155061
0.155719
0.159075
0.161411
0.161444
0.164799
0.169405
0.165984
0.167661
0.167036
0.168418
0.169043
0.173518
0.175524
0.17434
0.178814
0.174011
0.183354
0.179538
0.182532
0.183552
0.182532
0.184933
0.18467
0.186809
0.186217
0.187697
0.18648
0.192895
0.187664
0.190789
0.191513
0.192336
0.190757
0.195066
0.194737
0.197435
0.200857
0.193487
0.195889
0.196415
0.195198
0.196218
0.198652
0.197468
0.167661
0.168122
0.165786
0.161279
0.164076
0.166609
0.166905
0.168254
0.169997
0.166707
0.169339
0.168023
0.169339
0.175097
0.174241
0.175623
0.177465
0.178946
0.174669
0.177498
0.177926
0.182663
0.177564
0.186184
0.185624
0.187796
0.185098
0.188519
0.18921
0.18773
0.190822
0.189243
0.191546
0.188783
0.194046
0.193421
0.192105
0.192994
0.201515
0.192961
0.197106
0.193356
0.195033
0.202041
0.198455
0.200791
0.198258
0.199442
0.199343
0.192994
0.196152
0.19908
0.197369
0.198323
0.198652
0.201317
0.199376
0.200922
0.201844
0.204212
0.20214
0.19908
0.203291
0.201153
0.19908
0.201811
0.202633
0.197501
0.203324
0.198587
0.198554
0.201284
0.200363
0.201844
0.202567
0.203686
0.202107
0.20566
0.202074
0.205166
0.199541
0.20816
0.201909
0.204114
0.20237
0.202765
0.201876
0.20112
0.201778
0.200396
0.206285
0.206186
0.19908
0.201778
0.207042
0.199968
0.202403
0.201087
0.203127
0.201186
0.200528
0.198619
0.201383
0.200363
0.200034
0.200166
0.199113
0.200264
0.200692
0.199442
0.200396
0.202502
0.203159
0.201482
0.202403
0.206581
0.199508
0.19783
0.196645
0.197764
0.194408
0.194211
0.045211
0.044159
0.051199
0.056562
0.062385
0.068208
0.074064
0.077354
0.083901
0.084921
0.093474
0.094724
0.100251
0.104068
0.109134
0.108575
0.113411
0.114036
0.118609
0.125189
0.109266
0.103476
0.10545
0.114266
0.113576
0.118576
0.120353
0.006029
-0.001735
0.002147
0.001982
0.0057
0.001423
0.00672
0.012905
0.009023
0.014286
0.013793
0.016326
0.010569
0.007147
0.004943
0.001028
0.004088
0.005272
0.011687
0.015866
0.02284
0.028466
0.034848
0.038994
0.04712
0.033631
0.007049
0.012938
0.018465
0.027216
0.032282
0.03544
0.041231
0.043468
0.045837
0.049455
0.005864
0.01172
0.019386
0.020307
0.030242
0.032644
0.008924
0.005239
0.016984
0.010898
0.022741
0.032151
0.033565
0.042941
0.047449
0.050048
0.051199
0.054785
0.060246
0.056627
0.064293
0.068603
0.07436
0.075577
0.073866
0.076827
0.069096
0.070577
0.074557
0.07413
0.07357
0.074492
0.077584
0.074426
0.07515
0.078275
0.078078
0.074952
0.083901
0.087322
0.08877
0.093474
0.096106
0.094988
0.093639
0.08594
0.02511
0.026229
0.023728
0.024715
0.022577
0.024781
0.027018
0.03146
0.031098
0.032973
0.032644
0.001225
0.009121
0.005206
0.004154
0.008858
0.003825
0.007937
0.012312
0.013793
0.015866
0.02034
0.029223
0.033828
0.038237
0.046001
0.052351
0.058371
0.064556
0.068339
0.069886
0.077485
0.081532
0.089165
0.093869
0.099593
0.103245
0.104561
0.108049
0.111865
0.116273
0.117688
0.121537
0.122491
0.12588
0.129268
0.134039
0.137197
0.138941
0.143086
0.144468
0.147231
0.152265
0.15108
0.152956
0.153976
0.153745
0.155456
0.155851
0.159141
0.160522
0.162957
0.164141
0.168319
0.167563
0.169438
0.170293
0.173221
0.170458
0.173123
0.175162
0.178321
0.175491
0.177334
0.177235
0.177334
0.18036
0.181479
0.1799
0.177926
0.18648
0.182696
0.184802
0.18467
0.186184
0.183519
0.053765
0.041724
0.047547
0.054917
0.061167
0.070412
0.074755
0.080545
0.083934
0.09025
0.092652
0.099988
0.101238
0.106173
0.110648
0.112786
0.120353
0.124432
0.128314
0.128676
0.135717
0.137329
0.138776
0.139335
0.144336
0.143053
0.145422
0.147758
0.154239
0.154962
0.156739
0.160983
0.158417
0.161871
0.163023
0.16572
0.167135
0.170918
0.150455
0.143415
0.142889
0.150982
0.143645
0.15437
0.156147
0.157002
0.15789
0.160819
0.166543
0.158713
0.164174
0.170787
0.16878
0.168122
0.170228
0.173419
0.173781
0.16878
0.168977
0.168813
0.169866
0.173156
0.17536
0.175327
0.176314
0.177498
0.17911
0.180328
0.183157
0.180657
0.182367
0.184868
0.18444
0.188158
0.186677
0.189243
0.189309
0.187138
0.188618
0.189901
0.154798
0.159009
0.160292
0.163418
0.164931
0.166806
0.168517
0.171873
0.172136
0.17184
0.17763
0.176446
0.179637
0.179341
0.184473
0.182927
0.184736
0.182466
0.186677
0.18523
0.186776
0.189638
0.186776
0.187697
0.188914
0.192829
0.193323
0.194112
0.195362
0.197336
0.196514
0.197007
0.196218
0.198488
0.197698
0.197073
0.200264
0.200528
0.201153
0.20214
0.199968
0.199804
0.202567
0.200593
0.204311
0.202798
0.204475
0.202107
0.20214
0.202896
0.203225
0.203554
0.20339
0.203127
0.205265
0.203949
0.204969
0.204081
0.204344
0.205364
0.204837
0.207634
0.208884
0.208456
0.20487
0.202337
0.203785
0.201482
0.20464
0.20135
0.196645
0.191842
0.190263
0.195428
0.190987
0.19329
0.196382
0.1875
0.190131
0.188026
0.192928
0.192204
0.190855
0.190329
0.192862
0.191415
0.190428
0.192961
0.193816
0.196284
0.190855
0.193027
0.193685
0.196645
0.193224
0.196481
0.193191
0.193191
0.192533
0.192895
0.193849
0.19375
0.192763
0.192961
0.19375
0.191842
0.195165
0.190263
0.193685
0.191283
0.194441
0.195165
0.199837
0.197896
0.193849
0.193849
0.194343
0.189803
0.191711
0.192204
0.192171
0.19204
0.18898
0.195922
0.189441
0.195231
0.194211
0.195264
0.192862
-5.8e-05
7.4e-05
4.1e-05
0.000107
0.000107
7.4e-05
-0.000321
0.003594
0.009944
0.018826
0.023498
0.028926
0.027479
0.011852
0.015273
0.027183
0.028532
0.035506
0.035967
0.038533
0.042612
0.042941
0.010832
0.016392
0.023827
0.020274
0.026656
0.030275
0.038665
0.037974
0.04383
0.051429
0.055542
0.063273
0.06653
0.067188
0.069294
0.073241
0.07867
0.079361
0.082651
0.085875
0.090415
0.09229
0.095613
0.099758
0.098574
0.101271
0.100844
0.10818
0.109726
0.111635
0.044356
0.044882
0.0511
0.05643
0.063503
0.06732
0.071333
0.07584
0.080578
0.083934
0.093079
0.09456
0.099725
0.102127
0.107851
0.111009
0.113148
0.114661
0.121142
0.123741
0.123149
0.129532
0.13042
0.134269
0.136046
0.138085
0.138085
0.141967
0.141573
0.144863
0.148712
0.15164
0.154601
0.154568
0.156311
0.157298
0.161213
0.098607
-0.000222
0.002278
0.012872
0.016293
0.024584
0.027742
0.039816
0.045902
0.050969
0.060707
0.063438
0.069096
0.075347
0.079492
0.084032
0.090086
0.093376
0.101765
0.103114
0.107983
0.10943
0.111931
0.114168
0.119826
0.121866
0.125156
0.125978
0.132821
0.132789
0.135717
0.139072
0.143316
0.144237
0.14381
0.148448
0.149238
0.149106
0.15539
0.158121
0.156575
0.159601
0.158746
0.16322
0.161279
0.164174
0.169274
0.1673
0.169142
0.171873
0.171741
0.171938
0.17332
0.171544
0.167661
0.173287
0.170655
0.170524
0.17763
0.175459
0.18138
0.177071
0.17967
0.183124
0.181446
0.18342
0.182367
0.18592
0.186644
0.187138
0.187796
0.186348
0.183782
0.188125
0.186973
0.187664
0.186611
0.18671
0.186184
0.185098
0.19102
0.18875
0.189605
0.189177
0.192171
0.18977
0.192566
0.191447
0.194507
0.19
0.192533
0.189638
0.192007
0.191283
0.191151
0.189737
0.193619
0.193948
0.192533
0.1976
0.192336
0.192336
0.192763
0.193092
0.192731
0.196481
0.194178
0.194836
0.196185
0.195988
0.195033
0.194178
0.194408
0.194474
0.195428
0.192369
0.194112
0.193685
0.197764
0.193816
0.196316
0.195461
0.195527
0.191711
0.194737
0.192731
0.193421
0.192007
0.193092
0.192237
0.193191
0.195198
0.196152
0.195461
0.192862
0.193915
0.192204
0.193849
0.192105
0.193685
0.192533
0.190559
0.191842
0.1925
0.191217
0.189967
0.187203
0.189803
0.191645
0.188717
0.189967
0.189408
0.189276
0.190493
0.189803
0.18977
0.191645
0.182367
0.122392
0.123544
0.125288
0.128512
0.131374
0.131867
0.134631
0.138052
0.132756
0.136375
0.093408
0.100219
0.100087
0.102554
0.105055
0.109858
0.109299
0.11397
0.118675
0.117622
0.122557
0.125156
0.124695
0.123873
0.127229
0.127985
0.125649
0.131637
0.133348
0.137296
0.136638
0.138842
0.141178

Kurve 2

0.002772
0.021557
0.016787
0.013464
0.001094
0.001818
0.001028
0.002673
0.004219
0.002969
0.002574
0.002903
-0.003874
-0.002196
-0.004269
-0.001472
-0.003775
-0.003315
-0.002887
0.00162
0.00218
0.0006
0.001752
0.002772
0.004088
0.002212
0.006127
0.007213
0.002476
0.003035
0.006818
0.0006
0.00014
0.002114
0.003956
0.002147
0.00287
0.002936
0.004614
0.002278
0.005272
0.007279
0.004647
0.007345
0.004713
0.009549
0.003397
0.001916
0.004252
0.00514
0.003463
0.010371
0.00616
0.005469
0.005798
0.005075
0.000864
0.00366
0.00718
0.00287
0.005634
0.005272
0.007476
0.002936
0.005305
0.006062
0.004121
0.006522
0.005963
0.004746
0.001982
0.008101
0.005831
0.008661
0.003002
0.006456
0.004614
0.009319
0.006884
0.005404
0.006884
0.009845
0.004877
0.007312
0.001785
0.001719
0.005206
0.004515
0.006884
0.004219
0.005963
0.0057
0.0057
0.003693
0.007279
-0.000189
0.00116
0.005371
0.006753
0.004844
0.003364
0.00491
0.001324
0.000568
0.002377
0.004252
0.001489
0.003265
0.003528
0.00162
-0.00065
0.003923
-0.000617
-0.000321
0.000403
0.001489
0.001982
0.002114
0.000206
-0.000814
-0.000156
0.000535
0.001785
-0.000781
0.001094
0.004483
-0.001867
0.00014
0.002574
-0.002229
0.003331
0.003002
0.000995
0.001028
0.001719
-0.000913
-0.001012
-0.001242
-0.002393
-0.000551
-0.002591
0.000995
-0.001703
-0.000452
-0.002657
0.002048
-0.001768
0.001752
0.001587
-0.001834
0.000239
-0.00292
-0.001538
-0.000288
0.000765
-0.001077
0.000798
-0.002821
-0.00236
-0.003347
-0.003775
-0.002097
-0.002196
-0.002393
-0.001176
-0.002032
-0.001966
0.000897
-0.002097
-0.003512
-0.003512
-0.001242
-0.000946
-0.002262
-0.002722
4.1e-05
-0.002492
-0.001045
0.000666
-5.8e-05
-0.000748
-0.000255
-0.000683
-0.001637
0.00037
-0.001012
-0.001308
-0.00065
-9e-05
-0.002163
-0.002426
-0.003578
-0.002196
-0.003282
-0.002393
-0.005091
0.002344
0.001752
-0.000189
0.000568
-0.003315
-0.002097
-0.003644
-0.001735
-0.003282
-0.00394
-0.002525
-0.002854
-0.005453
-0.003907
-0.004367
-0.00667
-0.006637
-0.003907
-0.006078
-0.005782
-0.002953
-0.001604
-0.000354
-0.005025
-0.004038
-0.004334
-0.004236
-0.008578
-0.007657
-0.007888
-0.005946
-0.008743
-0.003644
-0.00792
-0.00565
-0.006243
-0.003347
-0.00417
-0.006308
-0.005387
-0.006736
-0.00667
-0.004433
-0.010026
-0.013283
-0.004433
-0.010125
-0.008315
-0.009664
-0.008085
-0.006637
-0.005289
-0.007131
-0.008973
-0.007262
-0.006802
0.003825
0.011391
0.017872
0.019649
0.029782
0.033434
0.042876
0.045935
0.054785
0.057351
0.060509
0.067517
0.072123
0.076498
0.081499
0.089197
0.090777
0.094757
0.096501
0.101041
0.10591
0.108871
0.112161
0.116536
0.116898
0.1193
0.125123
0.126011
0.1294
0.129828
0.13417
0.138612
0.138217
0.141178
0.145718
0.143382
0.148284
0.14756
0.148876
0.150357
0.152363
0.153219
0.1572
0.152956
0.163319
0.163418
0.162924
0.165194
0.166181
0.16776
0.165589
0.168451
0.167497
0.169932
0.1723
0.173353
0.174504
0.17059
0.17059
0.174702
0.172728
0.174011
0.175919
0.17513
0.179604
0.178551
0.182499
0.179604
0.182038
0.180393
0.182828
0.18342
0.182203
0.181973
0.183223
0.181841
0.181874
0.185065
0.181775
0.184275
0.187039
0.188158
0.186118
0.184999
0.184637
0.185657
0.189276
0.18523
0.188223
0.187171
0.18648
0.187796
0.188026
0.184769
0.189112
0.187302
0.191053
0.188092
0.189539
0.188322
0.188092
0.186348
0.190724
0.181841
0.190329
0.190296
0.187138
0.185789
0.187434
0.190362
0.187203
0.188256
0.18546
0.187993
0.187269
0.186381
0.187401
0.18819
0.18648
0.191151
0.190658
0.190855
0.188848
0.18977
0.188848
0.187927
0.187236
0.187203
0.18773
0.185789
0.189803
0.187269
0.182565
0.186052
0.188322
0.188026
0.189934
0.188519
0.190164
0.186644
0.18671
0.189243
0.185164
0.184802
0.185624
0.190197
0.189079
0.18898
0.18819
0.187171
0.186217
0.188223
0.188388
0.188684
0.190164
0.187171
0.185624
0.189276
0.183585
0.185065
0.185131
0.183946
0.185986
0.178748
0.186085
0.186644
0.188026
0.187598
0.187829
0.184539
0.189868
0.188322
0.188125
0.188487
0.188256
0.188881
0.187467
0.18977
0.189079
0.189835
0.187434
0.19046
0.185855
0.18671
0.065017
0.00843
-0.000156
0.001686
-2.5e-05
0.004088
0.001291
0.001785
0.005568
0.012345
0.017609
0.026163
0.038039
0.037776
0.046363
0.052351
0.05722
0.045771
0.04406
0.003232
0.002344
0.006095
0.006621
0.009746
0.00843
0.001028
0.000633
0.008299
0.014747
0.02182
0.031394
0.031624
0.038138
0.044093
0.057055
0.053864
0.057746
0.066037
0.065477
0.071333
0.075511
0.076334
0.078768
0.07765
0.08367
0.08775
0.086829
0.088178
0.094494
0.092487
0.094395
0.094132
0.040967
0.004022
0.009154
0.016293
0.022347
0.02965
0.032282
0.041593
0.044817
0.04781
0.052515
0.018004
0.000502
0.000535
0.000337
-0.000255
0.00014
-0.005354
0.000897
0.002673
0.001785
0.005206
-0.002591
-2.5e-05
4.1e-05
0.000173
0.000239
4.1e-05
0.000206
-5.8e-05
0.00014
4.1e-05
-0.000123
-0.000156
4.1e-05
4.1e-05
0.000107
0.000173
0.000107
0.000239
0.00014
-0.000156
-9e-05
0.001291
0.011293
0.017807
0.023432
0.03271
0.036658
0.044718
0.051166
0.055081
0.062845
0.0663
0.070313
0.068208
0.074097
0.075544
0.083111
0.064589
0.066069
0.072978
0.076367
0.083539
0.088112
0.092257
0.097422
0.102587
0.104265
0.104989
0.113608
0.114365
0.116701
0.119267
0.123314
0.127064
0.128183
0.134434
0.138612
0.137362
0.138612
0.140816
0.14552
0.145718
0.148054
0.151344
0.156048
0.154074
0.154107
0.157233
0.161279
0.158943
0.160522
0.155851
0.156542
0.156706
0.157529
0.159733
0.155588
0.152692
0.148087
0.141441
0.138414
0.144402
0.140783
0.144073
0.141638
0.142494
0.142428
0.143908
0.144106
0.145981
0.147429
0.150719
0.151607
0.154699
0.15562
0.156673
0.159832
0.159305
0.163253
0.163648
0.164503
0.159206
0.169866
0.166049
0.169537
0.169701
0.176051
0.173748
0.169701
0.171741
0.166313
0.157101
0.140191
0.130946
0.121175
0.124103
0.123906
0.127591
0.132854
0.135289
0.136934
0.139961
0.143086
0.144928
0.150719
0.150521
0.150225
0.15335
0.155752
0.15618
0.160226
0.15993
0.163154
0.16526
0.162102
0.165556
0.164273
0.16526
0.17128
0.167892
0.170622
0.172563
0.170918
0.173386
0.175064
0.172399
0.173353
0.174669
0.172234
0.177202
0.175097
0.176413
0.180032
0.182005
0.180887
0.179341
0.184966
0.188388
0.184341
0.18421
0.184604
0.185789
0.188322
0.18569
0.186315
0.184637
0.188223
0.184901
0.187829
0.187467
0.187105
0.190691
0.193685
0.190592
0.190757
0.189638
0.192961
0.188783
0.190395
0.19
0.19102
0.190362
0.189901
0.191053
0.188158
0.18977
0.191809
0.192402
0.190954
0.198389
0.192402
0.190757
0.194211
0.19102
0.191546
0.189046
0.193027
0.191184
0.190559
0.188355
0.193257
0.188651
0.190559
0.194639
0.192434
0.19375
0.197205
0.193685
0.194869
0.194211
0.191875
0.192895
0.193224
0.192533
0.19227
0.189934
0.190888
0.192665
0.193027
0.193191
0.193717
0.193454
0.193652
0.19375
0.192138
0.191645
0.192796
0.191447
0.193125
0.191908
0.195362
0.191875
0.19125
0.19023
0.192204
0.191118
0.192138
0.191217
0.189737
0.188289
0.191086
0.190625
0.189803
0.193717
0.192566
0.192763
0.192204
0.194573
0.190822
0.192796
0.190296
0.193257
0.188125
0.18977
0.189013
0.192763
0.189177
0.189145
0.191875
0.191776
0.194474
0.191382
0.194178
0.191908
0.194869
0.191217
0.193915
0.190296
0.193816
0.18875
0.189375
0.19227
0.191283
0.193421
0.192369
0.192007
0.193487
0.194375
0.194836
0.196974
0.192632
0.195066
0.19477
0.190888
0.192961
0.194211
0.192369
0.191711
0.197402
0.190691
0.192829
0.192303
0.19227
0.191382
0.190263
0.194737
0.195033
0.194211
0.196053
0.189013
0.191645
0.190888
0.194573
0.193816
0.195626
0.190131
0.195461
0.197106
0.195461
0.193948
0.194869
0.197402
0.195165
0.197764
0.193685
0.194014
0.195626
0.197435
0.196349
0.195823
0.198126
0.196448
0.19579
0.196053
0.197468
0.197435
0.197863
0.198093
0.200133
0.19704
0.199179
0.200297
0.1976
0.197534
0.196514
0.194079
0.195198
0.192402
0.195066
0.193323
0.194112
0.195889
0.192237
0.198883
0.200495
0.196777
0.193487
0.195001
0.191184
0.19125
0.188487
0.192138
0.185789
0.18773
0.186973
0.186513
0.184637
0.181018
0.182565
0.177103
0.1799
0.177761
0.174702
0.176347
0.178419
0.179308
0.1799
0.178518
0.176643
0.176478
0.170853
0.174801
0.171642
0.174768
0.172925
0.174406
0.172531
0.174702
0.174833
0.175491
0.17355
0.175557
0.174504
0.174801
0.178288
0.175228
0.174208
0.174735
0.173156
0.171905
0.173221
0.170886
0.173649
0.169471
0.16753
0.174307
0.174504
0.173287
0.176775
0.175393
0.175985
0.177531
0.175722
0.177761
0.181413
0.181315
0.183486
0.185624
0.183683
0.1875
0.186315
0.186874
0.189112
0.191678
0.190987
0.192007
0.188454
0.192698
0.193158
0.188947
0.193915
0.194375
0.193619
0.194737
0.196481
0.192402
0.197106
0.192796
0.19783
0.19783
0.199968
0.199606
0.201087
0.196909
0.197303
0.198225
0.201054
0.200001
0.197731
0.200889
0.2001
0.202107
0.201317
0.208719
0.195889
0.197501
0.201778
0.202502
0.20135
0.20214
0.201778
0.202534
0.204245
0.201646
0.198883
0.20135
0.205528
0.204081
0.20543
0.200988
0.206416
0.205923
0.205331
0.205298
0.203291
0.205528
0.209114
0.206943
0.206351
0.207403
0.206877
0.20816
0.209048
0.207502
0.207173
0.207798
0.201515
0.205068
0.208193
0.20487
0.205528
0.207897
0.206647
0.206943
0.207667
0.205989
0.208456
0.206153
0.208029
0.205133
0.209213
0.204541
0.204179
0.206515
0.20612
0.207338
0.204114
0.20543
0.205133
0.206548
0.20612
0.207535
0.204114
0.205791
0.205133
0.205101
0.205561
0.205561
0.205561
0.206087
0.206384
0.207469
0.202995
0.203159
0.202469
0.204574
0.204114
0.203357
0.206976
0.206186
0.20566
0.205298
0.207634
0.207502
0.204508
0.205693
0.204772
0.203291
0.206449
0.203423
0.204311
0.204837
0.203949
0.204837
0.201679
0.205759
0.200725
0.206943
0.203817
0.205068
0.204015
0.207798
0.206055
0.206153
0.204015
0.204903
0.202798
0.200396
0.200988
0.200988
0.203653
0.19931
0.199804
0.201975
0.205232
0.201317
0.203291
0.201482
0.202995
0.202633
0.200363
0.201153
0.200659
0.197567
0.201613
0.199935
0.199277
0.205495
0.201317
0.202469
0.200462
0.202107
0.198323
0.202995
0.199113
0.200922
0.200857
0.19704
0.194869
0.199738
0.195889
0.197731
0.196514
0.197106
0.199113
0.195856
0.196909
0.201679
0.198948
0.194639
0.197369
0.195165
0.197139
0.194935
0.195165
0.195527
0.197896
0.194968
0.184901
0.191809
0.191184
0.192994
0.191809
0.192994
0.190131
0.194672
0.194606
0.192467
0.186348
0.181907
0.173189
0.166905
0.156476
0.156377
0.150883
0.148613
0.153976
0.146771
0.140783
0.116207
0.107094
0.10216
0.101732
0.10285
0.108838
0.107555
0.111602
0.114201
0.117491
0.117425
0.120682
0.123083
0.123248
0.127525
0.126143
0.130058
0.131637
0.133052
0.134927
0.140454
0.139303
0.141079
0.141375
0.147659
0.144073
0.143415
0.146442
0.147791
0.151705
0.146277
0.153745
0.150159
0.149962
0.149995
0.153318
0.152462
0.154732
0.153285
0.155588
0.15516
0.156871
0.159437
0.158318
0.159108
0.15845
0.160917
0.159075
0.160819
0.148317
0.122195
0.122162
0.122327
0.125617
0.128775
0.129992
0.133118
0.134565
0.135124
0.13802
0.13848
0.139862
0.132131
0.131341
0.133545
0.125123
0.118807
0.126571
0.122952
0.127196
0.126176
0.13144
0.037974
0.04179
0.047843
0.054752
0.0562
0.056364
0.065181
0.068833
0.070938
0.076762
0.083045
0.083966
0.090546
0.089296
0.101567
0.101436
0.104857
0.110812
0.113444
0.114069
0.118971
0.122425
0.119135
0.12611
0.127558
0.131999
0.134039
0.139171
0.142889
0.144501
0.142132
0.144566
0.149797
0.149501
0.152495
0.155127
0.155686
0.160193
0.161773
0.161674
0.166082
0.162496
0.165951
0.165293
0.166971
0.169208
0.170524
0.169405
0.168648
0.17332
0.176018
0.176709
0.178485
0.180097
0.17684
0.18296
0.17638
0.181841
0.182302
0.181676
0.182104
0.18194
0.177038
0.181282
0.183914
0.185197
0.184736
0.186874
0.18592
0.189868
0.184572
0.182992
0.191513
0.188947
0.18592
0.192961
0.191053
0.191053
0.189342
0.184407
0.193421
0.189309
0.19102
0.191217
0.191184
0.192665
0.191184
0.193816
0.194836
0.19454
0.193421
0.195922
0.194178
0.195264
0.195231
0.193849
0.194968
0.196876
0.193981
0.19454
0.195823
0.196514
0.197632
0.197435
0.199508
0.198751
0.195955
0.196218
0.198126
0.195297
0.196974
0.194474
0.198356
0.196942
0.199804
0.198652
0.198685
0.199738
0.200692
0.201712
0.198883
0.195724
0.201942
0.202008
0.199409
0.203488
0.204772
0.203423
0.195724
0.201284
0.201811
0.201284
0.199968
0.20112
0.200791
0.19783
0.203094
0.200725
0.202567
0.201942
0.204278
0.19987
0.202896
0.200758
0.205693
0.20339
0.199376
0.20543
0.20362
0.202666
0.203554
0.205002
0.201975
0.203159
0.203159
0.200758
0.199014
0.200264
0.19806
0.198488
0.199343
0.198554
0.201416
0.19987
0.198587
0.202699
0.198981
0.201186
0.201975
0.20385
0.199541
0.187105
0.192566
0.190724
0.17184
0.171247
0.176511
0.176182
0.177531
0.181775
0.183124
0.179176
0.185591
0.183782
0.183321
0.186315
0.186184
0.190658
0.186447
0.189605
0.188848
0.191711
0.191217
0.193421
0.193586
0.198554
0.189967
0.194672
0.195527
0.193882
0.19829
0.197534
0.198948
0.198455
0.202469
0.201745
0.194079
0.198685
0.201153
0.198225
0.201679
0.200758
0.200034
0.202896
0.200692
0.203686
0.204278
0.206285
0.199475
0.204475
0.200363
0.202041
0.204377
0.201975
0.203785
0.204772
0.203554
0.207601
0.203785
0.203291
0.201712
0.202074
0.202502
0.200824
0.203686
0.203159
0.205627
0.201153
0.205956
0.199179
0.202995
0.201712
0.202863
0.202173
0.205199
0.202238
0.202304
0.201186
0.203225
0.202403
0.200692
0.202271
0.201087
0.200824
0.199935
0.203587
0.196909
0.197764
0.197007
0.200133
0.197863
0.197961
0.200199
0.199968
0.19987
0.19829
0.198981
0.199376
0.197534
0.197501
0.19704
0.193849
0.195527
0.196316
0.193323
0.183091
0.181709
0.180097
0.175327
0.126768
0.131209
0.131374
0.137559
0.128709
0.09479
0.09785
0.10058
0.079328
0.070642
0.003331
0.009154
0.019452
0.025505
0.027742
0.026788
0.034092
0.03873
0.043468
0.05337
0.054752
0.06222
0.040803
0.05314
0.05439
0.060477
0.063997
0.043336
0.025933
0.03317
0.038039
0.042218
0.050541
0.058174
0.061727
0.067287
0.068142
0.00037
0.004417
0.000271
0.006588
0.010075
0.016195
0.025505
0.030802
0.03271
0.038171
0.040967
0.045804
0.056002
0.056331
0.063734
0.068636
0.081137
0.077979
0.08038
0.086467
0.091138
0.091731
0.097356
0.100745
0.103673
0.105482
0.109134
0.109036
0.118576
0.122524
0.122787
0.127623
0.128972
0.132789
0.135717
0.13598
0.134203
0.14177
0.140158
0.141013
0.143415
0.148284
0.145553
0.14858
0.154601
0.145784
0.15312
0.156344
0.158548
0.160062
0.160029
0.160687
0.165951
0.163944
0.165227
0.161476
0.16526
0.165128
0.166839
0.16901
0.169899
0.171215
0.169833
0.175491
0.174472
0.176281
0.177367
0.17809
0.17332
0.177893
0.177597
0.180032
0.180558
0.179801
0.181282
0.181413
0.180032
0.178551
0.181841
0.181315
0.182828
0.183946
0.184868
0.18194
0.187829
0.183815
0.189013
0.186578
0.186644
0.185624
0.188487
0.188158
0.187927
0.185098
0.1875
0.189671
0.184901
0.187861
0.188881
0.191283
0.191316
0.19556
0.189506
0.192829
0.193454
0.192731
0.192731
0.187335
0.189441
0.192369
0.19148
0.192336
0.193257
0.190131
0.193224
0.191447
0.19204
0.190066
0.188914
0.19431
0.194277
0.191842
0.197106
0.193158
0.19329
0.192961
0.19454
0.190954
0.193323
0.192665
0.192105
0.194573
0.193948
0.194277
0.194573
0.193717
0.193323
0.194869
0.194507
0.194244
0.195494
0.193652
0.195659
0.193915
0.194112
0.194869
0.19533
0.19454
0.195757
0.194211
0.193356
0.195955
0.196119
0.19783
0.198389
0.198093
0.200429
0.195922
0.198455
0.196645
0.193421
0.197205
0.194211
0.195527
0.195395
0.19681
0.194606
0.19579
0.192369
0.198027
0.195198
0.19704
0.197994
0.1976
0.197501
0.196053
0.200264
0.194343
0.195066
0.193158
0.194441
0.192665
0.194606
0.193553
0.192698
0.195165
0.19477
0.195757
0.196514
0.194145
0.190724
0.193948
0.191776
0.192007
0.188552
0.187927
0.194079
0.194672
0.191316
0.194046
0.192171
0.193323
0.192073
0.190954
0.191447
0.193092
0.189342
0.196613
0.193027
0.192862
0.193816
0.189868
0.187368
0.190197
0.190691
0.188355
0.191776
0.19
0.191612
0.19454
0.19204
0.19046
0.174439
0.173814
0.176643
0.17582
0.17309
0.173682
0.174274
0.173156
0.172629
0.170293
0.168945
0.17184
0.160029
0.165227
0.164404
0.16526
0.162694
0.170491
0.137625
0.14177
0.143744
0.142724
0.144994
0.144599
0.148152
0.148646
0.148284
0.14937
0.155028
0.151508
0.158121
0.156344
0.16118
0.159634
0.160292
0.161049
0.160259
0.042119
0.002541
0.013563
0.016162
0.027874
0.025966
0.032545
0.037283
0.045508
0.050344
0.056562
0.064655
0.065872
0.073241
0.075248
0.081565
0.084559
0.091566
0.093145
0.100153
0.1016
0.103476
0.108542
0.111174
0.113477
0.117918
0.119234
0.122162
0.126768
0.130124
0.135684
0.133282
0.135815
0.136704
0.138283
0.141902
0.142329
0.14177
0.147626
0.149797
0.151278
0.152133
0.154535
0.154107
0.15391
0.157923
0.156509
0.161411
0.161871
0.161937
0.160819
0.162694
0.160325
0.162825
0.161805
0.162727
0.166082
0.167958
0.164076
0.16901
0.168352
0.171379
0.170425
0.168681
0.17059
0.171938
0.17059
0.174439
0.176215
0.173254
0.179077
0.177663
0.180689
0.177729
0.181347
0.177663
0.178354
0.18217
0.181413
0.179834
0.178847
0.180229
0.179834
0.182565
0.182631
0.185328
0.183223
0.185855
0.185032
0.186085
0.185723
0.184802
0.186776
0.188552
0.188322
0.187072
0.187763
0.183552
0.185559
0.187368
0.190724
0.186973
0.189177
0.18875
0.190329
0.189671
0.188552
0.193717
0.187664
0.188026
0.189506
0.18898
0.184473
0.187171
0.193191
0.190954
0.189901
0.189868
0.184308
0.1875
0.188388
0.191809
0.190428
0.191612
0.197369
0.193125
0.19148
0.192862
0.189572
0.191809
0.189506
0.187039
0.18921
0.190526
0.188783
0.191513
0.190395
0.192007
0.194277
0.194343
0.193652
0.19375
0.193882
0.19375
0.193454
0.192007
0.192402
0.191415
0.189177
0.188848
0.187927
0.182005
0.083308
0.087717
0.084624
0.07584
0.006983
0.003232
0.010273
0.018629
0.004285
0.00445
0.013793
0.021919
0.0259
0.030867
0.038599
0.044751
0.050475
0.055048
0.059194
0.065938
0.073176
0.077123
0.082683
0.05995
0.058963
0.065017
0.069886
0.077123
0.082354
0.086631
0.087552
0.095185
0.097488
0.102324
0.102423
0.110417
0.112128
0.114003
0.114464
0.118083
0.123478
0.127591
0.130979
0.131078
0.136276
0.136144
0.139664
0.136309
0.145126
0.143612
0.143218
0.141342
0.147001
0.149041
0.151179
0.152133
0.153811
0.155686
0.159338
0.158318
0.161411
0.162463
0.164635
0.166971
0.16526
0.169109
0.171807
0.17105
0.172037
0.175327
0.17638
0.173616
0.178189
0.182367
0.181644
0.182598
0.180953
0.178781
0.180722
0.178551
0.181282
0.180426
0.180393
0.172958
0.165424
0.161904
0.158746
0.15947
0.164701
0.164733
0.166444
0.167694
0.170261
0.172958
0.168451
0.175886
0.174077
0.173748
0.174801
0.178189
0.175952
0.176248
0.174537
0.177005
0.178452
0.179012
0.182334
0.181578
0.181742
0.179867
0.185657
0.177465
0.179406
0.178518
0.180953
0.179406
0.182663
0.183552
0.184539
0.184868
0.181413
0.182302
0.186842
0.185855
0.189112
0.190789
0.014155
0.001028
0.007707
0.0183
0.027347
0.001225
7.4e-05
0.001883
-0.000814
0.00899
0.020175
0.024781
0.034947
0.038697
0.049455
0.055772
0.06074
0.066004
0.072452
0.076466
0.082749
0.086862
0.08798
0.092027
0.099824
0.105713
0.108345
0.110977
0.114398
0.120517
0.120155
0.118872
0.125715
0.128512
0.130321
0.134664
0.133874
0.13644
0.138974
0.140059
0.145586
0.144501
0.146672
0.148481
0.153679
0.155949
0.154206
0.160588
0.162924
0.163286
0.164404
0.165918
0.166181
0.166642
0.160226
0.141474
0.141671
0.146343
0.147462
0.143678
0.150554
0.146343
0.153153
0.153285
0.154206
0.1572
0.159239
0.16174
0.160819
0.165852
0.164733
0.16901
0.170195
0.171478
0.168254
0.173057
0.173781
0.174077
0.177893
0.17559
0.17809
0.173912
0.181249
0.180953
0.180196
0.179472
0.183091
0.180689
0.182532
0.182598
0.181907
0.18319
0.185394
0.186907
0.183486
0.185493
0.184078
0.124037
0.125978
0.12792
0.1319
0.13496
0.13723
0.14075
0.143086
0.145323
0.147396
0.14631
0.149205
0.153416
0.154502
0.156246
0.15845
0.161049
0.163483
0.163648
0.169603
0.166938
0.167793
0.169471
0.172004
0.170787
0.173057
0.173814
0.176314
0.174866
0.174998
0.179242
0.179472
0.177531
0.178485
0.182137
0.178551
0.181249
0.180262
0.186315
0.180328
0.188585
0.186513
0.189046
0.186842
0.185164
0.187796
0.18467
0.186973
0.190658
0.191941
0.190263
0.189506
0.193454
0.183683
0.190888
0.194211
0.190164
0.190066
0.192829
0.195033
0.192237
0.191086
0.195593
0.195001
0.194474
0.193388
0.19533
0.193981
0.197435
0.194408
0.19704
0.193027
0.197106
0.194737
0.198948
0.197369
0.193915
0.197468
0.197896
0.195988
0.195231
0.196185
0.195033
0.196974
0.195264
0.19987
0.196349
0.196514
0.194573
0.194014
0.19329
0.196777
0.196613
0.192007
0.197369
0.189967
0.194145
0.193553
0.192961
0.190395
0.192994
0.187829
0.189375
0.185657
0.18342
0.184572
0.184637
0.180459
0.179143
0.176347
0.173254
0.172925
0.17411
0.174735
0.173419
0.17411
0.17309
0.174833
0.174274
0.175656
0.176281
0.173814
0.175656
0.17786
0.179735
0.183321
0.181808
0.183683
0.187697
0.186184
0.190099
0.188026
0.189638
0.188355
0.188618
0.189803
0.190559
0.191415
0.194211
0.19227
0.192763
0.193224
0.1976
0.195001
0.196316
0.200955
0.199771
0.201909
0.197073
0.202502
0.202765
0.198587
0.196448
0.199146
0.195823
0.198619
0.19987
0.202337
0.199705
0.200462
0.205627
0.204475
0.20589
0.204081
0.205364
0.202403
0.20543
0.205166
0.205068
0.204212
0.204146
0.204245
0.206318
0.20464
0.203324
0.208094
0.205068
0.205068
0.206943
0.208489
0.208818
0.208061
0.209048
0.211088
0.205068
0.207469
0.207239
0.205956
0.204739
0.20668
0.206581
0.206087
0.20464
0.210562
0.207074
0.208292
0.208358
0.20714
0.206811
0.20487
0.207239
0.20589
0.20487
0.207403
0.210562
0.20464
0.205133
0.203883
0.195626
0.201054
0.203456
0.205265
0.205068
0.207042
0.207601
0.210299
0.203883
0.20612
0.205759
0.205068
0.20112
0.20566
0.203192
0.206022
0.203817
0.202863
0.20283
0.202469
0.204146
0.203258
0.203883
0.202271
0.203883
0.202041
0.203456
0.202173
0.20237
0.198389
0.201646
0.201942
0.199639
0.199968
0.200955
0.201975
0.196711
0.202337
0.202436
0.199442
0.197764
0.200791
0.198784
0.201284
0.200429
0.204212
0.199573
0.196711
0.194869
0.197961
0.197073
0.19454
0.199212
0.196316
0.19931
0.197303
0.199705
0.196909
0.198488
0.195856
0.19829
0.196119
0.197501
0.196744
0.197534
0.199902
0.195428
0.199277
0.192138
0.198652
0.194737
0.194507
0.194408
0.197534
0.195395
0.199146
0.199573
0.199212
0.199376
0.196415
0.196185
0.19454
0.196185
0.194112
0.198685
0.194902
0.197764
0.193783
0.196415
0.195626
0.196316
0.194639
0.197402
0.196119
0.198093
0.197205
0.194145
0.191744
0.195033
0.194968
0.19704
0.19658
0.195066
0.198356
0.194408
0.197567
0.195264
0.199179
0.197172
0.199705
0.199014
0.200034
0.196185
0.196613
0.195724
0.197369
0.196053
0.195494
0.199277
0.195724
0.199442
0.193685
0.199606
0.196448
0.195066
0.197336
0.197007
0.197369
0.19885
0.198948
0.19783
0.19806
0.197764
0.199409
0.196678
0.19806
0.196448
0.199245
0.198488
0.19454
0.198356

Kurve 3

8e-06
-0.001439
0.001456
0.000995
0.002838
0.001193
0.00218
-5.8e-05
0.00366
0.00014
0.004581
0.001423
0.003627
0.001456
-0.001209
-0.001143
-0.003413
0.00014
-0.003051
-0.003282
-0.002032
0.000469
-0.002657
0.001719
-0.0019
-0.002755
-0.001308
-5.8e-05
-0.003775
-0.004071
-0.005223
-0.003644
0.000337
-0.005815
-0.003841
-0.00519
-0.003676
-0.004927
-0.002525
-0.006275
-0.003709
-0.005486
-0.002755
-0.001966
-0.001703
-0.003775
-0.002624
-0.005453
-0.006736
-0.004203
-0.005683
-0.005519
-0.00496
-0.005321
-0.006243
-0.004104
-0.006308
-0.005552
-0.005321
-0.003545
-0.009072
-0.006572
-0.008184
-0.004005
-0.003413
-0.007295
-0.009171
-0.011309
-0.006999
-0.013151
-0.006341
-0.010355
-0.005223
-0.007624
-0.005124
-0.007197
-0.005354
-0.007065
-0.004992
-0.008348
-0.008743
-0.002393
-0.002558
-0.004631
-0.010322
-0.004236
-0.008249
-0.007197
-0.008414
-0.004104
-0.008282
-0.009401
-0.007756
-0.005749
-0.00621
-0.007624
-0.004071
-0.005749
-0.00621
-0.007394
-0.005552
-0.009105
-0.009401
-0.007986
-0.007953
-0.009039
-0.008348
-0.007131
-0.007295
-0.009105
-0.007493
-0.009565
-0.008546
-0.007953
-0.010487
-0.009072
-0.005782
-0.007394
-0.008973
-0.00565
-0.007493
-0.007361
-0.004532
-0.007131
-0.010717
-0.006045
-0.007789
-0.008052
-0.007657
-0.005387
-0.006407
-0.000683
-0.000222
-0.013053
-0.005881
-0.006078
-0.005881
-0.00667
-0.008907
-0.00565
-0.004927
-0.007197
-0.002591
-0.005585
-0.004203
-0.007098
-0.00519
-0.00565
-0.005387
-0.003709
-0.003446
-0.004663
-0.005289
-0.004137
-0.00519
-0.002821
-0.007394
-0.005354
-0.005815
-0.00644
-0.003808
-0.003446
-0.006012
-0.000584
-0.004565
-0.004005
-0.002459
-0.002558
-0.002064
-0.004104
0.001456
-0.001045
-0.003347
-0.007953
-0.000419
-0.004302
-0.001735
-0.000156
0.001851
0.001719
-0.001571
0.001456
0.002147
0.002607
0.000929
0.005469
0.003035
0.006917
0.004088
0.005404
0.001883
0.00139
0.002772
0.004252
0.000206
-0.000716
0.000568
-0.001406
0.000568
0.000699
0.000864
-0.001275
0.001127
-0.002097
0.000107
8e-06
8e-06
-0.00088
-2.5e-05
-0.000452
-0.000518
-0.000387
-2.5e-05
-0.000123
0.000436
-0.000354
4.1e-05
0.00014
-0.000123
-9e-05
-0.000716
-0.000255
-0.00065
4.1e-05
-0.000518
4.1e-05
-0.000683
-2.5e-05
0.000271
0.000337
-0.001439
-0.001209
0.000173
0.00037
-0.000617
0.000304
0.000831
-0.000913
0.000107
-0.000354
0.000304
-0.002821
0.001423
-0.001472
0.003199
-0.000255
-0.000683
0.001357
-0.000156
0.002048
-0.000551
0.001554
0.000206
0.002607
0.00264
0.006095
0.004877
0.008694
0.003002
0.003561
0.007443
0.004811
0.002739
0.001357
0.005766
0.012938
0.017675
0.025637
0.037217
0.036888
0.047449
0.052515
0.05768
0.069195
0.073537
0.078242
0.082618
0.089691
0.089658
0.097027
0.100219
0.106305
0.108312
0.114398
0.117523
0.122491
0.126472
0.129367
0.121406
0.133315
0.138941
0.137625
0.144566
0.144336
0.15164
0.15312
0.151804
0.153153
0.155851
0.156772
0.157989
0.160687
0.162694
0.162463
0.168681
0.167168
0.169537
0.172728
0.173715
0.17513
0.174702
0.176281
0.176281
0.178156
0.175491
0.183815
0.177696
0.177268
0.180986
0.184144
0.183519
0.188783
0.188783
0.185493
0.188881
0.188388
0.190493
0.191053
0.192105
0.192204
0.193981
0.192369
0.195099
0.19533
0.193191
0.192862
0.19602
0.196316
0.19908
0.196218
0.200593
0.199804
0.19783
0.197994
0.199343
0.197007
0.197369
0.196613
0.196514
0.197731
0.196415
0.198488
0.198192
0.20056
0.200495
0.20112
0.200889
0.20056
0.201547
0.200692
0.20158
0.201778
0.20214
0.20237
0.197863
0.197863
0.20135
0.19806
0.19806
0.200955
0.204015
0.200857
0.207502
0.206351
0.20339
0.204212
0.201745
0.205364
0.201679
0.202008
0.202271
0.201251
0.199508
0.200725
0.199771
0.201942
0.200922
0.201054
0.201218
0.200725
0.200857
0.195988
0.200889
0.199475
0.196185
0.200133
0.200363
0.199508
0.200297
0.19602
0.194836
0.197402
0.195132
0.198027
0.197567
0.198619
0.199804
0.199047
0.200297
0.202469
0.197468
0.198948
0.197731
0.1976
0.195626
0.195955
0.193158
0.197698
0.195099
0.191447
0.19579
0.196876
0.19556
0.197896
0.199442
0.196942
0.197106
0.193915
0.094132
0.097027
0.102587
0.102719
0.112358
0.106535
0.116076
0.114694
0.120254
0.124728
0.126636
0.132328
0.129795
0.135092
0.137921
0.132624
0.140816
0.145718
0.142724
0.145784
0.146836
0.151508
0.151574
0.152429
0.153383
0.155127
0.157792
0.155982
0.158812
0.162661
0.161279
0.16401
0.166477
0.161871
0.167464
0.166675
0.16901
0.167398
0.167267
0.164701
0.17059
0.166049
0.16776
0.169866
0.16572
0.171905
0.172728
0.175459
0.17332
0.176775
0.173057
0.176347
0.176281
0.175656
0.177038
0.17536
0.176248
0.178485
0.176149
0.180525
0.179933
0.17536
0.181874
0.181413
0.180097
0.180295
0.179834
0.177597
0.179143
0.180097
0.181446
0.180426
0.179571
0.177169
0.180722
0.179374
0.1799
0.181446
0.18013
0.182729
0.181841
0.182696
0.178058
0.181479
0.17786
0.180657
0.178321
0.179768
0.17967
0.176709
0.177893
0.181611
0.181644
0.182236
0.179637
0.179341
0.177531
0.175656
0.174208
0.171215
0.174143
0.172103
0.165326
0.134861
0.054489
0.052318
0.050048
0.043336
0.040737
0.035638
0.035638
0.032085
0.029913
0.028926
0.0208
0.020603
0.013957
0.019484
0.023531
0.030177
0.029058
0.034881
0.038796
0.038566
0.043567
0.048238
0.054621
0.05643
0.058733
0.05972
0.068734
0.0713
0.077222
0.084131
0.089822
0.091336
0.094165
0.102357
0.102357
0.107029
0.11045
0.114102
0.118807
0.118543
0.12588
0.131571
0.132196
0.134631
0.13473
0.140553
0.140388
0.143843
0.147133
0.149238
0.1471
0.154666
0.154074
0.156542
0.158022
0.162858
0.158943
0.159535
0.160128
0.161049
0.164536
0.165589
0.168122
0.169767
0.169471
0.168385
0.165194
0.170491
0.174504
0.176117
0.171478
0.1774
0.178354
0.178452
0.178189
0.179242
0.177498
0.179834
0.178189
0.18013
0.180032
0.183157
0.18092
0.182565
0.180755
0.189013
0.185032
0.186907
0.186184
0.18546
0.185394
0.18671
0.189934
0.186315
0.190526
0.184769
0.19046
0.188684
0.190724
0.191316
0.193487
0.18977
0.19125
0.191908
0.188914
0.191908
0.188026
0.19046
0.187532
0.187302
0.188618
0.193092
0.189572
0.191053
0.190263
0.188684
0.192303
0.192862
0.192533
0.192369
0.19375
0.190329
0.192862
0.191645
0.193323
0.191316
0.195099
0.190329
0.196185
0.194474
0.194277
0.194869
0.195823
0.195198
0.191711
0.196119
0.194935
0.194606
0.193487
0.196613
0.197073
0.199212
0.198488
0.198718
0.197369
0.19987
0.19806
0.197929
0.199935
0.198126
0.198323
0.200889
0.200297
0.200297
0.201021
0.199606
0.20237
0.195757
0.197698
0.200166
0.199738
0.201712
0.201251
0.200857
0.200528
0.201876
0.205364
0.204475
0.20487
0.199606
0.202107
0.203423
0.201745
0.20691
0.203357
0.205265
0.204804
0.205068
0.202403
0.205035
0.203817
0.201613
0.203094
0.20237
0.202633
0.201547
0.204443
0.204015
0.209476
0.203817
0.207897
0.205989
0.205298
0.208127
0.206713
0.205495
0.209904
0.203785
0.208193
0.2077
0.205002
0.207371
0.206022
0.206252
0.207042
0.206055
0.207272
0.207535
0.204903
0.207798
0.207272
0.207338
0.205133
0.208555
0.204739
0.205035
0.207403
0.208456
0.204278
0.204508
0.204739
0.20112
0.205693
0.205627
0.210496
0.203061
0.206877
0.207864
0.207765
0.203883
0.204541
0.202403
0.200857
0.202271
0.200495
0.201876
0.20158
0.202403
0.203225
0.201876
0.201844
0.206351
0.197797
0.207272
0.204114
0.201449
0.201186
0.200166
0.2001
0.199179
0.195297
0.196974
0.202765
0.198159
0.199179
0.201811
0.200626
0.196316
0.196613
0.196547
0.199804
0.199376
0.198817
0.199146
0.196481
0.196645
0.197238
0.190888
0.190164
0.19477
0.194704
0.194408
0.196086
0.196284
0.193915
0.196316
0.194211
0.195198
0.195757
0.193816
0.193553
0.190855
0.189079
0.191316
0.191283
0.191513
0.192303
0.188848
0.193783
0.191053
0.195461
0.193125
0.194836
0.19431
0.192796
0.195297
0.194639
0.190855
0.193027
0.166148
0.153383
0.158055
0.156278
0.161707
0.160259
0.158483
0.161345
0.153877
0.006884
0.016326
0.024189
0.030374
0.039059
0.04281
0.047843
0.051561
0.058305
0.061431
0.068537
0.071465
0.075643
0.078505
0.078407
0.082947
0.084394
0.08923
0.094099
0.092553
0.100054
0.103245
0.1016
0.103739
0.105121
0.108904
0.110713
0.116109
0.117918
0.120484
0.120748
0.128874
0.128808
0.134532
0.137197
0.14154
0.138579
0.139895
0.143086
0.142724
0.146113
0.143744
0.152495
0.15085
0.151969
0.153219
0.159535
0.153844
0.155094
0.159832
0.161411
0.159503
0.163385
0.166773
0.163714
0.167793
0.167004
0.165095
0.167398
0.168616
0.170425
0.172958
0.1698
0.174175
0.174406
0.174504
0.173419
0.175459
0.175327
0.174208
0.17684
0.176643
0.178025
0.174768
0.179571
0.178946
0.178222
0.177235
0.180986
0.179933
0.181644
0.182137
0.180953
0.183683
0.18569
0.18421
0.184308
0.184769
0.185361
0.186907
0.183486
0.187335
0.186743
0.187894
0.184966
0.189013
0.184966
0.18569
0.187697
0.190263
0.191875
0.19023
0.192007
0.19125
0.185822
0.193652
0.191612
0.189375
0.194343
0.189177
0.19306
0.191217
0.191513
0.189177
0.190822
0.189474
0.189243
0.190131
0.190888
0.191875
0.193323
0.192796
0.197402
0.194474
0.1925
0.192829
0.189835
0.192073
0.191086
0.19533
0.192303
0.19431
0.192961
0.193553
0.190658
0.192402
0.193487
0.19329
0.191513
0.193783
0.194737
0.192566
0.19533
0.193553
0.195724
0.194639
0.196481
0.190559
0.192599
0.189737
0.19329
0.196514
0.193388
0.196251
0.194441
0.196382
0.193849
0.196185
0.192336
0.197863
0.193948
0.196382
0.191711
0.187993
0.19375
0.196514
0.191711
0.193619
0.195856
0.192994
0.196678
0.193685
0.196251
0.195527
0.195066
0.192862
0.195428
0.19533
0.194803
0.192533
0.191645
0.191744
0.191513
0.190658
0.190329
0.193685
0.191118
0.195099
0.194836
0.192928
0.193816
0.1925
0.191086
0.194079
0.194737
0.193257
0.192138
0.191184
0.191053
0.191184
0.188717
0.189276
0.190197
0.190888
0.190888
0.191086
0.190954
0.187927
0.192303
0.188914
0.191908
0.189079
0.182038
0.186085
0.190362
0.19306
0.187434
0.189539
0.189901
0.189046
0.186184
0.191118
0.186973
0.187039
0.187072
0.188487
0.186184
0.187796
0.182466
0.179966
0.177926
0.176314
0.152758
0.13246
0.105088
0.029058
0.005897
0.010371
0.020077
0.023696
0.033269
0.037513
0.044882
0.051824
0.057417
0.061332
0.069721
0.071564
0.071333
0.076202
0.081565
0.088836
0.084756
0.094593
0.09535
0.100844
0.105088
0.109628
0.109068
0.114201
0.115944
0.118379
0.119826
0.123807
0.130453
0.132295
0.131736
0.135026
0.137263
0.13542
0.137263
0.137954
0.141112
0.141507
0.142231
0.143876
0.1471
0.144698
0.150422
0.151344
0.150587
0.154272
0.155028
0.157035
0.155291
0.158121
0.158154
0.159996
0.1597
0.163615
0.162661
0.162924
0.164898
0.165655
0.166181
0.169043
0.169339
0.169471
0.172465
0.171215
0.172004
0.174603
0.176215
0.175952
0.174439
0.173386
0.17513
0.172498
0.177432
0.173616
0.176478
0.177169
0.175294
0.177531
0.179472
0.18217
0.176577
0.178913
0.180722
0.18138
0.17888
0.113148
0.002048
0.010141
0.011194
0.015931
0.022643
0.025933
0.035835
0.039059
0.050936
0.053502
0.058996
0.063931
0.071958
0.06982
0.080677
0.08423
0.087618
0.091106
0.096534
0.097916
0.102258
0.106469
0.110516
0.115484
0.116569
0.119201
0.120057
0.125781
0.127163
0.129104
0.127064
0.134861
0.137263
0.138743
0.142856
0.140882
0.142625
0.146146
0.1471
0.149139
0.14937
0.155719
0.156509
0.15664
0.161444
0.148843
0.159963
0.159601
0.162694
0.162332
0.163352
0.164273
0.168583
0.163911
0.165359
0.168747
0.165852
0.167859
0.17128
0.171083
0.174208
0.175491
0.174636
0.177038
0.175426
0.177038
0.17661
0.176446
0.174175
0.176446
0.172695
0.177235
0.176511
0.177301
0.177992
0.182038
0.182729
0.181709
0.184374
0.182992
0.184539
0.18319
0.183848
0.184407
0.18523
0.183683
0.187664
0.185822
0.18546
0.185493
0.188881
0.186546
0.185986
0.18921
0.188848
0.188618
0.186217
0.187335
0.185657
0.18421
0.180163
0.177959
0.172498
0.167234
0.152956
0.149468
0.139928
0.11499
0.034782
0.038007
0.043007
0.050574
0.056529
0.05643
0.046527
0.051364
0.006785
0.014254
0.017774
0.027446
0.034453
0.038796
0.047547
0.056134
0.05643
0.062944
0.065609
0.065938
0.062911
0.002574
-0.000156
0.001193
-9e-05
-0.000123
-0.000123
4.1e-05
-9e-05
0.000469
4.1e-05
0.000206
-0.000419
0.000239
-5.8e-05
-0.000288
0.001258
-0.00417
0.007312
0.008332
0.017609
0.021261
0.029716
0.034552
0.042645
0.050738
0.051429
0.060181
0.067254
0.071596
0.077025
0.084723
0.089428
0.096172
0.09785
0.103278
0.104726
0.112687
0.112753
0.118774
0.120748
0.123314
0.126965
0.066695
0.071958
0.076169
0.081861
0.085973
0.093408
0.09377
0.099232
0.099166
0.105384
0.108707
0.113477
0.115023
0.11601
0.12384
0.123643
0.125649
0.132427
0.136835
0.135552
0.14098
0.139039
0.146507
0.145882
0.148613
0.150521
0.15187
0.153548
0.15743
0.148745
0.15766
0.158713
0.162628
0.162332
0.162299
0.164733
0.168484
0.168616
0.1673
0.169767
0.170524
0.167596
0.171774
0.173748
0.17355
0.178222
0.179637
0.179308
0.179209
0.179801
0.170557
0.01501
0.023827
0.031525
0.038928
0.043994
0.054357
0.05666
0.061135
0.068965
0.075347
0.083539
0.089822
0.092948
0.093705
0.101962
0.103476
0.107522
0.111602
0.112391
0.119859
0.123347
0.12361
0.127163
0.133973
0.132558
0.137756
0.140059
0.141902
0.142132
0.143645
0.141046
0.145257
0.147001
0.151113
0.149732
0.148317
0.154041
0.156607
0.154699
0.155456
0.153054
0.156443
0.155818
0.161773
0.161444
0.164898
0.163121
0.167464
0.166806
0.169208
0.170787
0.171017
0.174274
0.171017
0.175689
0.174077
0.178288
0.175327
0.177334
0.178189
0.180525
0.177235
0.18115
0.182005
0.181512
0.184769
0.183815
0.186546
0.185032
0.185855
0.184572
0.188059
0.184802
0.188322
0.186907
0.186874
0.18921
0.189835
0.190197
0.189572
0.191283
0.189506
0.195395
0.191184
0.189671
0.191744
0.192632
0.193388
0.192698
0.1925
0.190757
0.190296
0.191513
0.191645
0.192862
0.192138
0.194244
0.191908
0.195066
0.195955
0.193948
0.194211
0.193158
0.192895
0.193191
0.194014
0.191382
0.194474
0.196218
0.193421
0.19602
0.198258
0.195231
0.196678
0.196514
0.199146
0.19658
0.193191
0.197007
0.192698
0.195593
0.194836
0.199212
0.194737
0.195823
0.19477
0.196251
0.194968
0.197172
0.196415
0.195428
0.193092
0.19204
0.185394
0.195395
0.195165
0.191875
0.198455
0.198192
0.199639
0.197238
0.198455
0.196481
0.196448
0.198159
0.195132
0.197369
0.196185
0.197435
0.197205
0.199508
0.195264
0.197797
0.197961
0.197698
0.197731
0.197797
0.196415
0.196481
0.194737
0.1976
0.198389
0.195132
0.198784
0.197665
0.199968
0.199146
0.200396
0.199475
0.20135
0.196514
0.201975
0.198389
0.197271
0.198554
0.197731
0.198422
0.197369
0.199475
0.195527
0.196547
0.193487
0.193981
0.195395
0.196152
0.195757
0.196876
0.19783
0.199541
0.197863
0.195626
0.196086
0.19352
0.198093
0.193125
0.192566
0.193849
0.193158
0.192829
0.192698
0.191744
0.190888
0.189967
0.191349
0.189309
0.189177
0.188289
0.187302
0.187927
0.184539
0.181512
0.183716
0.181841
0.179571
0.179604
0.178847
0.181775
0.179604
0.182894
0.18013
0.183486
0.183946
0.184275
0.185624
0.185164
0.186184
0.189572
0.186907
0.187796
0.190329
0.18569
0.189309
0.193125
0.191415
0.192467
0.193125
0.198981
0.198652
0.197567
0.196481
0.198323
0.197764
0.198652
0.197303
0.200199
0.198389
0.199639
0.19829
0.20158
0.199705
0.201186
0.203192
0.202238
0.203357
0.203587
0.202732
0.203488
0.203686
0.205791
0.206186
0.202732
0.202732
0.203686
0.205824
0.202041
0.200166
0.202962
0.202699
0.202008
0.207239
0.205166
0.204772
0.203061
0.207009
0.206811
0.207042
0.207403
0.204739
0.20362
0.204607
0.204015
0.206811
0.204772
0.204804
0.208423
0.20362
0.204706
0.203291
0.199179
0.204114
0.204475
0.20691
0.201876
0.205561
0.207009
0.205989
0.203916
0.204739
0.202995
0.203291
0.201679
0.205495
0.202008
0.204837
0.20464
0.205166
0.203817
0.201449
0.205397
0.204772
0.203752
0.202403
0.202633
0.203061
0.203225
0.198159
0.199541
0.199738
0.199705
0.203916
0.203423
0.204015
0.204475
0.201317
0.202699
0.202436
0.200462
0.203785
0.199804
0.201021
0.20056
0.199245
0.071399
0.004647
0.004647
0.015372
0.023038
0.031493
0.037579
0.047547
0.051857
0.057549
0.063339
0.068603
0.075117
0.075775
0.083308
0.086796
0.091698
0.093573
0.099725
0.103147
0.109233
0.109068
0.114332
0.117918
0.122162
0.12384
0.124597
0.13144
0.129992
0.133611
0.136967
0.140257
0.141573
0.141836
0.143185
0.14631
0.146902
0.151508
0.147692
0.156936
0.155686
0.157726
0.161575
0.159404
0.163549
0.162299
0.167497
0.164602
0.168122
0.16799
0.168451
0.165951
0.170195
0.17003
0.172925
0.177367
0.179439
0.174932
0.17536
0.17786
0.177169
0.1799
0.179571
0.182565
0.18013
0.183256
0.182071
0.186644
0.182433
0.183289
0.183617
0.18342
0.186118
0.182367
0.190658
0.189145
0.185526
0.189342
0.190099
0.188256
0.18898
0.188092
0.190428
0.189375
0.186644
0.189177
0.190099
0.188848
0.190855
0.19148
0.191678
0.192237
0.193487
0.186973
0.19375
0.192862
0.193388
0.194902
0.196382
0.193981
0.195988
0.192533
0.190592
0.190855
0.192138
0.19431
0.195889
0.193454
0.1925
0.195066
0.193421
0.187927
0.196349
0.193323
0.196547
0.194869
0.196547
0.199442
0.195691
0.196086
0.195955
0.19477
0.195626
0.193421
0.198258
0.198521
0.194968
0.198488
0.197205
0.195856
0.196843
0.202238
0.194343
0.195856
0.195724
0.195461
0.196678
0.194737
0.197205
0.197402
0.19579
0.197271
0.199902
0.197534
0.196974
0.200462
0.197534
0.200231
0.200758
0.201482
0.031756
0.019386
0.027808
0.033532
0.040639
0.047613
0.055673
0.058601
0.062154
0.074327
0.0764
0.082091
0.086598
0.093343
0.096271
0.102225
0.104956
0.108509
0.11147
0.115089
0.117293
0.121044
0.122919
0.12236
0.13042
0.131506
0.135486
0.137658
0.141342
0.142592
0.145817
0.148547
0.148942
0.146606
0.151311
0.156147
0.154008
0.161838
0.159799
0.162332
0.161509
0.164536
0.163615
0.169471
0.16651
0.168616
0.172333
0.172629
0.171873
0.177235
0.17286
0.174011
0.176446
0.175788
0.178025
0.178551
0.180328
0.17911
0.181973
0.186743
0.183979
0.184769
0.184275
0.183387
0.185328
0.186677
0.186907
0.186052
0.187763
0.19
0.187631
0.189276
0.191151
0.185131
0.188487
0.189309
0.186809
0.191645
0.187467
0.192237
0.19227
0.192434
0.190757
0.191316
0.191349
0.191809
0.193685
0.191217
0.192434
0.191447
0.194803
0.192007
0.198126
0.192434
0.196974
0.192237
0.192303
0.196711
0.191217
0.191546
0.195494
0.194704
0.196119
0.196744
0.195494
0.20056
0.194902
0.197007
0.194046
0.200067
0.195033
0.198948
0.197961
0.195527
0.19533
0.194968
0.193553
0.195922
0.197698
0.196777
0.197961
0.19829
0.202798
0.196843
0.199409
0.197139
0.197172
0.196678
0.198422
0.192994
0.198323
0.195856
0.196909
0.199508
0.195757
0.198488
0.197896
0.1976
0.196645
0.198027
0.197303
0.198554
0.198356
0.196316
0.198883
0.198981
0.195659
0.197961
0.195231
0.19329
0.1976
0.198323
0.197238
0.193421
0.19829
0.197797
0.199014
0.199475
0.199606
0.199047
0.198619
0.197994
0.19829
0.193685
0.198323
0.197172
0.198883
0.200067
0.199705
0.199047
0.198784
0.202271
0.196382
0.199968
0.200199
0.200231
0.199804
0.199738
0.197896
0.200067
0.200231
0.199968
0.20283
0.201449
0.199771
0.20112
0.198323
0.201745
0.201383
0.199146
0.2026
0.200462
0.202436
0.200429
0.20385
0.198587
0.199475
0.201844
0.201613
0.197698
0.194606
0.198521
0.19829
0.199376
0.19681
0.200264
0.196744
0.202107
0.200034
0.202765
0.198619
0.196876
0.203061
0.201186
0.19987
0.201383
0.201416
0.199277
0.201515
0.197172
0.198323
0.200462
0.199508
0.202732
0.203653
0.200955
0.201712
0.203357
0.20214
0.19931
0.199573
0.202304
0.200034
0.197073
0.199804
0.201811
0.199672
0.200363
0.201317
0.201087
0.201087
0.205462
0.20112
0.202436
0.2001
0.202502
0.201317
0.201218
0.200659
0.203423
0.19908
0.199014
0.20033
0.199771
0.202765
0.199343
0.206778
0.202929
0.202666
0.203587
0.206351
0.203094
0.205133
0.201811
0.203686
0.203127
0.204114
0.205627
0.200297
0.205002
0.200034
0.194474
0.199541
0.205199
0.202173
0.20464
0.200659
0.206482
0.203982
0.202962
0.203554
0.200659
0.199573
0.199014
0.201646
0.199639
0.202173
0.199409
0.203061
0.198389
0.204179
0.203028
0.204541
0.203423
0.20112
0.203686
0.201547
0.205265
0.200429
0.200429
0.202403
0.201547
0.200133
0.20237
0.200692
0.205068
0.201745
0.202008
0.201251
0.203488
0.202962
0.200922
0.208193
0.198883
0.196415
0.197238
0.198554
0.200133
0.199639
0.194408
0.196711
0.195823
0.197172
0.197106
0.198784
0.197863
0.198916
0.197435
0.199771
0.197764
0.198422
0.196086
0.201909
0.196843
0.199442
0.199738
0.196185
0.199277
0.197238
0.198258
0.19704
0.199277
0.199968
0.200166
0.20158
0.201712
0.199541
0.199113
0.19931
0.196744
0.195395
0.197929
0.200199
0.198981
0.199409
0.198159
0.200199
0.20056
0.200692
0.202173
0.203159
0.200791
0.20283
0.201416
0.199771
0.202633
0.202173
0.20543
0.203094
0.202469
0.201284
0.204377
0.199146
0.200626
0.202008
0.200429
0.201876
0.201679
0.204475
0.202436
0.204772
0.203883
0.205002
0.199672
0.201613
0.20135
0.2001
0.199376
0.200462
0.199837
0.201317
0.201186
0.202633
0.200626
0.200988
0.20158
0.200429
0.202173
0.199804
0.201613
0.198916
0.195691
0.201218
0.196777
0.195724
0.197929
0.196645
0.199212
0.198488
0.199639
0.196613
0.200692
0.200889
0.198488
0.199212
0.20033
0.197764
0.196316
0.19931
0.197797
0.199442
0.200001
0.200297
0.197007
0.200034
0.200199
0.193027
0.197336
0.20033
0.19885
0.20056
0.202074
0.201317
0.199606
0.198619
0.19829
0.197929
0.198356
0.195395
0.19829
0.196613
0.197929
0.199672
0.197863
0.195428
0.199606
0.201251
0.198817
0.19987
0.197632
0.196711
0.194112
0.195889
0.196152
0.198093
0.195395
0.199475
0.198981
0.198422
0.204114
0.202469
0.199968
0.199212
0.199047
0.201712
0.208292
0.200889
0.204114
0.199343
0.199738
0.200922
0.203127
0.197929
0.199047
0.200363
0.201218
0.201383
0.198488
0.20385
0.200231
0.200725
0.200001
0.202962
0.196481
0.201317
0.198192
0.200363
0.199771
0.198422
0.198554
0.200495
0.199277
0.199475
0.199639
0.197896
0.199573
0.20033
0.200593
0.197632
0.197468
0.197369
0.195066
0.192237
0.19533
0.196316
0.193882
0.190263
0.172366
0.146244
0.117754
0.046297
0.05189
0.061332
0.06403
0.070544
0.079229
0.084295
0.085776
0.003956
0.012016
0.020669
0.028894
0.034421
0.013069
0.004581
-0.003907
0.002443
0.005206
0.011622
0.019386
0.027282
0.034256
0.037941
0.049653
0.052482
0.060904
0.064984
0.070708
0.07538
0.078341
0.08548
0.089099
0.094428
0.096731
0.103969
0.00491
0.003331
0.000798
0.008463
0.012707
0.021689
0.026492
0.038138
0.039882
0.045442
0.056726
0.063405
0.070149
0.073307
0.07969
0.08219
0.016524
0.022577
0.031822
0.036855
0.042941
0.05268
0.058996
0.063832
0.070215
0.071564
0.079065
0.08423
0.083012
0.092422
0.09479
0.102719
0.101469
0.106239
0.108279
0.112523
0.111898
0.11851
0.122623
0.125847
0.129992
0.132558
0.138645
0.138941
0.140257
0.143843
0.145915
0.146771
0.149238
0.149666
0.154798
0.152824
0.158285
0.1572
0.157989
0.16095
0.161805
0.164602
0.168023
0.169109
0.168846
0.166971
0.167925
0.172399
0.172695
0.17434
0.172629
0.176577
0.176051
0.179341
0.046955
0.054653
0.059588
0.066859
0.071991
0.080216
0.084493
0.089921
0.093935
0.097916
0.104495
0.102291
0.108608
0.116602
0.118576
0.11828
0.128347
0.123544
0.131308

Kurve 4

-0.011474
-0.003874
-0.005091
-0.005848
-0.000716
-0.004795
-0.003907
-0.004696
-0.002393
-0.005223
-0.005617
-0.00394
-0.002328
-0.004203
-0.003907
-0.004071
-0.002459
-0.003644
0.000765
-0.003413
-0.003841
-0.005585
-0.001801
-0.000222
-0.0095
-0.002591
-0.004927
-0.004302
-0.005749
-0.001735
-0.003084
-0.003808
-0.004762
-0.000913
0.000173
0.001094
-0.002426
0.002903
-0.001176
-0.004367
-0.003084
-0.002591
-0.003117
-0.003282
-0.002393
-0.004663
-0.001505
-0.006341
-0.004236
-0.004729
-0.003315
-0.005617
-0.005058
-0.003018
-0.005157
-0.000518
8e-06
-0.001867
-0.002229
-0.001505
-0.003775
-0.002788
-0.001242
-0.00111
-0.0044
-0.003578
-0.003446
-0.002755
-0.006243
-0.002821
-0.001439
-0.003644
-0.00111
-0.004236
-0.002459
-0.000485
-0.00236
-0.00088
-0.001768
-0.00338
-0.000387
-0.004828
-0.003117
-0.001867
-0.001012
0.000765
-0.001933
-0.002624
8e-06
-0.000189
-0.001242
0.000765
-0.00213
-0.001604
-0.002064
0.000732
-0.004696
-0.000584
-0.005716
-0.004828
-0.003578
-0.003413
-0.003413
0.00037
-0.002229
-0.000518
0.00014
-0.002262
0.000699
-0.000518
-0.000979
0.000864
0.000897
-0.001637
-0.002393
-0.004565
-0.003051
-0.004663
-0.002459
-0.001834
-0.004466
-0.000123
-0.002295
0.000568
-0.003841
0.000568
-0.004565
-0.000847
-0.004992
-0.003315
-0.004532
-0.007591
-0.004433
-0.00417
-0.00565
-0.010454
-0.004894
-0.008282
-0.004565
-0.006604
-0.004532
-0.006177
-0.00315
-0.004302
-0.005519
-0.00746
-0.009993
-0.01529
-0.008348
-0.011474
-0.008019
-0.010914
-0.010388
-0.002262
-0.004499
-0.005025
-0.00621
-0.005223
-0.007526
-0.008842
-0.008644
-0.007065
-0.009894
-0.00519
-0.005387
-0.008184
-0.008315
-0.008513
-0.00871
-0.009565
-0.010421
-0.011408
-0.011408
-0.009829
-0.009072
-0.010322
-0.011704
-0.009434
-0.00565
-0.006177
-0.006999
-0.007295
-0.009631
-0.01404
-0.016178
-0.008019
-0.010388
-0.009302
-0.009335
-0.010322
-0.010487
-0.008315
-0.009072
-0.005815
-0.0095
-0.00973
-0.009532
-0.010454
-0.008085
-0.005223
-0.005552
-0.003841
0.001028
-0.001077
0.002048
-0.000189
0.003496
0.001522
0.003199
-0.002426
0.003561
0.003265
-0.003644
0.003364
0.001127
0.003002
0.004877
0.00514
0.002476
0.002081
0.001291
0.004384
0.002278
0.003528
0.003101
0.005009
0.002245
0.004844
0.003199
0.004844
0.001982
0.000765
0.000962
0.003364
0.00241
0.000403
0.002574
-0.004334
-0.001176
-0.001966
-0.001604
0.000403
-0.001176
-0.001209
-0.000584
-0.001637
0.000337
-0.002657
-0.004302
-0.00417
-0.00996
0.00014
0.006884
0.015175
0.022248
0.030045
0.032151
0.037316
0.046001
0.045804
0.05212
0.058009
0.056726
0.061266
0.056101
0.055048
0.054884
0.058536
0.062089
0.057647
0.058371
0.058568
0.062845
0.061365
0.064523
0.061858
0.066727
0.068833
0.071827
0.071169
0.076301
0.076104
0.079525
0.085184
0.081499
0.085875
0.084855
0.091862
0.089592
0.092191
0.088737
0.09377
0.087651
0.088836
0.086368
0.087026
0.086401
0.08673
0.084295
0.079426
0.07686
0.070741
0.060707
0.070609
0.076729
0.076794
0.081203
0.077716
0.082552
0.084723
0.083177
0.088605
0.092783
0.09558
0.09762
0.099528
0.088572
0.077847
0.07311
0.081729
0.079755
0.080841
0.084559
0.087914
0.087717
0.093244
0.095613
0.098903
0.104923
0.104726
0.108345
0.110154
0.115089
0.113872
0.11703
0.119037
0.126275
0.125682
0.126176
0.125321
0.128281
0.129499
0.130387
0.135453
0.136638
0.13927
0.140619
0.142691
0.140125
0.141375
0.140816
0.141671
0.140026
0.143119
0.143579
0.142066
0.14029
0.143481
0.141342
0.139072
0.142625
0.139072
0.137427
0.133348
0.12282
0.096633
0.028663
0.000239
-0.000189
-2.5e-05
7.4e-05
0.003364
0.010174
0.013464
0.020998
0.017511
0.018267
0.015997
0.003199
0.005897
0.008365
0.006259
0.011556
0.019715
0.020241
0.025472
0.0082
0.008529
0.007213
0.012444
0.014648
0.019353
0.01728
0.023202
0.026262
0.030571
0.035737
0.040869
0.045639
0.049159
0.056627
0.060838
0.069129
0.070116
0.076169
0.080479
0.084065
0.087947
0.090316
0.094494
0.100021
0.104035
0.104495
0.111667
0.113641
0.116931
0.119004
0.125748
0.123577
0.125649
0.128939
0.128479
0.135256
0.136638
0.136769
0.13746
0.139961
0.140915
0.143415
0.144369
0.147758
0.148876
0.146705
0.151673
0.152758
0.153581
0.15618
0.154107
0.161082
0.161542
0.160029
0.163648
0.165161
0.165161
0.165194
0.168155
0.168846
0.166148
0.168517
0.169043
0.168747
0.170129
0.169208
0.177268
0.173254
0.177268
0.176446
0.171576
0.174274
0.174143
0.175623
0.1774
0.178123
0.179834
0.180986
0.178716
0.182367
0.181282
0.183617
0.181644
0.181775
0.181644
0.185822
0.185427
0.185789
0.183124
0.188026
0.184111
0.183683
0.186151
0.184144
0.185361
0.179867
0.184736
0.18467
0.187532
0.184604
0.190197
0.190559
0.191447
0.190263
0.189243
0.189342
0.187664
0.189934
0.188848
0.187598
0.188816
0.192895
0.18467
0.188881
0.191349
0.194277
0.191875
0.192566
0.191809
0.19306
0.192105
0.194836
0.196316
0.192303
0.19352
0.192895
0.194507
0.189276
0.191875
0.19227
0.193027
0.191184
0.193388
0.195033
0.196152
0.195955
0.196876
0.195757
0.192632
0.194836
0.195264
0.193816
0.193487
0.194014
0.190428
0.192829
0.195001
0.194474
0.195001
0.195757
0.194343
0.196942
0.193356
0.195494
0.197402
0.196481
0.197007
0.196251
0.194112
0.194079
0.194803
0.192369
0.193323
0.192171
0.194178
0.193487
0.198126
0.195955
0.201547
0.195099
0.194968
0.195691
0.19454
0.196974
0.195988
0.196349
0.191776
0.194507
0.192961
0.195066
0.194408
0.196251
0.194704
0.165523
0.164602
0.166411
0.168714
0.168287
0.172267
0.17128
0.173715
0.172267
0.173485
0.172695
0.17286
0.17434
0.177696
0.177696
0.174768
0.180492
0.181216
0.182269
0.181973
0.187171
0.184933
0.185526
0.184736
0.185427
0.182762
0.181249
0.184341
0.18671
0.182927
0.185131
0.180393
0.182269
0.186282
0.186282
0.18796
0.18898
0.188322
0.189967
0.191941
0.188717
0.190099
0.188947
0.188816
0.187697
0.187993
0.186217
0.189441
0.190954
0.189835
0.190428
0.191217
0.190428
0.190789
0.189079
0.191415
0.191744
0.188881
0.190954
0.189967
0.189803
0.187894
0.19148
0.189539
0.189671
0.189967
0.189112
0.188322
0.188256
0.19
0.188816
0.190033
0.192237
0.188585
0.187993
0.189539
0.190724
0.188125
0.185789
0.188355
0.185328
0.18819
0.18569
0.190263
0.189605
0.189605
0.191118
0.191447
0.190131
0.188947
0.18796
0.104792
0.108279
0.109661
0.116767
0.115615
0.118642
0.121735
0.126439
0.127591
0.129466
0.128216
0.086237
0.041658
0.031295
0.032447
0.038829
0.046001
0.051331
0.059852
0.059523
0.067616
0.072715
0.07867
0.08038
0.087849
0.09229
0.09479
0.099133
0.101962
0.108542
0.108213
0.109496
0.115385
0.12009
0.11953
0.124169
0.131473
0.133216
0.131012
0.138677
0.141507
0.138184
0.143843
0.14325
0.146738
0.149041
0.150422
0.152561
0.15516
0.156542
0.160193
0.161871
0.161345
0.16049
0.161444
0.163648
0.164931
0.164108
0.165753
0.166148
0.165984
0.113477
0.095613
0.042843
0.00116
0.001324
0.001686
0.001587
0.001225
0.001785
-0.000387
0.004384
0.010635
0.019616
0.022643
0.027775
0.004515
0.000304
0.000239
0.000436
-0.000255
0.000897
0.000699
0.00037
0.004219
-0.000288
0.000337
-0.000781
0.00116
0.000337
0.000502
-0.000354
-0.001505
0.001291
-0.000551
-0.004631
-0.001045
0.010437
0.011523
0.01603
0.02057
0.025604
0.023597
0.006753
0.000897
0.001193
-0.000452
0.000206
0.005338
0.011161
0.016195
0.022412
0.027676
0.02613
0.028762
0.033927
0.04156
0.04531
0.04837
0.053074
0.060279
0.059292
0.068965
0.081729
0.076466
0.08219
0.088013
0.090513
0.095843
0.101798
0.101765
0.109628
0.111371
0.111799
0.117162
0.118576
0.120484
0.126143
0.129071
0.130716
0.134861
0.135782
0.141013
0.142757
0.145553
0.144172
0.145685
0.149468
0.15187
0.151969
0.156147
0.156969
0.159305
0.157923
0.162496
0.165556
0.165655
0.166313
0.166346
0.168319
0.169504
0.171478
0.170524
0.173156
0.169932
0.17411
0.17434
0.179045
0.17559
0.178781
0.179472
0.181676
0.178913
0.1824
0.181216
0.180295
0.183289
0.183321
0.183453
0.18421
0.189474
0.186513
0.185394
0.185394
0.185624
0.184769
0.186184
0.18671
0.187401
0.184572
0.184572
0.188158
0.18819
0.188059
0.186842
0.189572
0.1875
0.186447
0.187664
0.19023
0.185789
0.188026
0.191086
0.191908
0.19704
0.191118
0.191349
0.192073
0.188618
0.189112
0.190921
0.188552
0.18977
0.190329
0.19204
0.189177
0.192533
0.191316
0.189671
0.190033
0.190921
0.194178
0.19227
0.18898
0.192303
0.194441
0.189803
0.192369
0.192763
0.191053
0.191217
0.190954
0.18977
0.188717
0.17911
0.186513
0.186776
0.181973
0.179439
0.180788
0.181479
0.181578
0.186282
0.183387
0.183881
0.178748
0.180722
0.179538
0.179966
0.178025
0.176775
0.174965
0.178419
0.179176
0.180097
0.177301
0.177531
0.179571
0.178748
0.18013
0.180295
0.181446
0.178847
0.180459
0.179768
0.180525
0.18115
0.182927
0.182334
0.181216
0.180689
0.178419
0.184736
0.182927
0.183091
0.182565
0.182269
0.178716
0.174866
0.173189
0.173287
0.1723
0.173057
0.16901
0.166938
0.164339
0.162003
0.160819
0.157529
0.057976
0.059358
0.067517
0.074393
0.077683
0.076071
0.086862
0.079723
0.072814
0.00139
0.011062
0.016096
0.016524
0.003364
0.002015
-2.5e-05
0.000337
0.005404
0.011556
0.01682
0.021952
0.029058
0.009681
0.006358
0.000239
0.004384
0.012444
0.018366
0.030539
0.032348
0.037842
0.04554
0.050706
0.053173
0.063635
0.068307
0.073866
0.066135
0.07334
0.078439
0.082914
0.088046
0.090678
0.096336
0.097883
0.099265
0.107687
0.107884
0.113872
0.117293
0.115681
0.119695
0.121767
0.128084
0.128018
0.131209
0.133447
0.139204
0.140487
0.139993
0.14529
0.149139
0.147527
0.152396
0.154305
0.154765
0.159503
0.158285
0.165161
0.163483
0.165424
0.168352
0.170162
0.170524
0.171741
0.171774
0.176215
0.1774
0.175656
0.178255
0.178419
0.1799
0.182104
0.184736
0.181578
0.185789
0.182927
0.184177
0.18648
0.18694
0.189342
0.191283
0.191086
0.191283
0.193158
0.188552
0.194869
0.190625
0.187894
0.192632
0.195461
0.190691
0.194408
0.196448
0.197205
0.188256
0.196119
0.196481
0.198718
0.196876
0.199508
0.197007
0.197567
0.201087
0.198652
0.199508
0.195066
0.196086
0.196119
0.197896
0.20056
0.199245
0.19477
0.199771
0.197435
0.197402
0.195395
0.194079
0.19658
0.192073
0.193948
0.189079
0.188552
0.18546
0.186282
0.182598
0.18138
0.176709
0.17355
0.170228
0.164207
0.15664
0.152166
0.143514
0.139237
0.134203
0.129992
0.127558
0.118839
0.039684
0.028597
0.031854
0.030506
0.036592
0.030308
0.018728
0.016326
0.020768
0.025801
0.030177
0.03294
0.035375
0.035769
0.017675
0.014944
0.015931
0.020504
0.019945
0.014714
0.009187
0.012477
0.018892
0.021228
0.026722
0.034585
0.039487
0.04281
0.048732
0.050771
0.049554
0.061069
0.062747
0.06074
0.061891
0.054818
0.054752
0.002838
4.1e-05
0.009187
0.013003
0.012609
0.011194
0.009023
0.008726
0.009812
0.006259
0.009713
0.004351
-0.000683
0.001653
0.005502
0.004318
-0.000156
0.000436
0.003068
0.004976
0.000568
0.005206
0.005831
0.003298
0.009187
0.008661
0.009878
0.007114
0.004581
0.007608
0.005502
-0.000189
0.003726
0.004811
0.001127
0.002048
0.004252
0.005634
0.004219
0.005864
0.005173
-0.007262
0.002015
0.001949
0.00718
0.006588
0.007838
0.006424
0.00774
0.007608
0.010832
0.008661
0.007082
0.000107
0.00037
0.000765
-0.000452
0.00116
0.005042
0.014089
0.014517
0.014879
0.017576
0.017642
0.019517
0.021754
0.022051
0.02159
0.023926
0.02942
0.033269
0.037382
0.039191
0.03975
0.038928
0.040112
0.045902
0.046725
0.047646
0.044718
0.040112
0.035276
0.024321
0.013003
0.012181
0.010931
0.00945
0.009977
0.01047
0.013464
0.016754
0.018103
0.016195
0.01705
0.020471
0.020077
0.022676
0.0259
0.026953
0.028959
0.032249
0.034519
0.036164
0.034092
0.034289
0.033138
0.038961
0.040112
0.046725
0.044685
0.050804
0.051495
0.055673
0.056496
0.058042
0.056989
0.05768
0.058174
0.053897
0.056595
0.055048
0.053831
0.056595
0.059292
0.058272
0.063701
0.062418
0.064622
0.063931
0.063109
0.059786
0.05995
0.059555
0.063109
0.066826
0.069754
0.071662
0.076663
0.079361
0.081828
0.084098
0.084427
0.089066
0.089921
0.095119
0.098738
0.100646
0.105515
0.110845
0.112687
0.118313
0.121175
0.121406
0.122623
0.125288
0.127459
0.129532
0.132789
0.1319
0.138645
0.138316
0.138052
0.142954
0.143448
0.143908
0.15266
0.152298
0.153844
0.155555
0.154864
0.159174
0.158877
0.16299
0.162365
0.167102
0.159535
0.165391
0.165589
0.16526
0.166707
0.168517
0.168517
0.171511
0.171445
0.17411
0.17582
0.172958
0.175097
0.174208
0.176215
0.17559
0.177301
0.178321
0.181051
0.179242
0.178222
0.181216
0.17967
0.181051
0.181446
0.179505
0.185098
0.183486
0.1875
0.188355
0.183979
0.188059
0.183946
0.184177
0.182631
0.188947
0.18421
0.186414
0.183815
0.186118
0.18796
0.190099
0.185394
0.186973
0.189605
0.188454
0.193652
0.190592
0.191875
0.186414
0.190197
0.190789
0.192204
0.189605
0.190921
0.192862
0.191809
0.192895
0.192402
0.193783
0.193487
0.195165
0.193981
0.195297
0.193619
0.195165
0.194211
0.193882
0.190197
0.192796
0.191744
0.192862
0.193454
0.195297
0.1976
0.195461
0.196086
0.198027
0.191941
0.196053
0.198093
0.193356
0.201811
0.196086
0.196185
0.193948
0.195724
0.19227
0.194672
0.192731
0.191744
0.196843
0.196613
0.195626
0.196514
0.198587
0.193882
0.1976
0.194277
0.199672
0.196777
0.196053
0.194935
0.197534
0.194145
0.197139
0.196744
0.198258
0.199212
0.199409
0.200659
0.197435
0.199146
0.196152
0.201251
0.197172
0.197435
0.197665
0.197929
0.196909
0.199212
0.194573
0.19658
0.195428
0.195626
0.19931
0.199442
0.199771
0.200067
0.196185
0.198652
0.201416
0.197731
0.198948
0.199343
0.200199
0.196613
0.199212
0.194672
0.200692
0.199212
0.198587
0.199573
0.202732
0.20056
0.201153
0.198685
0.203094
0.201909
0.199146
0.200462
0.197336
0.202403
0.197172
0.199014
0.199508
0.195757
0.194375
0.191744
0.194046
0.193981
0.193915
0.197205
0.19704
0.192138
0.198521
0.195724
0.197534
0.196547
0.196514
0.196415
0.196349
0.198587
0.197929
0.196218
0.197468
0.198718
0.198455
0.199935
0.200001
0.197797
0.196613
0.200133
0.199508
0.199705
0.197435
0.197731
0.196119
0.194935
0.192237
0.196777
0.195691
0.180755
0.184966
0.185394
0.18648
0.189737
0.189145
0.188487
0.189737
0.189276
0.192796
0.191447
0.192007
0.19306
0.192303
0.191842
0.193882
0.193191
0.195297
0.192171
0.192171
0.194704
0.193619
0.198554
0.197238
0.198751
0.197205
0.198554
0.199442
0.19579
0.200067
0.198916
0.200001
0.198948
0.199277
0.199541
0.201712
0.201383
0.202567
0.201613
0.202008
0.201054
0.201087
0.200955
0.200001
0.199804
0.201679
0.199014
0.200593
0.201712
0.203653
0.203916
0.200001
0.202765
0.20589
0.203028
0.201876
0.204475
0.202534
0.20464
0.203949
0.202107
0.202863
0.202896
0.202304
0.202765
0.204508
0.203488
0.205397
0.201021
0.20691
0.20214
0.205495
0.203883
0.205101
0.205331
0.202765
0.205101
0.205956
0.20487
0.202502
0.202271
0.203456
0.204278
0.202666
0.203982
0.200166
0.206384
0.204739
0.206055
0.203094
0.204772
0.204278
0.205331
0.205561
0.204903
0.205035
0.203357
0.200955
0.201975
0.202173
0.199935
0.199442
0.201416
0.206186
0.199771
0.202008
0.202238
0.201416
0.201251
0.201876
0.204772
0.200955
0.204772
0.203324
0.205693
0.202205
0.201745
0.199968
0.201942
0.198192
0.20135
0.199541
0.201482
0.198488
0.199968
0.203225
0.198817
0.200725
0.201383
0.201778
0.199245
0.196086
0.199771
0.197501
0.195691
0.200725
0.197435
0.199672
0.199146
0.198027
0.197896
0.197336
0.195362
0.201482
0.196843
0.195165
0.198718
0.197073
0.196349
0.193158
0.197336
0.196909
0.198389
0.19306
0.195461
0.194968
0.196053
0.196678
0.197797
0.197336
0.196909
0.202173
0.198159
0.197632
0.19602
0.197665
0.194244
0.199113
0.195757
0.19885
0.196316
0.196547
0.197501
0.197567
0.196613
0.19885
0.198948
0.196448
0.201218
0.197764
0.200857
0.196086
0.201054
0.196645
0.198751
0.197468
0.196086
0.200857
0.201087
0.196942
0.197534
0.198817
0.198455
0.198159
0.196415
0.199277
0.195231
0.197632
0.196942
0.198718
0.198948
0.198948
0.199968
0.197238
0.195198
0.199705
0.19431
0.197106
0.198422
0.197665
0.200231
0.198916
0.194836
0.19477
0.199837
0.198126
0.201218
0.197501
0.19931
0.201087
0.196744
0.197731
0.200199
0.197929
0.19931
0.198126
0.1976
0.199541
0.194902
0.195362
0.198916
0.199212
0.197172
0.199738
0.196514
0.200231
0.198784
0.200396
0.20056
0.19931
0.196974
0.197402
0.197336
0.196086
0.197435
0.192369
0.197501
0.19375
0.199014
0.196678
0.197929
0.199277
0.200396
0.19681
0.19533
0.195001
0.196415
0.198389
0.199245
0.197764
0.197764
0.198916
0.196876
0.196284
0.199804
0.198422
0.196382
0.202238
0.200922
0.200462
0.200067
0.19885
0.197698
0.202205
0.194375
0.19931
0.198389
0.200495
0.198488
0.196547
0.197567
0.198389
0.200264
0.1976
0.20158
0.199672
0.201449
0.20214
0.201909
0.200593
0.200133
0.19987
0.201547
0.198981
0.197534
0.198027
0.197007
0.198718
0.196251
0.198948
0.20158
0.197303
0.201613
0.203094
0.198751
0.200889
0.200889
0.198422
0.198422
0.198422
0.200955
0.197172
0.201712
0.199409
0.20237
0.203587
0.20237
0.199541
0.201383
0.198422
0.200725
0.200725
0.200528
0.200758
0.199508
0.203423
0.200297
0.200758
0.198685
0.20158
0.197929
0.199475
0.199508
0.199146
0.197468
0.203883
0.201218
0.202962
0.202041
0.194079
0.199804
0.199902
0.199804
0.199935
0.200199
0.198422
0.202732
0.200067
0.2001
0.201416
0.197731
0.200495
0.199968
0.201844
0.203982
0.203949
0.20112
0.200593
0.202403
0.204311
0.203291
0.20339
0.200034
0.203949
0.205627
0.202666
0.202074
0.204837
0.205594
0.205133
0.205824
0.208292
0.204179
0.204212
0.205857
0.199212
0.20941
0.203423
0.206285
0.203883
0.202896
0.200791
0.199968
0.177301
0.17638
0.181315
0.181084
0.177992
0.182038
0.182532
0.182927
0.18648
0.185032
0.187927
0.183354
0.187631
0.185361
0.188454
0.187138
0.189474
0.191645
0.190954
0.193849
0.196218
0.196415
0.196645
0.197929
0.193685
0.196942
0.194277
0.197303
0.196152
0.195395
0.196547
0.199113
0.192402
0.195527
0.199541
0.1976
0.198883
0.199606
0.199343
0.198356
0.200166
0.196448
0.197238
0.198817
0.200791
0.202633
0.199475
0.197863
0.195461
0.199277
0.19806
0.197468
0.201679
0.197402
0.002772
0.010733
0.018958
0.027117
0.033072
0.040935
0.044323
0.051791
0.055443
0.06403
0.066991
0.073044
0.077222
0.086467
0.088737
0.094132
0.099462
0.099857
0.108147
0.109661
0.11499
0.118181
0.122162
0.124432
0.128841
0.128084
0.132262
0.133677
0.139566
0.134664
0.141046
0.146836
0.145849
0.14983
0.151376
0.153614
0.153943
0.151673
0.157331
0.158845
0.157792
0.162299
0.163878
0.166642
0.164306
0.166609
0.168484
0.167925
0.166971
0.171609
0.176906
0.172004
0.177761
0.176018
0.177432
0.177531
0.178814
0.178321
0.178255
0.179308
0.175788
0.177564
0.179867
0.179045
0.183354
0.183091
0.186348
0.182532
0.184144
0.183025
0.183585
0.186776
0.185394
0.189506
0.187927
0.190296
0.188585
0.189605
0.188289
0.192303
0.191875
0.189309
0.189474
0.190592
0.193356
0.193257
0.192336
0.189375
0.19306
0.192138
0.185986
0.191217
0.192698
0.196053
0.190789
0.192204
0.194902
0.18977
0.194375
0.194704
0.191645
0.195593
0.191151
0.193783
0.194606
0.195988
0.194079
0.196777
0.191151
0.192829
0.196942
0.193882
0.192928
0.192665
0.193619
0.196316
0.196613
0.198356
0.199606
0.195659
0.199935
0.196678
0.198685
0.198422
0.200001
0.196218
0.199014
0.199606
0.199179
0.196777
0.200659
0.200922
0.197567
0.198652
0.196514
0.203225
0.199179
0.198093
0.196645
0.200363
0.196942
0.20112
0.200528
0.198225
0.200264
0.19885
0.199672
0.19704
0.196777
0.198192
0.196053
0.197863
0.199738
0.198126
0.201186
0.198784
0.201646
0.199212
0.200528
0.198718
0.199047
0.200363
0.19602
0.197073
0.197896
0.199047
0.198356
0.19987
0.2001
0.200034
0.200462
0.201153
0.200067
0.201218
0.198521
0.203127
0.200955
0.199541
0.203883
0.198784
0.201547
0.198883
0.196415
0.198323
0.196843
0.197665
0.202041
0.198554
0.199968
0.199771
0.199376
0.198488
0.199409
0.199376
0.199146
0.19829
0.197567
0.198422
0.202863
0.202074
0.199047
0.202271
0.197106
0.199376
0.195691
0.199113
0.196185
0.193816
0.196316
0.198323
0.196185
0.198225
0.197303
0.196711
0.198225
0.196645
0.1976
0.198554
0.193652
0.193948
0.198784
0.195264
0.196086
0.196448
0.197073
0.196645
0.196777
0.197205
0.197271
0.199606
0.200264
0.196645
0.196678
0.19579
0.198554
0.194869
0.194244
0.195988
0.195626
0.196514
0.19806
0.198751
0.195856
0.197896
0.192138
0.189177
0.196514
0.195922
0.198587
0.197007
0.197797
0.198258
0.198323
0.197106
0.1976
0.198258
0.199606
0.196645
0.195724
0.200659
0.198948
0.199837
0.198159
0.197303
0.202271
0.202337
0.20237
0.202534
0.200659
0.202173
0.200659
0.202107
0.205627
0.204837
0.201416
0.204739
0.204574
0.204739
0.206252
0.206153
0.20385
0.202798
0.207831
0.203587
0.207634
0.204673
0.2077
0.202666
0.208061
0.206877
0.207371
0.207074
0.205265
0.207765
0.206647
0.205199
0.206022
0.208621
0.208292
0.210134
0.20793
0.21066
0.206614
0.206482
0.208193
0.208621
0.20839
0.206647
0.209114
0.207009
0.207601
0.207667
0.208325
0.210562
0.206778
0.209377
0.213029
0.209344
0.211253
0.210299
0.2102
0.211779
0.212963
0.209575
0.210825
0.210167
0.210924
0.211121
0.211516
0.210101
0.209871
0.213325
0.210002
0.211384
0.210134
0.210957
0.211253
0.209838
0.207667
0.210068
0.207009
0.209673
0.210529
0.209344
0.211615
0.213128
0.211318
0.209443
0.211615
0.209641
0.210825
0.207535
0.210628
0.210364
0.209706
0.207239
0.209312
0.204344
0.206384
0.206548
0.203225
0.206153
0.203357
0.208358
0.208226
0.208621
0.207371
0.206548
0.20895
0.205824
0.204772
0.205857
0.204081
0.201515
0.197435
0.19908
0.201218
0.197271
0.202863
0.199573
0.199508
0.198916
0.199902
0.198323
0.200659
0.199804
0.203094
0.198159
0.199968
0.203752
0.196481
0.198587
0.196777
0.197731
0.193092
0.199014
0.197303
0.197665
0.196053
0.199245
0.186052
0.198356
0.19704
0.197435
0.197205
0.196777
0.196711
0.193882
0.197369
0.196086
0.194079
0.192862
0.193849
0.192599
0.193619
0.193487
0.196876
0.194704
0.196382
0.195626
0.19533
0.198093
0.197567
0.19908
0.198093
0.191776
0.19556
0.193586
0.192336
0.192961
0.193553
0.192961
0.191118
0.195198
0.194375
0.190164
0.158877
0.081203
0.000206
0.000239
0.000107
-2.5e-05
-2.5e-05
-0.000123
-0.000123
-9e-05
7.4e-05
0.000107
7.4e-05
0.000107
0.000173
8e-06
8e-06
-0.000123
-0.000123
-0.000123
-5.8e-05
-2.5e-05
7.4e-05
4.1e-05
0.000107
0.000107
0.000107
4.1e-05
-9e-05
8e-06
-0.000222
4.1e-05
0.000568
0.00389
0.007082
0.013464
0.020735
0.026163
0.031591
0.040178
0.046001
0.050146
0.057088
0.060345
0.065444
0.06732
0.072189
0.076893
0.080644
0.083999
0.085809
0.087092
0.014056
0.013168
0.017905
0.027545
0.033697
0.042547
0.044455
0.050837
0.05791
0.059424
0.068405
0.073241
0.078275
0.083802
0.088243
0.094757
0.096962
0.101206
0.106009
0.109726
0.114595
0.114464
0.120813
0.121241
0.124465
0.125748
0.130617
0.133841
0.137098
0.138941
0.144731
0.146277
0.150093
0.153844
0.154041
0.155653
0.15312
0.155653
0.158384
0.160259
0.161641
0.166411
0.164799
0.168023
0.169043
0.171905
0.167431
0.173518
0.173781
0.177367
0.176117
0.17809
0.182433
0.18194
0.184703
0.178222
0.186578
0.178123
0.183289
0.185789
0.187236
0.184078
0.189572
0.189835
0.18875
0.191053
0.190987
0.183025
0.188092
0.191579
0.188355
0.190954
