Ladekurvenmessung

Zeit: 2018_05_04 11.33.20

Info: FVA3, v = 0.195, T = 80, F = 20, h = 86.6

Ladewiderstand[Ohm]: 1012700

Störkapazität[pF]: 0.000000

Entladezeit[ms]: 200

Abtastrate[Hz]: 250000

Anzahl der Messwerte: 2500.000000

Verzögerung[ms]: 3

Ladespannung[V]: 0.200000


Kurve 1

-0.000347
-0.000512
-0.000347
-0.000183
-1.9e-05
-0.000183
-0.000183
-0.000183
-0.000183
-0.000183
-0.000183
-0.000512
-1.9e-05
-0.000183
-0.000347
-0.000183
-1.9e-05
-0.000183
0.000146
-0.000183
-0.000183
-0.000183
-0.000347
-0.000183
-0.000347
-0.000183
-0.000183
-0.000183
-0.000183
-0.000183
-0.000183
-0.000183
-0.000347
-0.000183
-0.000512
-0.000183
-0.000183
-0.000183
-1.9e-05
-0.000183
-1.9e-05
-1.9e-05
-0.000183
-0.000183
-0.000183
-0.000347
-0.000347
-0.000347
-1.9e-05
-0.000183
-0.000183
-1.9e-05
-1.9e-05
-1.9e-05
-0.000183
-0.000347
-0.000183
-0.000347
0.00031
-1.9e-05
0.001954
-0.000347
-0.002155
-0.001334
0.001789
-0.000512
-0.000841
-0.001662
0.000146
-0.001005
-0.000183
-0.000183
0.002282
-0.003306
0.002447
0.002118
-0.005114
-1.9e-05
0.00146
-0.001827
0.002447
-0.000347
-0.001498
0.00031
-0.002155
0.001954
-0.000512
-0.001498
-0.000841
-0.001169
-0.001005
0.000803
-1.9e-05
-0.000183
-1.9e-05
-1.9e-05
-1.9e-05
-0.000183
-0.000347
-0.000347
-0.000183
-0.000512
0.000474
-1.9e-05
-1.9e-05
-0.000183
0.000474
-0.000183
0.000803
-0.000347
-0.000183
-0.001005
-0.000183
-0.000183
-0.000183
-0.000841
-0.000676
-1.9e-05
-0.000183
-0.000183
-0.000347
-0.000347
-0.000183
-0.000183
-0.000347
-0.000347
-0.000512
-1.9e-05
-1.9e-05
-0.000347
-0.000347
-0.000347
-0.000183
-0.000512
-0.000512
-0.000183
-1.9e-05
-0.000183
0.000146
-1.9e-05
-1.9e-05
-0.000183
-1.9e-05
-0.000347
-0.000183
-0.000347
-1.9e-05
-1.9e-05
-0.000183
-1.9e-05
-0.000183
-0.000347
-0.000183
-0.000183
-0.000183
-0.000347
-0.000512
-0.000347
-0.000183
-1.9e-05
-1.9e-05
-1.9e-05
-1.9e-05
-0.000183
-0.000347
-0.000183
-0.000183
-1.9e-05
-0.000183
-1.9e-05
0.000146
-0.000676
-0.000841
-1.9e-05
-0.000347
-0.001005
0.001296
0.002775
0.001789
0.000474
-0.000183
0.000639
0.00146
-0.000841
-0.000183
-0.000512
-0.001827
-0.000841
-0.001662
-0.000512
-0.000512
-0.000676
0.00146
0.000146
0.00031
0.001789
0.000639
-0.002155
-0.001005
-0.000347
-0.000347
-1.9e-05
0.000474
-0.000347
-0.000676
0.000146
-1.9e-05
-0.000183
-0.000183
-0.000347
-0.000183
-0.000347
-0.000183
-0.000183
0.000146
-1.9e-05
-0.000183
-1.9e-05
-0.000183
-1.9e-05
-0.000512
-0.000183
-0.000183
-0.000512
-0.000183
0.000146
-0.000183
0.000146
-0.000183
-0.000347
-0.000183
-0.000183
-0.000347
-0.000347
-1.9e-05
-0.000183
-1.9e-05
-0.000183
-0.000183
-1.9e-05
-0.000183
-0.000183
-1.9e-05
-0.000183
-0.000183
-0.000512
-0.000183
-1.9e-05
-0.000183
0.000146
-0.000183
0.000146
-0.000512
-0.000347
-0.001005
-0.000347
-0.000512
-1.9e-05
-0.000183
-1.9e-05
-0.000347
0.000639
0.000146
-0.000512
-0.000183
-0.000841
-0.000183
-0.001334
-0.000512
-0.000512
0.000146
-0.000183
-0.000512
-0.001334
-0.000841
0.00031
-0.000676
-0.000183
0.000803
-0.004456
-0.001991
-0.001005
-0.000347
0.000803
-0.000676
0.00146
0.000639
0.001625
0.00031
0.000803
-0.000183
-0.000183
-0.001005
-0.000183
-0.000183
-0.002648
0.001789
-0.001169
-0.001005
-0.000512
0.005898
-0.000347
-0.000183
-0.000183
-0.000183
-0.000183
-1.9e-05
-0.000347
-0.000183
-0.000183
-0.000347
0.00031
-0.000347
-0.000183
-0.000183
0.000146
0.000967
-0.002648
-0.000512
0.000146
-0.000183
-0.001169
-0.003799
-0.000512
-1.9e-05
-1.9e-05
-0.000183
-0.000183
-0.000347
-0.000183
-0.000347
-0.000347
-0.000183
-0.000676
-0.000841
-0.000183
-0.000183
0.000474
-0.000183
-0.000841
-1.9e-05
-0.000512
-0.001498
-0.000183
-0.001005
0.00031
-0.001662
0.00031
-0.000512
0.000146
-0.000841
0.000474
0.000474
-0.000512
-0.000347
0.000146
-0.000841
-0.000183
0.000146
-0.000347
-0.000183
-0.000676
-0.000183
0.00031
-0.000347
-0.000676
-0.000347
-0.000841
-0.000183
-1.9e-05
-1.9e-05
-0.000183
0.000146
-0.000347
-0.000183
-0.000183
-0.000183
-0.000512
-0.000512
-1.9e-05
-1.9e-05
0.000146
-1.9e-05
-1.9e-05
-0.000183
-0.000347
-0.000347
-0.000183
-0.000347
-0.000512
-0.000347
-0.000347
-1.9e-05
-0.000183
-0.000183
-0.000183
-0.000183
-1.9e-05
-0.000183
-0.000512
-0.000512
-0.000347
-0.000183
-0.000183
-0.000183
0.000146
-0.000183
-0.000512
-0.000183
-0.000347
-0.000347
-0.000347
-0.000183
-0.000183
-0.000183
-0.000183
-1.9e-05
0.000146
-0.000347
-0.000347
-0.000347
-1.9e-05
-0.000183
-0.000183
-1.9e-05
-0.000183
-0.000347
-1.9e-05
-0.000347
-0.000347
-0.000512
-0.000183
-0.000347
-0.000676
-0.000183
-0.000183
-1.9e-05
-1.9e-05
-0.000183
-1.9e-05
-0.000512
-0.000512
-0.000183
-0.000347
-0.000347
-1.9e-05
-0.000183
-0.000183
-0.000183
-1.9e-05
-1.9e-05
-1.9e-05
-0.000347
-0.000347
-0.000347
-0.000347
-1.9e-05
-0.000183
-0.000183
-1.9e-05
-0.000183
-0.000183
-0.000183
-0.000347
-0.000347
-0.000512
-1.9e-05
-0.000183
-0.000183
-0.000183
-1.9e-05
-1.9e-05
-0.000183
-0.000183
-0.000512
-0.000512
-0.000183
-0.000512
-0.000183
-0.000183
-0.000183
-0.000183
-0.000183
-0.000347
-0.000347
-1.9e-05
-0.000183
-0.000512
-0.000347
-0.000183
-1.9e-05
-0.000183
-0.000183
-1.9e-05
-0.000183
-0.000183
-0.000347
-0.000347
-0.000183
-0.000183
-0.000183
-0.000183
-1.9e-05
0.000146
-0.000183
-1.9e-05
-0.000183
-0.000347
-0.000347
-0.000347
-0.000512
-1.9e-05
-0.000183
-0.000183
-1.9e-05
-0.000183
-0.000183
-0.000347
-0.000183
-0.000183
-0.000183
-0.000347
-0.000183
-0.000183
-1.9e-05
-0.000347
-0.000183
-0.000183
-0.000183
-0.000347
-0.000512
-0.000347
-0.000183
-0.000183
-0.000347
-1.9e-05
-0.000347
-1.9e-05
-0.000183
-0.000183
-0.000183
-0.000347
-0.000183
-0.000512
-0.000183
-1.9e-05
-0.000183
-0.000183
-0.000183
0.000146
-0.000347
-0.000347
-0.000347
-0.000183
-0.000676
-0.000183
-0.000183
-0.000183
-0.000183
-0.000183
-1.9e-05
-0.000347
-0.000183
-0.000512
-0.000183
-0.000183
-0.000183
-0.000183
-0.000183
-1.9e-05
-1.9e-05
-0.000183
-0.000183
-0.000183
-0.000183
-0.000183
-0.000347
-0.000183
-0.000183
-0.000183
-0.000347
-1.9e-05
-0.000347
-0.000183
-0.000347
-0.000347
-0.000347
-0.000183
-1.9e-05
0.000146
-0.000183
-0.000183
0.000639
-0.000512
0.000967
-0.000676
-0.000512
-0.000347
-0.000183
-0.000512
0.000146
-1.9e-05
-1.9e-05
0.00031
0.000146
-0.000347
-1.9e-05
-0.000347
-0.000183
-0.000512
-0.000512
0.000146
-0.000347
-0.000183
-0.000676
-1.9e-05
-0.000347
-1.9e-05
-0.000676
-0.000183
-0.000676
-0.000347
-0.000512
-0.000347
-1.9e-05
-0.000183
-0.000183
-0.000183
-0.000183
-0.000347
-0.000512
0.00031
-0.000183
-0.000183
-0.000183
-0.000347
-1.9e-05
-0.000183
-0.000347
-1.9e-05
-0.000347
-0.000183
0.000474
-0.000183
-1.9e-05
-1.9e-05
0.000146
-0.000183
0.000146
-0.000347
-0.000183
-0.000347
-0.000512
-0.001169
-1.9e-05
-0.000183
-0.000183
-0.000183
-1.9e-05
-0.000183
-0.000183
-1.9e-05
-0.000347
-0.000183
-0.000347
-0.000347
-0.000347
-1.9e-05
-0.000183
-1.9e-05
-1.9e-05
-0.000347
-1.9e-05
-0.000347
-0.000347
-0.000512
-0.000347
-1.9e-05
-0.000183
-1.9e-05
-1.9e-05
-0.000183
-0.000183
-0.000183
-0.000512
-0.000347
-0.000347
-0.000512
-0.000347
-1.9e-05
-0.000183
-0.000183
-1.9e-05
-0.000347
-0.000183
-0.000347
-0.000183
-0.000183
-0.000347
-0.000183
-1.9e-05
-0.000183
-1.9e-05
-0.000183
-0.000347
-0.000347
-0.000183
-0.000347
-0.000183
-0.000183
-0.000183
-1.9e-05
-1.9e-05
-0.000183
-0.000183
-0.000183
-0.000183
-1.9e-05
-0.000347
-0.000183
-0.000347
-0.000347
-0.000183
-0.000183
-0.000183
-0.000183
-0.000183
-0.000183
-0.000183
-0.000512
-0.000183
-0.000347
-1.9e-05
-0.000183
-0.000183
-1.9e-05
0.000146
-0.000183
-0.000512
-0.000512
-0.000347
-0.000183
-0.000183
-0.000183
-0.000183
-0.000183
-0.000183
0.000146
0.000146
-0.000512
-0.000512
-0.000347
-0.000347
-0.000183
-0.000183
0.000146
0.000146
-0.000183
-1.9e-05
-0.000183
-0.000183
-0.000183
-0.000347
-0.000512
-0.000183
-0.000183
-0.000183
-0.000183
-0.000183
-1.9e-05
-0.000183
-0.000183
-0.000347
-0.000183
-0.000512
-0.000347
-0.000347
-0.000347
-1.9e-05
-1.9e-05
-0.000183
-1.9e-05
-0.000183
-0.000347
-0.000183
-0.000512
-0.000183
-0.000183
-1.9e-05
-0.000183
-1.9e-05
-1.9e-05
-1.9e-05
-0.000183
-0.000183
-0.000183
-0.000512
-1.9e-05
-0.000183
-0.000183
-0.000183
-0.000183
-0.000347
-0.000183
-0.000347
-1.9e-05
-0.000183
-0.000347
-1.9e-05
-1.9e-05
-1.9e-05
-1.9e-05
-0.000183
-1.9e-05
-1.9e-05
-0.000183
-0.000347
-0.000183
-0.000347
-0.000347
-0.000183
-0.000183
-0.000183
0.00031
-1.9e-05
-1.9e-05
-0.000183
-0.000347
-1.9e-05
-0.000347
-0.000183
-1.9e-05
-1.9e-05
-1.9e-05
-0.000183
-0.000183
-1.9e-05
-1.9e-05
-0.000183
-0.000183
-0.000347
-0.000347
-0.000183
-1.9e-05
-0.000183
-1.9e-05
-1.9e-05
-1.9e-05
-0.000512
-0.000183
-0.000183
-0.000512
-0.000183
-1.9e-05
-0.000183
-0.000183
-0.000512
-1.9e-05
-0.000183
-0.000347
-0.000183
-0.000512
-1.9e-05
-0.000347
-0.000183
-1.9e-05
0.000146
-1.9e-05
-1.9e-05
0.000146
-0.000183
-0.000183
-0.000347
-0.000347
-0.000347
-0.000183
-0.000183
-1.9e-05
-1.9e-05
-0.000183
-0.000347
-0.000347
-0.000183
-0.000183
-0.000183
-0.000183
-0.000183
-1.9e-05
-0.000183
-0.000183
-0.000183
-0.000183
-0.000183
-0.000512
-0.000347
-0.000512
-0.000183
-1.9e-05
-1.9e-05
-0.000183
-1.9e-05
-0.000183
-0.000183
-0.000183
-0.000347
-0.000347
-0.000512
-0.000512
-0.000183
-1.9e-05
-1.9e-05
-0.000183
-1.9e-05
-0.000183
-0.000183
-0.000183
-1.9e-05
-0.000183
-0.000183
-0.000347
-0.000183
-0.000347
-0.000183
-1.9e-05
-1.9e-05
-0.000347
-0.000347
-0.000347
-0.000347
-0.000512
-0.000347
-1.9e-05
-0.000183
-0.000183
-0.000183
-1.9e-05
-0.000183
-0.000183
-1.9e-05
-0.000183
-0.000183
-0.000183
-1.9e-05
-0.000183
-1.9e-05
-1.9e-05
-0.000183
-0.000183
-0.000183
-0.000512
-0.000183
-0.000676
-1.9e-05
-0.000347
0.000146
-0.000183
-0.000183
-1.9e-05
-0.000183
-0.000347
-0.000347
-0.000512
-0.000183
-0.000183
-0.000183
-0.000183
-1.9e-05
-1.9e-05
-0.000183
-1.9e-05
-0.000347
-0.000347
-0.000183
-0.000183
-0.000347
-0.000183
-1.9e-05
-0.000183
-1.9e-05
-1.9e-05
-1.9e-05
-0.000183
-0.000183
-0.000512
-0.000512
-0.000183
-0.000183
-0.000183
-1.9e-05
0.000146
-1.9e-05
-0.000347
-0.000183
-0.000347
-0.000512
-0.000347
-0.000347
-1.9e-05
-0.000183
-0.000183
0.000146
-1.9e-05
0.000146
-0.000183
-0.000183
-0.000183
-0.000512
-0.000183
-0.000183
-1.9e-05
-1.9e-05
-0.000183
-0.000183
-0.000183
-0.000183
-0.000183
-0.000183
-0.000512
-1.9e-05
-0.000183
-0.000183
-0.000183
-1.9e-05
-1.9e-05
-1.9e-05
-0.000183
-0.000183
-0.000183
-0.000347
-0.000183
-0.000183
-1.9e-05
-0.000183
-1.9e-05
-0.000183
-0.000347
-0.000183
-0.000183
-0.000347
-0.000512
-0.000183
-0.000183
-1.9e-05
-1.9e-05
-0.000183
-1.9e-05
-0.000183
-0.000183
-0.000183
-0.000183
-0.000347
-0.000512
-0.000183
-0.000347
0.000146
-0.000183
-1.9e-05
-1.9e-05
-0.000183
-0.000183
-0.000183
-0.000183
-0.000183
-0.000183
-1.9e-05
-1.9e-05
0.000146
0.000146
-0.000183
-0.000183
-0.000347
-0.000347
-0.000347
-0.000183
-1.9e-05
0.000146
-0.000183
-0.000183
-1.9e-05
-1.9e-05
-0.000183
-0.000347
-0.000183
-0.000347
-0.000183
-1.9e-05
-1.9e-05
-0.000183
0.000146
-0.000183
-1.9e-05
-0.000183
-0.000183
-0.000347
-0.000347
-0.000183
-0.000183
0.000146
0.000146
0.000146
-0.000347
-1.9e-05
-0.000512
-0.000347
-0.000512
-0.000347
-0.000183
-0.000183
-1.9e-05
-0.000183
-0.000512
-0.000183
0.00031
-0.000347
-0.000183
-0.000183
-0.000183
-1.9e-05
-0.000183
-1.9e-05
-1.9e-05
-1.9e-05
-1.9e-05
-0.000347
-1.9e-05
-0.000183
-0.000183
-0.000183
-0.000183
-0.000183
-0.000347
-0.000347
-0.000183
-0.000183
-0.000183
-1.9e-05
-0.000183
-0.000347
-0.000512
-0.000512
-0.000183
0.000146
-1.9e-05
-1.9e-05
-1.9e-05
-1.9e-05
-0.000183
-0.000347
-0.000347
-0.000512
-1.9e-05
-0.000183
0.000146
-0.000512
-0.000347
0.00031
-0.000347
0.000146
-0.001827
0.00146
0.00031
-0.000512
0.000474
0.000639
0.000146
0.000639
-1.9e-05
-1.9e-05
-0.000841
-0.000183
-0.000183
-0.000347
-0.001005
-0.000183
-1.9e-05
-0.000183
-1.9e-05
-1.9e-05
-0.000183
-0.000183
-0.000183
-0.000347
-0.000347
-0.000183
0.000146
-1.9e-05
0.000146
0.000146
-0.000183
0.000474
-0.000512
0.00146
0.001296
0.002447
0.002447
0.00146
0.004912
0.005405
0.00672
0.004419
0.005734
0.008857
0.008363
0.005569
0.005241
0.006884
0.007049
0.008363
0.00935
0.004255
0.007213
0.005734
0.00935
0.009185
0.007542
0.011979
0.005569
-0.000183
0.00031
-1.9e-05
-1.9e-05
-0.000347
-1.9e-05
0.000146
0.001132
0.002447
0.00672
0.001954
0.000146
-0.000676
0.002282
0.001625
0.000146
0.001296
-0.000841
0.004912
0.004583
0.004912
0.000639
0.001296
0.004255
0.003597
0.005734
0.00672
0.006556
0.007049
0.003268
0.004748
0.007542
0.011322
0.009514
0.004748
0.00787
0.012144
0.013952
0.017896
0.008857
0.002611
0.002611
0.003104
0.00031
-0.000841
-1.9e-05
0.00031
0.003104
0.001132
-1.9e-05
0.00146
0.002447
0.000803
0.001296
0.005898
0.005898
0.000803
0.005734
0.002282
0.000639
-0.001662
0.002611
0.000803
-0.000183
0.000803
0.003433
0.003761
-0.000512
0.001625
0.002282
0.001789
0.00031
0.002447
-0.000512
0.001132
-0.000676
-0.005443
-0.000183
-1.9e-05
-1.9e-05
-1.9e-05
-0.000183
-0.000512
0.000146
-0.000347
-0.000347
-0.000512
-0.003142
-0.002484
0.002447
0.001954
-1.9e-05
0.001296
-0.000183
-0.000183
-0.000347
-0.000841
-0.000841
0.00294
-0.001005
0.002447
-0.000512
0.001954
0.002611
0.000967
-0.000512
-0.000676
0.000639
0.001789
0.001789
0.000474
0.000967
-0.000183
0.000639
-1.9e-05
-1.9e-05
-0.000183
0.002447
0.00031
0.000639
-0.000183
0.000967
-1.9e-05
0.001132
-0.000183
-1.9e-05
-1.9e-05
0.000474
-0.000347
0.003597
-0.001005
-1.9e-05
-0.002977
-0.000676
0.004583
0.003761
0.001789
0.002282
0.000803
0.000146
-0.000183
-0.000347
-0.000347
-0.000183
-1.9e-05
-1.9e-05
-0.000183
-0.000183
0.000146
0.000803
-0.000183
0.000474
-0.001005
-0.001991
-1.9e-05
-1.9e-05
0.00031
0.001132
-0.000183
0.000474
-0.000183
-0.000183
-0.000347
-0.000347
-0.000512
-0.000183
-0.000183
-0.000183
0.000146
-1.9e-05
0.000146
-0.000183
-0.000183
-0.000183
-0.000183
-0.000183
-0.000347
-0.000183
-1.9e-05
-1.9e-05
-1.9e-05
-0.000183
-1.9e-05
-0.000183
-1.9e-05
-0.000347
-0.000347
-1.9e-05
0.000146
-1.9e-05
-0.000183
-0.000183
0.000146
-1.9e-05
-0.000183
-0.000183
-0.000183
-0.000183
-0.000347
-1.9e-05
-0.000183
-0.000183
-1.9e-05
0.000146
-0.000183
-0.000183
-1.9e-05
-0.000347
-0.000183
-0.000183
0.000146
-1.9e-05
-1.9e-05
-0.000183
-1.9e-05
-1.9e-05
-0.000183
-0.000512
-1.9e-05
-0.000183
-0.000347
-0.000183
-0.000183
-0.000183
-1.9e-05
-0.000183
-0.000183
-0.000183
-0.000183
-0.000183
-0.000183
-0.000676
-1.9e-05
-0.000512
-1.9e-05
-1.9e-05
-0.000512
-0.000347
-0.001005
-0.000183
-0.000512
-0.000512
-0.000347
0.000146
-0.000183
0.001132
0.000474
-1.9e-05
-0.000512
-0.000183
-0.000183
-0.000183
-0.000512
0.000146
-0.000347
-0.000512
-0.000183
-0.000183
0.000146
-0.000183
-0.000183
-0.000512
-1.9e-05
-0.000183
-0.000183
-0.000183
-0.000183
-0.000183
-1.9e-05
-0.000183
-0.000183
-0.000183
-0.000347
-0.000676
-0.000347
-0.000347
-0.000183
-0.000183
-1.9e-05
-0.000183
-0.000183
-0.000183
-0.000183
-1.9e-05
-0.000347
-0.000183
-0.000347
-0.000183
-0.000183
-1.9e-05
-1.9e-05
-1.9e-05
-1.9e-05
0.000474
-0.000183
-0.000183
0.001625
-0.002484
0.002611
-0.000347
0.00031
0.000639
0.000474
-0.000347
-0.000183
-0.000347
-0.000183
-1.9e-05
-1.9e-05
-0.000183
-0.000183
0.000146
-0.000347
0.000474
-0.000183
-1.9e-05
-0.000183
-0.000347
-0.000183
-0.000183
-0.000183
-0.000183
0.000146
-1.9e-05
-0.000183
-0.000183
-0.000183
-0.000183
-0.000347
-0.000347
-0.000347
-1.9e-05
-1.9e-05
-0.000183
-0.000183
-1.9e-05
-0.000183
-0.000183
-0.000183
-0.000183
-0.000183
-0.000512
-0.000183
-0.000183
-1.9e-05
-1.9e-05
-0.000183
-1.9e-05
-0.000183
-0.000183
-0.000183
-0.000512
-0.000512
-0.000183
-0.000183
-0.000183
-1.9e-05
-0.000183
-0.000347
-0.000512
-1.9e-05
-0.000512
-0.000347
-0.000347
-0.000183
-0.000347
-0.000183
-0.000183
-0.000183
-0.000183
-0.000183
-0.000183
-0.000347
-0.000347
-0.000512
-0.000347
-0.000183
-0.000347
-1.9e-05
-1.9e-05
0.000146
-0.000183
-0.000183
-0.000347
-0.000512
-0.000347
-0.000183
-1.9e-05
-1.9e-05
-0.000183
-1.9e-05
-0.000183
-0.000347
-0.000183
-0.000183
-0.000347
-1.9e-05
-0.000347
-0.000183
-1.9e-05
-1.9e-05
-0.000183
-0.000183
-0.000183
-0.000183
-0.000183
-0.000347
-0.000512
-1.9e-05
-0.000183
-1.9e-05
-1.9e-05
-1.9e-05
-0.000183
-0.000183
-0.000512
-0.000512
-0.000183
-0.000676
-0.000183
-0.000183
-0.000183
-0.000183
0.000146
-0.000183
-0.000183
-0.000347
-0.000183
-0.000347
-0.000347
-0.000183
-0.000183
-1.9e-05
-1.9e-05
-0.000183
-1.9e-05
-1.9e-05
-0.000183
-0.000347
-1.9e-05
-0.000183
-0.000183
-1.9e-05
-0.000183
-1.9e-05
0.000146
-1.9e-05
-1.9e-05
-0.000347
-0.000183
-0.000347
-0.000183
-1.9e-05
-0.000183
-0.000183
-1.9e-05
-0.000183
-1.9e-05
-0.000347
-0.000347
-0.000183
-0.000347
-0.000183
-0.000347
-0.000183
-0.000183
-1.9e-05
-0.000183
-1.9e-05
-0.000183
-0.000183
-0.000347
-0.000347
-0.000512
-0.000347
-1.9e-05
-0.000183
-0.000183
-1.9e-05
-1.9e-05
-1.9e-05
-0.000347
-0.000183
-0.000183
-0.000183
-0.000512
-0.000183
-0.000183
-1.9e-05
-1.9e-05
0.000146
-0.000183
-0.000183
-0.000347
-0.000347
-0.000347
-0.000183
-0.000347
-0.000183
-0.000183
-1.9e-05
-1.9e-05
-0.000183
-0.000183
-0.000347
-0.000512
-0.000347
-0.000512
-1.9e-05
-0.000183
-1.9e-05
-0.000183
-0.000183
-0.000183
-0.000512
-0.000183
-0.000512
-0.000347
-0.000183
-0.000347
-0.000183
-1.9e-05
-0.000183
-1.9e-05
-0.000183
-0.000347
-0.000347
-0.000183
-0.000183
-0.000347
-0.000183
-1.9e-05
-0.000183
-1.9e-05
-1.9e-05
-1.9e-05
-0.000183
-0.000347
-0.000347
-0.000183
-0.000676
-0.000183
-1.9e-05
-0.000183
-1.9e-05
-1.9e-05
-0.000183
-0.000183
-0.000347
-0.000183
-0.000347
-0.000183
-0.000183
-0.000183
-1.9e-05
-0.000183
-0.000183
-0.000183
-0.000183
-0.000183
-0.000183
-0.000347
-0.000347
-0.000347
-1.9e-05
-1.9e-05
-1.9e-05
-0.000183
-1.9e-05
-0.000183
-0.000183
-0.000183
-0.000347
-0.000347
-0.000183
-0.000183
-0.000183
-0.000183
-0.000183
-0.000183
-0.000183
-0.000347
-0.000347
-1.9e-05
-0.000183
-1.9e-05
-1.9e-05
-0.000183
-1.9e-05
0.000146
-1.9e-05
-0.000347
-0.000183
-0.000512
-0.000347
-0.000183
-0.000183
-0.000183
-1.9e-05
-0.000183
0.000146
-0.000183
-0.000183
-0.000183
-0.000183
-0.000347
-0.000347
-0.000183
-0.000183
-0.000183
-0.000183
0.000146
-0.000183
-0.000183
-0.000347
-0.000347
-0.000512
-0.000183
-0.000512
-0.000183
-0.000183
-1.9e-05
-0.000347
-1.9e-05
-0.000347
-0.000512
-0.000183
-0.000183
-0.000347
-0.000347
-0.000183
-0.000183
0.000146
-1.9e-05
-1.9e-05
-1.9e-05
-0.000183
-0.000347
-0.000183
-0.000183
-0.000183
-0.000347
-0.000183
-1.9e-05
-0.000183
-0.000183
-0.000347
-0.000347
-0.000347
-0.000183
-0.000183
-0.000183
-1.9e-05
-1.9e-05
-0.000183
-1.9e-05
-1.9e-05
-0.000183
-0.000347
-0.000183
-0.000512
-0.000183
-0.000183
-1.9e-05
-0.000183
-1.9e-05
-1.9e-05
-0.000183
-0.000183
-0.000183
-0.000347
-0.000347
-0.000512
-0.000183
-1.9e-05
-1.9e-05
-1.9e-05
-1.9e-05
-0.000183
-0.000347
-0.000347
-0.000347
-0.000347
-0.000183
-0.000183
-0.000183
-0.000183
-0.000183
-0.000183
-0.000183
-0.000183
-0.000183
-0.000347
-0.000347
-0.000183
-0.000347
-1.9e-05
-0.000183
-0.000183
0.000146
-1.9e-05
-0.000183
-0.000183
-0.000183
-0.000183
-0.000347
-0.000183
-0.000347
-1.9e-05
-1.9e-05
-0.000183
0.000146
-0.000183
-0.000347
-0.000347
-0.000183
-0.000347
-0.000347
-0.000183
-0.000183
-0.000183
-1.9e-05
-1.9e-05
-1.9e-05
-0.000183
-0.000347
-0.000347
-1.9e-05
-1.9e-05
-0.000183
-0.000183
-1.9e-05
-1.9e-05
0.000146
-0.000347
-0.000183
-0.000347
-0.000512
-0.000512
-0.000347
-0.000183
-0.000347
-1.9e-05
-0.000183
-0.000183
-0.000183
-0.000347
-0.000347
-0.000347
-0.000512
-0.000183
-0.000183
-0.000183
-1.9e-05
-1.9e-05
-1.9e-05
-0.000183
-0.000347
-0.000183
-0.000183
-0.000183
-0.000183
-1.9e-05
-1.9e-05
-1.9e-05
-0.000183
-0.000183
-0.000347
-0.000183
-0.000347
-0.000512
-0.000183
-0.000347
-0.000183
-0.000183
-0.000183
-1.9e-05
-0.000183
-1.9e-05
-0.000183
-0.000347
-0.000347
-0.000183
-0.000347
-0.000183
-1.9e-05
-1.9e-05
-1.9e-05
-1.9e-05
-0.000183
-0.000183
-0.000183
-0.000512
-0.000183
-0.000183
-1.9e-05
-1.9e-05
-0.000183
0.000146
-0.000183
-1.9e-05
-0.000183
-0.000347
-0.000512
-0.000347
-0.000183
-0.000183
-0.000183
-0.000347
-0.000183
-1.9e-05
-0.000183
-0.000183
-0.000183
-0.000347
-0.000512
-1.9e-05
-0.000183
-0.000183
-1.9e-05
-1.9e-05
0.000146
-0.000183
-0.000183
-0.000347
-0.000183
-0.000347
-0.000347
-1.9e-05
-0.000183
0.000146
-0.000347
-0.000183
-1.9e-05
-0.000183
-0.000512
-0.000347
-0.000183
-0.000183
-1.9e-05
-1.9e-05
-0.000183
-1.9e-05
-1.9e-05
-1.9e-05
-0.000347
-0.000347
-0.000347
-0.000347
-0.000183
-0.000183
-0.000183
-0.000183
-0.000183
-0.000183
-1.9e-05
-0.000183
-0.000347
-0.000512
-0.000347
-0.000347
-1.9e-05
-1.9e-05
-0.000183
-0.000183
-1.9e-05
-1.9e-05
-0.000183
-0.000183
-0.000347
-0.000512
-0.000347
-0.000183
-0.000183
-0.000183
-1.9e-05
-1.9e-05
-1.9e-05
-0.000183
-0.000347
-0.000183
-0.000347
-0.000347
-1.9e-05
-1.9e-05
0.000146
-1.9e-05
-0.000183
-1.9e-05
-0.000347
-0.000347
-0.000347
-0.000347
-0.000347
-0.000183
-1.9e-05
-0.000183
-0.000183
-0.000183
-0.000183
-0.000183
-0.000347
-0.000183
-0.000183
-0.000347
-0.000183
-1.9e-05
-0.000183
-0.000183
-0.000183
-1.9e-05
-0.000347
-0.000347
-0.000183
-0.000347
-0.000183
-1.9e-05
-1.9e-05
-1.9e-05
-1.9e-05
0.000146
-1.9e-05
-0.000183
-0.000347
-0.000183
-0.000183
-0.000512
-1.9e-05
-1.9e-05
0.000146
0.000146
-1.9e-05
-0.000183
-0.000183
-0.000183
-0.000347
-0.000183
-0.000183
-1.9e-05
-0.000183
0.000146
-0.000183
0.000146
-0.000183
-0.000183
-0.000183
-1.9e-05
-0.000183
-0.000183
-0.000347
-0.000183
-1.9e-05
-1.9e-05
-0.000183
-1.9e-05
-0.000183
-0.000347
-0.000183
-0.000347
-0.000512
-0.000183
-0.000347
-1.9e-05
-1.9e-05
-1.9e-05
-0.000183
-0.000183
-0.000347
-0.000347
-0.000183
-0.000183
-0.000347
-0.000183
-1.9e-05
0.000146
-0.000183
-1.9e-05
-0.000347
-0.000183
-0.000512
-0.000183
-0.000183
-0.000347
-0.000183
-1.9e-05
-1.9e-05
-0.000183
-0.000183
-0.000183
-0.000347
-0.000512
-0.000347
-0.000676
-0.000347
-0.000347
-0.000183
-1.9e-05
0.000146
-1.9e-05
-0.000183
-0.000347
-0.000347
-0.000347
-0.000183
-0.000347
-0.000183
-1.9e-05
-1.9e-05
-0.000183
-1.9e-05
-0.000183
-0.000347
-0.000347
-0.000183
-0.000347
-0.000183
-0.000183
-0.000183
0.000639
0.001789
0.001132
0.002447
0.000803
0.000474
-1.9e-05
0.002611
-1.9e-05
0.000639
0.00031
0.000639
-0.000676
-0.000183
-0.000512
0.001296
-0.000183
-0.000347
0.002611
0.000146
-1.9e-05
0.000474
-0.000512
0.001296
0.003104
0.00031
0.002282
0.000803
-0.00232
0.004583
-1.9e-05
0.000803
0.002775
-0.000676
-1.9e-05
-0.000183
-0.000183
0.000146
-0.000183
-0.000183
-0.000512
-0.000183
-0.000183
-0.000183
0.000146
-1.9e-05
-0.000183
-0.000183
-0.000512
0.000474
-0.000183
-0.001827
-0.000347
-0.000183
-0.000347
-1.9e-05
-1.9e-05
-0.000347
-0.000183
-0.000183
-0.000183
-0.000347
-0.000347
-0.000347
-1.9e-05
0.000146
-1.9e-05
-1.9e-05
-0.000183
-0.000183
-0.000183
-0.000183
-0.000183
-0.000512
-0.000347
-0.000183
-0.000183
-1.9e-05
-1.9e-05
-0.000183
-0.000347
-0.000512
-0.000347
-0.000183
-0.000512
-0.000183
-0.000183
-1.9e-05
-0.000183
-0.000183
-0.000183
-1.9e-05
-0.000183
-0.000347
-0.000347
-0.000347
-0.000347
-0.000183
-0.000183
-0.000183
-0.000183
-0.000183
-0.000183
-0.000183
-0.000183
-0.000183
-0.000512
-0.000183
-0.000183
-0.000183
-1.9e-05
-1.9e-05
-1.9e-05
-0.000183
-1.9e-05
-0.000512
-0.000347
-0.000183
-0.000347
-1.9e-05
-0.000183
-1.9e-05
-0.000183
-0.000183
-1.9e-05
-0.000512
-0.000347
-0.000512
-0.000347
-0.000347
-0.000183
-0.000183
-0.000183
-1.9e-05
-1.9e-05
-0.000183
-0.000347
-0.000347
-0.000347
-0.000183
-0.000183
-0.000183
-0.000183
-0.000347
0.000146
0.000146
-0.000183
-0.000183
-0.000183
-0.000347
-0.000183
-0.000512
-1.9e-05
-0.000183
-1.9e-05
-0.000183
-0.000183
-1.9e-05
-0.000183
-0.000512
-0.000512
-0.000347
-0.000347
-1.9e-05
-0.000183
-0.000183
-0.000183
-0.000183
-0.000183
-0.000183
-0.000347
-0.000347
-0.000676
-0.000183
-0.000183
-1.9e-05
-0.000183
-0.000183
-1.9e-05
-1.9e-05
-0.000183
-0.000512
-0.000183
-0.000183
-0.000347
-0.000347
-0.000183
-1.9e-05
-1.9e-05
-0.000183
-1.9e-05
-0.000347
-0.000347
-0.000347
-0.000512
-0.000347
-0.000183
-1.9e-05
-0.000183
-0.000183
-0.000183
-0.000183
-0.000183
-0.000512
-0.000347
-0.000347
-0.000512
-0.000183
-0.000183
-0.000183
-0.000183
-0.000183
-0.000183
-0.000347
-0.000347
-0.000183
-0.000347
-0.000183
-0.000347
-1.9e-05
-0.000183
-0.000183
-1.9e-05
-0.000183
-0.000183
-0.000347
-0.000347
-0.000183
-0.000347
-1.9e-05
-0.000183
0.000146
-1.9e-05
-1.9e-05
-0.000183
-0.000183
-0.000347
-0.000183
-0.000512
-0.000512
-1.9e-05
-0.000183
-1.9e-05
-1.9e-05
-1.9e-05
-1.9e-05
-0.000183
-0.000347
-0.000512
-0.000512
-0.000183
-0.000183
-1.9e-05
-1.9e-05
-1.9e-05
-0.000183
-0.000183
-0.000183
-0.000347
-0.000183
-0.000347
-0.000183
-0.000183
-0.000183
-0.000183

Kurve 2

0.000803
-0.000347
-1.9e-05
-0.000347
-0.000512
-0.000183
-0.001005
-0.000183
-0.001498
0.000639
-0.000183
-0.000347
0.000803
-0.001169
0.000146
-0.000676
0.00031
0.00146
0.000639
-0.000512
-0.000183
-0.000183
-0.000183
-1.9e-05
-0.000183
-0.000347
-0.000676
0.000639
-0.004621
-1.9e-05
-0.000183
-1.9e-05
-1.9e-05
-0.000183
-1.9e-05
-1.9e-05
0.00031
0.002447
-1.9e-05
-0.004456
-0.00347
-0.000841
0.00031
0.001296
-0.000347
-0.000512
-0.000183
-0.000183
-1.9e-05
0.000146
-0.000676
-0.000512
-0.000183
-1.9e-05
-0.000183
0.000146
-0.000183
-0.000512
-0.000512
-0.000347
-0.000347
-0.000512
-0.000183
0.000146
-1.9e-05
-1.9e-05
-0.000183
-0.000183
-1.9e-05
-0.000183
-0.000512
-0.000512
-0.000347
-0.000347
-1.9e-05
0.00031
-0.000183
0.000146
-0.000676
-0.000347
-0.000512
-0.000183
0.000474
-0.000183
-0.000676
-0.000512
-0.000512
0.000474
0.001296
-0.000676
-0.000676
-0.000347
0.004748
-1.9e-05
0.003104
0.003433
0.00146
-0.001005
-1.9e-05
0.000146
0.005241
0.000967
-0.000183
-1.9e-05
-0.000183
0.000146
-0.000347
0.000146
-0.000347
0.000146
-0.000676
-1.9e-05
0.001789
-0.000841
-1.9e-05
0.001296
-0.001498
0.000803
0.000146
-0.000512
0.000474
-0.000183
-1.9e-05
-1.9e-05
0.000146
-0.000512
-0.000347
-0.000512
-0.000183
-0.000183
-1.9e-05
-0.000183
-1.9e-05
0.000146
-1.9e-05
-0.000347
-0.000512
-0.000183
-0.000347
-1.9e-05
-1.9e-05
-1.9e-05
0.002118
0.001625
0.002118
0.00031
0.004255
0.001954
0.004583
-0.000183
-0.000347
-1.9e-05
0.001132
0.000803
-1.9e-05
-0.000183
-0.001662
-0.000676
0.001789
-0.000512
0.000967
-0.001991
0.001625
0.000146
-0.000841
-0.000183
-0.000676
-0.000347
-0.000512
-0.000512
-0.000512
-0.000183
-0.000183
0.000967
-0.000183
-1.9e-05
-0.000347
-1.9e-05
-0.001005
-1.9e-05
-0.000183
-0.000512
-0.000512
-0.001662
0.002118
0.00031
0.005076
0.003104
0.00409
0.002611
0.00146
0.000146
0.003761
0.003926
0.004583
0.004912
0.004255
0.004583
0.00294
0.006227
0.004912
0.007213
0.006884
0.010007
0.010336
0.012965
0.0105
0.011486
0.012637
0.010993
0.006884
0.000803
0.003104
0.004419
-0.000183
0.002775
0.008199
0.003104
0.007213
0.008692
0.008199
0.008363
0.007706
0.005569
0.006227
0.004583
0.001789
0.00294
0.001789
0.003433
0.00146
0.001296
-1.9e-05
0.000146
-0.000183
-0.000676
-0.001991
-0.000183
-0.001498
-0.00232
-0.001005
0.000474
0.002447
0.00031
0.004419
0.001132
0.000639
0.000146
0.00031
-0.001498
-1.9e-05
-0.000347
-0.000347
-0.000183
0.000474
-1.9e-05
-1.9e-05
-0.000512
-0.000183
-0.000347
-0.000347
-1.9e-05
-0.000183
-0.000183
-1.9e-05
0.000146
-0.000183
-0.000183
-0.000347
-0.000183
-0.000512
-1.9e-05
-0.000183
-0.000183
-0.000183
-0.000183
-1.9e-05
0.000146
-0.000183
-0.000347
-0.000347
-0.000183
-0.000512
-0.000347
-1.9e-05
-0.000183
-1.9e-05
-1.9e-05
-0.000183
-0.000347
-0.000183
-0.000183
-0.000183
-0.000512
-0.000183
-0.000183
-0.000183
-1.9e-05
-0.000183
-0.000183
-0.000183
-0.000183
-0.000347
-0.000347
-0.000183
-0.000183
-1.9e-05
-1.9e-05
-1.9e-05
-0.000183
-1.9e-05
-0.000183
-0.000183
-0.000347
-0.000183
-0.000183
-0.000183
-1.9e-05
-0.000183
-1.9e-05
-0.000183
-1.9e-05
-0.000183
-0.000183
-0.000347
-0.000347
-0.000347
-0.000183
-0.000183
-0.000183
-1.9e-05
-1.9e-05
-0.000183
-0.000183
-1.9e-05
-0.000347
-0.000512
-0.000183
-0.000347
-0.000183
-0.000183
-1.9e-05
-1.9e-05
-1.9e-05
-0.000183
-0.000347
-0.000183
-0.000183
-1.9e-05
-0.000183
-0.000183
-0.000183
-1.9e-05
-1.9e-05
-0.000183
-0.000183
-0.000347
-0.000347
-0.000347
-0.000347
-0.000183
-0.000183
-0.000183
-1.9e-05
-1.9e-05
-0.000183
-0.000512
-0.000183
-0.000183
-0.000183
-0.000676
-0.000183
-0.000183
-0.000183
-0.000183
-1.9e-05
-0.000183
-1.9e-05
-0.000183
-0.000512
-0.000183
-0.000183
-0.000183
-0.000183
-0.000183
-1.9e-05
0.000146
-0.000347
-0.000183
-0.000183
-0.000183
-0.000347
-0.000183
-0.000183
-0.000183
-1.9e-05
-1.9e-05
0.000146
-1.9e-05
-0.000183
-0.000183
-0.000512
-0.000183
-0.000183
-0.000183
-1.9e-05
-1.9e-05
0.000146
-1.9e-05
-1.9e-05
-0.000183
-0.000347
-0.000183
-0.000347
-0.000183
-0.000347
-1.9e-05
-0.000183
-0.000183
-0.000183
-1.9e-05
-0.000183
-0.000347
-0.000183
-0.000347
-0.000347
-0.000183
-0.000183
-0.000183
-0.000183
-0.000183
-1.9e-05
-0.000183
-0.000183
-0.000347
-0.000347
-0.000512
-0.000347
-0.000183
0.000146
-0.000183
0.000146
-1.9e-05
-0.000183
-0.000183
-0.000183
-0.000347
-0.000347
-0.000183
-0.000183
-0.000183
-0.000347
-1.9e-05
-0.000183
-0.000183
-0.000347
-0.000347
-0.000512
-0.000183
-0.000183
-0.000183
-1.9e-05
-1.9e-05
-0.000347
-0.000183
-0.000183
-0.000347
-0.000347
-0.000347
-0.000183
-0.000183
-0.000183
-1.9e-05
-1.9e-05
-0.000183
-0.000183
-1.9e-05
-0.000183
-0.000183
-0.000347
-0.000347
-0.000512
-1.9e-05
-0.000347
-0.000183
-0.000183
-0.000183
-0.000347
-0.000183
-0.000183
-0.000512
-0.000183
-0.000183
-0.000183
-1.9e-05
-1.9e-05
-1.9e-05
-1.9e-05
0.000146
-0.000183
-0.000347
-0.000347
-0.000512
-0.000183
-0.000347
-1.9e-05
-0.000183
-0.000183
-0.000183
-0.000183
-0.000183
-0.000183
-0.000183
-0.000347
-0.000347
-0.000183
-0.000183
-1.9e-05
-1.9e-05
-1.9e-05
-1.9e-05
-0.000183
-0.000183
-0.000512
-0.000183
-0.000183
-0.000347
-0.000183
-0.000183
-0.000183
-0.000183
-1.9e-05
-0.000183
-0.000347
-0.000512
-0.000347
-0.000347
-0.000183
-0.000183
-0.000183
-1.9e-05
-1.9e-05
-1.9e-05
-0.000183
-0.000183
-0.000512
-0.000183
-0.000347
-0.000183
-0.000183
-0.000183
-0.000183
-0.000183
-0.000183
-0.000183
-0.000183
-0.000347
-0.000183
-0.000183
-0.000183
-0.000347
-1.9e-05
-0.000183
-0.000183
-1.9e-05
-0.000183
-0.000347
-0.000183
-0.000512
-0.000183
-0.000347
-0.000183
-0.000183
-0.000183
0.000146
-0.000183
-0.000183
-0.000183
-0.000183
-0.000512
-0.000512
-0.000183
-0.000183
-0.000183
-1.9e-05
-0.000183
-0.000183
-0.000347
-0.000347
-0.000183
-0.000512
-0.000183
-1.9e-05
-0.000183
-0.000183
-0.000347
-0.000183
-0.000183
-0.000183
-0.000183
-0.000347
-0.000347
-0.000512
-0.000347
-0.000183
-0.000183
-0.000183
-0.000183
-0.000183
-0.000347
-0.000347
-0.000183
-0.000183
-0.000347
-0.000183
-1.9e-05
-0.000183
-0.000183
-1.9e-05
-0.000183
-0.000347
-1.9e-05
-0.000347
-0.000512
-0.000347
-0.000347
-0.000183
-0.000183
-0.000183
-1.9e-05
-0.000183
-0.000347
-0.000183
-0.000347
-0.000347
-0.000183
-0.000183
-0.000183
0.000146
-1.9e-05
0.000146
-1.9e-05
-0.000183
-0.000347
-0.000347
-0.000347
-0.000347
-1.9e-05
-0.000183
-1.9e-05
-0.000183
-0.000183
-0.000183
-0.000183
-0.000347
-0.000183
-0.000347
-0.000512
-1.9e-05
-1.9e-05
-0.000183
-0.000183
-0.000183
-0.000183
-0.000183
-0.000183
-0.000347
-0.000347
-0.000347
-0.000347
-0.000183
-1.9e-05
-0.000183
-0.000183
-1.9e-05
-0.000183
-0.000183
-0.000347
-0.000512
-0.000183
-0.000183
-0.000183
-0.000183
-0.000183
-0.000183
-1.9e-05
-1.9e-05
-0.000183
-0.000512
-0.000512
-0.000512
-0.000183
-0.000183
-0.000347
-0.000183
-1.9e-05
-1.9e-05
-1.9e-05
-0.000183
-0.000183
-0.000512
-0.000347
-0.000183
-0.000347
-0.000183
-1.9e-05
0.000146
-1.9e-05
-0.000183
-0.000183
-0.000183
-0.000347
-0.000347
-0.000512
-0.000347
0.000146
-0.000183
-0.000183
-0.000183
-0.000183
-0.000183
-0.000347
-0.000347
-0.000512
-0.000512
-1.9e-05
-0.000183
0.000146
-1.9e-05
-1.9e-05
-0.000347
-0.000183
-0.000183
-0.000347
-0.000183
-0.000347
-1.9e-05
-0.000347
-1.9e-05
-0.000183
-0.000183
-0.000347
-0.000183
-0.000512
-0.000512
-0.000347
-0.000183
-1.9e-05
-0.000512
-0.000183
-0.001334
0.000474
0.002282
0.000639
-0.000512
-0.000512
-1.9e-05
-0.000347
-0.000183
-0.000183
-1.9e-05
-1.9e-05
0.002118
0.000146
-0.000347
0.000639
-0.000183
-0.000347
0.001296
-0.000676
0.001132
0.000474
-0.000183
0.00031
0.000639
0.00031
0.000474
0.000474
0.00031
0.000474
-0.000183
-1.9e-05
-0.000183
0.000146
-0.000183
0.000146
-0.001662
0.000474
-0.000512
-0.000841
0.002282
-1.9e-05
0.000967
0.000474
0.000639
0.000474
0.00031
0.00031
0.000146
-0.000512
0.000474
-0.001169
0.000474
-0.000512
0.000639
-0.000183
-0.000183
0.000803
0.000146
-0.000347
-1.9e-05
-1.9e-05
-0.000183
0.000146
-1.9e-05
-1.9e-05
-0.000183
-0.000183
-0.000183
-0.000512
-0.000512
-0.000512
-0.000183
-0.000183
-1.9e-05
-0.000183
0.000146
-1.9e-05
-1.9e-05
0.000146
-0.000183
-0.000183
-0.000347
-0.000347
-0.000676
-0.000183
-0.000183
-0.000183
-0.000183
0.000146
-1.9e-05
-0.000347
-0.000512
-0.000512
-0.000347
-0.000347
-0.000183
-0.000183
-1.9e-05
-1.9e-05
-1.9e-05
-1.9e-05
-0.000183
-1.9e-05
-0.000183
-0.000183
-0.000183
-1.9e-05
-0.000183
-0.000183
-1.9e-05
-1.9e-05
-0.000183
0.000146
-0.000347
-0.000347
-0.000347
-0.000347
-1.9e-05
-1.9e-05
-0.000183
-0.000183
-1.9e-05
-1.9e-05
-0.000347
-0.000347
-0.000512
-0.000347
-0.000347
-1.9e-05
-0.000347
-1.9e-05
-0.000347
0.000146
-0.000347
-0.000183
-0.000676
-0.000183
-0.000347
-0.000183
-1.9e-05
-1.9e-05
-1.9e-05
-1.9e-05
-1.9e-05
-1.9e-05
-0.000347
-0.000183
-0.000183
-0.000512
-0.000347
-0.000183
-0.000183
-1.9e-05
-1.9e-05
-1.9e-05
-1.9e-05
-0.000183
-0.000347
-0.000183
-0.000183
-0.000183
-0.000347
-0.000183
-1.9e-05
-1.9e-05
-0.000347
-1.9e-05
-0.000347
-0.000347
-1.9e-05
-0.000512
-0.000512
-0.000183
-1.9e-05
-0.000183
-0.000183
-0.000347
-0.000183
-0.000347
-0.000183
-0.000512
-0.000347
-0.000512
-0.000347
-0.000183
-0.000183
-0.000183
-0.000183
-0.000183
-0.000347
-0.000183
-0.000183
-0.000512
-0.000347
-0.000183
-0.000183
-0.000183
-0.000183
-1.9e-05
-0.000183
-1.9e-05
-0.000183
-0.000512
-0.000512
-0.000347
-0.000183
-1.9e-05
-0.000183
-0.000347
-1.9e-05
-0.000183
-1.9e-05
-0.000183
-0.000183
-0.000347
-0.000512
-0.000183
-0.000347
-1.9e-05
-0.000183
-0.000183
-1.9e-05
-0.000183
-0.000347
-0.000347
-0.000347
-0.000512
-0.000347
-0.000183
-0.000183
0.000146
-0.000183
-1.9e-05
-0.000347
-1.9e-05
-0.000183
-0.000183
0.000146
-0.000183
-1.9e-05
0.000146
-1.9e-05
-1.9e-05
-0.000347
-0.000347
-0.000512
-0.000347
-0.000183
-1.9e-05
-0.000183
-0.000183
-1.9e-05
-0.000183
-1.9e-05
-1.9e-05
-0.000347
-1.9e-05
-0.000347
-0.000183
-0.000676
-1.9e-05
-0.000183
-1.9e-05
-1.9e-05
-0.000183
-0.000183
-0.000183
-0.000183
-0.000512
-0.000347
-0.000347
-0.000183
-0.000183
-0.000183
-1.9e-05
-0.000183
-0.000183
-0.000183
-0.000183
-0.000183
-1.9e-05
-0.000512
-0.000183
-0.000183
-0.000183
-0.000183
-0.000183
-1.9e-05
-1.9e-05
-0.000512
-0.000347
-0.000512
-0.000512
-0.000347
-0.000512
-1.9e-05
-1.9e-05
-1.9e-05
-1.9e-05
-0.000183
-0.000183
-0.000183
-0.000183
-0.000183
-0.000183
-1.9e-05
-0.000183
-0.000183
-1.9e-05
-0.000183
-0.000183
-0.000183
-0.000512
-0.000183
-0.000347
-0.000183
-1.9e-05
-0.000183
-0.000183
-0.000183
-0.000183
-0.000183
-0.000347
-0.000512
-0.000347
-0.000512
-0.000183
-0.000183
-0.000183
-0.000183
-1.9e-05
-0.000183
-0.000183
-1.9e-05
-0.000183
-0.000183
-0.000347
-0.000512
-0.000347
-1.9e-05
-1.9e-05
-1.9e-05
-1.9e-05
-0.000183
-0.000512
-0.000347
-0.000512
-0.000347
-0.000183
-1.9e-05
-1.9e-05
-0.000183
-0.000183
-0.000183
-0.000183
-0.000183
-0.000347
-0.000512
-0.000347
-0.000183
-0.000183
-0.000183
-0.000183
-0.000183
-1.9e-05
-0.000183
-0.000347
-0.000347
-0.000183
-0.000347
-0.000183
-0.000183
-1.9e-05
-1.9e-05
-1.9e-05
-1.9e-05
-0.000183
-0.000183
-0.000512
-0.000347
-0.000347
-0.000347
-0.000347
-0.000183
-0.000183
-0.000183
-1.9e-05
-0.000183
-0.000183
-0.000512
-0.000347
-0.000347
-1.9e-05
-0.000183
-0.000183
-0.000183
-1.9e-05
-0.000347
-0.000183
-0.000512
-0.000347
-0.000347
-0.000512
-0.000183
-0.000347
-0.000183
-1.9e-05
-0.000183
-1.9e-05
-0.000183
-1.9e-05
-0.000347
-0.000183
-0.000183
-0.000347
-0.000347
-0.000183
-0.000183
-0.000183
0.000146
-0.000183
-1.9e-05
-0.000347
-0.000183
-0.000183
-0.000347
-0.000183
-0.000183
-0.000183
-0.000183
-1.9e-05
-0.000347
-0.000347
-0.000512
-0.000512
-0.000512
-0.000347
-1.9e-05
-1.9e-05
-0.000183
-1.9e-05
-1.9e-05
-0.000183
-0.000512
-0.000183
-0.000183
-0.000347
-0.000183
-1.9e-05
-1.9e-05
-0.000183
0.000146
-0.000183
0.000146
-0.000183
-0.000183
-0.000183
-0.000347
-0.000183
-0.000183
-0.000347
-0.000183
-1.9e-05
0.000146
-0.000183
-0.000347
-1.9e-05
-0.000512
-0.000183
-0.000347
-1.9e-05
-0.000347
-0.000183
-1.9e-05
-0.000183
-0.000183
-1.9e-05
-0.000347
-0.000183
-0.000183
-0.000183
-0.000183
-0.000183
-1.9e-05
-0.000183
-1.9e-05
-1.9e-05
-0.000183
-1.9e-05
-0.000183
-0.000347
-0.000183
-0.000183
-1.9e-05
-1.9e-05
-1.9e-05
0.000146
-1.9e-05
-0.000347
-0.000183
-0.000676
-0.000183
-0.000347
-0.000183
-1.9e-05
-0.000347
0.000146
-1.9e-05
-1.9e-05
-1.9e-05
0.000803
-0.000183
-0.000183
-0.000512
-1.9e-05
0.000146
0.000146
-0.000183
0.000146
0.000474
0.003761
0.00409
0.005734
0.008363
0.012308
0.010664
0.010171
0.0105
0.002447
0.010336
0.00031
0.003268
-0.000512
-0.000183
-0.000347
0.000474
0.000803
0.000803
-0.001169
0.003104
0.001625
-0.001169
0.00294
0.004748
0.004583
0.001625
0.007213
0.005734
0.007213
0.002118
0.002775
0.003597
0.003761
0.004748
-0.000512
0.002447
0.000639
0.005898
-0.000183
0.003104
0.006227
0.007213
-0.001005
0.004419
0.008199
0.007706
0.004912
0.005405
0.000146
0.004748
0.000474
0.005241
0.006556
0.006884
0.004583
0.007706
0.005734
0.00672
0.007049
-0.001991
0.005898
0.00787
0.007706
0.005569
0.006062
0.006391
0.011979
0.010171
0.000803
-0.000841
-0.001169
-1.9e-05
-1.9e-05
0.001132
0.003104
0.002118
0.000639
0.003268
0.000639
0.003268
0.002118
0.005405
0.00294
0.005405
0.005898
0.004419
0.004419
-1.9e-05
-0.000183
-0.000512
-1.9e-05
0.000474
-0.001169
-0.000183
-1.9e-05
-1.9e-05
-0.000183
-0.000183
-1.9e-05
-0.000183
-0.000347
-0.000183
-0.000512
-0.000347
-0.000183
-0.000183
-1.9e-05
-1.9e-05
-1.9e-05
-1.9e-05
-0.000183
-0.000183
-0.000183
-0.000347
-0.000183
-0.000347
-0.000183
-0.000347
-1.9e-05
-1.9e-05
-0.000183
-0.000183
-0.000347
-0.000347
0.000146
-0.000347
0.000803
0.000146
0.001296
0.000803
0.001132
0.003268
0.003597
0.000474
0.001625
0.001954
0.001132
0.003761
0.001789
0.003761
-0.001334
0.002118
-0.000347
0.000967
0.000639
0.000639
-0.000512
-0.000347
0.000474
-0.000183
0.000474
0.000146
-0.000841
0.000474
0.000474
-0.000512
-0.000512
-0.000512
-0.000347
-1.9e-05
-0.000183
-0.000183
-0.000183
-0.000183
0.000146
-1.9e-05
-0.000183
-0.000347
-0.000347
-0.000183
-0.001005
0.00031
0.000474
-1.9e-05
-0.000183
-0.000183
-0.000183
-0.000347
-0.000183
0.00031
-0.000183
-0.000347
0.00146
0.001625
0.002611
0.001132
-1.9e-05
0.000146
0.000146
-0.000676
-0.000183
-0.000347
0.000146
-0.000183
-0.000183
-0.000183
0.000146
-0.000183
-1.9e-05
-0.000347
-0.000347
-0.000512
-0.000347
-0.000183
-0.000183
-0.000183
-0.000183
-0.000183
-0.000183
-0.000183
-0.000512
-0.000347
-0.000347
-0.000347
-0.000347
-1.9e-05
-1.9e-05
-1.9e-05
-1.9e-05
-1.9e-05
-0.000347
-0.000347
0.00031
0.00146
0.00031
0.000474
0.000146
0.000146
-1.9e-05
0.000146
-0.000183
-0.000183
-0.000347
-0.000183
-0.000347
-0.000183
-0.000347
-0.000183
-1.9e-05
-1.9e-05
-0.000183
-0.000183
-1.9e-05
-1.9e-05
-0.000676
-0.001662
-0.000347
0.001296
0.000639
-1.9e-05
0.007213
0.008199
0.007542
0.008199
0.011979
0.010664
0.005076
-0.000183
0.006391
0.005898
0.007706
0.010993
0.011158
-0.000841
0.003597
0.002282
0.005076
0.010336
0.008035
0.010007
0.007213
0.008363
0.007706
0.006227
0.010993
0.011158
0.013787
0.012801
0.0105
0.009678
0.008363
0.008035
0.00672
0.003433
0.007049
0.003268
0.003761
0.002447
0.003761
-0.001005
0.004583
0.001625
0.002282
0.004255
0.003761
0.000967
0.004912
0.006062
0.000639
0.001132
0.001132
0.00294
0.002118
0.00294
0.002775
0.000639
0.001296
0.00294
0.000639
0.002611
0.001625
0.000474
0.00146
0.002775
-0.000841
-0.000512
0.002118
0.00031
-0.000512
0.000803
-1.9e-05
-0.000347
-0.000183
-0.000183
0.001625
0.001132
0.001625
0.001954
0.000474
0.000639
0.000967
-0.000183
-1.9e-05
0.001132
-0.000347
0.000146
0.000639
0.001132
0.000474
-0.001334
0.000474
0.00146
-0.000183
0.001625
0.00146
0.00031
0.003761
0.000474
0.000803
-0.000676
-1.9e-05
-1.9e-05
-0.000183
-1.9e-05
-0.000347
-0.000347
-0.000183
-0.000512
-0.000183
-1.9e-05
-1.9e-05
-1.9e-05
0.000146
-1.9e-05
-0.000183
-0.000512
-0.000183
-0.000347
-1.9e-05
-0.000183
-0.000183
0.000146
-1.9e-05
-1.9e-05
-0.000183
-0.000183
-0.000183
-0.000183
-0.000512
-0.002155
-0.000347
0.001296
0.000639
0.00031
0.000146
-0.000347
0.001789
0.000967
-0.000512
-0.001498
0.000146
0.001625
0.003926
0.004255
0.006391
0.006227
0.002282
0.005076
0.002775
0.000474
-0.000512
0.000639
-0.000676
0.003268
0.003926
0.006062
0.004748
0.003597
-0.000676
0.006227
0.000803
0.002447
0.002611
0.00031
-1.9e-05
-0.000347
-0.001662
0.001132
-1.9e-05
-0.000183
0.000146
-0.000512
-1.9e-05
-0.000347
-0.000512
-1.9e-05
-0.000183
0.000474
0.00031
0.002282
0.002118
0.001296
0.000146
0.000146
-1.9e-05
-0.000347
-0.000183
-0.000347
-1.9e-05
-1.9e-05
-0.000183
-0.000347
-0.000512
-0.000183
-0.000347
-0.000183
-0.000512
-0.000183
-0.000183
0.000146
0.000146
-0.000183
-1.9e-05
-0.000183
-0.000676
-0.000676
-0.000512
-0.000183
-0.000183
-1.9e-05
0.00031
0.000146
0.002282
0.000639
0.000803
0.000474
-0.001005
-0.000183
0.000146
0.00409
0.003433
0.003597
-0.000347
-0.000183
-1.9e-05
-0.000347
-0.000183
-0.000347
-0.000347
-0.000347
-0.000183
-0.000183
0.000146
-1.9e-05
-1.9e-05
-1.9e-05
0.000146
-0.000347
0.000967
-1.9e-05
-0.001169
-0.000841
0.000146
0.00031
0.001296
0.001954
-0.000183
0.000474
-0.000347
0.002282
0.001954
0.001132
-0.000512
-1.9e-05
-0.000183
0.002118
-0.000183
0.000146
-1.9e-05
-0.000183
-0.000183
-0.000183
-1.9e-05
-1.9e-05
-1.9e-05
-1.9e-05
-0.000183
-1.9e-05
-1.9e-05
-0.000183
-0.000183
-0.000183
-0.000347
-0.000183
-1.9e-05
-1.9e-05
-0.000183
-0.000347
0.000146
-0.000183
0.000639
0.001296
0.000639
0.000474
-0.000183
-0.000512
-1.9e-05
-1.9e-05
-1.9e-05
0.00031
-1.9e-05
-0.000183
-0.000347
0.000639
0.000803
0.000474
0.001954
-0.001169
0.00146
0.00031
0.00031
-0.001005
0.001132
0.000146
-0.000512
0.000146
-0.000676
-0.000512
0.000146
0.000474
-1.9e-05
-1.9e-05
-1.9e-05
-0.000347
-0.000183
-0.000183
-0.000347
-0.000183
-0.000183
-1.9e-05
-0.000183
-1.9e-05
-0.000183
-1.9e-05
-0.000183
-0.000183
-0.000347
-0.000347
-0.000183
0.000146
-1.9e-05
-0.000183
-1.9e-05
0.00031
0.001132
0.00031
-1.9e-05
-0.000347
0.00031
-0.000347
0.001954
0.000146
0.000146
0.000474
0.000146
0.00031
-0.000183
-1.9e-05
0.000474
-1.9e-05
-0.000512
-1.9e-05
-1.9e-05
-0.000183
-1.9e-05
0.000474
-0.000347
-1.9e-05
-0.000512
-0.000183
0.000146
-0.000183
-1.9e-05
-1.9e-05
-1.9e-05
-1.9e-05
0.00031
-1.9e-05
-1.9e-05
-0.000183
-0.000347
-0.000347
-1.9e-05
-1.9e-05
-1.9e-05
-1.9e-05
-1.9e-05
-1.9e-05
-1.9e-05
-1.9e-05
0.000146
0.001132
-0.000183
-0.000512
0.000146
0.000639
0.000146
-0.000183
-1.9e-05
-0.000183
-0.000512
-0.000183
-0.000512
-0.000512
-1.9e-05
-1.9e-05
-0.000183
-1.9e-05
-1.9e-05
-1.9e-05
0.000146
-0.000347
-0.000347
-0.000183
-0.000512
-0.000347
-1.9e-05
-0.000183
-1.9e-05
-1.9e-05
-1.9e-05
-0.000183
-0.000347
-0.000183
-0.000183
-0.000347
-0.001005
0.00031
-0.000183
-1.9e-05
-0.000183
0.000146
-0.000183
-0.000183
-0.000183
-0.000347
-0.000512
-0.000512
-0.000183
-0.000347
0.000146
-0.000183
-1.9e-05
-0.000183
-1.9e-05
-1.9e-05
-0.000183
-1.9e-05
0.000639
-0.000183
-0.000183
-0.000183
-1.9e-05
-1.9e-05
-1.9e-05
-0.000347
-0.000183
-0.000183
-0.000183
0.000146
-0.000347
-0.000183
-0.000183
-0.000183
-0.000183
-0.000183
-0.000183
-0.000183
-0.000347
-0.000183
-0.001169
-0.000347
-0.000183
-1.9e-05
-0.000183
-1.9e-05
-0.000183
-0.000183
-0.000183
-0.000347
-0.000347
-0.000347
-0.000183
-0.000347
-1.9e-05
-0.000183
-1.9e-05
-1.9e-05
-0.000347
-0.000183
-0.000347
-0.000347
-0.000512
-0.000183
-0.000183
-1.9e-05
-0.000183
-1.9e-05
-1.9e-05
-0.000183
-0.000347
-0.000347
-0.000512
-0.000512
-0.000347
-0.000183
-0.000183
-0.000183
-1.9e-05
-0.000183
-0.000347
-0.000347
-0.000347
-0.000183
-0.000183
-0.000183
-0.000183
-0.000183
-1.9e-05
-1.9e-05
-1.9e-05
-0.000183
-0.000347
-0.000183
-0.000347
-0.000183
-0.000347
-0.000183
-1.9e-05
-0.000183
-0.000183
-1.9e-05
-0.000183
-0.000183
-0.000347
-0.000183
-0.000512
-0.000512
-0.000183
-1.9e-05
-0.000183
-1.9e-05
0.000146
-0.000183
-0.000183
-0.000183
-0.000512
-0.000183
-0.000183
-1.9e-05
-1.9e-05
-1.9e-05
-1.9e-05
-1.9e-05
-0.000183
-0.000512
-0.000347
-0.000347
-0.000183
-0.000183
-1.9e-05
-0.000183
-0.000183
-0.000183
-1.9e-05
-0.000347
-0.000183
-0.000347
-0.000183
-0.000676
-0.000183
-0.000183
-0.000183
-1.9e-05
-0.000183
-1.9e-05
-1.9e-05
-0.000347
-0.000183
-0.000347
-0.000183
-0.000183
-0.000512
-1.9e-05
-0.000183
-0.000183
-0.000183
0.000146
-0.000347
-0.000347
-0.000512
-0.000183
-0.000347
0.000146
-0.000512
-0.000347
-0.000183
0.000146
-0.000183
-0.000183
-0.000347
-0.000183
-0.000183
-1.9e-05
-0.000183
-0.000347
-1.9e-05
-0.000183
-1.9e-05
0.000146
-0.000347
-0.000347
-0.000183
-0.000347
-0.000347
-0.000347
-1.9e-05
-0.000183
0.000146
-1.9e-05
-1.9e-05
-0.000347
-0.000183
-0.000347
-0.000183
-0.000512
-1.9e-05
-0.000183
-0.000183
-0.000183
-1.9e-05
-0.000183
-0.000183
-0.000183
-0.000347
-0.000347
-0.000183
-0.000347
-0.000183
-0.000183
-1.9e-05
-0.000183
-0.000183
-0.000183
-0.000183
-0.000183
-0.000183
-0.000512
-0.000183
-1.9e-05
-1.9e-05
-1.9e-05
0.000146
-0.000183
-1.9e-05
-0.000347
-0.000347
-0.000347
-0.000183
-1.9e-05
-0.000183
-1.9e-05
-0.000183
-1.9e-05
0.000146
-0.000347
-0.000183
-0.000512
-0.000347
-0.000347
-0.000183
-0.000347
0.000146
-1.9e-05
-0.000183
-0.000183
-0.000347
-0.000347
-0.000347
-0.000512
-0.000347
-0.000347
-0.000347
-1.9e-05
0.000146
-0.000183
-0.000183
-1.9e-05
-0.000347
-0.000347
-0.000183
-0.000512
-0.000512
-0.000183
-0.000183
-0.000183
-0.000183
-0.000183
-0.000183
-0.000512
-0.000512
-0.000347
-0.000347
-0.000183
-0.000183
-1.9e-05
-0.000183
-0.000183
-0.000183
-0.000347
-0.000183
-0.000347
-0.000512
-0.000183
-0.000183
-0.000183
-0.000183
-1.9e-05
-0.000347
-0.000347
-0.000183
-0.000183
-0.000512
-0.000347
-0.000512
-0.000183
-0.000183
0.000146
0.000146
-1.9e-05
0.000146
-0.000183
-0.000347
-0.000183
-0.000183
-0.000183
-1.9e-05
-0.000347
-1.9e-05
-1.9e-05
0.000146
0.000146
-0.000183
-0.000347
-0.000347
-0.000512
-0.000183
-0.000347
-0.000183
-1.9e-05
-0.000347
-1.9e-05
-0.000183
-0.000183
-1.9e-05
-1.9e-05
-0.000183
-0.000841
0.000474
-1.9e-05
-1.9e-05
-1.9e-05
-1.9e-05
0.000146
-1.9e-05
-0.000512
-0.000512
-0.000183
0.000474
-0.000347
-0.000183
-0.000183
0.000146
-1.9e-05
0.000146
-0.000183
-0.000183
-1.9e-05
-0.000183
0.003268
-0.000512
0.000474
-0.000347
0.000474
-0.000183
0.000803
-0.000512
0.00031
-1.9e-05
-0.000183
-0.003635
0.000146
0.001132
0.000146
0.000967
0.000803
-1.9e-05
0.001132
0.000967
0.000474
-1.9e-05
-0.003799
-0.000347
-0.000841
0.000474
0.000146
0.00031
-0.001005
0.000474
0.001132
0.000803
0.000474
-0.001169
0.000803
0.00031
0.000639
-1.9e-05
0.000474
-0.000512
0.000474
-0.000512
-0.000841
-0.000183
-0.000512
-0.000183
0.002118
0.000474
-0.001334
0.003433
-0.001498
0.001132
0.00146
-0.000183
-0.000183
-0.000512
-0.000676
-0.000512
0.000146
-0.000512
0.00031
-0.000676
-1.9e-05
-0.000347
-0.000347
-1.9e-05
0.000803
-0.001498
0.000967
-1.9e-05
0.000146
0.001789
0.000146
0.00031
-0.000841
-0.000676
-0.000841
-0.000512
-0.000676
-0.000841
0.00031
0.000146
0.00031
0.001789
0.000803
0.000474
0.000146
-1.9e-05
-0.000183
-0.000183
-1.9e-05
-0.000183
-0.000512
-1.9e-05
-1.9e-05
0.000639
-0.000676
-0.000512
0.000146
-0.000676
-0.000183
-0.000512
0.000474
-1.9e-05
-0.000183
0.000803
-1.9e-05
-0.000512
-1.9e-05
-0.000183
-0.000347
0.000474
-0.000512
0.000146
-0.000183
-1.9e-05
0.000474
-1.9e-05
-0.000347
0.000146
-0.000183
-0.000183
-0.000183
0.000146
-0.000183
0.00031
-0.000183
0.000146
-1.9e-05
-0.000512
-1.9e-05
-0.000676
-0.000347
-0.000347
0.00031
0.000146
0.00031
-0.000183
0.00031
-1.9e-05
-1.9e-05
-0.000347
-0.000512
-0.000347
-0.000183
-1.9e-05
-0.000183
-1.9e-05
0.000146
-0.000183
-1.9e-05
-1.9e-05
-0.000512
0.000146
-1.9e-05
-0.000512
-1.9e-05
-0.000183
-1.9e-05
0.000146
-0.000183
-0.000183
-0.000347
-0.000347
-0.000347
-0.000512
-0.000347
-1.9e-05
-0.000347
-0.000183
-1.9e-05
-0.000183
-1.9e-05
-0.000347
-1.9e-05
-0.000347
-0.000347
-1.9e-05
-1.9e-05
0.000146
-0.000512
-1.9e-05
-1.9e-05
-0.000183
-0.000347
0.000146
-0.000347
-0.000183
-1.9e-05
-0.000183
-1.9e-05
-0.000183
-0.000347
0.000146
-0.000183
-0.000183
-0.000347
-0.000347
-0.000183
-0.000347
-0.000183
-0.000512
-1.9e-05
0.000474
0.000146
-0.000183
-0.000183
-0.000183
-0.000183
-0.000183
