Ladekurvenmessung

Zeit: 2018_05_04 08.55.03

Info: FVA3, v = 0.1, T = 23, F = 20, h = 17.3

Ladewiderstand[Ohm]: 1012700

Störkapazität[pF]: 0.000000

Entladezeit[ms]: 200

Abtastrate[Hz]: 250000

Anzahl der Messwerte: 2500.000000

Verzögerung[ms]: 3

Ladespannung[V]: 0.200000


Kurve 1

0.001789
-0.000183
-0.000183
-0.000512
-0.000347
0.005076
-0.001827
0.001132
0.00031
0.000967
-0.001991
0.001132
0.003268
0.002447
0.001296
-0.001005
0.00146
-0.000676
0.00031
0.001954
0.000803
-0.000183
0.001296
0.000803
-0.000347
0.00031
-0.000512
0.002611
-0.000841
0.000474
0.001625
0.001296
0.00146
0.000474
-0.001169
-1.9e-05
-0.000841
0.000146
-0.002155
-1.9e-05
-0.001827
0.000146
-1.9e-05
0.000474
0.000803
-0.000183
0.000474
-0.001991
0.002447
0.002447
0.001132
-0.001005
0.000474
0.00031
-0.001827
0.000146
-0.001334
-0.000841
-0.000183
-0.000676
-0.001498
0.00146
0.001625
0.000803
-0.001991
0.003597
0.001132
0.00146
-0.000512
0.002282
-0.000512
-0.000183
-0.000347
-0.001005
-0.001334
-0.001498
0.000639
-0.001169
0.000639
-0.000512
0.000146
-0.001334
0.002118
-0.000841
0.000803
-0.002155
-0.003635
-0.001498
-1.9e-05
-0.000841
-0.001005
0.00031
-0.000347
-0.001169
-0.00232
0.001954
0.00031
0.000967
0.001789
0.001954
0.001132
0.000146
0.001789
-0.000183
-0.000183
0.000146
0.000146
-1.9e-05
0.000639
-0.001827
0.000146
-0.000183
0.003926
0.000803
-0.000676
0.00146
-0.001334
0.000146
-0.000183
0.000803
0.00031
-0.000347
0.000803
-0.000347
0.00031
0.000967
-0.000841
-1.9e-05
0.000967
0.001132
-1.9e-05
-0.004785
-0.00232
-0.000183
-0.000183
0.002611
0.000474
-0.001005
0.000639
0.001954
0.00031
0.000146
0.000474
0.002447
-1.9e-05
-0.000841
-0.000183
-0.001005
-0.000676
0.00031
0.000146
0.00031
0.00146
-1.9e-05
0.001296
-1.9e-05
0.00031
-0.000183
0.000967
-0.000512
-0.000347
0.00409
0.00031
0.000474
-1.9e-05
-1.9e-05
-0.000347
0.000146
-0.000183
-0.001005
-0.001827
-1.9e-05
0.000146
-1.9e-05
0.000474
-1.9e-05
-0.000183
-0.000347
-0.000347
-0.000183
-0.000676
-1.9e-05
0.000146
-0.000183
0.000146
0.00031
-0.001498
0.001132
0.001132
-0.000512
-0.001169
-0.006757
-0.001169
0.000146
0.000146
-0.000347
-0.000676
-1.9e-05
-0.000841
0.000639
-0.000676
-0.004456
0.000803
-1.9e-05
-0.000183
0.000474
0.00031
0.00146
0.001132
0.000146
-1.9e-05
0.00146
-0.000347
0.003268
-0.001334
-0.001005
-0.001169
0.000639
-0.000841
-0.001498
-1.9e-05
0.000967
0.000474
0.001296
0.005241
0.00031
0.000474
-0.000676
0.001296
0.000474
0.00031
-1.9e-05
0.002447
0.000967
0.000474
-0.00232
-0.001827
-0.001169
-0.001498
-0.003799
-0.002648
-0.001827
0.000803
0.001296
-0.000841
0.001789
-0.000512
0.000146
-1.9e-05
-0.000676
0.002282
-0.001498
-0.00232
-0.001334
-0.002155
-0.001498
-0.001662
0.000474
0.000639
0.001132
0.00031
-0.000347
0.00031
-0.000183
0.000146
-0.000841
0.000474
-0.000347
0.000639
-0.001662
-0.002155
-0.002648
0.000639
-0.002155
-0.002977
0.000639
-0.001334
-0.001991
-0.002155
-0.002648
-0.001827
-1.9e-05
-0.000183
0.00031
0.00031
-0.002813
-0.00232
-0.001005
-0.001169
-0.003142
-0.000347
-0.003306
0.002282
0.00031
-0.001991
0.00031
-0.002977
0.000803
-1.9e-05
0.004419
0.003597
0.003268
-0.000183
-0.003306
-0.001169
-0.000512
-0.001498
-0.000512
-0.001005
0.00146
-0.000183
-0.001991
0.000967
0.001296
0.00031
0.001954
0.00031
0.001954
0.00146
0.000474
0.001954
-0.000183
-1.9e-05
-1.9e-05
-0.000676
0.001132
-0.000183
-0.002484
0.002118
-0.002648
0.000146
0.000146
0.002118
-0.000183
-0.002977
-0.000841
-0.001498
-0.000676
-0.000183
-0.000676
-0.002484
0.002447
0.00146
0.001625
0.00031
0.000146
-0.000512
-0.001169
0.000639
0.002611
-0.000841
-0.000676
0.001789
-0.000347
-1.9e-05
-0.000183
0.002447
0.000639
-0.001005
-0.001334
0.00031
0.000639
0.000803
0.001296
0.000474
-0.000512
0.000474
-0.003142
-0.001498
-0.001827
-0.00347
-1.9e-05
-1.9e-05
0.000803
-0.000183
0.002611
-0.001827
0.000639
-0.000183
0.000803
0.001296
-0.000347
0.002118
0.000967
0.000146
-0.000183
-0.000347
-0.000512
-0.000183
-0.000347
-1.9e-05
0.000146
0.000146
0.00031
0.000146
-1.9e-05
-0.000183
-0.000183
-0.000512
-0.000347
-0.000347
-0.000183
-1.9e-05
0.00031
0.00031
0.000474
0.000146
-0.000183
-0.000183
-0.000347
-0.000512
-0.000347
-0.000183
0.00031
0.00031
0.00031
0.000146
0.000146
-0.000183
-0.000183
-0.000347
-0.000347
-0.000183
-1.9e-05
0.000146
0.00031
0.00031
0.00031
0.000146
-0.000183
-1.9e-05
-0.000347
-0.000347
-0.000347
0.000146
0.002118
-0.000841
0.002282
0.000967
0.001132
0.000474
0.002611
0.004583
-0.000841
0.001132
0.00031
-1.9e-05
-0.002155
0.003433
-0.001169
0.001296
-0.001169
-0.000183
-0.001005
-0.001334
0.00294
-0.001991
0.000146
0.001625
-0.000512
0.001132
-0.000512
-0.000676
0.002611
-0.001005
0.001954
0.001296
0.002611
-0.002484
-1.9e-05
-0.001005
-0.000512
0.001954
0.000803
0.000803
0.000474
0.00146
0.001625
0.001954
0.000146
0.000967
-0.001827
0.001954
-0.000512
-0.000183
0.000146
-0.003306
-0.001169
0.000146
-0.00232
0.000474
0.000639
0.00146
0.000639
-0.000512
0.00409
-0.000841
-0.000183
0.000967
0.00294
-0.001334
-0.001498
-0.003142
-0.002155
-0.000676
0.000967
-0.000512
-0.001334
0.004748
-0.001991
0.009021
0.000474
0.00294
0.000967
0.001954
0.001132
0.001954
0.003268
-0.004456
0.000803
-1.9e-05
0.000803
-0.000347
0.001296
-0.000841
0.001132
-0.000183
0.002775
0.00031
0.002611
0.002447
0.002611
0.000639
-0.000841
-0.001498
-0.001334
-0.001334
-0.001498
0.000803
-0.001662
0.00031
-1.9e-05
0.000967
-0.001169
-0.002648
-0.003306
0.003433
0.001296
0.00031
0.001954
-0.00347
-0.002484
-0.000676
-0.002155
-0.004292
0.001132
0.002118
0.005076
0.000639
-0.000183
0.000967
0.000474
0.002118
0.001789
-0.002484
-1.9e-05
0.000146
-0.001334
0.001132
-0.001169
0.00146
-0.000183
0.002118
-0.002484
0.00031
-0.001169
-0.001827
-0.000512
0.000474
0.000967
0.001296
0.000967
-0.000183
0.003433
0.004748
0.00409
-0.004292
-0.000841
-0.000841
-0.000347
-0.001334
0.000803
-0.001498
0.001132
0.000474
0.000639
-1.9e-05
-0.006429
-0.001991
-0.001991
-0.000676
-0.00347
-1.9e-05
-0.005771
0.001132
-0.000347
-0.003963
-0.002813
-0.002977
-0.002648
-0.000347
-0.000347
-0.004785
0.001132
-0.003142
-0.000183
0.001132
0.002775
0.000146
0.002447
-0.000676
0.001132
0.003268
-1.9e-05
-0.000512
0.000474
-0.001005
0.00031
0.002447
-0.00232
0.005734
-0.001991
-0.001334
-0.000347
-0.00347
-0.004128
-0.000183
-0.000512
0.000474
0.000146
0.000803
-0.000183
-0.002813
-0.000841
-0.001827
0.001625
-0.00232
0.000639
-0.000512
-0.000347
-0.001334
0.00031
0.000474
0.000474
-0.002977
-0.001498
0.003268
0.000639
-0.000347
0.001132
-0.000183
-0.001005
-0.001334
-0.002813
0.001132
0.000474
0.000474
-0.000347
0.000146
0.000967
0.001625
0.001296
0.001789
0.000803
0.001789
-0.000676
-0.000841
0.000803
-0.003635
-0.000183
-0.005114
0.000146
0.00031
0.000639
0.000639
0.002282
-0.002977
0.000474
0.000146
0.000146
0.000803
-0.002648
0.002282
-0.001334
0.000474
-0.000347
0.000146
-0.001498
0.000474
-0.001662
-1.9e-05
-0.000841
-0.003142
0.001296
-0.001169
0.000474
-0.00232
-0.001169
-0.000347
0.001625
-0.001498
0.001296
0.001132
0.00031
-0.001991
0.001296
-0.001498
-1.9e-05
0.000803
0.00031
0.00146
0.000803
0.000146
0.000639
-1.9e-05
-0.000183
0.001625
-0.000183
0.000803
0.000146
-1.9e-05
-0.002813
0.000146
-0.003635
-0.002813
-0.001498
0.00031
-0.001169
0.001625
0.00031
-0.001334
0.001132
-0.003963
0.000474
-0.001498
-0.001169
0.000146
-0.000676
-0.000676
-0.000676
-0.001662
0.003268
0.00935
0.017074
0.027429
0.03236
0.040413
0.046987
0.053562
0.058985
0.064738
0.068025
0.075257
0.079366
0.082982
0.087912
0.092186
0.095308
0.100732
0.10517
0.106485
0.112894
0.114209
0.120126
0.119304
0.126536
0.12818
0.131467
0.132617
0.136562
0.139849
0.141821
0.144122
0.145437
0.148067
0.148396
0.148889
0.15234
0.155627
0.15497
0.158093
0.158421
0.162695
0.164996
0.164831
0.167297
0.168447
0.168776
0.169269
0.169598
0.171899
0.169926
0.1742
0.1742
0.168118
0.177815
0.17535
0.175515
0.175515
0.17913
0.182089
0.183897
0.184061
0.186362
0.186362
0.187184
0.186526
0.186526
0.18817
0.189978
0.188006
0.185869
0.188499
0.186526
0.190471
0.190964
0.190964
0.192279
0.19458
0.192443
0.193429
0.196223
0.191621
0.192936
0.191786
0.195566
0.190142
0.19195
0.191293
0.196223
0.191786
0.193101
0.190964
0.189814
0.189814
0.145766
0.046987
0.015266
0.008528
0.008692
0.007377
0.002775
0.001954
0.001132
0.002611
0.001132
0.004748
0.003761
0.005076
0.00031
0.000803
0.00146
0.00294
0.002775
0.003104
0.005898
0.003761
0.00409
-1.9e-05
0.001954
-0.000347
-0.000183
0.00031
-1.9e-05
0.000474
0.000146
0.00031
0.000474
0.00031
0.000146
-0.000183
-1.9e-05
-0.000183
-0.000183
0.000146
0.000146
0.00031
0.00031
0.000146
-1.9e-05
-0.000347
-0.000183
-0.000347
-0.000347
-0.000512
0.000146
0.000474
-1.9e-05
0.000146
0.00031
-1.9e-05
-1.9e-05
-1.9e-05
-0.000512
-0.000512
-0.000512
-1.9e-05
0.00031
-1.9e-05
0.00031
0.000146
0.00031
-0.000512
-0.000183
-1.9e-05
-0.000347
-0.000183
-1.9e-05
0.000146
0.000146
0.00031
0.000146
-1.9e-05
-1.9e-05
-0.000347
-0.000512
-0.000512
-0.000347
0.000146
-1.9e-05
0.000146
0.000146
0.000474
0.00031
0.000146
-1.9e-05
-0.000347
-0.000347
-0.000676
0.000146
0.000146
0.00031
0.000146
0.000146
0.000146
-0.000183
-0.000183
-0.000347
-0.000347
-0.000841
0.000639
0.000474
0.000146
0.001789
-0.000183
0.000146
-0.000347
-1.9e-05
-0.000512
0.000146
0.00031
-1.9e-05
-1.9e-05
-1.9e-05
0.00031
0.000639
0.000146
0.001296
0.000146
0.007377
0.015595
0.020526
0.030223
0.035975
0.044193
0.048631
0.054712
0.061615
0.065724
0.070162
0.077229
0.080023
0.079694
0.089391
0.09235
0.097609
0.09991
0.104019
0.109936
0.114209
0.115524
0.122427
0.114702
0.125879
0.12933
0.131796
0.13196
0.136891
0.136891
0.138699
0.141164
0.144122
0.147738
0.142314
0.148231
0.155792
0.155627
0.156449
0.160887
0.159572
0.167132
0.16401
0.164996
0.165817
0.168283
0.167132
0.167461
0.17272
0.170913
0.174528
0.172885
0.175515
0.179295
0.178637
0.179623
0.185212
0.178309
0.181103
0.181267
0.182746
0.179623
0.183568
0.183897
0.183239
0.18439
0.183239
0.183897
0.181431
0.185705
0.185705
0.187513
0.18817
0.188827
0.18932
0.188334
0.189485
0.188992
0.19195
0.18817
0.190964
0.188006
0.1908
0.1908
0.187019
0.188992
0.190471
0.190964
0.193922
0.195566
0.194251
0.192772
0.191457
0.19195
0.193922
0.194251
0.196717
0.199018
0.195895
0.197867
0.197538
0.19573
0.19721
0.196881
0.197703
0.19836
0.199018
0.19836
0.198853
0.199839
0.197703
0.19836
0.195895
0.197045
0.197703
0.196717
0.198196
0.195895
0.195895
0.194744
0.196717
0.199018
0.196881
0.19721
0.199018
0.197045
0.200661
0.199346
0.196388
0.199675
0.196881
0.198524
0.197045
0.197867
0.191457
0.196552
0.195237
0.196717
0.198196
0.197374
0.199182
0.196059
0.200168
0.201154
0.202305
0.197867
0.201319
0.198689
0.200661
0.199839
0.198031
0.199182
0.199511
0.199675
0.198031
0.199182
0.200332
0.195566
0.199346
0.201483
0.201483
0.199511
0.199839
0.201154
0.202305
0.198524
0.200825
0.198524
0.198853
0.196388
0.197867
0.19836
0.197703
0.198689
0.200004
0.199675
0.199018
0.200332
0.200004
0.197703
0.198031
0.196059
0.200661
0.199511
0.193429
0.199182
0.200332
0.197867
0.199346
0.199511
0.198524
0.198853
0.200497
0.201319
0.19836
0.200168
0.200825
0.200497
0.200004
0.201154
0.200004
0.200168
0.199839
0.197703
0.198689
0.197045
0.199675
0.19721
0.200825
0.198196
0.20099
0.199182
0.20099
0.199018
0.200332
0.199018
0.200332
0.19721
0.197703
0.197045
0.198031
0.199018
0.197045
0.199018
0.19836
0.199018
0.201483
0.199018
0.199018
0.200661
0.198031
0.199182
0.199839
0.198689
0.197867
0.196388
0.199182
0.19721
0.202962
0.200497
0.198689
0.199675
0.201483
0.200004
0.197703
0.196059
0.200332
0.198524
0.198196
0.201976
0.200825
0.200661
0.200004
0.199839
0.201154
0.199018
0.200004
0.196881
0.197374
0.198689
0.19836
0.197374
0.199675
0.200004
0.199511
0.198853
0.199182
0.19573
0.197045
0.197867
0.199018
0.198853
0.198031
0.200332
0.198853
0.198524
0.200661
0.198689
0.198031
0.200004
0.197703
0.199182
0.19836
0.198031
0.200825
0.192936
0.198853
0.201154
0.199182
0.199839
0.201483
0.199346
0.202633
0.201647
0.197703
0.195402
0.201154
0.199182
0.200497
0.19836
0.20099
0.199839
0.198853
0.200332
0.201319
0.200661
0.202305
0.199839
0.197538
0.201976
0.198689
0.198524
0.199182
0.200332
0.199839
0.199018
0.198853
0.198196
0.19836
0.20099
0.200661
0.200004
0.199182
0.200825
0.198853
0.200168
0.199346
0.200497
0.199018
0.199675
0.199346
0.198031
0.197703
0.199346
0.199018
0.198689
0.197867
0.201154
0.19836
0.199018
0.202305
0.19721
0.199839
0.200004
0.198031
0.19721
0.201812
0.197538
0.201319
0.198853
0.197045
0.196223
0.200825
0.199675
0.198196
0.199182
0.200332
0.201154
0.199018
0.201483
0.199675
0.199018
0.200168
0.198689
0.197703
0.19573
0.199511
0.19721
0.199839
0.199182
0.199182
0.199346
0.199018
0.199346
0.199675
0.198031
0.198196
0.199839
0.198031
0.195566
0.199018
0.196388
0.195895
0.197538
0.192443
0.200332
0.198853
0.199018
0.198031
0.198031
0.199346
0.200004
0.200168
0.197703
0.200168
0.201483
0.201319
0.196881
0.194909
0.197374
0.198524
0.192443
0.198031
0.199839
0.197538
0.200004
0.199511
0.198196
0.198031
0.202633
0.197374
0.199018
0.196388
0.196552
0.199018
0.196881
0.19836
0.198031
0.191786
0.194744
0.19721
0.196881
0.19836
0.197045
0.19836
0.198031
0.199182
0.196388
0.199839
0.189978
0.196059
0.196388
0.197045
0.195237
0.195566
0.189814
0.196388
0.199346
0.196223
0.199511
0.195566
0.197045
0.199346
0.197867
0.197374
0.19836
0.198031
0.200004
0.196223
0.199018
0.196881
0.201647
0.196388
0.196552
0.196717
0.194416
0.199182
0.19573
0.19836
0.201812
0.198689
0.199018
0.20099
0.197045
0.198524
0.200661
0.195895
0.195895
0.193922
0.196717
0.19836
0.199018
0.19721
0.200661
0.196717
0.197703
0.19836
0.19573
0.198524
0.19836
0.197374
0.197703
0.197867
0.19721
0.199018
0.196717
0.196388
0.197045
0.198689
0.195237
0.200497
0.199511
0.198853
0.197703
0.199018
0.199346
0.198196
0.198031
0.194416
0.199182
0.196059
0.199182
0.198689
0.201154
0.196881
0.197045
0.197703
0.199182
0.197867
0.19573
0.198853
0.199839
0.198853
0.197703
0.198853
0.19721
0.198031
0.198031
0.199018
0.197867
0.199675
0.201319
0.196881
0.197538
0.199018
0.197703
0.198524
0.198031
0.198031
0.199182
0.198196
0.198524
0.195566
0.197867
0.19573
0.201812
0.199511
0.199675
0.19836
0.199675
0.197538
0.197538
0.197867
0.196881
0.198853
0.195895
0.201812
0.197538
0.195895
0.199675
0.202962
0.198853
0.199018
0.20099
0.19721
0.197374
0.197045
0.196552
0.197374
0.200661
0.198196
0.199511
0.196059
0.198524
0.196223
0.198031
0.198196
0.20099
0.199018
0.200661
0.19836
0.199346
0.200168
0.19836
0.198853
0.197867
0.198031
0.196552
0.198196
0.196717
0.197045
0.195073
0.194416
0.197867
0.197374
0.195402
0.199018
0.197538
0.198853
0.198196
0.197538
0.198689
0.197045
0.198031
0.197703
0.196717
0.194416
0.198524
0.195895
0.195895
0.194416
0.194744
0.195237
0.197374
0.17798
0.103855
0.079694
0.07312
0.075421
0.077229
0.077065
0.077886
0.081502
0.084625
0.090378
0.092843
0.099089
0.097774
0.101554
0.106978
0.109936
0.114538
0.117003
0.12177
0.122098
0.126372
0.12555
0.127851
0.120455
0.118318
0.115689
0.109936
0.081338
0.068025
0.044686
0.024964
0.027265
0.021676
0.025292
0.022827
0.028579
0.031538
0.040084
0.042385
0.048795
0.047645
0.036797
0.038441
0.042221
0.043207
0.041564
0.036469
0.013787
0.011979
0.012144
0.012144
0.01313
0.013623
0.013952
0.010007
0.004748
0.008035
0.010664
0.016581
0.025128
0.029401
0.035482
0.042714
0.051425
0.04896
0.059478
0.064574
0.067861
0.071477
0.076736
0.077229
0.073942
0.057999
0.034989
0.02332
0.003926
0.001954
0.001296
0.002447
0.001296
0.003761
0.010829
0.014116
0.024142
0.028908
0.027265
0.036469
0.040084
0.045508
0.051589
0.055698
0.060793
0.063916
0.069504
0.073613
0.077065
0.081174
0.086597
0.087419
0.095637
0.095473
0.100403
0.102211
0.110922
0.113059
0.114538
0.115524
0.115195
0.120784
0.125057
0.127358
0.128344
0.131302
0.132946
0.136562
0.137219
0.137877
0.136562
0.139356
0.141657
0.143465
0.148067
0.147903
0.148067
0.151847
0.152833
0.15234
0.155956
0.152669
0.157764
0.155299
0.159408
0.160065
0.16253
0.161709
0.165817
0.163516
0.170584
0.168118
0.154312
0.139027
0.097116
0.071805
0.049781
0.029894
0.019868
0.014938
0.000803
0.001296
0.00031
0.000474
0.000146
0.00031
0.000146
0.000967
0.003104
0.009185
0.016581
0.022991
0.025785
0.030387
0.027593
0.01576
0.018389
0.025621
0.030059
0.035482
0.042385
0.045837
0.051425
0.056849
0.061779
0.067203
0.070162
0.076243
0.079037
0.08331
0.086762
0.091364
0.093336
0.100403
0.104019
0.108293
0.1101
0.11273
0.114209
0.119797
0.118811
0.103362
0.103362
0.10254
0.107964
0.106156
0.114867
0.116182
0.118154
0.121934
0.121277
0.122098
0.126865
0.119304
0.107635
0.045344
0.010007
0.013952
0.007213
0.003761
0.007377
0.00935
0.015595
0.023484
0.031538
0.037783
0.040249
0.047973
0.052411
0.055863
0.063259
0.06671
0.067696
0.075421
0.081502
0.082982
0.089885
0.091857
0.095801
0.099089
0.104512
0.106649
0.110593
0.1101
0.117661
0.122263
0.122592
0.127358
0.129823
0.131302
0.129166
0.136069
0.136562
0.140835
0.145602
0.143465
0.146423
0.148889
0.150861
0.152505
0.153162
0.156449
0.1576
0.159736
0.162202
0.16401
0.164503
0.164174
0.166804
0.16138
0.170255
0.166968
0.169269
0.171406
0.17272
0.173049
0.176665
0.175021
0.176172
0.178637
0.177487
0.179952
0.177815
0.18176
0.178473
0.182089
0.181431
0.183897
0.181924
0.180774
0.182417
0.182746
0.182911
0.182253
0.186198
0.187513
0.188006
0.185047
0.189156
0.18817
0.191786
0.188006
0.189485
0.188006
0.188499
0.188827
0.189649
0.190471
0.190471
0.193265
0.190307
0.19195
0.192443
0.194251
0.192936
0.192608
0.193101
0.195895
0.194909
0.196881
0.190471
0.192772
0.194744
0.191128
0.195073
0.19195
0.194744
0.193922
0.194744
0.195402
0.195402
0.194251
0.197045
0.193101
0.195895
0.19573
0.195566
0.195566
0.196717
0.194416
0.195895
0.197538
0.196223
0.195237
0.193922
0.195402
0.197867
0.199839
0.197867
0.198031
0.201154
0.200825
0.199839
0.199675
0.198853
0.197538
0.197374
0.197703
0.197703
0.194909
0.198853
0.196881
0.198031
0.196881
0.199182
0.195566
0.200825
0.200004
0.201647
0.198689
0.194909
0.201319
0.196717
0.195237
0.195895
0.196552
0.192608
0.199675
0.194744
0.196552
0.195566
0.196388
0.196223
0.198524
0.197703
0.197538
0.200661
0.195237
0.196223
0.195237
0.196552
0.195566
0.196881
0.196552
0.199839
0.194909
0.194744
0.196059
0.196388
0.198689
0.196552
0.199018
0.199675
0.198031
0.199839
0.199511
0.198689
0.198853
0.198196
0.198524
0.197045
0.19836
0.197374
0.197374
0.197703
0.200497
0.199182
0.200332
0.198031
0.197703
0.200004
0.195895
0.198689
0.194087
0.198853
0.197045
0.198196
0.197374
0.197374
0.197045
0.200497
0.196552
0.196059
0.200168
0.196717
0.197867
0.197374
0.198853
0.197045
0.197374
0.195402
0.197867
0.196388
0.19721
0.200004
0.198196
0.198031
0.197045
0.19836
0.197867
0.196388
0.194251
0.196717
0.198196
0.199346
0.19836
0.200825
0.197867
0.198689
0.199511
0.199018
0.196552
0.199511
0.19836
0.199018
0.198853
0.197374
0.19836
0.19458
0.198524
0.198196
0.199675
0.199346
0.201154
0.201154
0.199018
0.198524
0.199182
0.198689
0.197374
0.198524
0.197045
0.199675
0.197703
0.200825
0.197703
0.198031
0.200332
0.198524
0.19458
0.199511
0.199511
0.199018
0.196552
0.198689
0.201154
0.201976
0.199018
0.197703
0.199346
0.196388
0.198524
0.196717
0.197703
0.197538
0.197045
0.200004
0.200661
0.19836
0.199018
0.198689
0.19836
0.202469
0.197703
0.200004
0.19721
0.197045
0.197374
0.200004
0.196388
0.196881
0.197867
0.197703
0.200497
0.198196
0.194416
0.197703
0.198853
0.197045
0.200497
0.197867
0.197867
0.198031
0.198853
0.197867
0.198524
0.198196
0.198524
0.197538
0.196388
0.197045
0.198853
0.195402
0.19458
0.194744
0.196717
0.200332
0.198689
0.199511
0.198031
0.197867
0.20099
0.196881
0.195073
0.197538
0.197867
0.19836
0.200661
0.199018
0.199839
0.199675
0.200332
0.196881
0.199839
0.19836
0.199018
0.200825
0.198031
0.202798
0.199182
0.198196
0.197867
0.19836
0.192936
0.197538
0.195073
0.19721
0.197374
0.199182
0.199839
0.199346
0.197867
0.201154
0.198853
0.197867
0.19836
0.197867
0.197045
0.195566
0.195073
0.19573
0.197867
0.197538
0.199346
0.200332
0.199182
0.200825
0.199675
0.197703
0.200332
0.20099
0.202633
0.199018
0.197703
0.199346
0.197703
0.19721
0.19721
0.199182
0.196881
0.199839
0.197045
0.199511
0.200332
0.199182
0.19721
0.201647
0.198853
0.201483
0.199346
0.199511
0.198524
0.199511
0.200825
0.195895
0.201812
0.198524
0.191457
0.196223
0.199839
0.19836
0.200168
0.199018
0.198524
0.200168
0.198031
0.199346
0.197045
0.190142
0.195895
0.197374
0.194251
0.196881
0.19721
0.197703
0.199346
0.198031
0.201483
0.198853
0.200825
0.198524
0.19836
0.199675
0.195566
0.198031
0.196552
0.198853
0.198524
0.197538
0.198689
0.202305
0.196223
0.198031
0.197538
0.199511
0.199018
0.196552
0.201483
0.202962
0.199182
0.203455
0.202962
0.194416
0.197703
0.198196
0.199839
0.197045
0.195402
0.196881
0.199346
0.196388
0.200168
0.19836
0.196881
0.199511
0.199675
0.199018
0.200004
0.197703
0.198031
0.19721
0.19721
0.193429
0.197045
0.196717
0.197703
0.198524
0.197867
0.200332
0.198196
0.199018
0.200168
0.195895
0.198853
0.201319
0.198689
0.199346
0.199018
0.199018
0.199182
0.198031
0.199182
0.19836
0.199839
0.198196
0.200332
0.198031
0.195566
0.200004
0.199346
0.199182
0.199675
0.200497
0.198196
0.197703
0.200004
0.195402
0.195895
0.195402
0.197703
0.197538
0.196059
0.199346
0.196552
0.198689
0.197374
0.200497
0.199182
0.200004
0.197867
0.196881
0.200168
0.195566
0.196059
0.197374
0.199346
0.198853
0.198689
0.200004
0.19836
0.197703
0.197703
0.196717
0.198031
0.198524
0.200168
0.200825
0.200004
0.197703
0.201647
0.197867
0.19836
0.20099
0.196717
0.199839
0.195566
0.197867
0.196223
0.198853
0.199511
0.198031
0.198689
0.19836
0.198031
0.198689
0.199675
0.196223
0.199018
0.198853
0.199018
0.200004
0.19721
0.195237
0.197703
0.194909
0.19836
0.197867
0.19573
0.197703
0.197045
0.199018
0.200332
0.198524
0.197703
0.201976
0.197045
0.199511
0.198689
0.198031
0.198524
0.198524
0.194087
0.196717
0.197538
0.196552
0.19836
0.19836
0.198689
0.198031
0.199018
0.198524
0.200497
0.199182
0.199675
0.195895
0.197703
0.196881
0.197703
0.19573
0.199182
0.197374
0.197703
0.200168
0.196552
0.199018
0.199839
0.198031
0.200661
0.202469
0.198524
0.199511
0.201483
0.197867
0.198853
0.198524
0.197867
0.199346
0.198031
0.194909
0.195402
0.198031
0.194416
0.195402
0.198853
0.20099
0.19836
0.199182
0.200825
0.199182
0.199018
0.197867
0.194744
0.201483
0.197538
0.20099
0.19836
0.199675
0.196388
0.197867
0.196881
0.197867
0.198196
0.199182
0.19836
0.19836
0.200825
0.197867
0.197703
0.195237
0.198689
0.194744
0.198524
0.196388
0.19721
0.196552
0.197867
0.197867
0.19836
0.198031
0.197045
0.197703
0.197867
0.197867
0.196223
0.200332
0.19721
0.198689
0.198196
0.196223
0.19195
0.195566
0.195895
0.195237
0.19573
0.196388
0.197703
0.199511
0.200497
0.197867
0.200661
0.197867
0.199346
0.201647
0.197867
0.199182
0.199675
0.19721
0.196717
0.199018
0.198196
0.198689
0.19721
0.199182
0.200497
0.199346
0.198524
0.201976
0.197703
0.199346
0.199511
0.199675
0.200332
0.198853
0.196388
0.199839
0.196223
0.196223
0.196059
0.194744
0.199182
0.197045
0.199018
0.197703
0.199675
0.198524
0.200661
0.198524
0.199182
0.200004

Kurve 2

0.000474
-0.000841
0.002118
0.001789
0.003104
0.002775
0.000146
-0.001005
0.000967
-0.000841
0.000967
0.001954
0.002611
0.001132
-0.000183
0.001625
0.00146
0.000639
0.001789
0.000639
0.000474
0.001625
0.000803
0.003433
0.00146
0.000639
0.00146
0.001789
0.002611
0.000474
0.002447
0.002282
0.005405
0.001954
0.003104
0.003268
0.003761
0.002447
0.00294
0.00146
0.000803
0.00146
0.000967
0.00146
-0.001498
0.003597
-0.001169
0.001132
0.001625
-0.002813
-0.000347
-0.000841
-1.9e-05
0.001296
-0.000183
0.004583
-0.001334
-0.000183
0.001954
0.000803
0.002611
-0.001169
-0.001991
-0.001169
0.00031
0.002282
0.002118
-0.001662
0.000146
0.002118
-0.000512
0.002282
0.001132
0.002447
0.000803
0.002282
0.003433
0.003926
0.000803
0.003597
0.002611
-0.000676
-0.000183
0.002447
-0.000512
0.000639
0.00146
0.000639
0.000146
-0.000183
-0.000347
-0.000512
-0.000183
-0.000183
-1.9e-05
0.000146
0.000146
0.000146
0.000146
0.000146
-0.000183
-0.000183
-0.000183
-0.000347
-0.000183
-1.9e-05
0.000146
0.00031
0.00031
0.00031
-1.9e-05
-0.000183
-0.000183
-0.000347
-0.000347
-0.000347
-1.9e-05
0.000146
0.00031
0.000146
0.000146
-0.000183
-0.000183
-1.9e-05
-0.000347
-0.000347
-0.000183
0.000146
0.00031
0.000146
0.001296
0.001132
0.003926
-0.000676
-0.001169
0.00146
-0.00232
-1.9e-05
-0.000841
-1.9e-05
0.000474
0.001625
0.00031
0.002447
0.002118
-0.000183
-1.9e-05
-0.000347
0.000639
-1.9e-05
-0.000183
-1.9e-05
0.000967
0.000146
0.000146
-0.000183
-1.9e-05
-0.001169
0.001296
-0.001991
0.001296
0.000803
-0.001005
0.00031
-0.000347
0.001296
0.000639
-0.001498
-0.001991
-0.000183
-0.001334
-0.002813
-0.003142
-0.001169
-0.002484
0.000639
0.000803
0.002118
-0.000512
0.000474
-0.002813
-0.001498
-1.9e-05
-0.00232
-0.000512
-0.001662
-0.00347
-0.00232
0.000474
-0.000676
0.000146
-0.007086
0.00146
-0.001005
0.001789
0.001132
0.002611
-0.000183
0.001132
0.00146
0.001296
-0.000183
-0.001827
-1.9e-05
-0.001169
0.000967
-0.001662
0.003761
0.00146
0.003433
0.001954
0.000146
0.000967
0.005241
-1.9e-05
-0.001662
0.001132
0.001132
-0.001662
-0.003635
-1.9e-05
-0.001334
-0.000183
-0.003963
0.002282
0.000967
0.000639
0.001625
0.001296
0.000803
0.00031
0.002282
0.000803
0.002775
0.00031
0.00031
-0.005278
-0.001005
0.001954
0.000967
-0.000183
-0.000512
0.001296
0.000639
0.00031
0.00146
0.003597
-0.001991
0.00031
0.001132
0.001789
0.000146
0.001132
0.002282
0.000803
-0.000183
0.001132
0.003104
0.003433
0.00294
-0.001827
0.00146
-0.001827
-0.000676
-1.9e-05
0.00146
-0.000841
0.002118
0.001296
-0.002813
-0.002155
0.000803
0.001132
0.001296
0.000146
0.002775
0.001296
0.001132
0.00409
0.00146
-0.000512
-1.9e-05
0.001954
0.000967
0.001789
0.000639
0.002775
0.000639
-0.003306
0.000146
-1.9e-05
-0.001662
-1.9e-05
0.000474
-0.002977
-0.000841
-0.003799
-0.000841
0.00031
0.00031
-0.001662
0.001296
-0.002155
-0.001169
0.001132
-0.001498
0.001954
-0.000512
0.001625
-0.001991
-0.002155
-0.003142
-0.000347
-0.001662
-0.001827
-0.001005
-0.001005
-0.000183
0.003104
-1.9e-05
0.001625
0.001789
0.00294
0.003761
0.001132
0.003104
0.000639
0.00146
-1.9e-05
0.00146
0.000967
-1.9e-05
0.002775
0.00294
0.003104
0.00409
0.002447
0.005076
0.006062
0.000146
0.00409
0.001296
0.003926
0.000474
0.00031
0.000146
-0.003142
-0.003799
-0.000347
-0.005114
-0.003306
-0.003306
-0.002155
-0.001827
-0.003306
0.000474
-0.003963
-0.003635
-0.00347
-0.004456
-0.001169
-0.001827
-0.002155
0.001296
-0.003142
-0.001498
-0.001169
-0.003306
0.000146
-0.000512
-0.001991
-0.003142
0.000474
-0.001498
-0.000676
-0.000183
-0.000347
-0.000512
-0.000347
-0.000183
0.000146
0.000146
0.000474
0.00031
0.00031
-0.000183
-0.000183
-0.002155
0.00146
0.003268
0.000967
0.001954
-1.9e-05
0.002282
0.000639
0.001132
0.000803
0.000146
-0.000347
-0.000676
-0.000347
-1.9e-05
-0.000183
0.000146
0.000639
0.000474
0.000803
0.000146
0.000639
-0.001827
0.000967
0.000474
-0.000512
0.002447
-1.9e-05
0.000803
0.00031
0.001132
-0.002813
-1.9e-05
-0.000676
-1.9e-05
-0.002813
-0.000841
-0.001005
0.000967
-0.000347
0.000474
-0.000676
-0.001334
0.002775
-0.000841
0.001954
0.000146
0.001954
0.000967
0.001954
0.000803
-0.00232
0.000146
0.000474
0.000474
-1.9e-05
0.004419
0.001132
0.001789
0.000967
-1.9e-05
0.000146
0.00031
0.00146
0.00146
-0.001662
0.001132
-0.001334
0.000474
0.004748
-0.002648
0.000803
0.00031
0.00031
0.001132
0.001625
-0.000512
-0.000347
-0.000676
0.001132
0.000474
0.001132
-0.001827
-0.000512
0.000803
-0.001334
-0.000676
-0.000183
0.00031
-0.000183
0.001132
0.001296
0.001789
0.000474
0.001789
0.001296
0.00031
0.002447
0.00146
-0.000676
0.000146
0.000146
-0.005278
0.000474
-0.001334
-0.000183
0.002775
0.001954
0.001789
0.003104
0.000639
0.002282
0.001625
0.001954
-0.000347
-0.000183
-0.002484
-0.000347
0.002447
-0.000183
-1.9e-05
-0.000841
-0.000183
0.003597
0.00294
0.003104
0.002611
-0.000347
0.002775
-0.000183
0.000803
0.000967
-0.002977
-0.001169
0.000474
0.000146
0.000967
0.000803
0.00146
0.000803
0.001625
0.001625
0.001132
0.00294
0.001296
0.003761
0.001296
-0.002648
-0.000841
-0.000676
-0.001005
-0.001005
0.000474
-0.001334
-0.001334
-0.000676
-0.000183
-0.001498
0.000967
0.000146
0.000639
0.000639
0.002118
0.000474
-0.000183
-0.000512
-0.00232
0.000639
-0.001827
-0.002813
-0.002977
-0.000183
-0.003306
0.003597
-0.002813
-0.002155
-0.001005
0.000803
-0.000183
-0.000183
-0.001827
-1.9e-05
0.00146
-0.002813
-0.000347
-0.000676
0.001625
0.000146
0.001625
-0.001662
0.000803
0.00031
0.000474
0.001954
0.000639
0.000146
0.003433
0.001625
-0.000512
-0.002648
-0.001498
0.00409
0.00146
0.000803
0.000967
-0.000183
0.000639
0.003433
0.000146
-0.001498
-0.005936
-0.000183
-1.9e-05
-0.000841
0.000967
0.000474
0.000146
-0.000183
-0.000183
-0.000512
-0.000347
0.000146
0.000146
-0.000183
0.000474
0.000146
0.000146
0.000146
-1.9e-05
-0.000347
-0.000347
-0.000512
0.001132
-0.000183
0.000146
0.000146
0.000146
0.000639
-1.9e-05
-0.000183
-0.000512
-0.000183
-0.001827
0.000639
0.001954
-0.005443
-0.000183
0.000803
0.000146
-0.001169
0.00031
-0.000183
-0.000347
-0.000347
-0.001005
-0.000183
0.000146
-1.9e-05
0.000146
0.000146
0.000474
-0.000183
-0.000183
-0.000347
-0.000183
-0.000347
-0.000183
-1.9e-05
0.000146
-1.9e-05
0.000146
0.00031
-0.000183
-0.000183
-0.000183
-0.000183
-0.000512
-1.9e-05
-1.9e-05
0.00031
0.00031
0.00031
0.00031
-0.000183
-1.9e-05
-0.000676
-0.000512
-0.000512
0.000146
-1.9e-05
-1.9e-05
-1.9e-05
0.000474
-0.000183
-0.000183
-0.000347
-0.000347
-0.000347
-0.000512
-0.000183
0.00031
0.00031
0.00031
0.000146
-1.9e-05
-0.000183
-0.000347
-0.000347
-0.000512
-0.000183
0.000146
0.000146
0.000146
0.000146
0.00031
0.00031
-0.000347
-0.000347
-0.000183
-0.000512
0.000967
-1.9e-05
0.000639
-0.000183
-1.9e-05
-0.001169
-0.004128
0.000639
-0.001169
-0.000347
-0.000183
0.001625
-0.000841
-0.001498
0.000474
-1.9e-05
0.002118
0.000474
-0.000512
0.000146
-0.000347
-0.000512
-0.000512
0.000146
0.002447
0.002118
0.000639
0.000146
-0.000512
-0.001334
-0.000841
-0.000512
-0.001334
0.002447
-0.000183
0.000146
0.001132
0.000803
-0.000347
0.001132
0.000146
-0.001005
-0.002155
-0.002813
0.001132
0.003761
0.000639
0.000146
0.00031
0.000146
0.000146
-0.000183
-0.000183
-0.000512
-0.000512
-0.000347
-0.000183
0.000146
0.000146
0.000146
0.000146
0.000146
-0.000183
-0.000512
-0.000512
-0.000512
-1.9e-05
-1.9e-05
0.000146
0.000146
0.000474
0.000639
-0.000183
0.000967
0.00031
0.001296
0.001132
0.000639
-0.000183
0.000146
0.000146
0.000474
0.000803
0.000146
-0.000183
-0.000347
0.004912
0.004748
0.001954
0.003926
0.002118
0.000967
0.002118
0.000146
0.000146
-0.000347
-0.000512
-0.000183
-0.000347
-0.000347
0.000146
0.00031
0.000146
0.000474
0.00031
0.000146
-0.000183
-0.000183
-0.000512
-0.000347
-0.000183
-0.000183
0.000146
0.00031
0.000146
0.000474
0.000146
-0.000183
-0.000183
-0.000347
-0.000347
-1.9e-05
-1.9e-05
-1.9e-05
0.00031
0.000146
0.000146
-1.9e-05
-1.9e-05
-0.000183
-0.000512
-0.000347
-0.000347
0.000146
0.000146
-1.9e-05
0.000146
0.000146
-1.9e-05
-0.000183
-0.000183
-0.000512
-0.000347
-0.000347
-0.000183
-1.9e-05
-1.9e-05
0.000146
0.00031
0.000146
-0.000512
-0.000347
-0.000183
-0.000347
-0.000183
-1.9e-05
0.00031
-0.000183
0.00031
0.000146
0.000474
-0.000183
-0.000347
-0.000183
-0.000347
-0.000183
-1.9e-05
0.000146
0.00031
0.00031
0.000474
-1.9e-05
-0.000183
-0.000347
-0.000512
-0.000512
-0.000347
-1.9e-05
-1.9e-05
0.000474
0.000146
0.00031
-1.9e-05
-0.000183
-0.000347
-0.000183
-0.000512
-0.000183
-1.9e-05
-1.9e-05
0.00031
0.00031
0.00031
-1.9e-05
0.000146
-0.000183
-0.000347
-0.000347
-0.000183
0.000146
0.00031
0.000146
0.000146
0.00031
-0.000183
-0.000183
-0.000183
-0.000347
-0.000347
-1.9e-05
0.000146
0.000146
0.000146
0.00031
0.000146
-1.9e-05
-0.000347
-0.000183
-0.000512
-0.000512
-0.000183
0.000146
0.00031
0.000146
0.000146
0.00031
-0.000183
-0.000347
-0.000347
-0.000347
-0.000512
-0.000841
0.000146
0.000146
0.00031
0.00031
0.00031
-1.9e-05
-0.000347
-0.000347
-0.000183
-0.000512
-0.000183
0.000146
0.000146
0.000474
0.000803
-1.9e-05
-1.9e-05
-0.000347
-0.000183
-0.000512
-0.000347
-0.000183
-1.9e-05
0.000146
0.000146
0.000146
0.000146
-0.000183
-1.9e-05
-0.000512
-0.000512
-0.000347
-0.000347
0.000146
0.000146
0.000146
0.000474
0.00031
-1.9e-05
-0.000347
-0.000347
-0.000183
-0.000512
-0.000347
0.000146
0.000474
0.001132
0.001132
0.000639
-1.9e-05
-0.000183
-0.000183
-0.000347
-0.001827
-0.000183
0.00031
0.000146
0.001954
0.00031
-0.000183
-1.9e-05
-0.000183
-0.000183
-0.000512
0.000146
-1.9e-05
0.000146
0.000146
0.00031
0.00031
-1.9e-05
-1.9e-05
-0.000183
-0.000347
-0.000183
0.00031
-1.9e-05
-1.9e-05
0.00031
-0.000183
0.00031
0.000474
-1.9e-05
-0.000347
-0.000183
-0.000347
-0.000512
-1.9e-05
-1.9e-05
0.000146
0.000146
0.001625
0.00031
0.001625
0.001296
-0.000183
0.00031
-0.000512
0.00031
0.000474
0.001132
0.000639
0.000639
0.00031
-1.9e-05
-0.000347
0.003104
0.006884
-0.000841
0.000146
-0.000183
-0.000512
0.001296
0.00031
0.000803
-0.001169
0.004419
-0.000347
-0.000512
-0.000183
-0.000183
-1.9e-05
0.00031
0.000639
0.000146
0.000474
-1.9e-05
-0.000183
-0.000183
-0.000347
-0.000512
-1.9e-05
0.000146
0.000146
0.000146
-1.9e-05
0.006884
0.002118
-1.9e-05
-0.000183
-0.000183
-0.000347
0.000146
0.000146
0.000146
0.00031
0.00031
0.000474
-0.000183
-0.000512
-0.000512
-0.000183
-0.000512
-1.9e-05
0.000146
0.00031
0.000146
0.000474
0.000146
-0.000183
-0.000347
-0.000512
-0.000347
-0.000347
0.000146
-1.9e-05
0.00031
0.000146
0.00031
0.000146
-1.9e-05
-0.000347
-0.000512
-0.000512
-0.000347
-1.9e-05
0.000146
0.000146
0.000146
0.000146
-1.9e-05
-1.9e-05
-0.000183
-0.000512
-0.000512
-0.000512
-1.9e-05
0.000146
0.000146
0.000146
0.00031
0.000146
-0.000183
-0.000347
-0.000347
-0.000841
-0.000183
-1.9e-05
-0.000183
0.003597
0.003597
0.002282
0.00146
-0.000841
0.00031
-0.000676
-0.000512
0.000639
0.00031
-0.000183
0.001132
0.00294
0.000146
0.000967
-0.000183
-1.9e-05
-0.001498
-0.001498
-0.000183
0.002611
0.001789
0.002611
0.000474
0.00031
0.00031
-1.9e-05
-1.9e-05
-0.000347
-0.000183
-0.000512
0.000474
-1.9e-05
0.00031
0.00031
0.000146
0.00031
-1.9e-05
-0.000512
0.001625
-0.000512
-0.00347
0.001296
0.00031
0.00031
0.000474
0.000639
0.000474
0.000967
-1.9e-05
0.001296
0.000803
0.000639
0.00146
0.001954
0.003104
-0.001005
0.001789
-0.000183
-1.9e-05
-1.9e-05
-0.000183
-0.000347
-1.9e-05
0.000146
0.00031
0.000146
0.000146
0.00031
0.00031
-0.000183
-0.000183
-0.000512
-0.000841
0.000146
-0.000676
0.004583
0.008528
0.004583
0.001296
0.006884
0.00294
0.003761
0.008692
0.005405
0.00294
0.001132
0.005241
0.003433
0.006556
0.016088
0.020526
0.027265
0.035811
0.040577
0.047809
0.052082
0.0603
0.068025
0.069997
0.074764
0.076736
0.081831
0.083475
0.085447
0.079859
0.081338
0.083639
0.084132
0.083968
0.087912
0.093665
0.096952
0.101225
0.10517
0.10895
0.110922
0.114209
0.116675
0.120126
0.122098
0.12818
0.1267
0.133439
0.137877
0.136562
0.142479
0.137055
0.14215
0.14478
0.14478
0.148396
0.152669
0.148231
0.150697
0.153326
0.157928
0.155134
0.15612
0.150532
0.148889
0.141164
0.141328
0.142972
0.141657
0.140671
0.138699
0.134261
0.126372
0.115195
0.104512
0.10517
0.103526
0.110758
0.112566
0.114374
0.091035
0.032031
0.007377
0.001625
0.002447
0.000639
0.003597
0.005405
0.010993
0.012144
0.012965
0.009514
0.014116
0.012144
0.017567
0.022991
0.032524
0.036633
0.040413
0.045508
0.046659
0.043207
0.048631
0.05274
0.049288
0.037619
0.037619
0.035482
0.036962
0.038605
0.038276
0.043043
0.048302
0.053397
0.060958
0.067203
0.069176
0.072627
0.07312
0.075914
0.075421
0.081338
0.086433
0.090049
0.097281
0.099089
0.099746
0.092186
0.037619
0.006556
0.003268
0.009185
0.001625
0.009021
0.006227
0.014938
0.020526
0.029237
0.034003
0.042385
0.044851
0.052575
0.0603
0.06408
0.068682
0.073942
0.07838
0.083146
0.082653
0.070819
0.074599
0.075914
0.081502
0.08216
0.081174
0.080352
0.083968
0.082653
0.08857
0.090871
0.095144
0.09991
0.103526
0.105827
0.108786
0.11536
0.117332
0.119962
0.118976
0.12555
0.126043
0.127522
0.113388
0.09991
0.091528
0.074271
0.070819
0.066217
0.067696
0.063259
0.06671
0.065067
0.044686
0.040906
0.038276
0.048467
0.054712
0.059314
0.067039
0.069504
0.071641
0.078873
0.08216
0.087255
0.091035
0.088077
0.096623
0.105663
0.107799
0.111251
0.111908
0.114045
0.116839
0.124071
0.1267
0.12555
0.131302
0.131796
0.135904
0.137055
0.138699
0.138534
0.134261
0.130809
0.125714
0.102704
0.067532
0.057671
0.049781
0.054219
0.060629
0.062273
0.068847
0.074764
0.079366
0.083968
0.089227
0.091692
0.097609
0.09876
0.100732
0.109114
0.109607
0.112566
0.11536
0.120619
0.123249
0.126372
0.127851
0.130152
0.041235
-1.9e-05
0.000146
0.00031
0.003597
0.008363
0.017239
0.019868
0.027758
0.032031
0.039591
0.042221
0.049946
0.054548
0.0603
0.067861
0.072134
0.079366
0.081009
0.086762
0.088734
0.08857
0.076243
0.078873
0.081009
0.086269
0.090871
0.094815
0.097609
0.101883
0.104841
0.110265
0.113552
0.114209
0.11914
0.120948
0.124728
0.124893
0.126372
0.121112
0.092514
0.068025
0.059972
0.039756
0.035318
0.020197
0.012472
0.007706
0.002282
0.002447
0.001625
0.002611
-0.000183
0.002118
-0.000183
0.002118
0.005569
0.003104
0.003761
0.008857
0.005241
0.001296
-0.000676
-0.000183
-1.9e-05
0.000639
0.00031
-1.9e-05
0.00031
0.000146
0.00031
0.000146
-1.9e-05
-0.000512
-0.000347
0.001296
-0.001169
0.002282
0.00409
0.012965
0.019868
0.031538
0.032688
0.040742
0.04748
0.054055
0.059478
0.065724
0.069504
0.076243
0.078873
0.083968
0.088077
0.089391
0.097116
0.094487
0.102047
0.10254
0.109936
0.109607
0.112401
0.114045
0.117825
0.119304
0.123085
0.126865
0.130152
0.133603
0.13311
0.141164
0.135576
0.139192
0.141
0.141986
0.14478
0.146588
0.148396
0.151354
0.153655
0.155956
0.157107
0.159079
0.159736
0.162037
0.163516
0.16253
0.162366
0.166639
0.168612
0.168447
0.170748
0.165982
0.167954
0.166311
0.166311
0.164174
0.142314
0.141821
0.143958
0.146752
0.146916
0.15119
0.150532
0.15119
0.15234
0.154312
0.15497
0.158257
0.072298
0.077558
0.078873
0.084789
0.088241
0.006062
0.008528
0.00146
0.009843
0.015924
0.027593
0.032195
0.044029
0.046494
0.052575
0.057013
0.062601
0.065395
0.072791
0.077065
0.081502
0.08709
0.089556
0.095473
0.098267
0.093336
0.090049
0.072791
0.052411
0.028579
0.031867
0.039756
0.044851
0.054548
0.057671
0.06408
0.068025
0.072791
0.076572
0.083968
0.085611
0.090213
0.0935
0.098595
0.104841
0.104677
0.109936
0.111251
0.115689
0.119469
0.119469
0.038934
0.000803
0.000146
0.00031
0.000146
0.000146
-1.9e-05
-0.000347
-0.000183
-0.000183
0.003268
-0.000512
0.008692
0.005241
0.00294
0.004912
0.001789
0.00409
0.006391
0.010007
0.009678
0.004255
0.004255
0.005569
0.002447
0.002118
0.004255
0.004748
0.007706
0.015102
0.021676
0.030716
0.035482
0.042057
0.044358
0.04896
0.055205
0.060629
0.065724
0.063752
0.01954
0.014773
0.010664
0.003926
0.013294
0.01691
0.005241
0.008363
0.015595
0.021512
0.026443
0.032853
0.036962
0.046001
0.045179
0.041564
-0.000841
0.000639
0.000803
0.002775
0.000146
0.005569
0.000146
0.000967
0.001296
0.00935
0.016253
0.017403
0.020362
0.010007
0.01691
0.021019
0.016253
0.000639
0.003104
0.001625
0.006556
0.011322
0.016088
0.026443
0.021841
0.029237
0.03614
0.041728
0.037455
0.031209
0.002118
0.003761
0.000803
0.000474
-1.9e-05
0.000639
-0.000183
-1.9e-05
-1.9e-05
-1.9e-05
-0.000512
0.000146
0.001954
-1.9e-05
0.000967
0.00031
0.00031
0.000146
-0.000183
-0.000347
-0.000347
-0.000512
-0.000183
-1.9e-05
-0.000841
0.003433
0.012144
0.01954
0.000639
0.000803
-0.000183
0.00031
0.002282
0.000474
0.000146
0.00031
0.00031
0.000146
-1.9e-05
-1.9e-05
-0.000347
-0.000676
-0.000347
-0.000512
-0.000347
0.000146
0.000146
0.000146
0.00031
0.000146
-0.000183
-0.000512
-0.000347
-0.000347
-0.001005
-0.000183
0.000146
0.000146
0.000146
0.00031
0.000146
-1.9e-05
-0.000183
-0.000512
-0.000347
-0.000347
0.000146
0.000146
0.00031
0.000474
0.00031
0.00031
-1.9e-05
-0.000183
-0.000347
-0.000347
-0.000183
-0.000183
0.000146
-1.9e-05
-1.9e-05
0.000474
0.000146
-1.9e-05
-0.000183
-0.000347
-0.000347
-0.000512
-0.000183
0.00031
0.000146
0.000474
-1.9e-05
0.000474
-0.000183
-0.000183
-0.000183
-0.000347
-0.000512
-0.000183
-1.9e-05
0.000146
0.00031
0.00031
-1.9e-05
-0.000183
-0.000183
-0.000347
-0.000347
-0.000347
-0.000183
0.000146
0.000146
0.00031
0.00031
0.000146
-0.000183
-1.9e-05
-0.000183
-0.000347
-0.000183
-0.000183
0.00031
0.000146
0.00031
0.00031
0.00031
-0.000183
-0.000347
-0.000183
-0.000512
-0.000347
-0.000183
0.000146
0.00031
0.000146
0.00031
0.00031
-0.000183
-0.000347
-0.000347
-0.000512
-0.000183
0.000146
-1.9e-05
0.000146
0.00031
0.000146
0.000146
-0.000183
-1.9e-05
-0.000183
-0.000512
-0.000183
-1.9e-05
0.000146
0.000146
0.00031
0.00031
0.000146
-0.000183
-0.000347
-0.000347
-0.000347
-0.000183
-1.9e-05
0.000146
0.000146
0.00031
0.000803
0.000803
0.000474
-0.000183
-0.000512
-0.000347
-0.000347
0.00031
0.000803
0.003926
0.002447
0.001132
0.000967
-1.9e-05
-0.000183
0.001296
0.000967
0.000146
0.001625
0.00031
0.001132
-1.9e-05
0.001132
-0.001169
0.000146
-0.000512
0.000474
-0.000676
-0.000183
-0.000183
0.00031
0.000639
0.001954
0.003104
0.000803
0.006227
0.010664
0.001625
-0.000347
0.00031
-1.9e-05
0.000146
0.000146
0.00031
-1.9e-05
0.00031
0.00294
-0.000183
0.002447
0.007377
0.018389
0.020855
0.030552
0.036469
0.043865
0.043371
0.04633
0.05274
0.019704
0.00294
-1.9e-05
0.00031
0.000803
-0.000183
0.000146
0.000474
0.000474
0.000474
-0.000183
-0.000347
-0.000347
0.000146
-0.000676
0.002611
0.000474
0.000474
0.000474
0.00031
0.000146
-0.000183
-0.000512
-0.000512
-0.000512
-0.000183
-0.000183
0.000146
0.000146
0.00031
0.00031
-0.000183
-1.9e-05
-0.000512
-0.000512
-0.000347
-0.000347
-1.9e-05
0.000146
-1.9e-05
0.000146
0.000474
-0.000183
0.000146
-0.000183
-0.000347
-0.000347
-0.000183
0.000146
-1.9e-05
0.000146
0.000146
0.00031
0.00031
-1.9e-05
-0.000347
-0.000347
-0.000676
-0.000183
0.000146
0.000146
0.000474
0.000146
0.00031
0.00031
-1.9e-05
-0.000183
-0.000347
-0.000512
-1.9e-05
-1.9e-05
-1.9e-05
0.000146
0.000474
0.00031
0.000146
-0.000183
-0.000183
-0.000347
-0.000347
-0.000183
0.000146
0.00031
0.000146
0.000146
0.000474
-1.9e-05
-0.000183
-0.000347
-0.000347
-0.000347
-0.000347
0.000146
0.000146
0.00031
0.000146
0.000146
0.002282
0.000803
-0.000676
0.00031
-0.000183
-0.000183
0.000803
0.000639
-1.9e-05
0.000146
0.000639
0.000146
0.000146
-0.001334
0.003597
0.000967
-0.000512
0.000146
0.000967
0.000474
0.000474
0.003104
0.008363
0.00672
0.007377
0.003433
0.005898
0.015924
0.021512
0.024635
0.034332
0.042057
0.04748
0.056356
0.061779
0.061451
0.069504
0.07049
0.069997
0.050439
0.029566
0.015431
0.006391
0.004419
0.002611
0.001296
-0.000512
-0.000676
-0.001334
0.001954
0.002118
-0.000347
-0.001169
0.003104
0.001296
-1.9e-05
0.000639
0.002447
0.001132
0.00146
0.002118
0.00294
-0.000183
-0.000183
0.001296
0.003597
0.004912
0.00409
0.006556
0.010171
0.020033
0.022005
0.017567
0.006556
0.010829
0.016417
0.022005
0.028908
0.03351
0.035811
0.03992
0.050932
0.051589
0.056684
0.047973
0.010007
-0.000347
0.004583
0.005405
0.009514
0.015431
0.01576
0.022498
0.022498
0.02973
0.03236
0.027758
0.005569
0.011651
0.000967
0.000803
-0.000347
-0.000512
-0.000183
-1.9e-05
-1.9e-05
0.00031
-1.9e-05
0.00031
0.00031
-0.000183
-0.000183
-0.000183
-0.000512
-0.000183
-0.000183
-1.9e-05
-1.9e-05
0.000146
0.00031
0.000146
-1.9e-05
-1.9e-05
-0.000183
-0.000347
-0.000183
-1.9e-05
-0.000183
0.000146
0.00031
0.00031
0.000146
0.000146
-0.000676
-0.000183
-0.000512
-0.000841
-0.000183
0.000146
0.000146
0.000146
0.000146
0.000146
-1.9e-05
-0.000183
-0.000183
-0.000183
-0.000512
-0.000183
0.00031
0.00031
-1.9e-05
0.000474
0.000146
-0.000183
-0.000347
-0.000347
-0.000347
0.000146
-1.9e-05
-1.9e-05
0.000146
0.00031
0.000146
0.000146
-0.000183
-0.000183
-0.000347
-0.000347
-0.000183
0.000146
0.000146
0.000146
0.000146
0.000146
0.000146
-0.000183
-0.000512
-0.000183
-0.000183
-0.000676
-1.9e-05
0.000146
0.000146
0.000146
0.00031
0.000474
0.000146
-0.000183
-0.000183
-0.000512
-0.000347
-0.000183
0.000146
0.000146
0.000146
0.000474
0.00031
0.000146
-0.000183
-0.000347
-0.000183
-0.000347
0.000146
0.000146
0.000146
0.00031
0.00031
0.000146
-1.9e-05
-0.000347
-0.000347
-0.000347
-0.000512
-0.000512
0.00146
-1.9e-05
0.000474
0.000146
0.000474
-1.9e-05
-0.000512
-0.000347
-0.000512
-0.000512
0.000146
0.00031
0.00031
0.000146
0.00031
0.00031
-0.000183
-0.000347
-0.000347
-1.9e-05
-0.000512
-0.000183
-1.9e-05
0.000146
0.00031
0.000474
0.00031
-1.9e-05
-0.000347
-0.000347
-0.000512
-0.000183
-0.000183
0.000146
0.00031
0.000146
0.000146
0.000146
-0.000183
-0.000347
-0.000347
-0.000347
-0.000347
-0.000183
0.000146
0.00031
0.000146
0.00031
0.000146
0.000146
-0.000347
-0.000183
-0.000347
-0.000512
-0.000183
0.000146
0.00031
0.000474
0.000146
0.000146
-0.000183
-0.000183
-0.000183
-0.000512
-0.000347
-0.000183
0.000146
0.000146
0.000146
0.00031
0.000146
-0.000347
-0.000347
-0.000183
-0.000347
-1.9e-05
-0.000183
0.000146
-1.9e-05
-1.9e-05
0.000146
0.000146
-0.000183
-0.000347
-0.000347
-0.000347
-0.000347
-0.000183
0.000146
0.000146
0.000146
0.000146
-1.9e-05
-0.000347
-0.000347
-0.000183
-0.000512
-0.000512
-1.9e-05
0.000146
0.000146
0.00031
0.00031
0.000146
-0.000183
-0.000183
-0.000512
-0.000347
-0.000512
-1.9e-05
0.000146
0.000146
0.00031
0.00031
0.000146
-0.000183
-0.000183
-0.000347
-0.000347
-0.000183
-1.9e-05
0.000146
0.000146
0.000146
0.00031
0.000146
-1.9e-05
-0.000347
-0.000347
-0.000347
-0.000347
-1.9e-05
0.000146
0.00031
0.00031
0.00031
0.000146
-0.000183
-0.000347
-0.000347
-0.000676
-0.000347
-1.9e-05
-1.9e-05
0.000146
0.00031
0.00031
0.00031
-1.9e-05
-0.000347
-0.000347
-0.000512
-0.000676
0.000146
0.00031
0.00031
0.000146
0.000474
-1.9e-05
-0.000347
-0.000512
-0.000183
-0.000512
-0.000183
-1.9e-05
0.000146
0.00031
0.00031
0.00031
-1.9e-05
-0.000183
-0.000512
-0.000183
-0.000347
-0.000183
-1.9e-05
0.000146
0.000146
0.000146
0.00031
0.000146
-0.000183
-0.000347
-0.000183
-0.000512
-0.000347
-1.9e-05
0.00031
0.000146
0.00031
0.000146
-1.9e-05
-0.000347
-1.9e-05
-0.000347
-0.000512
-0.000183
-1.9e-05
-1.9e-05
0.000146
-1.9e-05
0.00031
-1.9e-05
-0.000183
-0.000512
-0.000347
-0.000347
-0.000183
-1.9e-05
-1.9e-05
0.000146
0.000146
0.000146
0.000146
-0.000183
-0.000347
-0.000347
-0.000512
-0.000183
-1.9e-05
0.000146
-1.9e-05

Kurve 3

0.001296
0.002775
0.00409
0.003104
0.003926
-0.00232
0.001625
0.001296
0.00031
-0.002813
0.003104
-0.000347
0.001954
0.002118
0.001625
0.001132
0.00146
0.002611
0.002447
0.003268
0.000639
0.003761
-0.002977
0.000474
-0.000183
-0.000347
-1.9e-05
-0.00232
-0.000183
0.000146
-1.9e-05
-1.9e-05
0.004748
-0.001991
0.001789
-0.001005
0.004419
-0.001005
0.001296
-0.000347
0.00146
-0.001991
-0.00232
0.00031
0.000967
-0.001662
0.000967
0.001132
0.000803
0.001789
0.002282
0.002118
0.000146
0.000803
0.00146
0.001132
-0.001334
0.000967
0.00031
-0.001334
-0.00347
-0.001334
0.00146
0.000474
0.001954
-0.000841
0.000474
0.000639
0.003104
0.000146
0.001954
-0.001169
0.002447
0.000474
0.001296
-0.001991
-0.000512
-0.00232
-0.000512
-0.001662
-0.000512
-0.003635
-0.002484
-0.002484
0.000146
-0.000676
-1.9e-05
0.002118
-0.001991
-0.001827
0.00146
-1.9e-05
-0.000183
-0.000183
0.000474
-0.000183
0.000474
0.00031
0.003104
-0.000676
-0.001827
-0.000512
-0.001827
-0.003306
-0.001169
0.00031
-0.001169
0.000474
0.000967
0.000639
-0.002648
-0.001169
-0.002813
-0.000676
-0.001169
-0.000183
0.000639
0.002282
-0.000676
0.000474
0.001132
0.001296
0.000474
0.002447
0.000967
-0.00347
0.00031
0.000967
0.001625
0.002282
0.001954
0.00146
-1.9e-05
-0.002155
0.00294
-0.001662
-0.001334
0.000639
0.001132
0.000803
-0.000841
0.002282
-0.000676
-0.000512
-0.000183
-0.000183
0.001625
0.000967
-0.000841
-0.000512
-0.001662
0.001296
0.000474
-0.00232
-0.004456
-0.001498
-0.001662
-0.00347
-0.00232
0.001296
0.000803
-0.001169
0.000803
0.00031
0.002775
-0.001169
0.000474
-0.001005
-0.001662
-0.000183
-0.002648
0.000474
-0.001169
0.002611
0.001789
-0.001991
-0.001991
0.002118
0.001789
0.000967
0.001789
0.000474
0.000803
0.001789
0.001954
0.003104
0.00031
-0.000512
-1.9e-05
-0.000841
0.000803
-0.004621
0.001132
0.000967
0.001132
-1.9e-05
0.002118
0.000639
-0.000347
0.000639
-0.000183
-0.000183
0.002118
0.001789
-0.00347
0.000474
-0.000183
-0.000676
-0.000183
0.000146
-0.002813
0.00146
-0.000512
0.000803
0.002611
-0.000183
0.000474
0.00031
-0.000841
-0.000676
-0.001991
0.000474
-0.001498
-0.001827
0.001625
-0.002813
-0.001334
-0.000676
0.000639
-0.001662
0.000474
-0.000512
0.000967
-0.000841
-0.003142
0.002775
-0.001827
-0.000841
-0.000183
0.00031
-0.00232
0.002282
-0.000676
0.000146
0.001625
-0.000512
0.003104
0.001132
-0.001005
-0.000512
-0.000183
-0.000841
0.003268
-0.000512
0.001296
-0.002484
-0.002648
-0.001334
0.00146
-0.003306
-0.003799
-0.001827
-0.001169
0.000803
0.000474
0.001625
-0.000183
0.003597
-0.001498
0.005241
-0.001334
0.000146
0.000474
0.003268
0.001132
0.003433
-0.003963
-0.000512
-0.001498
-0.000512
0.001789
-0.000183
0.000474
0.001296
0.002118
0.000803
-0.002155
-0.000841
0.000803
0.000146
0.002447
0.000146
0.000639
-0.001169
-0.001169
0.00031
0.000803
0.000803
-0.000676
-0.00347
-0.000512
0.000474
0.000639
0.00146
0.001789
0.001132
-0.001334
-0.000512
-1.9e-05
-0.003635
-0.004949
-0.001827
0.001296
-0.000183
0.000474
-1.9e-05
0.001789
0.000146
0.001132
-0.000841
0.002611
0.002118
0.002775
-0.000347
0.005241
0.002118
0.001625
-1.9e-05
-0.002813
-1.9e-05
-0.001169
0.004255
-0.004128
0.000474
0.002118
0.001789
-0.001498
0.005076
0.001296
0.00146
0.000146
-0.001498
-0.000841
-0.002484
-0.000512
-0.001005
0.002611
-0.000347
0.002611
0.000146
-0.001827
-0.001991
0.00146
-0.000512
0.001625
0.002118
-0.000347
-0.001662
-0.001334
0.000803
-0.005114
-0.006922
-0.003799
0.000639
-0.001169
-1.9e-05
-0.001827
0.000639
0.000803
0.002447
0.001954
0.001625
-0.004621
-0.001334
0.000474
-0.000347
0.002118
0.00146
-0.000841
0.002282
-0.001169
0.000474
0.00031
0.001296
-0.000676
0.001132
-1.9e-05
0.004255
0.002447
-0.000841
0.002118
0.00146
-1.9e-05
-0.000841
0.003926
0.00031
-0.001498
0.00146
0.002611
0.002282
-0.001169
0.000967
-0.000676
0.000639
-0.000512
-0.001005
-0.001498
-0.002155
-0.001334
-0.000841
0.002775
0.000639
0.001132
0.00146
0.002118
-0.000183
0.000474
-0.000183
-0.000183
0.001296
-0.000841
0.000967
-0.001169
0.000639
0.000146
-0.000841
-0.002155
0.003597
-0.001827
0.001625
0.002282
0.00031
-0.000347
-0.000841
0.000146
0.000146
0.000639
-0.001169
0.004912
-0.002155
-0.001169
-0.00347
0.000803
0.000146
0.000803
0.000639
0.002447
-0.002155
0.002447
0.002775
0.000474
0.000474
-0.000183
-0.000512
-0.002155
-0.002648
-0.002155
0.001296
-0.001991
0.001132
-0.005278
0.00146
0.000146
0.000639
0.003268
-0.001169
-0.000183
0.001296
0.00146
-0.000347
-0.000676
-0.00232
0.00031
-0.002484
0.000146
-0.000841
-0.00232
-0.003306
0.000146
0.000639
-1.9e-05
0.005241
-0.000347
0.000146
-0.000512
-0.000183
-0.001498
-0.000347
-0.004292
0.001789
-0.005936
-0.001334
-0.001991
-0.003142
0.000474
-0.001169
-0.000841
0.000967
0.001789
-1.9e-05
0.003268
0.000474
0.00031
0.000967
0.002118
-0.003142
-0.002155
-0.003306
-0.002648
-0.003306
-0.004949
0.00146
0.00146
0.001789
0.002447
0.001789
0.000474
0.001132
-0.000512
-0.002155
-1.9e-05
-0.000841
-0.001005
0.001625
-0.001662
0.003761
0.002775
0.000146
-1.9e-05
0.002447
0.000146
0.000474
-0.000512
0.000146
0.002447
-0.001991
0.003268
-1.9e-05
-0.001334
-0.001662
-0.004128
-0.003306
-0.002484
-0.001005
-0.000183
-0.000676
-0.001991
0.000639
0.00031
-0.000347
-0.001169
0.000639
-0.002155
0.000803
-0.00347
-0.001334
-0.002155
-0.001827
-0.003142
-0.000347
-0.000841
0.002611
0.00294
-0.000841
0.001296
-0.002484
0.000967
-0.000183
0.001296
-0.001169
0.001789
0.000639
-0.000347
-1.9e-05
0.001625
-0.001991
0.000474
0.002611
-1.9e-05
0.002282
0.000967
0.000474
-0.001662
-0.000512
-0.001005
0.000967
0.002447
0.001954
-1.9e-05
0.001132
-0.001827
-0.003142
-0.001005
-0.001662
0.001954
-0.002648
-0.00232
-0.001005
-0.000676
-0.000512
-0.000183
-0.000676
-1.9e-05
-0.001005
0.000146
0.000639
-0.000347
-1.9e-05
-0.001498
0.002282
-0.001991
-0.001498
-0.000512
-1.9e-05
-0.000347
-0.000347
-0.000841
0.000474
0.000146
0.003104
0.000639
0.00146
0.002611
0.000474
0.00294
0.000474
-0.000676
-0.00347
-0.001169
-0.002813
0.000146
0.00031
-1.9e-05
-0.000347
-0.000347
0.000146
0.00146
0.001132
0.000639
0.001296
-0.002648
0.003597
0.004255
0.003268
0.005569
0.000474
0.000967
0.001132
-0.001169
-0.000183
-0.001334
0.000146
-0.000347
0.004419
0.001296
-0.001005
-0.000512
0.002282
0.000146
-0.004456
-0.001169
-0.000347
-0.000676
0.000639
0.001789
0.000639
-0.00232
-0.000347
0.000967
0.003597
0.000639
0.00146
0.000639
0.002447
0.002775
0.001625
0.002775
0.00146
-0.000676
0.001789
0.001296
0.000967
-0.003306
-0.004456
-0.001334
0.001132
0.00294
0.00146
-0.000512
0.002118
0.002282
0.001789
0.002282
0.000639
0.000639
0.001132
0.001625
0.00146
0.000639
0.001296
-1.9e-05
0.000146
-0.002155
-0.000183
-0.001662
-0.000512
-0.001991
-0.001005
0.001625
0.000639
-0.002484
-0.001827
0.000474
-0.000183
-0.002484
-0.000512
-0.001662
0.000967
-0.000347
0.00031
-1.9e-05
-0.000841
0.000967
-0.002155
-0.001005
-0.002155
-0.001005
-0.001005
-0.000676
0.000967
-0.001662
-0.00232
-0.00232
0.000967
0.001296
-0.001991
-0.000512
-0.000347
-0.002484
-0.002977
-0.000512
-0.001169
-0.001005
-0.001005
-0.001662
-0.001991
-0.001334
-0.000841
-0.003142
-0.001334
-0.000183
0.004419
0.012637
0.017732
0.022498
0.029072
0.035647
0.03992
0.047316
0.056191
0.062437
0.068518
0.072791
0.07953
0.083639
0.089556
0.092514
0.090706
0.09876
0.104677
0.104019
0.112401
0.115195
0.116182
0.121605
0.12292
0.128015
0.126536
0.124728
0.135411
0.136069
0.14215
0.143629
0.141657
0.146259
0.149217
0.150861
0.150697
0.153655
0.156942
0.150861
0.155463
0.153819
0.160065
0.158586
0.15875
0.163845
0.166146
0.164503
0.167297
0.171899
0.169762
0.169105
0.171241
0.171899
0.169433
0.172392
0.173049
0.173378
0.173214
0.177158
0.179295
0.178637
0.179295
0.182089
0.182911
0.185212
0.183239
0.186033
0.186526
0.185869
0.185869
0.186855
0.184718
0.185705
0.186855
0.187019
0.188006
0.188827
0.189814
0.189485
0.189485
0.189485
0.192608
0.19195
0.189814
0.192115
0.191128
0.190471
0.191457
0.192115
0.191128
0.193429
0.192279
0.195237
0.192115
0.192443
0.192772
0.196552
0.194909
0.192608
0.193594
0.196223
0.195073
0.191621
0.194416
0.192936
0.194251
0.086597
0.000146
0.00031
0.000146
-0.000676
0.001296
-0.000183
-0.000512
-0.000183
-1.9e-05
0.000146
0.000146
0.00031
0.000146
-1.9e-05
-0.000183
-0.000512
-0.000183
-0.000347
-0.000512
-0.000183
0.00031
0.00031
0.00031
0.00031
0.00031
-1.9e-05
-0.000512
-0.000512
-0.000512
-0.000183
-1.9e-05
0.000146
0.000146
0.00031
0.00031
0.000146
-0.000183
-0.000183
-0.000347
-0.000676
-0.000347
-0.000183
0.00031
0.00031
0.000146
0.000474
0.000146
-1.9e-05
-0.000347
-0.000183
-0.000512
-0.000183
-1.9e-05
0.000146
0.000146
0.000146
0.000639
0.000639
0.002282
0.000639
0.000967
0.001296
0.001789
0.00031
0.003926
0.00146
0.002447
0.001954
0.002611
0.002611
0.002282
0.002611
0.002447
0.004419
-0.000512
0.005405
0.003597
0.005405
0.003268
0.002775
0.00409
0.003597
0.012965
0.019375
0.028744
0.031538
0.03992
0.046001
0.051261
0.057013
0.061944
0.069997
0.077229
0.077558
0.080845
0.087255
0.089556
0.095966
0.099746
0.101061
0.108293
0.112566
0.117003
0.119304
0.123578
0.126043
0.126865
0.124235
0.120619
0.103526
0.075585
0.064574
0.070819
0.074599
0.081831
0.086269
0.089885
0.0935
0.096952
0.099746
0.104512
0.104512
0.1101
0.113716
0.117661
0.117825
0.121934
0.1267
0.130152
0.130645
0.134918
0.137712
0.140178
0.14215
0.14478
0.148396
0.14856
0.151025
0.153491
0.155956
0.156778
0.1576
0.156778
0.159243
0.160558
0.160394
0.162859
0.163188
0.168118
0.167461
0.171734
0.171077
0.173214
0.175186
0.176336
0.175515
0.17535
0.176172
0.178966
0.180116
0.179623
0.180774
0.18176
0.182417
0.182417
0.185376
0.184554
0.186198
0.186033
0.188499
0.188006
0.1908
0.187348
0.188992
0.188006
0.188663
0.187019
0.188827
0.191786
0.188827
0.190964
0.190307
0.191786
0.192608
0.191293
0.191621
0.192115
0.191128
0.193922
0.193594
0.192279
0.193594
0.191457
0.195073
0.193922
0.192936
0.192115
0.196059
0.193429
0.195237
0.194909
0.193758
0.19458
0.196223
0.194087
0.198524
0.196223
0.196717
0.192279
0.198031
0.198524
0.198031
0.19458
0.198524
0.200168
0.197374
0.199018
0.19836
0.197045
0.194087
0.200168
0.199675
0.199839
0.197867
0.199182
0.200332
0.199839
0.199018
0.197538
0.196223
0.196388
0.198031
0.19836
0.200497
0.196552
0.19836
0.197538
0.198524
0.199839
0.199511
0.200004
0.195895
0.200661
0.200497
0.20099
0.199839
0.198689
0.200497
0.197374
0.196388
0.197045
0.191786
0.19721
0.194744
0.197374
0.198524
0.199018
0.20214
0.199675
0.197538
0.197867
0.201154
0.199511
0.19836
0.199675
0.200168
0.198031
0.19836
0.197703
0.196388
0.198031
0.196881
0.19836
0.197045
0.197867
0.20099
0.204606
0.198031
0.202469
0.197867
0.199511
0.197703
0.19836
0.196717
0.196717
0.196881
0.197045
0.19836
0.199675
0.200825
0.200661
0.19721
0.199839
0.200168
0.197867
0.199675
0.19836
0.19721
0.19458
0.19458
0.197867
0.198031
0.199182
0.195895
0.197538
0.19836
0.199839
0.198196
0.200332
0.198031
0.201647
0.198853
0.201976
0.201319
0.191128
0.198031
0.197867
0.198031
0.199675
0.197703
0.19573
0.198689
0.197703
0.199511
0.197374
0.194087
0.199182
0.200497
0.19721
0.199839
0.198031
0.195073
0.19836
0.198196
0.194909
0.200332
0.201483
0.194909
0.200661
0.195895
0.199675
0.196717
0.199182
0.199182
0.200004
0.197045
0.196552
0.200661
0.197374
0.196388
0.197374
0.198524
0.199018
0.19836
0.198524
0.199018
0.197374
0.201154
0.198031
0.196059
0.199511
0.19836
0.195237
0.200004
0.196717
0.19836
0.19836
0.199182
0.202305
0.199675
0.19836
0.197703
0.19721
0.19721
0.196552
0.198196
0.199675
0.200168
0.196717
0.195402
0.19836
0.196388
0.195073
0.196223
0.196388
0.197374
0.197045
0.196388
0.197538
0.199182
0.195237
0.201154
0.19836
0.196552
0.197045
0.196881
0.195237
0.194744
0.19836
0.197374
0.201319
0.192608
0.199182
0.19458
0.198689
0.197045
0.197703
0.19573
0.197374
0.196717
0.196552
0.196881
0.194909
0.196881
0.194744
0.198031
0.195237
0.199182
0.197703
0.19721
0.198196
0.198524
0.197703
0.197703
0.199346
0.19721
0.195895
0.196059
0.195895
0.194416
0.197045
0.19573
0.198031
0.197703
0.199675
0.199182
0.198689
0.196881
0.199346
0.195402
0.197703
0.194744
0.199018
0.197538
0.196552
0.197538
0.195402
0.194416
0.19458
0.197867
0.19458
0.194416
0.194416
0.199839
0.198196
0.19836
0.198689
0.197867
0.194416
0.196552
0.197538
0.196717
0.197703
0.193265
0.198031
0.193265
0.196223
0.197374
0.19836
0.196388
0.199346
0.19836
0.19836
0.199346
0.195237
0.19836
0.196388
0.19721
0.196717
0.197703
0.197045
0.197374
0.194744
0.19836
0.197538
0.198853
0.198196
0.199346
0.200661
0.197867
0.197374
0.194416
0.19836
0.197538
0.197867
0.197703
0.197538
0.196881
0.198853
0.196717
0.195073
0.194416
0.194251
0.199511
0.199018
0.200168
0.196552
0.199182
0.198031
0.19836
0.198689
0.200168
0.199346
0.19836
0.195895
0.199511
0.195566
0.196552
0.197867
0.197867
0.199839
0.197045
0.19836
0.199511
0.198853
0.197045
0.19573
0.197538
0.19836
0.196881
0.197867
0.196717
0.198031
0.196388
0.196223
0.197867
0.198853
0.198853
0.196717
0.199018
0.194251
0.198031
0.19573
0.199839
0.196388
0.198196
0.195895
0.197538
0.197538
0.196717
0.196223
0.198689
0.196717
0.199675
0.200825
0.198689
0.199511
0.197867
0.199346
0.197045
0.20099
0.196717
0.198524
0.197703
0.202305
0.199018
0.200825
0.198689
0.19721
0.19573
0.196881
0.197867
0.197045
0.19836
0.197045
0.197045
0.194744
0.200661
0.198689
0.197867
0.197867
0.196881
0.196552
0.198031
0.200332
0.19721
0.19836
0.195402
0.197703
0.197867
0.19836
0.195566
0.19573
0.197374
0.197867
0.199839
0.200004
0.198524
0.198689
0.196552
0.197538
0.196059
0.198524
0.202962
0.195237
0.199675
0.19836
0.197867
0.197374
0.199839
0.199839
0.200332
0.197867
0.197703
0.199839
0.198853
0.199182
0.199675
0.198853
0.199018
0.195566
0.195073
0.200332
0.195073
0.19721
0.195237
0.199839
0.201647
0.200004
0.198524
0.197045
0.197538
0.196552
0.200661
0.195566
0.196388
0.197374
0.197703
0.195895
0.197867
0.198031
0.196881
0.195073
0.195895
0.199511
0.196388
0.19721
0.195895
0.198031
0.195402
0.199511
0.199182
0.197374
0.200004
0.197703
0.196388
0.197867
0.196059
0.197703
0.200332
0.199675
0.200825
0.198689
0.197374
0.199182
0.201319
0.197538
0.199511
0.195237
0.200497
0.200497
0.199839
0.198853
0.199018
0.197703
0.201154
0.199346
0.199839
0.197374
0.198853
0.199018
0.200168
0.196059
0.198689
0.199675
0.197045
0.199018
0.197867
0.198524
0.197045
0.19836
0.200004
0.197538
0.19836
0.196223
0.196223
0.19458
0.19721
0.194416
0.19573
0.195566
0.197867
0.19721
0.19721
0.195895
0.196223
0.196388
0.196388
0.197703
0.192772
0.194909
0.195073
0.197045
0.194744
0.196881
0.197045
0.196717
0.197045
0.199018
0.197867
0.189978
0.194416
0.19721
0.198031
0.197045
0.200497
0.196552
0.199182
0.198524
0.197045
0.196717
0.196388
0.196223
0.197374
0.199182
0.197045
0.198689
0.196717
0.19836
0.199511
0.199018
0.197867
0.206578
0.19836
0.199018
0.198689
0.197538
0.196881
0.194251
0.195402
0.197374
0.196717
0.198524
0.19836
0.194744
0.19721
0.196552
0.199346
0.196388
0.196717
0.201154
0.201319
0.194251
0.198031
0.196223
0.195402
0.195895
0.19721
0.197867
0.197374
0.197045
0.198196
0.198031
0.196552
0.197703
0.197374
0.19458
0.196881
0.196223
0.195566
0.197867
0.193101
0.197374
0.197045
0.195566
0.195566
0.199018
0.196717
0.19836
0.198524
0.19836
0.197867
0.193594
0.196552
0.20214
0.195895
0.197703
0.196059
0.19458
0.195402
0.196388
0.194909
0.197374
0.196388
0.198031
0.19836
0.202962
0.200661
0.200332
0.199018
0.200332
0.200332
0.199018
0.19836
0.195895
0.196881
0.198853
0.198524
0.196552
0.198853
0.195895
0.197045
0.198031
0.198689
0.196223
0.200825
0.19721
0.199182
0.198689
0.19573
0.199182
0.194744
0.196223
0.195402
0.196223
0.196388
0.196059
0.197374
0.197703
0.19721
0.198031
0.200497
0.196059
0.197045
0.197045
0.19836
0.195566
0.195895
0.200004
0.195402
0.195566
0.198196
0.195237
0.19836
0.197045
0.19836
0.201154
0.20362
0.198196
0.20214
0.202798
0.200168
0.202305
0.200497
0.199839
0.199346
0.200004
0.20099
0.201812
0.195237
0.199675
0.19836
0.197538
0.200497
0.201319
0.199675
0.198196
0.19836
0.199018
0.19836
0.196059
0.198689
0.19836
0.199182
0.196552
0.197045
0.197374
0.199018
0.195237
0.19573
0.198853
0.196881
0.198031
0.203455
0.198689
0.197867
0.197045
0.194416
0.19721
0.195566
0.198031
0.198196
0.196388
0.197867
0.196059
0.196059
0.202305
0.197703
0.197538
0.195402
0.195402
0.197867
0.197538
0.197045
0.198689
0.201154
0.199018
0.201976
0.202305
0.200825
0.200661
0.199675
0.197867
0.19836
0.199018
0.199182
0.199511
0.198524
0.199839
0.197867
0.200168
0.19721
0.198196
0.198524
0.199346
0.198524
0.199346
0.198196
0.197538
0.19721
0.19836
0.198196
0.197538
0.198689
0.19836
0.198031
0.194416
0.199675
0.203784
0.200825
0.197374
0.199346
0.198196
0.19721
0.196059
0.198196
0.197374
0.197045
0.19836
0.196717
0.197867
0.197045
0.198689
0.196388
0.199346
0.19573
0.198853
0.197703
0.19721
0.195402
0.196552
0.197703
0.196881
0.198196
0.197374
0.19836
0.197045
0.197538
0.197374
0.19836
0.197045
0.198031
0.199346
0.200168
0.197867
0.200497
0.198853
0.19721
0.199839
0.198196
0.200332
0.199018
0.198196
0.199182
0.198524
0.199346
0.197374
0.197374
0.19573
0.193758
0.19836
0.19721
0.199182
0.200332
0.196388
0.199346
0.200332
0.199182
0.199346
0.199018
0.199675
0.20099
0.19836
0.19836
0.19836
0.196717
0.201319
0.197374
0.200332
0.198031
0.201812
0.199675
0.202305
0.199018
0.200168
0.200332
0.19836
0.197538
0.200004
0.196881
0.199346
0.19721
0.19721
0.201812
0.197045
0.199018
0.199511
0.200661
0.196717
0.201483
0.196717
0.198196
0.199675
0.198524
0.199839
0.199346
0.199018
0.198031
0.200497
0.193922
0.197867
0.193922
0.195402
0.196717
0.200332
0.200661
0.201154
0.198689
0.200825
0.200168
0.199675
0.198689
0.197703
0.198524
0.198853
0.198524
0.196552
0.202633
0.199839
0.200168
0.193429
0.198031
0.200168
0.199675
0.199839
0.198689
0.199346
0.198031
0.198524
0.197374
0.198524
0.195895
0.197867
0.195073
0.197374
0.196223
0.197867
0.195566
0.198689
0.199346
0.19836
0.199346
0.19836
0.200497
0.195402
0.196717
0.19458
0.19573
0.194909
0.198196
0.194416
0.199018
0.196059
0.197867
0.195402
0.195402
0.197703
0.197045
0.19836
0.197538
0.199018
0.19721
0.197703
0.195073
0.195073
0.187841
0.194251
0.193429
0.193101
0.191457
0.195073
0.192936
0.192936
0.193101
0.19195
0.193429
0.184554
0.190471
0.190142
0.193594
0.187513
0.191293
0.188006
0.189814
0.188663
0.188663
0.18932
0.194087
0.188663
0.189814
0.189814
0.194087
0.1908
0.1908
0.193265
0.192115
0.192443
0.19195
0.196552
0.188827
0.193101
0.193265
0.193101
0.193758
0.192608
0.194251
0.192443
0.195402
0.194251
0.196059
0.193594
0.195566
0.193758
0.196059
0.196223
0.193429
0.19573
0.190635
0.193758
0.19195
0.196223
0.192115
0.195073
0.193594
0.195895
0.195237
0.195237
0.197538
0.198196
0.195402
0.19721
0.195895
0.195237
0.188334
0.182746
0.178473
0.175021
0.173707
0.172063
0.175021
0.1742
0.178309
0.178473
0.176501
0.17798
0.179459
0.181103
0.179295
0.18061
0.180445
0.18176
0.182911
0.185047
0.186033
0.183897
0.185212
0.186855
0.185705
0.189649
0.185376
0.18817
0.18817
0.188827
0.18932
0.190142
0.188992
0.187677
0.190142
0.189485
0.193594
0.188006
0.191786
0.193101
0.192772
0.191293
0.19458
0.189978
0.190635
0.192936
0.193265
0.192443
0.191786
0.192279
0.192936
0.194744
0.192936
0.196552
0.195895
0.194087
0.193101
0.194744
0.193429
0.193101
0.194416
0.196552
0.194087
0.193101
0.194251
0.192936
0.195566
0.192608
0.1908
0.19458
0.193101
0.192279
0.197374
0.195566
0.19721
0.196552
0.195237
0.195073
0.196717
0.195895
0.197538
0.196388
0.196717
0.199675
0.199346
0.20099
0.197374
0.19836
0.198853
0.199346
0.197703
0.197867
0.195895
0.196881
0.195073
0.198196
0.196552
0.197374
0.197374
0.19573
0.196223
0.196059
0.197703
0.196223
0.200168
0.199675
0.197538
0.197538
0.197045
0.194909
0.196388
0.195895
0.19836
0.198689
0.190964
0.19836
0.192936
0.198524
0.197703
0.19721
0.196223
0.197045
0.197867
0.197045
0.197703
0.19721
0.197045
0.196223
0.196388
0.198196
0.198853
0.194744
0.199839
0.198196
0.199018
0.197703
0.19836
0.197703
0.197374
0.197045
0.194251
0.19836
0.198524
0.197867
0.196717
0.199182
0.19573
0.19836
0.196059
0.197703
0.196552
0.19721
0.19721
0.197045
0.198196
0.200004
0.197538
0.198196
0.197867
0.19721
0.198689
0.196223
0.196223
0.196223
0.193594
0.197538
0.194909
0.195566
0.200825
0.200332
0.19836
0.198689
0.198196
0.197703
0.201154
0.198524
0.195566
0.200332
0.196388
0.197867
0.197703
0.198689
0.197374
0.200497
0.196717
0.199511
0.196223
0.196059
0.196552
0.196223
0.198196
0.200332
0.202305
0.197045
0.200332
0.198524
0.197374
0.195402
0.197538
0.195073
0.199018
0.195237
0.198031
0.198031
0.196881
0.197703
0.196717
0.199511
0.196552
0.198524
0.199182
0.197867
0.196223
0.198031
0.195402
0.194251
0.195895
0.194909
0.197867
0.196059
0.198524
0.195895
0.197374
0.195402
0.19721
0.198689
0.198031
0.197045
0.199182
0.199182
0.19721
0.199346
0.19573
0.194744
0.194744
0.197867
0.195073
0.19573
0.195895
0.197538
0.197374
0.195895
0.196223
0.198689
0.195073
0.201647
0.19836
0.198853
0.197374
0.196552
0.19721
0.197538
0.196552
0.195895
0.197867
0.194416
0.198689
0.196059
0.197867
0.197703
0.199018
0.199018
0.200004
0.19721
0.196717
0.196881
0.196388
0.19721
0.193101
0.19573
0.19573
0.19836
0.194744
0.199182
0.196059
0.198689
0.194744
0.196388
0.199018
0.198196
0.198853
0.19721
0.197703
0.192936
0.196059
0.195073
0.195402
0.196223
0.198031
0.195566
0.198524
0.197045
0.190964
0.197045
0.196059
0.196552
0.198689
0.197867
0.196388
0.194087
0.196552
0.199346
0.196717
0.197867
0.196717
0.195566
0.19458
0.198031
0.19573
0.195566
0.196717
0.197703
0.199346
0.198524
0.199018
0.196223
0.195895
0.193758
0.196059
0.195073
0.198689
0.198196
0.199182
0.198031
0.19836
0.198031
0.197703
0.194744
0.195895
0.198853
0.198524
0.196223
0.196552
0.194744
0.197703
0.200497
0.198524
0.201154
0.191128
0.195566
0.197374
0.195895
0.197374
0.197374
0.198031
0.198524
0.198031
0.198031
0.195073
0.193265
0.195895
0.19573
0.197374
0.197045
0.196717
0.196388
0.196388
0.196552
0.199018
0.194909
0.201319
0.193922
0.192443
0.195566
0.193429
0.196059
0.192443
0.195073
0.194744
0.199018
0.196881
0.202633
0.197538
0.198031
0.198853
0.197867
0.198031
0.197374
0.199839
0.196059
0.199346
0.19721
0.199511
0.192443
0.196717
0.197703
0.199675
0.197374
0.196552
0.199675
0.197703
0.199511
0.201647
0.199346
0.197538
0.195566
0.196388
0.196059
0.196059
0.194416
0.19721
0.19836
0.197538
0.201319
0.198524
0.196552
0.198853
0.197374
0.201976
0.196388
0.197538
0.196717
0.198031
0.195073
0.194416
0.194909
0.195402
0.193265
0.193101
0.197374
0.19836
0.198031
0.198689
0.200004
0.196059
0.200004
0.197538
0.198196
0.196717
0.197374
0.196223
0.197703
0.196388
0.194087
0.195402
0.19836
0.19573
0.198853
0.198689
0.19836
0.199675
0.197867
0.201976
0.197045
0.200004
0.196223
0.198689
0.196388
0.19721
0.195566
0.196552
0.194909
0.198524
0.199511
0.196388
0.199511
0.198524
0.199346

Kurve 4

0.003268
0.00146
0.003926
0.003926
0.00146
0.002447
-0.001991
-0.004128
0.003104
-0.000676
0.000146
0.000803
0.004255
0.001296
0.00294
0.003761
0.001132
0.00409
0.002447
0.002282
0.001625
-0.002155
0.000146
0.00294
0.000146
0.001625
0.000474
0.001625
-0.000183
0.00031
0.00031
0.000146
-0.000183
0.001296
0.002447
0.001132
-0.001498
-0.001827
0.000146
-0.000676
0.00031
-0.001498
0.000803
-0.001498
-0.001169
-0.001334
0.00146
0.001625
0.001132
0.000639
0.000474
0.003926
0.000474
-0.000347
-0.003963
-0.001334
-0.001991
-0.001991
-0.002648
-0.000676
0.002118
0.00031
0.000639
0.001954
0.001789
0.002611
0.003268
0.003268
0.001296
0.000146
0.000474
-1.9e-05
0.000474
-0.003306
0.001789
-0.000183
0.001789
0.000474
0.002447
-0.001827
0.005898
-0.00232
0.00294
0.00031
-0.000347
0.002447
-0.000347
0.00146
-1.9e-05
0.000803
0.001296
-0.000183
-0.005114
0.000967
-0.001334
-1.9e-05
0.00294
0.000146
0.001789
-0.001005
0.00031
-0.001169
-0.001827
-0.003142
-0.001827
-0.00347
-0.000183
-0.001005
-0.001498
-0.00347
0.000803
-0.000512
0.000639
0.00031
-0.000841
0.002282
-0.000183
0.001132
0.000146
0.000639
-0.000841
0.002447
0.001954
-0.000676
-0.000512
-0.001662
0.000639
0.000967
0.00146
0.000146
0.003268
0.000967
0.000803
0.001132
-0.001498
0.000639
0.001132
-0.001334
0.001954
0.000639
0.001789
0.001132
-0.000183
-1.9e-05
0.001789
0.00294
0.00146
0.001296
-0.000347
0.00031
-0.000183
0.000803
-1.9e-05
0.001625
0.002118
0.001954
0.00031
0.002447
-0.000183
-0.001498
0.002447
0.001625
-0.000347
0.000146
-0.001005
-0.001827
0.000967
-0.001662
-0.002155
0.000474
0.001625
0.002447
0.003104
0.000146
0.001296
0.000639
-0.001334
0.000803
-0.001005
0.000967
-0.000512
0.000967
-0.001498
0.001625
-0.001827
-0.001334
-0.001169
-0.001662
0.00031
0.000474
0.000803
0.001296
0.002611
0.000967
-0.001005
0.006391
0.000639
-0.000183
0.000474
-0.001827
0.00146
-0.001827
-1.9e-05
0.002775
0.002447
0.002282
-0.002484
0.00146
-0.000347
-1.9e-05
-0.001169
0.001625
-0.000183
0.001789
-0.000183
0.000639
-0.000512
-0.000183
-0.000183
-0.000676
-0.002648
-0.001827
0.001132
0.000803
0.002282
0.000474
0.001296
0.00031
0.00031
0.000146
0.001789
-0.001662
-0.00232
-0.001662
0.001789
-0.000512
-0.001498
-0.000183
-0.000512
0.00031
-0.000347
-0.000347
-0.0061
-0.001498
-0.000676
0.004748
0.001625
0.002282
-0.000676
0.000474
-0.000676
-0.00232
0.000803
-0.007579
-0.00347
-0.002648
0.000146
-0.001334
-0.000841
-1.9e-05
0.002775
0.000967
-0.000183
-0.000347
0.002282
-0.001169
-0.001334
0.000146
-0.000183
-0.001169
-0.005278
-0.000512
-0.000512
0.000803
-0.001498
0.005405
-0.001827
-0.000676
-0.001169
-0.000347
0.003268
-0.001827
0.001132
0.001625
-0.001169
-0.000183
0.001789
-0.001169
0.000146
-0.003963
0.000967
-0.002484
-0.002648
-0.001334
-0.000347
-0.003142
0.001625
0.001954
0.000474
0.00031
-0.000183
0.00031
-0.000183
-0.001991
-0.001662
-0.00347
-0.003142
0.000146
-0.006593
-0.002648
0.000146
-0.001991
0.000639
0.00031
-0.001169
0.00031
0.002282
-0.000347
0.000474
0.002118
-0.000347
-0.000841
-0.000183
-0.000676
-0.001005
-0.002813
-0.000676
-0.000512
0.000803
-0.000512
-0.001498
-0.001005
0.00031
0.00146
-0.001334
0.001954
-0.001662
0.002447
0.000146
-0.000347
-0.001498
-0.000676
-0.001991
-0.002813
-0.002484
-0.003963
0.000146
-0.000676
-1.9e-05
-0.001005
0.001789
-0.000512
0.003104
0.00031
0.000146
-0.001169
-0.004128
-0.000183
-0.004785
-0.003306
-0.000512
0.000474
-0.001498
0.003268
0.00031
-0.001498
-0.000183
0.003761
0.001132
0.00146
0.00031
0.001789
-0.000347
-1.9e-05
0.000639
-1.9e-05
-0.003306
-0.00232
0.000967
-0.003963
0.00031
-0.001662
0.000474
0.001296
0.001132
0.000967
0.000803
0.000474
-0.000512
-0.000676
-0.001827
-0.002484
-0.001662
-0.001334
-0.001169
-0.001991
-0.001498
-0.001169
-0.001334
-0.000512
0.00031
0.00031
-0.001334
0.002611
-0.000347
-1.9e-05
-0.001005
0.004255
-0.000347
-0.002977
0.000803
0.000639
-0.000512
-0.002648
0.00294
0.000146
-0.001498
-1.9e-05
0.003433
0.000967
-0.000183
0.00031
0.001625
-0.000347
-0.001827
0.001132
0.002611
0.001132
-0.000676
0.001296
0.000146
0.002775
-0.000183
0.00146
-0.000512
0.003268
0.000146
0.000639
-0.001498
-0.000512
0.002282
-0.001334
-0.000512
-0.000347
0.000474
0.00146
-0.003799
-0.000347
-0.000347
-0.001005
0.000146
0.001132
-0.002155
-0.000347
-0.002484
-0.001662
-0.001498
-1.9e-05
-0.003963
-0.000841
0.001296
0.00031
0.00031
0.000639
-0.001169
0.000639
-0.002155
-0.001169
-0.000676
0.000146
0.000803
0.00031
0.001954
-0.000676
0.000967
0.000474
0.00031
0.000639
0.003433
0.00409
0.003433
-0.00232
0.000967
0.002611
-0.001991
-0.000183
-0.001662
-0.000183
-0.001662
-0.000512
0.000474
-1.9e-05
-0.001005
0.001296
0.000639
0.003926
0.004419
0.000474
0.000474
-0.000512
0.00031
-0.002155
0.000967
-0.001498
0.001132
-0.004456
-0.001662
-0.002977
-0.002155
-0.00347
0.000474
0.00031
0.000967
0.002282
0.000803
0.000803
-0.004456
-0.000841
-0.001991
-0.000841
-0.002484
0.000639
-0.00232
0.00146
-0.000676
0.000967
-1.9e-05
0.001132
0.002118
0.001132
-0.000183
-0.000183
-0.001169
0.000803
0.000803
0.000639
-0.001498
-0.003306
0.003761
0.000803
-0.001662
-0.001991
0.00031
0.000639
0.002282
0.001789
-0.001169
0.005569
-0.000512
0.001296
0.00031
-0.001169
-0.000676
0.000474
-0.003963
-0.000347
-0.001005
0.000146
-0.003142
-0.004292
0.000639
0.002775
0.001625
0.001132
0.000967
0.000474
0.000639
-0.001169
-0.000347
-0.000183
0.00146
-0.001827
0.00146
-0.000841
-0.001169
0.000639
0.000803
0.002118
0.000639
-0.001662
-0.000183
0.001132
-0.000676
0.000639
0.000803
0.001296
-0.001169
0.000639
-0.000841
-0.000183
-0.000512
-0.001005
-0.000347
-0.00232
-0.001169
0.000146
-0.004456
-0.003963
0.005076
-0.00725
0.004255
0.001625
0.000639
0.000803
-0.001334
-0.002813
-0.00232
-0.00347
-0.003635
-0.001498
-0.001005
0.003926
0.000146
0.003433
0.000146
0.00146
-0.000183
0.001296
-0.000512
0.00031
-0.000183
-0.000347
0.00031
0.000146
-0.000347
-0.000347
0.00031
-0.002813
0.001789
0.000639
0.001296
-0.000183
0.002611
0.003926
0.002118
0.001296
0.003268
-0.000512
-1.9e-05
0.002118
0.00146
0.000474
0.001132
0.001954
-0.000841
0.001789
0.001296
0.000803
-0.007744
-0.000676
-0.001169
0.00294
0.000146
-0.000347
-0.005114
-0.001498
0.004583
-0.002977
0.000146
-0.007086
-1.9e-05
0.000639
-0.000183
-0.003142
0.000474
-0.001498
0.000803
0.002611
-0.000512
-0.000347
0.003761
-0.000512
-0.000841
0.001954
-0.002155
0.001296
-0.002977
-0.001169
0.000967
0.00031
-0.000676
0.003597
-0.000347
0.000474
-0.000841
0.000639
0.000474
-0.001991
0.001625
-0.000676
0.001954
-0.001334
0.001132
-0.002484
-0.001334
-0.002484
0.001625
-0.002977
-0.003306
-0.000347
0.001132
0.000967
-0.000512
-0.000512
-0.002813
0.000639
-0.002484
-0.000841
-0.002977
0.001296
0.00031
-0.005607
-0.00347
-0.000841
-0.002155
-0.001334
-0.001005
-0.001662
0.001132
0.000639
0.000639
0.000803
0.001625
0.002775
0.001625
0.001132
0.000639
-0.000676
-0.000183
-0.000841
0.000639
-0.00232
-0.000676
-0.000512
-0.001827
0.000474
-0.001334
-0.002648
-0.001169
-0.000183
-0.002813
-0.001005
-0.003635
-0.001334
-0.000347
-0.002155
-0.001334
-0.003963
-0.002155
-0.00232
-0.000183
0.002118
0.012144
0.015431
0.022169
0.029894
0.037126
0.040413
0.048631
0.053562
0.060465
0.066875
0.07312
0.07838
0.080023
0.08857
0.086597
0.098267
0.099582
0.107471
0.104184
0.110922
0.107635
0.113716
0.118811
0.122756
0.126372
0.128837
0.133275
0.134754
0.137712
0.138863
0.142479
0.143465
0.149217
0.14593
0.150039
0.14971
0.153162
0.153162
0.155792
0.1576
0.159079
0.161709
0.163681
0.165653
0.164338
0.165653
0.168283
0.168612
0.170419
0.148396
0.027593
0.002447
0.00146
0.002611
0.003433
0.004419
0.001789
0.001789
0.003104
0.002611
0.002118
0.001625
0.003268
0.000803
0.000146
-1.9e-05
0.00031
0.000146
-1.9e-05
-0.000347
-0.000347
-0.000512
-0.000183
-1.9e-05
-1.9e-05
0.000146
-1.9e-05
0.000639
0.000146
-0.000347
-0.000347
0.001954
0.003268
0.002118
-0.000183
0.001625
0.000803
0.002118
0.000639
0.00146
0.003268
0.002447
0.002611
0.001954
0.002775
0.001132
0.004255
0.001132
0.00294
0.002611
0.003268
0.000967
0.000474
-0.001005
-0.000183
0.00146
0.001789
0.001954
0.000967
0.002447
0.002282
0.002775
0.000967
0.002447
0.001954
0.002118
0.001132
0.001296
0.001625
0.003104
0.000474
-0.000347
0.004583
0.000474
0.004748
0.001132
0.003104
0.001132
0.00294
0.002447
0.002775
-0.001334
0.002447
0.00409
0.001789
0.000803
0.000474
-0.001169
0.00146
0.002118
0.000146
0.00409
0.00031
0.004748
-0.001498
0.002118
0.000639
0.000474
0.000639
-0.001498
0.000639
0.000639
0.006227
0.00031
-0.000183
0.002611
0.001296
-0.000512
0.000639
0.000474
0.000639
0.000803
0.000146
0.002118
0.000639
0.000146
0.000639
0.001625
0.000639
-0.000841
-0.000347
0.00409
-1.9e-05
0.001296
-0.000183
0.00031
0.001296
-1.9e-05
-0.000347
0.004255
-0.000183
-0.000183
0.000474
0.001625
0.003761
0.000146
0.000967
0.000474
0.00031
-0.001334
-0.000183
-0.001334
-0.000512
0.000803
0.001296
0.002447
0.000967
0.00146
0.005405
-0.000183
-0.000347
0.005076
0.000146
-0.001169
0.002447
0.004912
0.003597
0.00031
0.000146
0.00031
0.000639
-0.000183
-1.9e-05
0.002611
0.002611
0.001789
0.000146
0.000474
0.000474
0.000474
-1.9e-05
0.000146
-0.000183
-0.001498
0.002118
-0.000347
-0.000347
0.000146
0.000146
0.001132
0.001296
0.003926
0.002775
-0.000183
0.003104
-0.001169
0.001132
-1.9e-05
0.001789
0.001625
0.002282
0.001296
0.001132
0.003926
0.00146
0.001132
-0.000347
-0.000347
0.001132
0.003433
0.003268
0.001954
0.001789
-0.000347
0.006391
0.002447
0.003926
0.002447
0.002282
0.001132
0.000967
0.00294
0.002447
0.003597
0.002611
0.004419
0.001132
0.000803
0.001625
0.004912
0.00146
0.003433
0.001625
0.005076
0.005569
0.003268
0.004255
0.000967
0.001625
0.002118
0.00031
-1.9e-05
0.00294
0.000474
0.002447
0.001789
0.002282
0.003926
0.001296
0.002775
0.00294
-0.00232
0.000639
0.003433
0.002775
0.002282
0.001954
-0.000512
0.001789
0.001789
-0.001005
0.001625
-0.005607
-0.004292
0.00294
0.003597
0.001954
0.001789
0.001132
0.00146
0.00146
0.000803
0.001132
0.003268
-0.002484
0.000967
0.003597
0.001789
0.002447
0.002118
0.001296
0.001625
0.000803
0.002611
0.007706
0.000146
-1.9e-05
0.00294
0.001296
0.002447
0.000803
0.002775
0.000803
0.001625
0.000474
0.004255
0.00146
0.000639
0.002282
0.001789
0.00146
0.001296
0.00146
0.00294
0.001789
0.000967
0.003268
0.001296
0.002611
0.000967
0.000967
0.000967
0.002282
-0.000512
0.000803
0.004255
0.001296
0.002611
0.001789
0.002282
-0.001334
0.00409
0.004748
0.001132
0.000967
0.000146
0.000803
0.002447
0.003597
0.000639
0.001789
0.00409
0.002775
0.00031
0.000639
-0.000183
0.003597
0.001954
0.003926
0.005076
0.003761
0.002611
0.001132
0.003268
0.002775
0.002282
0.002775
0.003268
0.00031
0.003268
0.001789
0.002775
0.00294
0.00409
0.002775
0.002118
0.001625
0.003761
0.005734
0.000474
0.00294
0.002447
0.002611
0.004748
0.002447
0.000146
0.005898
0.002775
0.002611
0.002447
0.003104
0.006062
0.005241
0.003433
0.003104
0.004255
0.003761
0.002611
0.00294
0.000967
0.000474
0.003761
0.001132
0.003761
0.000639
0.004419
0.00672
0.004419
0.001789
0.005076
0.003761
0.003761
0.003926
0.002447
0.003433
0.001625
0.003597
0.003104
0.00409
0.002611
0.001296
0.003433
0.003104
0.001954
0.002118
0.004419
0.000474
0.002447
0.003268
0.002447
0.002282
0.00146
0.003433
0.007377
0.004419
0.002282
0.001132
0.00294
0.002447
0.003268
0.00409
0.003104
0.00146
0.00409
0.003104
0.00294
0.003761
0.003761
0.006062
0.001132
0.003926
0.003926
0.002447
0.002775
0.004419
0.001625
0.002282
0.005076
0.000967
0.004912
0.001954
0.003433
0.002775
0.00672
0.003268
0.00672
0.004419
0.006884
0.003597
0.00409
0.004912
0.010336
0.011815
0.005405
0.005569
0.005734
0.001789
0.003761
0.007213
0.002611
0.003926
0.003268
0.009514
0.00672
0.005734
0.006884
0.006062
0.010829
0.005898
0.004748
0.004748
0.007706
0.005734
0.010336
0.007706
0.006556
0.008199
0.009021
0.007377
0.00294
0.005898
0.005241
0.001625
0.004583
0.004255
0.003926
0.006884
0.004912
0.008528
0.004583
0.006556
0.010829
0.016746
0.005241
0.005898
0.003761
0.004748
0.005898
0.004583
0.005405
0.004583
0.005898
0.004255
0.011651
0.005241
0.008528
0.003104
0.006227
0.004419
0.005734
0.00935
0.005898
0.00935
0.013294
0.01313
0.00787
0.010336
0.016253
0.021019
0.015266
0.018389
0.023977
0.028908
0.03351
0.032195
0.028086
0.03088
0.030223
0.037783
0.042714
0.04633
0.035647
0.014116
0.009843
0.003926
0.004419
0.007049
0.00672
0.007049
0.013787
0.01576
0.018554
0.017074
0.020033
0.018554
0.018225
0.019868
0.021019
0.03088
0.021019
0.021676
0.025292
0.028086
0.03614
0.041728
0.047809
0.044686
0.047973
0.055698
0.055041
0.057999
0.05915
0.065724
0.073284
0.073778
0.065231
0.067368
0.068189
0.068682
0.074435
0.067039
0.047152
0.021841
0.019047
0.027922
0.034332
0.037126
0.037126
0.046001
0.04633
0.054055
0.058328
0.047645
0.048631
0.056684
0.054055
0.052904
0.05389
0.062766
0.067039
0.06934
0.072134
0.073449
0.077229
0.077229
0.082982
0.051425
0.048138
0.046166
0.038769
0.038934
0.045179
0.049781
0.051754
0.057342
0.063259
0.064738
0.066217
0.068354
0.072134
0.073778
0.076407
0.082324
0.079037
0.078873
0.059478
0.059972
0.062437
0.066875
0.066546
0.054548
0.057013
0.055205
0.059807
0.05389
0.039427
0.018882
0.008199
0.005734
0.005734
0.005076
0.006062
0.003926
0.005898
0.00787
0.005405
0.006062
0.008363
0.015266
0.024964
0.022334
0.024799
0.034989
0.034989
0.040249
0.040906
0.034168
0.040577
0.046659
0.038769
0.016581
0.024964
0.027922
0.015924
0.010336
0.009514
0.00787
0.004912
0.016253
0.025292
0.029072
0.035482
0.034661
0.035482
0.037948
0.02595
0.034661
0.038276
0.044358
0.046166
0.054712
0.058492
0.063587
0.069504
0.072298
0.075585
0.070162
0.071477
0.077886
0.086597
0.073449
0.079201
0.080187
0.06934
0.021841
0.005076
0.005569
0.006884
0.009514
0.016253
0.018389
0.018554
0.006227
0.010336
0.006556
0.011815
0.014609
0.010171
0.00787
0.00787
0.008035
-0.003306
0.001296
0.00294
0.011815
0.016417
0.021676
0.016581
0.024964
0.028908
0.017567
0.007213
0.007213
0.006391
0.011486
0.020197
0.0105
0.008528
0.014938
0.015266
0.009185
0.014609
0.019047
0.02595
0.030552
0.029894
0.007542
0.003433
0.007542
0.008692
0.005241
0.004912
0.010993
0.010829
0.017732
0.007706
0.005405
0.004912
0.007542
0.001296
0.001954
0.002118
0.00409
0.002118
0.003926
0.003104
0.00294
0.007542
0.004419
0.007706
0.010664
0.014938
0.020855
0.024635
0.022169
0.014938
0.005405
0.008363
0.012308
0.015595
0.01576
0.011979
0.01428
0.016581
0.007706
0.002282
0.002447
0.004255
0.005734
0.003597
0.004583
0.000639
0.002282
0.000967
0.002282
0.000967
0.000967
0.004419
0.002118
0.000967
0.004255
0.002447
0.005569
0.00935
0.001954
0.004419
0.00294
0.001296
0.002447
0.004255
0.005076
0.013294
0.017239
0.014609
0.005898
0.006884
0.007213
0.009843
0.017896
0.005734
0.005076
0.007706
0.010171
0.012801
0.0105
0.006062
0.006062
0.009021
0.014445
0.014445
0.011651
0.013459
0.003104
0.008528
0.00672
0.00672
0.007377
0.008035
0.012965
0.013294
0.013623
0.013459
0.013459
0.013787
0.013459
0.012965
0.011651
0.008528
0.009514
0.009514
0.005241
0.003433
0.004912
0.005734
0.011322
0.000803
0.000474
0.000967
0.00031
0.00031
-0.000347
-0.000347
-0.000347
-0.000347
-1.9e-05
0.000474
0.00409
0.005569
0.00672
0.003104
0.000474
-0.000183
-0.000347
-0.000183
-0.000183
-0.000183
-1.9e-05
0.000146
0.000146
0.000146
0.000146
0.000146
-0.000183
-0.000183
-0.000512
-0.000347
-0.000512
0.000146
0.00031
0.000146
0.000146
0.00031
0.000146
-0.000183
-0.000347
-0.000347
-0.000512
-0.000183
0.000146
0.00031
0.000146
0.00031
0.000146
0.000146
-0.000183
-0.000183
-0.000347
-0.000347
-0.000183
-1.9e-05
0.00031
0.00031
0.00031
0.000474
-0.000183
0.000474
-0.001005
-0.000347
0.001296
-0.000676
0.00031
0.000146
0.000639
0.000146
0.000474
0.00031
-0.000347
-0.000183
-0.000347
-0.000512
0.004255
0.002118
0.000146
-1.9e-05
0.00031
0.000146
0.000146
-1.9e-05
-0.000347
0.001954
0.003597
0.001132
0.001789
0.00031
0.00031
-1.9e-05
0.000474
0.004912
0.00031
-0.000183
0.00409
0.000146
0.006062
0.005405
0.005569
0.008528
0.010007
0.002282
0.000146
0.00031
-0.000183
0.00031
0.000146
0.008199
0.007049
0.013623
0.021348
0.026771
0.038769
0.042878
0.05011
0.053397
0.062766
0.064409
0.071641
0.075257
0.080023
0.084461
0.090542
0.093993
0.096952
0.09876
0.102047
0.105005
0.106978
0.113552
0.114702
0.114867
0.104841
0.096459
0.089885
0.084296
0.076079
0.071641
0.064902
0.063094
0.060465
0.060958
0.066381
0.069011
0.073449
0.079859
0.085118
0.087255
0.087748
0.084132
0.087748
0.088405
0.0935
0.095308
0.099746
0.104677
0.109443
0.112237
0.115524
0.120291
0.121605
0.123742
0.127194
0.127358
0.119797
0.122263
0.121605
0.1267
0.124728
0.12818
0.130152
0.131796
0.136069
0.136233
0.139027
0.138863
0.145602
0.144451
0.146752
0.146916
0.15234
0.152011
0.151025
0.150532
0.151683
0.154477
0.153491
0.156449
0.155956
0.158914
0.160558
0.161051
0.161215
0.164174
0.163352
0.167625
0.166639
0.167625
0.168776
0.165653
0.169598
0.172556
0.172227
0.171406
0.173049
0.171899
0.172227
0.169926
0.170091
0.167625
0.169433
0.16516
0.167625
0.167461
0.167297
0.166475
0.156285
0.162695
0.163023
0.160558
0.160394
0.160722
0.15612
0.159901
0.162366
0.156942
0.158093
0.154148
0.159736
0.162859
0.160722
0.163516
0.149217
0.120948
0.07575
0.061779
0.060465
0.064245
0.068518
0.067861
0.07197
0.069011
0.063916
0.043865
0.011815
0.014773
0.015924
0.019047
0.024799
0.035154
0.026114
0.026936
0.026278
0.031209
0.040249
0.043371
0.048795
0.057177
0.059807
0.06556
0.071312
0.073613
0.080352
0.085283
0.090378
0.094815
0.097938
0.101061
0.10632
0.109772
0.118154
0.116182
0.115524
0.117003
0.118976
0.119962
0.123906
0.124564
0.129495
0.132289
0.136069
0.136398
0.140342
0.140178
0.141657
0.146259
0.140506
0.098431
0.012965
0.000639
-1.9e-05
-1.9e-05
-0.000512
-0.000347
0.000146
0.000474
0.00031
0.000474
0.000474
0.00031
-0.000183
-0.000347
-0.000347
-0.000512
-0.000347
-0.000183
0.000146
0.000146
0.00031
0.00031
0.000146
-1.9e-05
-0.000347
-0.000183
-0.000512
-0.000347
-0.000183
-1.9e-05
0.000146
0.00031
0.00031
0.000146
-0.000183
-0.000183
-0.000347
-0.000183
-0.000347
-0.000183
-1.9e-05
0.000146
0.000146
0.00031
0.000146
-1.9e-05
-0.000183
-0.000183
-0.000347
-0.000183
-1.9e-05
0.000146
0.000146
0.00031
0.000639
0.000146
-1.9e-05
-0.000347
-0.000512
-0.000676
-0.000183
0.000146
-1.9e-05
0.00031
0.000146
0.00031
0.000146
-0.000347
-0.000183
-0.000183
-0.000347
-1.9e-05
-1.9e-05
-1.9e-05
0.000474
0.000146
0.00031
0.000146
-1.9e-05
-0.000347
-0.000183
-0.000512
-0.000183
-1.9e-05
-0.000183
-1.9e-05
0.00031
0.000146
-1.9e-05
-0.000183
-0.000347
-0.000347
-0.000183
-0.000512
0.000146
-1.9e-05
0.000146
0.000474
0.00031
0.000146
-0.000183
-0.000347
-0.000347
-0.000512
-0.000347
-0.000183
-1.9e-05
0.000146
0.00031
0.000146
0.000146
-0.000183
-0.000183
-0.000347
-0.000676
-0.000512
-0.000183
0.000146
0.000146
0.000146
0.000146
0.00031
-1.9e-05
-0.000183
-0.000512
-0.000347
-0.000183
-1.9e-05
0.000146
0.00031
0.000146
0.000474
0.00031
-0.000183
-0.000347
-0.000347
-0.000512
-0.000347
-1.9e-05
0.000146
0.000146
0.000146
0.00031
0.00031
-1.9e-05
-0.000512
-0.000347
-0.000512
-0.000183
-0.000183
0.000146
0.000146
0.000474
0.00031
0.000146
-0.000183
-0.000347
-0.000183
-0.000512
-0.000183
-1.9e-05
0.000146
0.000146
-1.9e-05
0.00031
0.000146
-0.000183
-0.000183
-0.000512
-0.000676
-0.000347
-1.9e-05
-1.9e-05
-1.9e-05
0.000146
0.000146
0.00031
-0.000347
-0.000347
-0.000347
-0.000676
-0.000183
-1.9e-05
-1.9e-05
0.000146
0.00031
0.00031
0.000146
-0.000183
-0.000183
-0.000512
-0.000676
-0.000183
-1.9e-05
0.000146
0.00031
0.00031
0.00031
-1.9e-05
-0.000183
-0.000512
-0.000347
-0.000347
-0.000183
-0.000183
-1.9e-05
0.00031
0.000474
0.00031
0.000146
-0.000183
-0.000347
-0.000347
-0.000512
-0.000183
0.000146
0.000146
0.00031
0.000146
0.00031
-1.9e-05
-0.000183
-0.000183
-0.000347
-0.000347
-0.000183
0.000146
0.000146
0.000146
0.000146
0.000146
-1.9e-05
-0.000183
-0.000183
-0.000347
-0.000347
-0.000183
0.000146
0.000146
0.000146
0.000146
0.00031
-1.9e-05
-0.000183
-0.000512
-0.000347
-0.000512
-0.000183
-1.9e-05
0.00031
0.000146
0.000474
0.000146
-1.9e-05
-0.000183
-0.000347
-0.000183
-0.000347
-0.000347
-1.9e-05
0.000146
0.00031
0.00031
0.000146
-0.000347
-0.000347
-0.000183
-0.000512
-0.000183
-0.000183
-1.9e-05
0.00031
0.00031
0.00031
0.000474
-1.9e-05
-1.9e-05
-0.000347
-0.000512
-0.000183
-0.000347
-1.9e-05
0.000146
0.000146
0.000146
0.00031
-1.9e-05
-0.000183
-0.000183
-1.9e-05
-0.000347
-0.000183
0.000146
0.000146
0.00031
-1.9e-05
0.00031
0.001954
0.010993
0.013787
0.022991
0.028908
0.034989
0.041399
0.047152
0.054383
0.057013
0.064738
0.068682
0.075257
0.07953
0.086597
0.087255
0.091692
0.095966
0.103362
0.105498
0.108621
0.113552
0.117332
0.120784
0.121277
0.125879
0.121605
0.130645
0.132289
0.136233
0.138041
0.137877
0.141164
0.146095
0.147738
0.149053
0.152505
0.141657
0.153162
0.157271
0.157107
0.156942
0.161709
0.159901
0.165324
0.164667
0.167625
0.167132
0.163352
0.168447
0.170419
0.173871
0.171077
0.176008
0.17157
0.176008
0.17798
0.176336
0.179459
0.184061
0.179459
0.180116
0.179952
0.179459
0.180116
0.180445
0.18439
0.179952
0.184061
0.183732
0.188499
0.182911
0.187677
0.184718
0.186855
0.186526
0.186033
0.187348
0.189156
0.186691
0.188827
0.188827
0.185047
0.19195
0.190142
0.191293
0.189814
0.189649
0.188992
0.194416
0.18932
0.1908
0.193429
0.192608
0.191457
0.192772
0.19195
0.192772
0.193429
0.192772
0.19458
0.192936
0.195895
0.195073
0.195895
0.193922
0.195073
0.195237
0.19195
0.195237
0.198524
0.19458
0.194251
0.195402
0.194087
0.194087
0.194744
0.193429
0.191786
0.192608
0.192443
0.194909
0.19458
0.196881
0.19458
0.194909
0.196881
0.193922
0.193922
0.194251
0.193758
0.194087
0.196717
0.195566
0.196388
0.195073
0.192936
0.193265
0.193758
0.192279
0.195895
0.191128
0.193101
0.19573
0.19573
0.196223
0.196388
0.19836
0.194416
0.197045
0.195402
0.198853
0.197045
0.195895
0.197538
0.197867
0.198031
0.198031
0.197703
0.19573
0.199675
0.194909
0.198524
0.196388
0.195073
0.196059
0.199839
0.197703
0.196388
0.196059
0.19721
0.197703
0.196223
0.196717
0.197867
0.196881
0.197374
0.201319
0.197538
0.199018
0.198031
0.196717
0.201483
0.197867
0.195566
0.199511
0.195237
0.195402
0.196717
0.195566
0.197045
0.200825
0.196059
0.196059
0.198853
0.197045
0.198853
0.19721
0.198853
0.198524
0.198031
0.196223
0.199182
0.196717
0.195237
0.195895
0.199182
0.198853
0.196552
0.197045
0.197703
0.199018
0.196881
0.199675
0.197703
0.201154
0.199182
0.20099
0.193101
0.197867
0.198689
0.197867
0.195402
0.196717
0.198524
0.19721
0.198031
0.197867
0.199675
0.197703
0.199018
0.199182
0.203291
0.20214
0.199675
0.200004
0.196717
0.195566
0.198196
0.19721
0.193429
0.199675
0.197538
0.19836
0.197867
0.199018
0.19836
0.197867
0.197538
0.198031
0.199511
0.197867
0.198031
0.19836
0.198196
0.196717
0.199182
0.198196
0.198689
0.195566
0.199839
0.196388
0.199018
0.198196
0.200004
0.199018
0.199346
0.199018
0.197703
0.19836
0.19721
0.197703
0.196552
0.199182
0.193101
0.198853
0.196059
0.196388
0.199346
0.202305
0.199839
0.199675
0.203291
0.200825
0.200497
0.200661
0.199839
