Ladekurvenmessung

Zeit: 2018_05_02 15.27.47

Info: FVA3, v = 0.8059, T = 40, F = 20, h = 332.7

Ladewiderstand[Ohm]: 1012700

Störkapazität[nF]: 0.000000

Entladezeit[ms]: 100

Abtastrate[Hz]: 250000

Anzahl der Messwerte: 2500

Verzögerung [ms]: 1


Kurve 1

0.002509
-0.003545
-0.002196
-0.001801
-0.004861
-0.003578
-0.003742
-0.001571
-0.00213
-0.001275
-0.00519
0.001225
-0.006078
-0.001012
-0.002689
-0.001966
-0.002328
-0.002755
-0.002591
0.001554
-0.001143
-0.001571
0.002805
-0.004071
-0.005552
-0.005815
-0.003644
-0.00519
-0.001703
-0.004927
-0.003117
-0.002229
-0.000748
-0.012131
-0.00769
-0.002591
-0.001505
-0.002821
-0.00236
-0.005256
-0.004269
-0.002525
-0.003907
-0.001703
-0.004762
-0.002262
-0.003117
-0.005091
-0.004696
-0.00111
0.000304
-0.004104
-0.003018
-0.004729
-0.00644
-0.003775
-0.004433
-0.005617
-0.002755
-0.00644
-0.005025
-0.003249
-0.001999
-0.0019
-0.004631
-0.001308
-0.002558
-0.001703
0.000633
-0.002722
-0.002426
-0.001703
-0.003479
-0.000683
-0.000913
-0.003315
-0.00338
-0.00111
-0.001999
-0.003315
-0.003874
-0.003183
-0.001735
-0.003907
-0.005289
-0.000847
-0.001867
-0.002591
-0.00065
-0.002953
-0.000255
-0.003709
-0.002854
-0.003051
-0.001505
-0.006506
0.000436
-0.003512
-0.002426
-0.001308
8e-06
-0.004861
-0.003973
-0.002821
-0.006539
-0.001505
-0.003907
0.000239
-0.002755
-0.004236
0.001028
-0.000748
-0.004696
-5.8e-05
-0.002657
-0.002624
-0.00088
0.00139
-0.001045
-0.003315
-0.000551
-0.001834
0.001851
-0.001703
0.00445
-0.001143
-0.001801
-0.00065
-0.000288
-0.006341
-0.001143
-0.001045
-0.00167
-0.001242
-0.004992
-0.000551
-0.001538
-0.002262
-0.001735
-0.000485
-0.006144
0.000765
-0.001834
0.000666
-0.001439
-0.002262
-0.002821
-0.000781
-0.002032
0.000535
-0.000584
-0.003874
0.001028
-0.001505
-0.000814
-0.000979
-0.001275
-0.003808
0.00241
-0.002525
-0.001406
-0.000683
-0.001308
0.00162
-0.004038
0.000469
-0.000617
-0.002953
-0.003841
-0.001012
-0.000814
0.000239
-0.002328
-0.001538
0.001752
0.003002
-0.000979
-0.009927
-0.001867
-0.000419
-0.002689
0.000403
-0.002196
-0.00167
-0.003051
-9e-05
0.001423
-0.001012
0.000337
-0.002986
-0.000321
-0.002163
0.000699
-0.000584
7.4e-05
-0.000123
0.001028
-0.000847
-0.000354
-0.001867
0.000864
0.003693
-0.003512
0.001752
-0.001703
-0.004499
-0.003051
0.003002
-0.002295
-0.000123
0.000304
0.002838
-0.003315
-0.002459
-0.001933
0.000765
-0.002821
-0.002953
0.00116
-0.001077
0.000436
0.000173
-0.001275
-0.004499
0.000337
-0.001143
0.002509
0.001127
-0.00338
0.000304
-0.001999
-0.000419
0.000173
0.001291
-0.001077
0.002509
-0.002525
0.00014
-0.001637
-0.004236
8e-06
0.000502
0.000304
0.000633
0.001028
-0.000255
-9e-05
-0.001604
-0.001143
-0.001472
-0.00213
0.006851
0.012576
0.015076
0.026459
0.031262
0.037085
0.044389
0.053338
0.058799
0.065082
0.068471
0.074656
0.078341
0.083539
0.089921
0.093902
0.097258
0.101666
0.106864
0.108049
0.114661
0.118576
0.122327
0.121044
0.130288
0.130091
0.134795
0.136342
0.136506
0.140092
0.144632
0.147396
0.149435
0.150126
0.153285
0.156377
0.155094
0.158779
0.157068
0.161608
0.16049
0.165457
0.16674
0.170721
0.165786
0.17207
0.173781
0.175162
0.177169
0.173189
0.174998
0.176314
0.177959
0.175261
0.183979
0.177465
0.18296
0.186184
0.185559
0.189243
0.186842
0.185888
0.189967
0.193356
0.191908
0.192928
0.190691
0.194737
0.193685
0.196218
0.189572
0.194375
0.194441
0.196152
0.196448
0.196514
0.197007
0.201515
0.197139
0.200626
0.202469
0.199738
0.203554
0.19579
0.203061
0.200626
0.200988
0.199804
0.202238
0.200988
0.202567
0.202633
0.202107
0.204936
0.203653
0.206647
0.202798
0.205462
0.205002
0.205824
0.206713
0.204048
0.203028
0.202173
0.203554
0.205627
0.201317
0.200363
0.201449
0.203686
0.203225
0.203061
0.208193
0.208522
0.207371
0.205101
0.208292
0.203949
0.203817
0.20339
0.206482
0.202633
0.207206
0.202798
0.203324
0.203225
0.203653
0.203357
0.203456
0.202403
0.205035
0.20339
0.200791
0.206943
0.199738
0.205594
0.201909
0.203357
0.201515
0.201515
0.199705
0.201317
0.202074
0.201284
0.209147
0.200199
0.202732
0.202107
0.204015
0.202041
0.206351
0.202271
0.203291
0.202074
0.202567
0.201383
0.200001
0.197863
0.19987
0.20056
0.19829
0.200725
0.202469
0.203357
0.204048
0.19908
0.202403
0.202238
0.200396
0.204081
0.20441
0.201284
0.199409
0.201186
0.200166
0.201449
0.203521
0.203488
0.202502
0.201778
0.20112
0.204903
0.206614
0.20214
0.204146
0.200231
0.203258
0.203949
0.203587
0.201745
0.202041
0.199409
0.203916
0.200988
0.199376
0.202699
0.199014
0.201515
0.200889
0.200528
0.197665
0.197303
0.201186
0.196448
0.197501
0.198619
0.201383
0.201646
0.19885
0.199212
0.199705
0.199508
0.203883
0.200922
0.200593
0.195395
0.200133
0.198093
0.200264
0.199606
0.201087
0.2001
0.202271
0.197402
0.201844
0.200988
0.198751
0.199179
0.198554
0.201416
0.199935
0.198685
0.196284
0.203488
0.199475
0.197961
0.200133
0.202962
0.199113
0.199014
0.201876
0.199047
0.194704
0.200001
0.199047
0.198027
0.201416
0.198488
0.201087
0.19829
0.200166
0.19556
0.196843
0.196251
0.197994
0.196974
0.193027
0.198126
0.195198
0.198126
0.200034
0.196316
0.197534
0.200593
0.197435
0.19602
0.200264
0.202173
0.198126
0.201186
0.200264
0.200495
0.200889
0.2001
0.201284
0.198784
0.199804
0.201482
0.201449
0.198883
0.20543
0.201482
0.205397
0.203752
0.201087
0.203949
0.202765
0.203423
0.205594
0.205824
0.203752
0.205232
0.205857
0.204969
0.204607
0.206055
0.204114
0.207272
0.201712
0.207009
0.205923
0.206318
0.205989
0.207272
0.204772
0.206252
0.210134
0.204574
0.206844
0.205462
0.207568
0.205166
0.209608
0.20612
0.208489
0.20464
0.209213
0.204179
0.208094
0.207667
0.206351
0.209213
0.207436
0.210792
0.207239
0.207996
0.20612
0.205989
0.205923
0.207634
0.205331
0.208358
0.206778
0.206087
0.207601
0.203949
0.20997
0.205956
0.206713
0.207436
0.207502
0.205857
0.209739
0.206351
0.209246
0.205594
0.206482
0.196448
0.203785
0.202633
0.204245
0.201153
0.205528
0.203159
0.202995
0.204311
0.204903
0.207831
0.203094
0.206153
0.201745
0.204114
0.20362
0.203456
0.201054
0.201844
0.201679
0.205627
0.201909
0.201646
0.202403
0.202041
0.200791
0.20362
0.204837
0.201449
0.206186
0.202205
0.204969
0.206087
0.203225
0.201482
0.201778
0.199573
0.200495
0.200528
0.199902
0.200396
0.202008
0.201712
0.202962
0.202962
0.202798
0.204475
0.201844
0.201317
0.200363
0.201449
0.198488
0.201317
0.199475
0.199277
0.200264
0.19908
0.197007
0.198455
0.197961
0.196185
0.20135
0.200429
0.203719
0.200889
0.201383
0.199771
0.199738
0.198751
0.199968
0.198422
0.199245
0.198981
0.19908
0.201745
0.202107
0.198916
0.201844
0.206713
0.199212
0.201844
0.197764
0.198422
0.201054
0.202271
0.199738
0.201547
0.200725
0.202107
0.199606
0.198685
0.201482
0.199705
0.201482
0.200626
0.202962
0.20112
0.200988
0.200363
0.203554
0.205068
0.199672
0.200955
0.200363
0.196547
0.198948
0.199738
0.198718
0.200462
0.199705
0.197402
0.202173
0.201811
0.203291
0.201054
0.202271
0.202469
0.201153
0.205298
0.201745
0.204081
0.201218
0.201153
0.201449
0.198258
0.202205
0.200889
0.201284
0.199376
0.200166
0.196053
0.198652
0.202403
0.204804
0.199146
0.201646
0.198422
0.198159
0.198389
0.200528
0.196514
0.199672
0.200034
0.198751
0.202271
0.198027
0.200857
0.19704
0.201087
0.197501
0.200297
0.195988
0.199573
0.198784
0.197961
0.191678
0.19556
0.201449
0.195362
0.200824
0.200264
0.198225
0.197007
0.202173
0.200396
0.203127
0.19704
0.199442
0.202633
0.201482
0.203488
0.20214
0.20158
0.200824
0.203258
0.202337
0.20487
0.201317
0.19931
0.204508
0.206022
0.20816
0.206713
0.205035
0.203817
0.209937
0.206811
0.207272
0.20566
0.205923
0.206087
0.206844
0.204015
0.207469
0.205791
0.207009
0.209542
0.207173
0.209114
0.209114
0.210529
0.210266
0.209641
0.208719
0.208917
0.209081
0.203028
0.206219
0.209377
0.202238
0.208752
0.210233
0.209739
0.209476
0.209377
0.209641
0.209673
0.207009
0.210167
0.210726
0.208917
0.210002
0.207765
0.207765
0.204969
0.206844
0.204837
0.2077
0.209312
0.205068
0.208522
0.203982
0.202929
0.208193
0.206022
0.20543
0.204772
0.203225
0.204541
0.202436
0.20543
0.20283
0.203423
0.201021
0.205528
0.200429
0.204015
0.202995
0.202962
0.20214
0.202074
0.203982
0.206614
0.200462
0.198225
0.203488
0.202041
0.199902
0.201251
0.202041
0.195922
0.199606
0.203094
0.199047
0.202074
0.203752
0.203258
0.20487
0.200889
0.203554
0.205528
0.202205
0.206022
0.204508
0.205035
0.203028
0.203686
0.205561
0.203225
0.199804
0.203883
0.202633
0.205495
0.211516
0.207831
0.209114
0.207272
0.207305
0.208029
0.205923
0.204245
0.205824
0.204936
0.206548
0.206877
0.205166
0.205397
0.205791
0.206811
0.208127
0.209838
0.209838
0.206581
0.207897
0.207042
0.202041
0.203291
0.203291
0.206351
0.201482
0.205693
0.199508
0.205462
0.205462
0.202238
0.206581
0.206416
0.205956
0.205857
0.20714
0.206022
0.202337
0.202304
0.209048
0.20214
0.204969
0.20487
0.200922
0.199705
0.202798
0.200791
0.201054
0.204673
0.199935
0.198159
0.200955
0.200231
0.201547
0.201054
0.198751
0.203554
0.200133
0.20135
0.201745
0.199837
0.198817
0.200462
0.19783
0.198817
0.199508
0.19829
0.200034
0.199771
0.201613
0.197797
0.202995
0.19681
0.197501
0.19602
0.196678
0.198883
0.198488
0.195955
0.197205
0.195757
0.196777
0.201251
0.195757
0.194836
0.195691
0.199179
0.19477
0.198356
0.195988
0.197336
0.195428
0.195001
0.193553
0.194211
0.192434
0.197139
0.193717
0.193586
0.194277
0.192698
0.197797
0.195626
0.196613
0.194441
0.194145
0.193158
0.196316
0.19329
0.197007
0.195362
0.19704
0.193487
0.195001
0.19352
0.193454
0.192665
0.192105
0.195165
0.191053
0.194112
0.190954
0.195066
0.193224
0.194343
0.192073
0.199113
0.192763
0.196053
0.193487
0.192961
0.192994
0.192928
0.193915
0.190954
0.19533
0.192138
0.192599
0.190131
0.195066
0.191349
0.192303
0.191513
0.193981
0.198521
0.18977
0.192895
0.190757
0.189441
0.185427
0.190757
0.188914
0.188947
0.188585
0.190099
0.185295
0.190164
0.18898
0.188717
0.190164
0.191316
0.189572
0.188355
0.18648
0.186447
0.186546
0.183749
0.187598
0.183782
0.183124
0.184078
0.184045
0.184736
0.18569
0.185526
0.188848
0.187993
0.189803
0.191776
0.18977
0.188223
0.179505
0.186249
0.184901
0.187861
0.185822
0.188684
0.187138
0.18796
0.188454
0.190954
0.189835
0.192007
0.192928
0.193092
0.188651
0.191053
0.19204
0.189474
0.19023
0.191941
0.18773
0.1875
0.192434
0.190592
0.191447
0.194441
0.19329
0.19352
0.196218
0.195428
0.19829
0.195757
0.196251
0.195297
0.198093
0.198356
0.198685
0.197336
0.193981
0.195659
0.196448
0.197534
0.19806
0.19987
0.199705
0.205397
0.203554
0.20385
0.201613
0.201284
0.203028
0.199573
0.203061
0.203521
0.202962
0.200857
0.201844
0.202008
0.204081
0.202633
0.204146
0.203521
0.208259
0.205462
0.203752
0.205232
0.203028
0.204607
0.202074
0.201449
0.202074
0.204772
0.19885
0.202304
0.20112
0.201021
0.199277
0.200034
0.200758
0.1976
0.202008
0.19908
0.197369
0.198981
0.199573
0.199047
0.200824
0.200133
0.199902
0.197929
0.201087
0.194573
0.194507
0.195428
0.195724
0.190033
0.197435
0.196974
0.196514
0.197139
0.195428
0.193421
0.191875
0.194211
0.192303
0.193553
0.191645
0.193553
0.190592
0.189572
0.191842
0.188519
0.193948
0.189309
0.190888
0.191776
0.189803
0.191316
0.192237
0.188289
0.19125
0.19
0.192599
0.187269
0.187467
0.186249
0.186052
0.190296
0.188585
0.189243
0.188289
0.189276
0.191283
0.192303
0.185526
0.189342
0.190066
0.187861
0.190329
0.188289
0.182236
0.192698
0.188223
0.186348
0.178156
0.184802
0.191349
0.19023
0.189737
0.189506
0.190789
0.187565
0.1925
0.190362
0.191612
0.191447
0.189835
0.188355
0.189671
0.18365
0.184275
0.18569
0.186282
0.190066
0.186447
0.189046
0.18819
0.191415
0.187434
0.189408
0.190691
0.191217
0.188881
0.188783
0.188552
0.191217
0.188684
0.190724
0.195724
0.193619
0.19556
0.193882
0.192336
0.196645
0.19579
0.193454
0.198323
0.194902
0.196053
0.199606
0.195001
0.193356
0.197896
0.197303
0.195527
0.198258
0.198817
0.198356
0.198192
0.197994
0.197994
0.197764
0.19806
0.200133
0.197929
0.199606
0.196547
0.197468
0.19602
0.196218
0.194606
0.193092
0.191908
0.193882
0.194375
0.1925
0.194277
0.19352
0.194737
0.192007
0.192796
0.191546
0.1925
0.185591
0.18592
0.185328
0.180328
0.180986
0.179077
0.182631
0.18296
0.182828
0.179472
0.183453
0.180229
0.179768
0.177268
0.178748
0.178814
0.174439
0.178913
0.177794
0.177071
0.178847
0.178913
0.176478
0.175524
0.175788
0.180689
0.176544
0.178716
0.184243
0.182828
0.182828
0.18592
0.183387
0.186118
0.184769
0.18671
0.184868
0.185591
0.187138
0.184637
0.186052
0.186973
0.188848
0.190066
0.190395
0.189835
0.191941
0.192928
0.194112
0.193125
0.19306
0.191349
0.195527
0.194672
0.195856
0.192796
0.19454
0.193191
0.196942
0.19885
0.197797
0.197764
0.199179
0.200462
0.196974
0.191316
0.193224
0.196481
0.202205
0.196382
0.195626
0.197238
0.195132
0.199508
0.199935
0.197007
0.20033
0.198225
0.198652
0.199409
0.20158
0.198126
0.201021
0.198587
0.198981
0.201482
0.198225
0.199771
0.19829
0.199935
0.196613
0.197139
0.198323
0.197106
0.196382
0.198652
0.198093
0.19704
0.19579
0.199146
0.195659
0.197271
0.201712
0.195033
0.195626
0.196218
0.197534
0.196119
0.197435
0.190921
0.203521
0.191776
0.192731
0.192698
0.193487
0.192632
0.192007
0.194606
0.193125
0.190987
0.189342
0.193191
0.190428
0.192303
0.192599
0.191283
0.189243
0.191316
0.189046
0.189671
0.18921
0.188585
0.191711
0.189737
0.18898
0.190822
0.189375
0.188223
0.189506
0.190066
0.195593
0.187467
0.191118
0.189276
0.187401
0.186052
0.188256
0.187763
0.188092
0.186611
0.188158
0.186907
0.190099
0.186447
0.185164
0.187631
0.184243
0.185624
0.182894
0.181973
0.180854
0.184341
0.181808
0.184144
0.181084
0.179768
0.181347
0.182038
0.182302
0.182696
0.185032
0.179571
0.186052
0.181413
0.18194
0.183519
0.180295
0.182894
0.179275
0.179604
0.181676
0.182104
0.180854
0.18421
0.184572
0.185394
0.184341
0.187105
0.181347
0.181709
0.177926
0.184769
0.180887
0.185361
0.184045
0.183157
0.181775
0.183289
0.18467
0.178584
0.186743
0.182269
0.185394
0.182236
0.183683
0.18569
0.185888
0.183321
0.183552
0.180295
0.183552
0.182762
0.186052
0.184275
0.181775
0.184045
0.18194
0.186644
0.185789
0.184868
0.185953
0.18648
0.184637
0.187631
0.185986
0.187203
0.185624
0.182367
0.18694
0.187138
0.186085
0.188059
0.186611
0.185822
0.187927
0.187631
0.18773
0.188125
0.188322
0.189276
0.189704
0.185427
0.187171
0.190789
0.188256
0.187894
0.191513
0.188585
0.18796
0.188552
0.188848
0.192632
0.19046
0.185131
0.189408
0.192533
0.189276
0.195494
0.189342
0.1925
0.192402
0.193619
0.191678
0.193257
0.192632
0.190987
0.19148
0.191579
0.194211
0.19477
0.188684
0.189474
0.19306
0.189901
0.192566
0.191316
0.191415
0.190954
0.19102
0.191217
0.192731
0.190493
0.190691
0.19375
0.19
0.195066
0.191776
0.195198
0.192763
0.193158
0.193948
0.199179
0.194145
0.194441
0.195527
0.193027
0.193553
0.19375
0.192665
0.177926
0.1723
0.170622
0.17434
0.174504
0.171675
0.175459
0.179176
0.177038
0.1799
0.181479
0.177301
0.176939
0.176544
0.173221
0.177531
0.178748
0.180953
0.183321
0.180196
0.185164
0.183946
0.180887
0.184506
0.186776
0.185789
0.186578
0.187203
0.191151
0.191579
0.190263
0.194968
0.195626
0.192632
0.191151
0.194211
0.196843
0.194639
0.196974
0.19806
0.197271
0.200001
0.197994
0.193685
0.199343
0.2001
0.204739
0.206351
0.202962
0.199902
0.202699
0.200264
0.201054
0.199212
0.202008
0.197665
0.201515
0.20135
0.204212
0.202304
0.206449
0.201712
0.20543
0.206384
0.203883
0.205002
0.203225
0.199442
0.200824
0.204081
0.197896
0.206482
0.201778
0.20339
0.206252
0.208621
0.207371
0.207897
0.205923
0.208259
0.205068
0.207831
0.210068
0.208588
0.206811
0.206778
0.208094
0.20487
0.208226
0.204903
0.205857
0.207074
0.206811
0.205857
0.211516
0.206515
0.207173
0.203686
0.206976
0.207502
0.204607
0.206778
0.20487
0.203883
0.203423
0.205002
0.205364
0.205364
0.205397
0.205989
0.205133
0.205528
0.203686
0.206153
0.205002
0.200462
0.200495
0.2001
0.202929
0.198258
0.20112
0.200166
0.20033
0.201186
0.201054
0.200462
0.201482
0.201646
0.202633
0.202929
0.199409
0.202732
0.199902
0.198948
0.198027
0.200133
0.198027
0.196547
0.197073
0.199343
0.19533
0.198192
0.196382
0.199738
0.198258
0.197863
0.199837
0.197172
0.19533
0.194244
0.198685
0.193619
0.195724
0.194573
0.195297
0.192566
0.196382
0.192763
0.194737
0.19431
0.193323
0.196251
0.195955
0.19704
0.194375
0.196152
0.193487
0.193092
0.193224
0.195001
0.192171
0.192599
0.195001
0.19454
0.192105
0.192796
0.195856
0.191513
0.193948
0.192829
0.193257
0.193586
0.193685
0.194343
0.193685
0.192533
0.197731
0.185657
0.192138
0.19329
0.19306
0.189145
0.194014
0.193849
0.195724
0.196053
0.19556
0.192467
0.198488
0.194474
0.192928
0.196448
0.191546
0.193191
0.195988
0.192994
0.192237
0.19579
0.193553
0.19352
0.193356
0.19329
0.195066
0.193257
0.193586
0.192599
0.191217
0.186249
0.193882
0.189243
0.190954
0.191645
0.193323
0.19533
0.195922
0.192961
0.195889
0.19454
0.197435
0.19454
0.195066
0.193981
0.194046
0.196481
0.194408
0.195297
0.19454
0.196777
0.192369
0.194441
0.194869
0.196909
0.194408
0.196152
0.195264
0.190362
0.196185
0.192204
0.193487
0.194244
0.195231
0.194014
0.198356
0.194145
0.197106
0.194178
0.19704
0.193882
0.196415
0.195922
0.193027
0.198389
0.194737
0.197501
0.195494
0.189243
0.193553
0.193981
0.19204
0.197797
0.198948
0.198455
0.197238
0.198027
0.196514
0.197303
0.195099
0.194211
0.194507
0.195264
0.198027
0.19681
0.197534
0.198981
0.198225
0.197698
0.200199
0.197896
0.198521
0.19829
0.195856
0.197468
0.197402
0.195988
0.199837
0.19579
0.196777
0.19806
0.195922
0.194145
0.194737
0.202173
0.192665
0.199639
0.19658
0.19987
0.199705
0.200001
0.198916
0.195856
0.197665
0.197764
0.197172
0.198027
0.197402
0.197303
0.2001
0.198554
0.199047
0.199573
0.200396
0.192566
0.197468
0.198718
0.196415
0.197271
0.197501
0.19704
0.198126
0.197336
0.197402
0.201186
0.195757
0.19783
0.197567
0.198488
0.198027
0.200034
0.197764
0.199771
0.197205
0.197567
0.198718
0.196382
0.197501
0.19829
0.198718
0.195198
0.202567
0.196547
0.197632
0.196316
0.197205
0.199573
0.195099
0.197435
0.197961
0.199014
0.193158
0.199573
0.193586
0.198258
0.196251
0.200758
0.191908
0.195461
0.194046
0.193981
0.196942
0.194277
0.19
0.195198
0.199935
0.194737
0.197731
0.192303
0.194606
0.194968
0.195659
0.195297
0.197435
0.196909
0.196251
0.195198
0.19681
0.195823
0.197139
0.196218
0.197501
0.194836
0.196415
0.195198
0.194935
0.194343
0.194704
0.194145
0.195955
0.196251
0.194408
0.198916
0.195461
0.196547
0.195757
0.196218
0.195856
0.198225
0.197435
0.195757
0.197698
0.197797
0.197073
0.196481
0.198587
0.193685
0.196876
0.189145
0.195132
0.192829
0.194672
0.197534
0.196613
0.199541
0.199245
0.198619
0.198883
0.197369
0.195889
0.199475
0.196218
0.199902
0.197238
0.203423
0.196053
0.197567
0.196942
0.197238
0.198455
0.196152
0.198817
0.198093
0.197731
0.199409
0.201153
0.198784
0.200001
0.197731
0.198587
0.197632
0.195494
0.19704
0.200396
0.198948
0.196843
0.197567
0.197698
0.197863
0.199902
0.197929
0.199804
0.202041
0.200034
0.20056
0.198817
0.200297
0.197534
0.192862
0.19533
0.198916
0.195922
0.196448
0.201712
0.195461
0.195461
0.202107
0.199113
0.200396
0.201284
0.197271
0.203291
0.19829
0.201975
0.202304
0.198685
0.199935
0.203225
0.202863
0.198455
0.198718
0.200429
0.201087
0.200824
0.200034
0.200593
0.202107
0.200659
0.20214
0.202173
0.20385
0.197929
0.199409
0.198948
0.199935
0.198554
0.199277
0.200528
0.20158
0.202205
0.201218
0.203554
0.200199
0.204443
0.202238
0.203719
0.200725
0.200067
0.194014
0.201547
0.198488
0.198323
0.201186
0.199672
0.201186
0.197665
0.203456
0.203686
0.200824
0.200824
0.202798
0.201186
0.20441
0.206943
0.202534
0.199475
0.204146
0.201646
0.199968
0.200955
0.199606
0.202337
0.199738
0.204212
0.193981
0.195757
0.201646
0.20237
0.201482
0.203686
0.200889
0.200857
0.200067
0.198652
0.2001
0.199902
0.199442
0.200166
0.201482
0.201251
0.202304
0.201745
0.202403
0.202699
0.203883
0.203653
0.202896
0.202205
0.197468
0.200857
0.200955
0.197106
0.199245
0.198916
0.199343
0.198883
0.203752
0.207403
0.204673
0.205035
0.200593
0.203752
0.199541
0.204114
0.202238
0.202633
0.203028
0.20237
0.201942
0.202995
0.203159
0.200528
0.20214
0.201054
0.205035
0.198323
0.204245
0.200824
0.203686
0.202436
0.205002
0.199113
0.199409
0.200396
0.199705
0.199672
0.198981
0.202666
0.201317
0.202502
0.200231
0.203061
0.200034
0.201054
0.201449
0.201909
0.199935
0.204081
0.196645
0.199212
0.199343
0.200791
0.200528
0.196744
0.200166
0.198948
0.202271
0.202403
0.202995
0.199343
0.200626
0.200429
0.201646
0.19987
0.199508
0.199902
0.200363
0.200363
0.201218
0.200692
0.195297
0.199376
0.201975
0.201054
0.20135
0.199179
0.200396
0.200034
0.198619
0.200857
0.199738
0.19704
0.197303
0.199245
0.201317
0.198981
0.199376
0.200133
0.197501
0.19829
0.200133
0.198192
0.199968
0.199968
0.201679
0.198948
0.200166
0.196843
0.195001
0.19829
0.197205
0.199047
0.199277
0.201153
0.200626
0.202205
0.201284
0.200297
0.19431
0.198554
0.196843
0.197961
0.199475
0.199409
0.198948
0.199968
0.19931
0.201482
0.197567
0.198225
0.198587
0.197665
0.199245
0.199277
0.200001
0.197271
0.201909
0.198389
0.198389
0.198718
0.19806
0.198619
0.198093
0.198817
0.200363
0.199442
0.197665
0.203456
0.198159
0.201449
0.200231
0.202699
0.198225
0.199277
0.197731
0.199541
0.199442
0.195659
0.201383
0.198521
0.197567
0.198027
0.202008
0.199212
0.200889
0.198258
0.200791
0.200067
0.194737
0.198817
0.199508
0.197271
0.20135
0.1976
0.200001
0.199672
0.199409
0.201942
0.199047
0.201054
0.200626
0.200067
0.197205
0.196942
0.200396
0.197764
0.19806
0.198751
0.196974
0.198521
0.196481
0.20135
0.200034
0.200955
0.200067
0.200824
0.199573
0.198751
0.200791
0.198323
0.198159
0.196316
0.200626
0.194408
0.198619
0.199541
0.195297
0.199475
0.197764
0.198126
0.197534
0.198587
0.197139
0.199245
0.199277
0.199902
0.197501
0.201482
0.19431
0.196744
0.199672
0.19931
0.197896
0.202205
0.201416
0.196942
0.200725
0.199277
0.200231
0.196251
0.201383
0.196876
0.198159
0.197139
0.19931
0.197139
0.200495
0.196777
0.200659
0.199672
0.197632
0.198948
0.201547
0.198554
0.199376
0.19987
0.197929
0.202074
0.198883
0.20158
0.199705
0.198356
0.19885
0.1976
0.197106
0.199343
0.198652
0.195297
0.202699
0.201317
0.202173
0.199409
0.198488
0.195395
0.199902
0.196942
0.199508
0.200001
0.19829
0.206647
0.202534
0.199541
0.198225
0.198455
0.19931
0.200692
0.19987
0.203291
0.200264
0.202304
0.204179
0.202205
0.200231
0.202074
0.20158
0.199606
0.2026
0.201449
0.197896
0.199968
0.199277
0.202534
0.199935
0.20056
0.203225
0.201449
0.198685
0.200429
0.201909
0.20033
0.202074
0.19885
0.204772
0.202436
0.201811
0.200593
0.204278
0.196185
0.196316
0.198948
0.196251
0.201844
0.2001
0.202008
0.200922
0.20237
0.201844
0.203752
0.199968
0.206384
0.199705
0.197271
0.20112
0.199409
0.202567
0.200034
0.202436
0.201679
0.202765
0.195691
0.20283
0.201186
0.202962
0.201547
0.202765
0.202929
0.205068
0.203587
0.20056
0.202074
0.202863
0.197961
0.20237
0.199376
0.198159
0.199968
0.200692
0.203225
0.201745
0.205101
0.202699
0.202337
0.200758
0.201811
0.202798
0.203554
0.200363
0.201317

Kurve 2

-0.010355
-0.00565
-0.006604
-0.008381
-0.006473
-0.005815
-0.010289
-0.007756
-0.006802
-0.004433
-0.008019
-0.006901
-0.008874
-0.009796
-0.008973
-0.006012
-0.006341
-0.010388
-0.007986
-0.006901
-0.003644
-0.006901
-0.004302
-0.009434
-0.005914
-0.009335
-0.005519
-0.005914
-0.008249
-0.008874
-0.004631
-0.007197
-0.006078
-0.003249
-0.005716
-0.004828
-0.00792
-0.004499
-0.004696
-0.003907
-0.00519
-0.000551
-0.001406
-0.003775
-0.003084
-0.003282
-0.00565
-0.001176
-0.002229
-0.001505
-0.002887
-0.005453
0.000732
-0.004005
-0.000288
-0.002788
-0.004236
-0.001439
-0.000288
-0.000255
0.000206
-0.000452
-0.000354
-0.001341
-0.000518
-0.003841
-0.000847
0.000173
-0.003874
0.001225
-0.003545
-0.004104
0.000469
0.000535
-0.003841
0.000535
-0.003018
-2.5e-05
-9e-05
0.003463
0.000535
-0.000419
0.000765
-0.000255
0.000633
-0.000617
0.001719
-0.00338
0.000864
0.001193
0.000831
0.000929
0.004022
0.000798
0.002936
0.004022
0.000271
0.003134
0.001818
0.004219
-0.002064
0.001554
0.000107
0.002278
0.003298
0.002969
-0.00065
0.001094
0.002936
0.004417
0.003561
0.005798
0.003693
0.002015
0.005075
0.002903
0.004384
0.003726
0.004088
0.00264
0.002212
0.006062
0.005667
-0.0019
0.003298
0.002903
0.004844
0.004252
0.006259
0.00797
0.004417
0.007147
0.006193
0.005766
0.007707
0.006621
0.004384
0.011161
0.004186
0.005535
0.003759
0.006654
0.007772
0.008299
0.006588
0.00774
0.00718
0.006456
0.005766
0.003726
0.000173
0.004088
0.008562
0.00116
0.008134
0.004746
0.003759
-0.000156
0.002903
0.003792
0.00389
0.003825
0.005075
0.004417
0.003265
0.004186
0.00218
0.003463
-0.000387
-2.5e-05
0.001851
0.001982
0.001752
0.004746
0.00162
0.002541
0.001982
0.001193
-0.003512
-0.000387
0.000831
-0.003545
-5.8e-05
-0.000683
0.001423
-0.001472
0.002311
-0.000584
0.001489
-0.001176
-0.002755
-0.002624
-0.000979
-0.003709
-0.00065
-0.003545
-0.005321
-0.00111
-0.001999
-0.002064
-0.005552
-0.000452
-0.00088
-0.003018
-0.002755
0.000436
-0.003973
-0.003973
-0.00292
-0.000913
-0.002426
-0.002459
-0.002788
-0.005289
-0.001571
-0.003479
-0.0044
-0.003347
-0.002525
0.000239
8e-06
-0.002032
0.000304
-0.003347
-0.004005
-0.004104
-0.003709
-0.001341
-0.004071
-0.003874
0.000633
0.001916
-9e-05
-0.001012
0.00116
0.000436
8e-06
-0.001406
-0.000123
0.003364
-0.002262
0.002245
0.001423
0.001094
0.003265
-9e-05
0.003199
8e-06
0.003561
0.000995
0.003265
0.008529
0.02011
0.022906
0.033138
0.039849
0.044652
0.048172
0.055575
0.061628
0.066596
0.072551
0.078209
0.08423
0.092751
0.095909
0.098475
0.10591
0.107752
0.110516
0.114332
0.118149
0.116997
0.122392
0.127788
0.127952
0.13042
0.134861
0.141211
0.142296
0.145685
0.148251
0.149732
0.151771
0.156147
0.156377
0.156739
0.161378
0.158877
0.161444
0.163089
0.163187
0.167431
0.167727
0.167365
0.174801
0.172267
0.176643
0.176413
0.178584
0.179505
0.182334
0.182236
0.180426
0.183223
0.182927
0.183157
0.182334
0.18296
0.184999
0.186315
0.178814
0.186874
0.187565
0.189539
0.187532
0.190954
0.188256
0.188125
0.189671
0.190822
0.192138
0.191086
0.187203
0.190066
0.188848
0.189671
0.193717
0.194869
0.193125
0.19375
0.195922
0.196316
0.194869
0.193619
0.196678
0.194836
0.196119
0.19579
0.19352
0.195165
0.196711
0.188092
0.190197
0.195264
0.193849
0.194573
0.19602
0.196744
0.19681
0.19885
0.194211
0.20033
0.197007
0.200659
0.197896
0.198422
0.19533
0.194474
0.195626
0.19602
0.19783
0.194704
0.197961
0.192369
0.194343
0.19533
0.201416
0.198192
0.199968
0.197435
0.197731
0.19806
0.195922
0.196349
0.197961
0.196876
0.195362
0.194343
0.195264
0.199541
0.196514
0.199475
0.196251
0.197369
0.198718
0.20033
0.198883
0.199179
0.198981
0.197501
0.198093
0.201942
0.202041
0.199212
0.19806
0.199738
0.197698
0.196909
0.200297
0.198093
0.20033
0.198981
0.20056
0.20056
0.200824
0.198619
0.200264
0.200034
0.19931
0.200199
0.200264
0.200264
0.200429
0.209016
0.197797
0.204245
0.199343
0.20362
0.201021
0.202765
0.201153
0.202896
0.203061
0.200988
0.201712
0.200824
0.199146
0.202403
0.202238
0.200725
0.201284
0.201975
0.199902
0.20237
0.202798
0.201844
0.204706
0.203094
0.206449
0.203817
0.20385
0.203817
0.202337
0.208325
0.204443
0.204311
0.204212
0.205561
0.203192
0.20464
0.201712
0.206877
0.203423
0.209706
0.205495
0.205331
0.206745
0.200462
0.205726
0.205528
0.206087
0.207601
0.20691
0.202008
0.20714
0.202929
0.203554
0.20385
0.20566
0.205232
0.205528
0.204179
0.206778
0.205068
0.205693
0.206449
0.205528
0.206318
0.207601
0.206219
0.205726
0.209213
0.206219
0.205791
0.208094
0.208687
0.208456
0.209476
0.207897
0.20941
0.209904
0.211187
0.2102
0.204278
0.208423
0.208423
0.209641
0.207371
0.20895
0.20714
0.207173
0.207798
0.207502
0.210035
0.208061
0.205528
0.208259
0.211187
0.20612
0.209575
0.211022
0.205199
0.204278
0.2077
0.206581
0.206449
0.203785
0.205923
0.204903
0.205002
0.205594
0.204837
0.201284
0.203653
0.202765
0.20158
0.201712
0.199902
0.205002
0.200264
0.203587
0.197896
0.20112
0.196744
0.19704
0.196185
0.197007
0.196613
0.197764
0.19829
0.196053
0.197402
0.19602
0.199047
0.190954
0.193125
0.191349
0.190592
0.189013
0.189572
0.189803
0.190099
0.190329
0.190395
0.190757
0.188223
0.18898
0.187829
0.190329
0.188552
0.183848
0.188881
0.189506
0.18444
0.185262
0.188059
0.186381
0.18546
0.188684
0.185723
0.186644
0.191349
0.187697
0.188684
0.187105
0.188947
0.186184
0.188059
0.189145
0.189572
0.187697
0.189835
0.191447
0.188519
0.19102
0.192237
0.18977
0.189342
0.192303
0.192336
0.191974
0.192665
0.193224
0.197994
0.195691
0.193717
0.197106
0.194639
0.196185
0.19329
0.194869
0.193586
0.19477
0.196152
0.195757
0.192895
0.196744
0.196349
0.195823
0.200626
0.19579
0.203587
0.197271
0.19987
0.201186
0.202238
0.197929
0.200659
0.199146
0.19806
0.194836
0.196382
0.198389
0.194935
0.196448
0.19602
0.197106
0.192467
0.200067
0.197698
0.19885
0.198554
0.195626
0.19579
0.197698
0.196053
0.196119
0.196942
0.19148
0.192829
0.192533
0.195626
0.192434
0.194672
0.191711
0.19704
0.190329
0.189112
0.1976
0.190789
0.193882
0.194573
0.190131
0.191382
0.194079
0.189079
0.192336
0.189046
0.189803
0.189342
0.193981
0.19204
0.192237
0.191513
0.193191
0.191053
0.187368
0.189835
0.190888
0.189375
0.192763
0.190921
0.189835
0.19023
0.186776
0.189934
0.190395
0.188355
0.189901
0.191053
0.190164
0.194441
0.191908
0.19329
0.193356
0.192731
0.194014
0.197731
0.195988
0.190559
0.194803
0.192171
0.193454
0.19
0.194112
0.195527
0.196152
0.198619
0.199606
0.195001
0.200297
0.197797
0.196448
0.197896
0.196349
0.200166
0.198093
0.198619
0.198192
0.202173
0.198619
0.198883
0.199837
0.203785
0.202534
0.202896
0.205693
0.207831
0.208423
0.204903
0.206614
0.201613
0.201547
0.202271
0.202765
0.200692
0.207568
0.208094
0.207667
0.207436
0.20793
0.20997
0.206351
0.208423
0.207272
0.2077
0.207074
0.210628
0.210397
0.209312
0.208292
0.209937
0.20691
0.205627
0.202896
0.206384
0.208325
0.209081
0.209805
0.207667
0.212009
0.209114
0.212733
0.208719
0.207403
0.20714
0.210035
0.203949
0.211615
0.205594
0.205561
0.207272
0.208983
0.21043
0.21145
0.210134
0.214246
0.213654
0.210496
0.212437
0.210364
0.209673
0.207535
0.210299
0.209312
0.210331
0.20612
0.210364
0.211516
0.211121
0.213687
0.213753
0.213259
0.214608
0.215891
0.212536
0.213161
0.211615
0.213128
0.213457
0.212503
0.215332
0.214608
0.209542
0.211582
0.213424
0.213654
0.213424
0.216845
0.214773
0.213095
0.215398
0.214148
0.21372
0.213062
0.214806
0.21349
0.214904
0.211976
0.213259
0.205923
0.212404
0.211779
0.210924
0.214543
0.210628
0.213687
0.207042
0.212766
0.209641
0.212305
0.210726
0.209312
0.208851
0.208654
0.207239
0.208127
0.207897
0.208555
0.209608
0.208193
0.210233
0.210233
0.208423
0.20793
0.211351
0.209312
0.208358
0.208193
0.20941
0.208193
0.207338
0.20487
0.205726
0.204936
0.202502
0.204772
0.201087
0.203554
0.208029
0.203127
0.202929
0.205364
0.204541
0.204015
0.200264
0.202337
0.200528
0.198554
0.19579
0.19806
0.199343
0.196843
0.198389
0.197501
0.198619
0.195395
0.196843
0.196514
0.197007
0.192073
0.19908
0.18977
0.191809
0.188454
0.190822
0.191513
0.189572
0.190526
0.189112
0.18921
0.188454
0.189638
0.187664
0.186052
0.187664
0.194244
0.185789
0.188388
0.187072
0.187927
0.187894
0.188454
0.186348
0.186184
0.184275
0.185394
0.178847
0.183519
0.187993
0.186578
0.189737
0.188026
0.19352
0.186118
0.191283
0.189967
0.190921
0.192007
0.187401
0.187138
0.192763
0.192303
0.191809
0.192829
0.187138
0.193915
0.192369
0.194704
0.195593
0.192994
0.192731
0.194573
0.191382
0.192138
0.197567
0.190822
0.19306
0.191184
0.194639
0.192599
0.196678
0.190099
0.193421
0.19148
0.188585
0.191645
0.192237
0.192862
0.193487
0.193191
0.194277
0.195198
0.192073
0.194046
0.189474
0.190296
0.188552
0.190855
0.19148
0.190855
0.189868
0.190954
0.191941
0.190526
0.190296
0.192994
0.190757
0.193257
0.188585
0.189605
0.19533
0.190329
0.1925
0.191809
0.190559
0.190164
0.193191
0.191447
0.189803
0.188125
0.191776
0.190888
0.194112
0.190164
0.19306
0.194244
0.193487
0.198159
0.192698
0.193685
0.189737
0.1976
0.193487
0.197632
0.19204
0.196448
0.193981
0.19602
0.198488
0.196316
0.197961
0.19579
0.200199
0.196645
0.19658
0.199508
0.197172
0.197336
0.197238
0.195922
0.199902
0.197435
0.197369
0.199705
0.199409
0.200034
0.201251
0.201087
0.197797
0.196909
0.201087
0.200955
0.20033
0.197468
0.20135
0.200034
0.196678
0.200528
0.1976
0.195527
0.199738
0.194375
0.196974
0.198817
0.197534
0.198883
0.198948
0.199475
0.198981
0.197797
0.199968
0.19829
0.200231
0.198126
0.198225
0.195823
0.199277
0.195988
0.199639
0.195264
0.196909
0.19681
0.195889
0.198093
0.19454
0.200857
0.19658
0.196777
0.197402
0.197468
0.198751
0.193125
0.193487
0.197929
0.196974
0.196086
0.197468
0.198751
0.193487
0.195198
0.200001
0.198192
0.199837
0.198027
0.199606
0.200034
0.199245
0.198718
0.199639
0.198718
0.203094
0.200857
0.2001
0.200396
0.20056
0.202469
0.20237
0.203719
0.201186
0.204673
0.202469
0.202271
0.204508
0.206252
0.202633
0.206318
0.20237
0.204772
0.200758
0.203423
0.205857
0.202863
0.204344
0.198356
0.205133
0.204081
0.206515
0.203686
0.204837
0.20237
0.205265
0.20362
0.203883
0.202008
0.201021
0.202699
0.200758
0.203521
0.201186
0.199179
0.200988
0.203982
0.201218
0.204114
0.202403
0.204377
0.203192
0.202534
0.201218
0.200363
0.199047
0.195757
0.195461
0.196744
0.197731
0.197632
0.201778
0.200791
0.199606
0.198751
0.200363
0.194474
0.197435
0.197961
0.197468
0.195033
0.196613
0.195922
0.194474
0.196645
0.19454
0.193783
0.191184
0.189342
0.193586
0.192994
0.192763
0.194375
0.191908
0.19533
0.191809
0.192007
0.19204
0.187894
0.186414
0.188454
0.188158
0.185591
0.192007
0.186907
0.189572
0.18467
0.192007
0.187565
0.189309
0.189474
0.189737
0.189276
0.189704
0.189145
0.187861
0.184144
0.184473
0.186513
0.183519
0.18773
0.183354
0.185526
0.18671
0.192533
0.19023
0.189309
0.186414
0.190164
0.189474
0.187335
0.186249
0.186743
0.187664
0.18523
0.186578
0.184703
0.188618
0.187829
0.189243
0.191513
0.188454
0.186677
0.190131
0.188848
0.189539
0.184802
0.184835
0.190724
0.184736
0.189474
0.187236
0.18592
0.18523
0.189474
0.186743
0.187697
0.188454
0.188125
0.188355
0.191217
0.189079
0.183881
0.189934
0.189901
0.189112
0.186184
0.186315
0.191513
0.18921
0.189309
0.19227
0.190395
0.19352
0.193816
0.195033
0.192895
0.195264
0.192336
0.193388
0.195231
0.194935
0.195264
0.191974
0.193092
0.193191
0.193849
0.193421
0.196349
0.191842
0.193948
0.192171
0.194737
0.194606
0.195461
0.195033
0.198488
0.194606
0.192369
0.195033
0.19306
0.196876
0.190789
0.195461
0.192369
0.201547
0.193323
0.197271
0.194836
0.195001
0.194606
0.195297
0.194375
0.194672
0.195297
0.193553
0.195362
0.194408
0.199014
0.191744
0.198554
0.19533
0.19556
0.195593
0.197303
0.198521
0.197271
0.197863
0.198192
0.196349
0.196843
0.198619
0.196448
0.198784
0.196251
0.196185
0.196284
0.200429
0.196678
0.198422
0.197567
0.196152
0.197073
0.198916
0.200791
0.200297
0.196218
0.200922
0.201186
0.19908
0.202107
0.201646
0.199902
0.201186
0.198784
0.198883
0.200955
0.202271
0.203061
0.202205
0.203357
0.202995
0.204739
0.202633
0.20112
0.204541
0.201975
0.204804
0.207436
0.206614
0.207403
0.20941
0.202896
0.206087
0.206877
0.203159
0.207206
0.205331
0.207272
0.207831
0.205824
0.208555
0.2102
0.209016
0.211318
0.208127
0.207634
0.207535
0.206745
0.206548
0.208456
0.201416
0.208061
0.207864
0.20612
0.210035
0.208654
0.209114
0.207897
0.208259
0.206844
0.20895
0.203521
0.209048
0.208029
0.207272
0.197567
0.202666
0.202633
0.201679
0.200528
0.202436
0.202765
0.199113
0.205956
0.200857
0.200791
0.197698
0.199442
0.19658
0.197929
0.198389
0.196349
0.194046
0.194375
0.19579
0.19556
0.194902
0.19329
0.195395
0.193421
0.192895
0.194441
0.193948
0.193421
0.193454
0.194968
0.191546
0.190691
0.19046
0.190954
0.189671
0.18898
0.189605
0.189342
0.192138
0.189737
0.191645
0.190822
0.188487
0.192566
0.193388
0.191645
0.190724
0.19125
0.192862
0.195527
0.191283
0.194474
0.192566
0.191382
0.192994
0.193092
0.194474
0.192138
0.197501
0.192632
0.196678
0.192138
0.196251
0.19556
0.19454
0.199047
0.197238
0.196415
0.198619
0.197698
0.19829
0.200199
0.196086
0.202436
0.202304
0.201712
0.199738
0.202173
0.199475
0.205002
0.203456
0.20464
0.204212
0.201909
0.205594
0.207371
0.20464
0.206614
0.206877
0.201844
0.206318
0.205199
0.205166
0.207436
0.208621
0.209575
0.209509
0.209805
0.20895
0.211483
0.20997
0.2102
0.211384
0.208621
0.212174
0.216911
0.213095
0.213029
0.210233
0.212305
0.213227
0.211022
0.210595
0.218589
0.212338
0.214674
0.218063
0.212108
0.217207
0.215595
0.21474
0.215168
0.214937
0.21372
0.214904
0.214839
0.213029
0.212898
0.211746
0.213259
0.218096
0.216089
0.214312
0.215036
0.213917
0.213852
0.214477
0.213325
0.21349
0.210035
0.210134
0.214378
0.207897
0.213424
0.208489
0.210496
0.2077
0.208851
0.211121
0.208489
0.206548
0.208358
0.208259
0.203949
0.197238
0.205364
0.204081
0.199508
0.201087
0.199508
0.198488
0.197961
0.200264
0.200593
0.200889
0.198883
0.198455
0.200067
0.196744
0.198192
0.19556
0.196448
0.193454
0.193816
0.195165
0.199639
0.190822
0.192007
0.191875
0.190526
0.189671
0.190822
0.18898
0.18898
0.189079
0.187993
0.189506
0.186874
0.189835
0.185262
0.183815
0.180426
0.182927
0.181446
0.180064
0.18365
0.18296
0.181775
0.188026
0.186381
0.181644
0.183585
0.183979
0.188289
0.181347
0.180986
0.182795
0.18013
0.178584
0.180328
0.181709
0.180229
0.178551
0.183815
0.183453
0.184177
0.184966
0.185888
0.188421
0.18569
0.18773
0.188552
0.185756
0.190131
0.189835
0.185657
0.185427
0.185789
0.189079
0.190329
0.189474
0.192138
0.192862
0.19352
0.193027
0.195527
0.194046
0.195231
0.197007
0.197435
0.195724
0.196284
0.193619
0.20112
0.195231
0.193388
0.199014
0.198422
0.200363
0.198027
0.201975
0.205462
0.198883
0.198948
0.206647
0.20283
0.201844
0.200857
0.201547
0.194803
0.203324
0.19829
0.198159
0.200297
0.200166
0.201975
0.199705
0.197797
0.200659
0.201975
0.198258
0.202699
0.197435
0.203521
0.196251
0.199573
0.199804
0.196974
0.19658
0.196645
0.194968
0.19533
0.197172
0.192303
0.197303
0.196152
0.197271
0.197435
0.197501
0.193553
0.19602
0.194277
0.193356
0.192533
0.192369
0.192698
0.193356
0.193553
0.183617
0.192961
0.1925
0.194375
0.194902
0.192369
0.189572
0.192763
0.19477
0.192105
0.193915
0.190855
0.186776
0.19023
0.188816
0.188816
0.18921
0.189013
0.19148
0.189967
0.192204
0.190395
0.189177
0.190888
0.190197
0.18342
0.190822
0.189803
0.190658
0.182828
0.187598
0.187368
0.188223
0.189868
0.188947
0.188848
0.185888
0.18569
0.187796
0.186217
0.183321
0.188421
0.184144
0.186052
0.185098
0.186973
0.182861
0.181611
0.182565
0.181249
0.182696
0.180986
0.182334
0.17911
0.178748
0.180295
0.182696
0.176281
0.177663
0.177169
0.179308
0.175459
0.178485
0.178979
0.178814
0.179472
0.178847
0.180097
0.177268
0.178518
0.177959
0.17865
0.175952
0.178913
0.174932
0.183321
0.181216
0.178189
0.180755
0.178025
0.18296
0.181282
0.178913
0.179735
0.178847
0.177136
0.180525
0.177893
0.180229
0.178189
0.180821
0.177301
0.181644
0.17865
0.181808
0.181874
0.181611
0.182269
0.182334
0.183749
0.184901
0.183552
0.180854
0.18319
0.181644
0.186842
0.182038
0.188355
0.185559
0.18444
0.186578
0.188519
0.18592
0.186151
0.189079
0.18898
0.189572
0.188552
0.192961
0.188618
0.192731
0.188684
0.191678
0.190855
0.195889
0.194441
0.192007
0.193224
0.197468
0.191875
0.191513
0.191382
0.192138
0.197731
0.187993
0.193849
0.19227
0.194046
0.19306
0.193717
0.190921
0.194145
0.195889
0.197007
0.193191
0.19579
0.19681
0.193388
0.197271
0.195626
0.195297
0.193717
0.197369
0.19806
0.198751
0.197205
0.19829
0.2001
0.203488
0.198126
0.199014
0.198784
0.198192
0.200626
0.196711
0.200133
0.199113
0.202304
0.200495
0.200824
0.20033
0.201712
0.199672
0.202337
0.205791
0.197172
0.2001
0.193421
0.178913
0.180032
0.177531
0.170359
0.177531
0.173123
0.178551
0.179735
0.179308
0.17967
0.183354
0.183025
0.188355
0.183058
0.183617
0.189046
0.188684
0.189704
0.190493
0.192731
0.190033
0.195461
0.195297
0.194869
0.193849
0.196711
0.195033
0.198093
0.196843
0.199968
0.198488
0.202567
0.20214
0.200528
0.200429
0.203357
0.204048
0.202896
0.204212
0.202469
0.205726
0.205956
0.206976
0.204443
0.207897
0.204772
0.203817
0.205857
0.206778
0.208325
0.207568
0.208588
0.209838
0.211187
0.211812
0.212305
0.21043
0.211911
0.208292
0.214575
0.20997
0.21224
0.213161
0.21451
0.215858
0.21372
0.215628
0.214641
0.213194
0.213885
0.217569
0.216549
0.216845
0.224412
0.217174
0.217734
0.217471
0.219247
0.216977
0.214279
0.215168
0.217734
0.217503
0.214181
0.215562
0.218227
0.216319
0.217273
0.218523
0.216681
0.217734
0.221418
0.219872
0.217503
0.21905
0.2203
0.213194
0.216944
0.218819
0.208851
0.218589
0.215957
0.21724
0.21724
0.216122
0.217767
0.217372
0.216681
0.21826
0.218819
0.216549
0.21599
0.216418
0.215464
0.215398
0.214904
0.214411
0.216944
0.214082
0.215266
0.216582
0.216023
0.213753
0.218754
0.215628
0.218129
0.215957
0.217076
0.21451
0.215201
0.211845
0.208687
0.214641
0.2127
0.210891
0.211055
0.212305
0.212009
0.212437
0.211615
0.214115
0.210299
0.212404
0.21247
0.212009
0.206482
0.205298
0.209904
0.204936
0.206976
0.205133
0.207239
0.205068
0.205791
0.202107
0.206581
0.203225
0.204739
0.203159
0.203324
0.202205
0.200528
0.200889
0.198258
0.197632
0.197369
0.196613
0.193981
0.197435
0.190559
0.197139
0.192632
0.192434
0.193356
0.196349
0.192698
0.193421
0.194639
0.190822
0.19046
0.187269
0.185591
0.186842
0.186249
0.187039
0.191513
0.184243
0.189638
0.18694
0.189342
0.188322
0.187993
0.188388
0.189013
0.187598
0.185888
0.184078
0.187335
0.189243
0.187598
0.188519
0.185822
0.191842
0.187434
0.187368
0.192171
0.193257
0.190493
0.192566
0.190691
0.193487
0.189737
0.18977
0.190658
0.189441
0.190822
0.18875
0.19352
0.190559
0.192204
0.194079
0.19454
0.192105
0.195988
0.194836
0.196974
0.196711
0.19329
0.198356
0.194343
0.189835
0.190921
0.196415
0.191579
0.193849
0.195165
0.196119
0.193882
0.198093
0.196678
0.197632
0.197567
0.201251
0.197534
0.195856
0.197994
0.191118
0.196547
0.196218
0.197994
0.196843
0.197929
0.196053
0.198159
0.193619
0.195922
0.197369
0.194079
0.196942
0.194704
0.197205
0.194277
0.198389
0.19602
0.196974
0.192763
0.19533
0.195297
0.19556
0.192303
0.196316
0.196744
0.195428
0.197567
0.198027
0.195659
0.197501
0.195593
0.195461
0.192303
0.189539
0.195395
0.19556
0.191875
0.193323
0.196349
0.196284
0.1976
0.194606
0.195659
0.195659
0.195494
0.195099
0.195856
0.195659
0.196876
0.196218
0.193158
0.199245
0.197369
0.198126
0.193849
0.196645
0.195099
0.19658
0.194672
0.194836
0.190329
0.194672
0.195889
0.197435
0.195395
0.194672
0.195033
0.191974
0.198192
0.193717
0.196942
0.193717
0.19306
0.193421
0.19681
0.194046
0.195132
0.194211
0.195297
0.195428
0.194211
0.196415
0.195165
0.196316
0.196711
0.19783
0.195165
0.196448
0.193816
0.193619
0.191776
0.194968
0.193125
0.193553
0.196053
0.195395
0.196744
0.195527
0.199245
0.198126
0.196942
0.196843
0.197961
0.19704
0.198323
0.197007
0.198817
0.196119
0.198422
0.195001
0.196119
0.198587
0.198192
0.198027
0.200528
0.2001
0.199771
0.200396
0.199179
0.199935
0.201811
0.19829
0.196613
0.20135
0.198027
0.202337
0.199179
0.198981
0.200396
0.200363
0.20056
0.200593
0.200725
0.202502
0.203192
0.200692
0.200725
0.199837
0.200067
0.198521
0.197336
0.196942
0.201087
0.199705
0.198389
0.20033
0.198685
0.195889
0.200067
0.204015
0.203456
0.203456
0.201021
0.202502
0.19931
0.200955
0.200593
0.199179
0.197896
0.20033
0.199146
0.201547
0.207765
0.199738
0.200692
0.19885
0.201317
0.195856
0.202008
0.199376
0.204344
0.199541
0.19908
0.195066
0.198554
0.201942
0.197863
0.198751
0.196974
0.199245
0.198356
0.197238
0.199639
0.197961
0.195099
0.196645
0.196086
0.196711
0.19602
0.195922
0.198258
0.196415
0.195988
0.197205
0.19658
0.196645
0.194474
0.195922
0.196218
0.190724
0.196514
0.196448
0.196284
0.195527
0.195593
0.194902
0.195757
0.198389
0.193981
0.194375
0.194046
0.196613
0.197501
0.195889
0.193553
0.195428
0.194902
0.192961
0.197534
0.195527
0.198751
0.19431
0.195099
0.198587
0.195856
0.195264
0.198817
0.197336
0.193849
0.198652
0.195856
0.195001
0.193981
0.190987
0.193586
0.1925
0.197172
0.193553
0.197369
0.196744
0.201811
0.198159
0.197896
0.200133
0.199409
0.200231
0.198587
0.201547
0.199837
0.201449
0.194935
0.199113
0.198389
0.200593
0.20135
0.204903
0.203094
0.201317
0.20839
0.203192
0.204508
0.205133
0.205791
0.204048
0.200462
0.202337
0.204344
0.202732
0.20543
0.205791
0.206844
0.208719
0.20668
0.209772
0.206745
0.207535
0.208193
0.209575
0.206976
0.212963
0.206877
0.212174
0.206976
0.214806
0.203456
0.209312
0.209016
0.208127
0.209509
0.209443
0.214214
0.212141
0.214575
0.214345
0.21599
0.214773
0.214773
0.213654
0.216122
0.214806
0.218885
0.214641
0.212503
0.216845
0.216516
0.21599
0.221451
0.218326
0.217076
0.217964
0.217142
0.218688
0.219773
0.216253
0.213819
0.218425
0.216352
0.216615
0.213621
0.215398
0.218951
0.217207
0.21849
0.219971
0.21905
0.219872
0.222537
0.220563
0.221418
0.219083
0.221089
0.222603
0.221945
0.218161
0.221057
0.219839
0.219412
0.219576
0.216286
0.216187
0.214543
0.219938
0.219773
0.222076
0.221484
0.22257
0.219412
0.225103
0.219642
0.221879
0.217438
0.22007
0.221616
0.219806
0.220629
0.221517
0.221912
0.220497
0.222899
0.221484
0.222965
0.222438
0.224478
0.221451
0.218425
0.220728
0.223754
0.217076
0.218194
0.219214
0.221649
0.217701
0.219543
0.224083
0.218786
0.220892
0.220629
0.220037
0.219938
0.220135
0.218655
0.217207
0.213292
0.216977
0.214214
0.215102
0.213227
0.214543
0.216878
0.214608
0.21701
0.215266
0.217339
0.218194
0.216615
0.216516
0.215529
0.213621
0.217471
0.212437
0.215891
0.21247
0.210035
0.213424
0.212503
0.212963
0.21349
0.213358
0.21224
0.211779
0.211713
0.213358
0.210759

Kurve 3

-0.001604
0.002048
0.001291
0.00218
0.001686
0.002541
0.002673
0.00445
0.000304
0.001982
0.001028
-0.001439
0.001851
0.00014
0.001686
0.001949
0.000798
0.00014
-0.000748
-0.001703
-0.000913
0.002081
-0.000419
-0.000387
-0.001209
0.002509
-0.001505
0.001554
-0.001439
0.00014
-0.0019
-0.000321
-0.00338
-0.002032
-0.003545
-0.005683
-0.00088
-0.005617
-0.003644
-0.002196
-0.000419
-0.0019
0.000568
-0.001505
-0.003808
-0.002591
-0.001045
-0.002657
-0.001867
-0.002558
-0.004663
-0.00338
-0.005387
-0.004433
-0.004367
-0.00315
-0.004532
-0.003018
-0.004499
-0.002459
-0.00644
-0.00315
-0.004598
-0.004367
-0.005881
-0.002854
-0.008578
-0.010026
-0.005223
-0.005683
-0.008546
-0.006933
-0.005585
-0.004992
-0.008381
-0.00667
-0.005946
-0.006999
-0.005025
-0.004762
-0.005321
-0.006308
-0.0095
-0.008315
-0.011967
-0.012099
-0.010552
-0.007723
-0.01098
-0.010487
-0.010026
-0.007657
-0.003742
-0.006933
-0.006012
-0.004631
-0.008743
-0.006243
-0.007098
-0.005058
-0.006868
-0.004663
-0.01552
-0.00417
-0.006111
-0.008776
-0.005683
-0.003282
-0.007131
-0.007789
-0.005223
-0.007822
-0.004663
-0.007098
-0.004367
-0.004992
-0.009861
-0.01019
-0.001012
-0.007032
-0.005815
-0.007065
-0.008546
-0.006374
-0.007164
-0.005387
-0.004663
-0.004631
-0.007756
-0.002525
-0.0044
-0.003446
-0.006275
-0.006012
-0.006933
-0.008052
-0.008249
-0.007065
-0.004499
-0.010651
-0.004466
-0.0044
-0.003808
-0.005289
-0.003249
-0.004466
-0.004367
-0.004696
-0.0019
-0.004071
-0.003512
-0.004104
-0.00644
-0.004071
-0.006407
-0.005223
-0.003347
-0.002788
-0.005025
-0.006506
-0.005289
-0.003315
-0.004631
-0.003051
-0.005914
-0.005025
-0.0044
-0.00565
-0.001735
-0.004236
-0.005552
-0.006078
-0.006802
-0.00542
-0.003446
-0.008315
-0.006802
-0.008151
-0.007098
-0.010289
0.000568
-0.005815
-0.007559
-0.008249
-0.008973
-0.009467
-0.012658
-0.012
-0.01098
-0.010223
-0.011276
-0.007493
-0.010947
-0.010848
-0.012888
-0.0095
-0.011737
-0.011342
-0.011704
-0.012066
-0.010552
-0.01575
-0.010552
-0.014533
-0.013349
-0.013875
-0.011276
-0.014336
-0.010552
-0.016474
-0.015224
-0.013447
-0.012493
-0.01529
-0.015356
-0.016573
-0.015158
-0.01529
-0.016408
-0.020225
-0.019402
-0.018185
-0.020554
-0.016014
-0.01983
-0.014928
-0.018974
-0.019665
-0.026311
-0.021606
-0.01802
-0.018284
-0.015191
-0.017264
-0.017264
-0.019468
-0.017132
-0.019764
-0.016343
-0.016737
-0.014994
-0.01654
-0.016408
-0.016375
-0.015158
-0.014402
-0.01552
-0.013447
-0.01246
-0.012625
-0.011276
-0.008907
-0.003018
0.008463
0.013102
0.022116
0.027314
0.034486
0.047185
0.04939
0.052844
0.059983
0.065247
0.068076
0.075347
0.079361
0.083802
0.085875
0.089921
0.091171
0.098541
0.102094
0.107423
0.111733
0.108674
0.117129
0.121899
0.12032
0.124827
0.126143
0.129729
0.134795
0.13598
0.138941
0.141507
0.141869
0.14325
0.149403
0.145817
0.148876
0.149896
0.156081
0.15289
0.157858
0.158614
0.16095
0.161115
0.162463
0.164865
0.165359
0.165655
0.166707
0.171149
0.170261
0.171971
0.172596
0.173254
0.173156
0.172695
0.176248
0.17684
0.175853
0.177005
0.179604
0.177235
0.179867
0.182302
0.18036
0.180393
0.182137
0.180558
0.185953
0.181446
0.187894
0.189474
0.186085
0.185065
0.186644
0.190855
0.186644
0.187894
0.185394
0.187105
0.187631
0.18523
0.190559
0.190757
0.188092
0.193388
0.191744
0.191349
0.189638
0.19227
0.192698
0.194244
0.191678
0.191941
0.193882
0.194672
0.194211
0.195724
0.193915
0.194112
0.196481
0.194408
0.19704
0.19704
0.196448
0.194244
0.19306
0.19454
0.197698
0.192895
0.196382
0.194178
0.194704
0.196349
0.196876
0.196876
0.19579
0.198488
0.200955
0.20033
0.197172
0.198225
0.197468
0.197007
0.197797
0.201778
0.195428
0.198455
0.198389
0.196086
0.199902
0.19579
0.196185
0.196284
0.195889
0.197929
0.194704
0.197369
0.201482
0.200264
0.201251
0.192369
0.196711
0.197534
0.197468
0.199146
0.197172
0.199968
0.19908
0.200001
0.198422
0.199935
0.200659
0.20214
0.200495
0.201153
0.196645
0.197632
0.199672
0.199113
0.200495
0.199376
0.199968
0.199047
0.199968
0.197007
0.200199
0.199409
0.203192
0.198093
0.199672
0.202271
0.20112
0.200166
0.202798
0.204475
0.199245
0.202633
0.201745
0.20112
0.201054
0.197994
0.199409
0.201054
0.19885
0.199508
0.205133
0.205265
0.201317
0.201515
0.203521
0.201186
0.20158
0.201449
0.204245
0.201021
0.203554
0.201646
0.203719
0.20112
0.202732
0.201284
0.204574
0.197369
0.207798
0.205298
0.207502
0.206186
0.202929
0.20566
0.203291
0.204377
0.203719
0.204114
0.200692
0.206285
0.202929
0.204706
0.20566
0.204081
0.202304
0.201482
0.200462
0.202567
0.204804
0.203324
0.206449
0.206351
0.206219
0.204903
0.206055
0.202798
0.20339
0.201909
0.203456
0.200922
0.204673
0.202271
0.205265
0.205166
0.20566
0.207403
0.207765
0.206384
0.204837
0.205923
0.204475
0.208588
0.204837
0.206087
0.201844
0.204015
0.208226
0.204278
0.205726
0.203192
0.201909
0.207535
0.210397
0.200955
0.207305
0.205824
0.205331
0.20566
0.204936
0.202436
0.204443
0.202929
0.204245
0.202896
0.198554
0.204673
0.209344
0.205923
0.207469
0.207831
0.204081
0.20441
0.206022
0.207272
0.201975
0.204278
0.203949
0.204015
0.20214
0.206022
0.204377
0.206384
0.206318
0.205166
0.206877
0.207305
0.204245
0.203982
0.206252
0.203817
0.196843
0.202765
0.202699
0.200166
0.203291
0.200001
0.201482
0.199508
0.19987
0.203785
0.200297
0.200429
0.199804
0.19931
0.198948
0.200922
0.200231
0.199935
0.195494
0.202205
0.192402
0.196876
0.195461
0.194968
0.196613
0.192763
0.19102
0.19227
0.194277
0.192961
0.19579
0.194573
0.197271
0.19329
0.195132
0.192599
0.191316
0.186611
0.191217
0.188816
0.187894
0.192895
0.191612
0.192763
0.193356
0.193882
0.192369
0.191908
0.190329
0.193027
0.190757
0.190493
0.192961
0.19125
0.190789
0.190888
0.190263
0.19102
0.190658
0.190395
0.191217
0.190954
0.19148
0.193191
0.196843
0.200297
0.198389
0.193685
0.193092
0.193487
0.194672
0.192961
0.192073
0.189901
0.195659
0.193257
0.19658
0.196448
0.195264
0.196678
0.193586
0.198718
0.195527
0.197501
0.195297
0.199935
0.202534
0.200034
0.195823
0.197336
0.195889
0.195264
0.194277
0.194343
0.197402
0.198817
0.201613
0.19783
0.200034
0.197534
0.199343
0.196909
0.200133
0.198883
0.197567
0.196316
0.200889
0.198323
0.198027
0.200824
0.197073
0.202534
0.197402
0.199146
0.201482
0.202666
0.199771
0.199738
0.19658
0.201054
0.200889
0.199804
0.201515
0.198619
0.201745
0.194803
0.199245
0.201186
0.200988
0.203423
0.19806
0.202567
0.202502
0.201745
0.202995
0.199541
0.196613
0.195001
0.199047
0.199606
0.198192
0.200429
0.201909
0.202534
0.203752
0.201251
0.202304
0.203423
0.201909
0.202699
0.201482
0.203258
0.202534
0.203817
0.205002
0.198225
0.20033
0.204311
0.20158
0.202798
0.203225
0.20237
0.203192
0.201547
0.205923
0.204475
0.208489
0.203423
0.204179
0.202995
0.203324
0.203192
0.200857
0.200791
0.200363
0.202995
0.202699
0.202929
0.200955
0.202798
0.20237
0.199672
0.201876
0.201811
0.197402
0.197369
0.197698
0.200396
0.201317
0.202798
0.203423
0.199606
0.203192
0.19931
0.20135
0.197501
0.20135
0.198685
0.199935
0.199738
0.20056
0.199277
0.200955
0.199277
0.201449
0.201317
0.199409
0.202765
0.197896
0.201679
0.199606
0.200626
0.196974
0.20033
0.196251
0.194935
0.195593
0.194639
0.202074
0.199541
0.198718
0.199639
0.200264
0.197435
0.199541
0.196876
0.198027
0.197567
0.196316
0.196613
0.197797
0.196415
0.19658
0.194211
0.195461
0.197961
0.195494
0.193717
0.195856
0.194474
0.192632
0.198126
0.192731
0.199672
0.196086
0.19454
0.192763
0.194869
0.192994
0.195231
0.197205
0.197929
0.195823
0.196218
0.196481
0.197567
0.198751
0.193882
0.195362
0.193619
0.195165
0.197172
0.196152
0.196053
0.199409
0.194474
0.19329
0.190789
0.190855
0.195132
0.1925
0.19454
0.195461
0.192467
0.195231
0.197534
0.192698
0.194672
0.191151
0.192467
0.190559
0.192665
0.191711
0.193158
0.192731
0.192369
0.190855
0.192369
0.191974
0.192434
0.192665
0.190131
0.193027
0.19204
0.194112
0.191645
0.193356
0.191612
0.192336
0.189408
0.188519
0.191875
0.192105
0.192829
0.1925
0.192796
0.193685
0.19533
0.194211
0.195001
0.191908
0.19352
0.19102
0.192007
0.19556
0.19329
0.196086
0.194211
0.194639
0.195264
0.195494
0.19533
0.196086
0.194935
0.194474
0.19352
0.197961
0.19602
0.196678
0.196645
0.196909
0.196218
0.196448
0.199902
0.195856
0.193915
0.195066
0.196613
0.199014
0.199343
0.192336
0.197238
0.197534
0.19658
0.194343
0.197501
0.196711
0.196777
0.194441
0.196349
0.192599
0.195922
0.195955
0.19352
0.195856
0.194672
0.19533
0.196876
0.196152
0.194343
0.197797
0.195297
0.200824
0.198159
0.198685
0.195856
0.199541
0.19829
0.196876
0.197007
0.195593
0.19783
0.194046
0.198455
0.196645
0.197698
0.197567
0.200297
0.196711
0.199771
0.195659
0.199146
0.194935
0.195593
0.191415
0.195001
0.19556
0.195691
0.195757
0.190757
0.193224
0.195757
0.197764
0.19704
0.198027
0.200725
0.197402
0.197764
0.196843
0.197731
0.195395
0.195461
0.195264
0.194441
0.194606
0.196942
0.196119
0.19556
0.193717
0.19533
0.193553
0.194507
0.195428
0.196777
0.194606
0.194606
0.194672
0.191415
0.195527
0.192961
0.192369
0.191546
0.190822
0.189474
0.191842
0.188881
0.190197
0.191513
0.191217
0.189901
0.192533
0.192994
0.189243
0.186019
0.189112
0.187138
0.186809
0.191184
0.184111
0.184144
0.189342
0.1925
0.191151
0.189737
0.18773
0.189704
0.189013
0.190724
0.190789
0.19046
0.19046
0.19023
0.189835
0.19023
0.189803
0.187631
0.192138
0.188421
0.189145
0.190164
0.19148
0.187993
0.193421
0.191974
0.191382
0.19227
0.191415
0.188947
0.189967
0.18921
0.189408
0.192336
0.189079
0.194014
0.190395
0.191908
0.192994
0.196316
0.192533
0.194672
0.194211
0.195691
0.193685
0.194178
0.198784
0.194244
0.192369
0.194869
0.194178
0.189671
0.192698
0.193849
0.191974
0.193685
0.197139
0.197961
0.197665
0.196744
0.19806
0.199968
0.196481
0.199902
0.198356
0.198258
0.197961
0.198159
0.197238
0.199902
0.197764
0.198652
0.202896
0.199672
0.199442
0.202041
0.200922
0.199771
0.200857
0.197435
0.196349
0.198159
0.200791
0.200791
0.198192
0.196218
0.199606
0.198883
0.201153
0.198027
0.201317
0.200791
0.202896
0.202173
0.204311
0.20362
0.203554
0.203488
0.202436
0.201811
0.197896
0.202403
0.198685
0.197205
0.196514
0.202699
0.202502
0.201646
0.204673
0.204377
0.200659
0.200363
0.208127
0.201251
0.207206
0.202502
0.20566
0.202765
0.203719
0.203192
0.20441
0.202074
0.205298
0.206614
0.207535
0.205199
0.206351
0.210299
0.203653
0.20714
0.201942
0.206482
0.203357
0.207403
0.206087
0.206087
0.205956
0.20691
0.19783
0.203817
0.206252
0.207338
0.208423
0.205068
0.208555
0.20816
0.210891
0.207074
0.212174
0.206614
0.20283
0.20543
0.205791
0.20158
0.20589
0.207732
0.204114
0.205824
0.205627
0.205989
0.204443
0.205561
0.206022
0.205462
0.203949
0.203159
0.202304
0.205594
0.204739
0.204772
0.202929
0.201712
0.202534
0.201778
0.201975
0.200001
0.201942
0.201218
0.201449
0.203686
0.202896
0.200955
0.19987
0.201679
0.200593
0.200528
0.200528
0.197665
0.200264
0.197205
0.19885
0.199902
0.196711
0.198981
0.196843
0.199212
0.198323
0.194375
0.189408
0.198652
0.19375
0.195033
0.194803
0.197007
0.195856
0.199014
0.195461
0.192632
0.194968
0.192928
0.197369
0.194507
0.195362
0.195823
0.197994
0.193717
0.199343
0.19783
0.196909
0.198389
0.199376
0.199343
0.198718
0.196349
0.195889
0.19681
0.195691
0.199113
0.19579
0.199442
0.195099
0.198192
0.196876
0.197632
0.199014
0.200264
0.201876
0.196448
0.200955
0.1976
0.197007
0.197665
0.199573
0.073735
0.080907
0.088079
0.094001
0.096731
0.100416
0.106436
0.109759
0.111437
0.115977
0.119859
0.125386
0.122754
0.12736
0.132525
0.135717
0.138546
0.14177
0.146113
0.146869
0.150192
0.150225
0.155785
0.155193
0.162924
0.160424
0.162332
0.166378
0.168714
0.166049
0.168681
0.169274
0.171116
0.173189
0.170228
0.181775
0.176182
0.175623
0.177136
0.174932
0.178485
0.181841
0.182104
0.185164
0.184341
0.186052
0.185822
0.186118
0.187467
0.186217
0.191776
0.185953
0.190888
0.192632
0.192237
0.191711
0.193027
0.190197
0.194375
0.192928
0.193619
0.195626
0.193915
0.195395
0.197534
0.198159
0.196613
0.200429
0.193125
0.197731
0.197271
0.198422
0.198389
0.200889
0.198652
0.197534
0.195626
0.201284
0.198159
0.195889
0.200988
0.1976
0.198159
0.198027
0.20112
0.196053
0.197501
0.194343
0.196382
0.192336
0.19556
0.199245
0.19556
0.196514
0.197863
0.19908
0.194145
0.195659
0.195527
0.19602
0.190987
0.19329
0.189638
0.194014
0.18977
0.191546
0.196349
0.189934
0.188223
0.191382
0.190329
0.192467
0.193125
0.193849
0.195988
0.018333
0.026722
0.020175
0.026755
0.032381
0.042514
0.047284
0.052877
0.058305
0.06801
0.069984
0.075182
0.082453
0.088145
0.091599
0.095942
0.101765
0.103311
0.108213
0.112753
0.116734
0.116076
0.12236
0.124597
0.128117
0.129005
0.133183
0.137131
0.137921
0.139599
0.142165
0.150028
0.147396
0.153844
0.153252
0.156673
0.157002
0.157825
0.155291
0.160884
0.16276
0.161115
0.164865
0.16526
0.16878
0.168648
0.1723
0.172498
0.173847
0.177301
0.181084
0.176248
0.17967
0.183749
0.181841
0.181183
0.183124
0.184308
0.183716
0.187105
0.184802
0.188125
0.186907
0.18875
0.188158
0.191184
0.189408
0.191645
0.185328
0.191184
0.192698
0.195165
0.19306
0.192763
0.192731
0.192796
0.192303
0.194343
0.197665
0.193356
0.195165
0.196974
0.195889
0.198652
0.199573
0.204179
0.198488
0.200988
0.203686
0.19704
0.199014
0.195626
0.196876
0.199245
0.197106
0.199672
0.201646
0.201449
0.203159
0.204048
0.202896
0.200429
0.203061
0.20283
0.204015
0.201876
0.201021
0.204146
0.203554
0.204443
0.204804
0.203488
0.205989
0.206581
0.205133
0.204377
0.206384
0.205133
0.207305
0.205726
0.207897
0.210068
0.205199
0.206219
0.20691
0.204015
0.204673
0.20612
0.205594
0.20793
0.206153
0.20895
0.207897
0.211746
0.207371
0.210134
0.209377
0.203192
0.212832
0.213852
0.207765
0.207897
0.208588
0.206416
0.209608
0.206713
0.209509
0.206449
0.210299
0.208752
0.211022
0.205791
0.209641
0.208654
0.208423
0.208719
0.207568
0.205397
0.206713
0.207074
0.204804
0.209739
0.205791
0.207042
0.208818
0.207403
0.206055
0.207502
0.206581
0.206482
0.202732
0.203521
0.202863
0.201909
0.201745
0.202699
0.200955
0.202699
0.202107
0.200857
0.201251
0.200067
0.199277
0.198323
0.199672
0.196316
0.201416
0.196974
0.198389
0.193685
0.19454
0.195165
0.193783
0.190625
0.192369
0.198718
0.193685
0.19533
0.19477
0.194507
0.194014
0.193915
0.192369
0.196086
0.192829
0.191711
0.191447
0.18875
0.191579
0.190033
0.189671
0.19023
0.19204
0.187796
0.191513
0.19023
0.188914
0.189145
0.191744
0.187171
0.191645
0.192073
0.191118
0.192994
0.188388
0.191118
0.189013
0.189441
0.190526
0.19148
0.187072
0.19227
0.186381
0.192138
0.182894
0.191283
0.192566
0.192434
0.194803
0.195001
0.190855
0.1875
0.194112
0.190559
0.192796
0.19477
0.192369
0.194145
0.193388
0.19556
0.196744
0.197929
0.196415
0.205923
0.202205
0.199541
0.198587
0.198521
0.198817
0.199343
0.19783
0.199475
0.19908
0.199409
0.199179
0.198225
0.198521
0.199146
0.200001
0.201646
0.200166
0.200363
0.200231
0.2001
0.199475
0.197369
0.202173
0.197665
0.199376
0.202304
0.201844
0.198685
0.197961
0.198192
0.196448
0.196777
0.196843
0.196284
0.197534
0.197369
0.19783
0.197106
0.194211
0.195198
0.193158
0.191678
0.192303
0.191645
0.188848
0.193224
0.189506
0.194079
0.1925
0.191941
0.194869
0.193323
0.194145
0.191908
0.196974
0.194211
0.193685
0.192763
0.195691
0.191513
0.194211
0.19148
0.19023
0.188717
0.188947
0.192434
0.191974
0.195428
0.192665
0.193816
0.192105
0.193257
0.191842
0.194375
0.193948
0.192895
0.193323
0.192369
0.193816
0.193388
0.193915
0.191875
0.194145
0.19329
0.195659
0.19579
0.195593
0.196974
0.195922
0.192895
0.195922
0.195461
0.192369
0.195856
0.197238
0.196086
0.198159
0.198422
0.199738
0.199606
0.197764
0.20158
0.201383
0.199376
0.201909
0.203554
0.201844
0.203752
0.203554
0.203291
0.209608
0.204837
0.208884
0.20918
0.203094
0.202962
0.204541
0.20793
0.207272
0.206219
0.205364
0.206811
0.208719
0.206844
0.211582
0.204475
0.207798
0.209344
0.205397
0.207305
0.20839
0.206351
0.208489
0.208818
0.208884
0.203488
0.204278
0.206614
0.211878
0.20941
0.208489
0.20895
0.208029
0.21122
0.209937
0.210068
0.211878
0.207864
0.20997
0.210693
0.21066
0.209542
0.212272
0.208884
0.212536
0.209904
0.211615
0.211121
0.211976
0.211187
0.215497
0.214378
0.211187
0.209871
0.212437
0.211976
0.212832
0.213588
0.212437
0.213654
0.212569
0.210068
0.211615
0.212042
0.212009
0.214608
0.212766
0.215826
0.214641
0.214904
0.216516
0.21497
0.214279
0.213457
0.215957
0.214246
0.212108
0.212009
0.211812
0.210002
0.21247
0.214641
0.214049
0.211055
0.217898
0.216089
0.213161
0.215332
0.215595
0.214773
0.214312
0.215595
0.211384
0.212996
0.214049
0.212963
0.211647
0.215595
0.21293
0.216056
0.219773
0.216845
0.21849
0.217471
0.213654
0.213161
0.214016
0.212437
0.213588
0.20895
0.212865
0.209279
0.211055
0.210463
0.212437
0.210002
0.209081
0.20997
0.213786
0.211878
0.207667
0.212009
0.210233
0.209608
0.209443
0.208983
0.206285
0.206745
0.206811
0.208884
0.205265
0.210496
0.210299
0.210233
0.207996
0.208061
0.208588
0.205923
0.206384
0.208752
0.204443
0.203686
0.205627
0.200462
0.204673
0.201087
0.201416
0.202732
0.199475
0.199179
0.19931
0.19987
0.19556
0.198159
0.195165
0.198389
0.194869
0.196119
0.196547
0.193717
0.190954
0.194112
0.191842
0.192138
0.190625
0.18921
0.192467
0.192303
0.190691
0.192434
0.190329
0.188519
0.190296
0.186644
0.19102
0.186644
0.187138
0.187006
0.185427
0.185888
0.184999
0.179801
0.182927
0.185493
0.187664
0.187171
0.188026
0.191678
0.186513
0.191447
0.186381
0.189638
0.190033
0.190263
0.190329
0.189868
0.192566
0.190164
0.188914
0.192007
0.196251
0.195988
0.194869
0.20112
0.196843
0.192862
0.197172
0.194145
0.198883
0.196086
0.197336
0.195198
0.197369
0.195691
0.198619
0.193257
0.196185
0.197205
0.195922
0.198685
0.196284
0.197106
0.195231
0.196645
0.195922
0.195461
0.194178
0.195494
0.194408
0.195297
0.192566
0.194704
0.193388
0.193388
0.196218
0.194211
0.196284
0.19477
0.196316
0.194474
0.196086
0.194869
0.194869
0.195264
0.195362
0.195889
0.196152
0.195659
0.19375
0.202041
0.19306
0.197764
0.198817
0.191908
0.191382
0.196349
0.196514
0.19658
0.195823
0.19704
0.197073
0.19602
0.195001
0.197435
0.19352
0.197468
0.197665
0.195659
0.198981
0.197961
0.197665
0.196909
0.199738
0.198027
0.201449
0.196645
0.199771
0.195955
0.19829
0.198981
0.201909
0.198554
0.202666
0.201975
0.200922
0.202896
0.200528
0.204212
0.204772
0.202666
0.203949
0.205956
0.202041
0.203357
0.204278
0.203949
0.202502
0.205561
0.20589
0.203916
0.20283
0.201153
0.206252
0.199771
0.202962
0.210233
0.205791
0.20487
0.206581
0.201975
0.204969
0.203192
0.202699
0.204015
0.200429
0.197468
0.200495
0.202666
0.199442
0.202699
0.196942
0.201613
0.201613
0.202567
0.196514
0.2026
0.200922
0.199409
0.197764
0.198159
0.198159
0.196119
0.20283
0.201021
0.201745
0.19908
0.204245
0.199442
0.201021
0.200659
0.200824
0.199672
0.202271
0.202238
0.203028
0.202403
0.198981
0.203949
0.198948
0.19658
0.200199
0.200889
0.199179
0.201975
0.205693
0.202337
0.204377
0.205462
0.203883
0.202469
0.205989
0.203159
0.205594
0.202633
0.205199
0.206614
0.20441
0.204772
0.206515
0.206318
0.206285
0.204278
0.206844
0.205462
0.20691
0.207469
0.210463
0.209114
0.203785
0.206318
0.207009
0.204739
0.201613
0.205495
0.206713
0.205726
0.205693
0.20793
0.20589
0.206976
0.206384
0.210167
0.207042
0.206713
0.207173
0.205495
0.207403
0.204179
0.204048
0.203949
0.205166
0.204607
0.206219
0.203192
0.204245
0.201482
0.200857
0.203192
0.202567
0.204673
0.205594
0.203883
0.204443
0.205331
0.200166
0.201778
0.202173
0.202205
0.200528
0.198619
0.202173
0.202567
0.199672
0.20135
0.201251
0.197468
0.198784
0.199804
0.198455
0.19681
0.194079
0.19704
0.195823
0.194639
0.197501
0.196909
0.196086
0.195033
0.195165
0.194639
0.194343
0.193783
0.195395
0.195264
0.195494
0.192928
0.193323
0.192928
0.187236
0.194178
0.193388
0.191118
0.193619
0.191645
0.190395
0.193388
0.193224
0.19125
0.189309
0.191809
0.192566
0.187565
0.190954
0.192303
0.187039
0.188914
0.192105
0.190526
0.190855
0.190691
0.185657
0.186381
0.193191
0.189737
0.190625
0.187993
0.189079
0.187993
0.187796
0.189079
0.186381
0.189046
0.186151
0.189079
0.189934
0.190724
0.188125
0.191382
0.188256
0.190263
0.189441
0.190197
0.189737
0.189408
0.190789
0.19023
0.190691
0.188717
0.19
0.193717
0.192731
0.190625
0.194935
0.188026
0.192402
0.188881
0.196415
0.192105
0.190131
0.192533
0.191579
0.192303
0.192796
0.192336
0.193158
0.194014
0.192566
0.196119
0.193158
0.19431
0.197205
0.196547
0.194277
0.198258
0.195691
0.193981
0.195889
0.190493
0.193323
0.19306
0.196349
0.193981
0.192994
0.194014
0.199047
0.19704
0.197567
0.197106
0.196876
0.19602
0.196349
0.193586
0.196843
0.194737
0.195132
0.19602
0.198422
0.194277
0.193783
0.200034
0.195823
0.198685
0.196481
0.199541
0.197468
0.197929
0.195757
0.195823
0.190757
0.193816
0.196152
0.195659
0.197797
0.19556
0.199606
0.198652
0.199376
0.198554
0.200988
0.19908
0.198817
0.198981
0.198159
0.198784
0.198027
0.200528
0.200659
0.198718
0.198389
0.197106
0.196974
0.199837
0.197567
0.194803
0.200922
0.2026
0.203785
0.20385
0.201482
0.201021
0.202732
0.199672
0.201218
0.201218
0.201876
0.201251
0.204475
0.202995
0.199409
0.203159
0.204673
0.198883
0.204048
0.203554
0.206055
0.203521
0.20385
0.203094
0.202107
0.205528
0.205397
0.20714
0.203949
0.205693
0.208456
0.207963
0.204739
0.208917
0.208851
0.209673
0.207436
0.208061
0.205627
0.206976
0.208193
0.207042
0.207864
0.205956
0.20816
0.208423
0.206351
0.207634
0.209641
0.210331
0.214674
0.208851
0.213424
0.210529
0.209871
0.2127
0.209904
0.208818
0.209312
0.210266
0.210266
0.210134
0.209608
0.210858
0.205693
0.205232
0.206482
0.207996
0.205594
0.207403
0.20793
0.206219
0.20691
0.206252
0.205298
0.206745
0.205528
0.204508
0.205364
0.199409
0.204508
0.201218
0.200889
0.200988
0.203094
0.19885
0.197863
0.199047
0.198389
0.197698
0.197402
0.196942
0.197336
0.196909
0.194968
0.196645
0.19
0.195132
0.195198
0.192138
0.191776
0.192007
0.193092
0.194935
0.192961
0.191415
0.196053
0.186677
0.196316
0.192336
0.191809
0.190592
0.19227
0.192632
0.196547
0.190362
0.192829
0.192796
0.190987
0.19227
0.194836
0.194079
0.193224
0.195001
0.192204
0.200462
0.197698
0.196711
0.195691
0.195099
0.192632
0.194869
0.195231
0.195889
0.195001
0.198652
0.200034
0.202534
0.201218
0.201383
0.20135
0.198883
0.204739
0.19885
0.200001
0.199343
0.203488
0.198817
0.201021
0.19885
0.204673
0.201317
0.204541
0.206087
0.205002
0.206318
0.208094
0.209016
0.206581
0.207074
0.210924
0.207568
0.209147
0.210134
0.211976
0.213391
0.207897
0.207568
0.212207
0.209805
0.212503
0.211713
0.213687
0.212207
0.213292
0.214279
0.212108
0.208522
0.21293
0.211351
0.216187
0.210134
0.214444
0.208588
0.211286
0.214839
0.216944
0.215694
0.21678
0.218293
0.214214
0.219313
0.216319
0.220859
0.215168
0.214872
0.216451
0.212799
0.212898
0.214707
0.212108
0.217174
0.218227
0.216681
0.217273
0.21724
0.216747

Kurve 4

-0.009927
-0.005223
-0.009697
-0.005519
-0.008578
-0.008447
-0.005486
-0.008809
-0.001867
-0.002591
-0.004795
-0.004071
-0.001834
-0.009171
-0.005058
-0.007164
-0.004137
-0.009269
-9e-05
-0.005354
-0.002788
-0.004433
-0.004137
-0.002097
-0.003183
-0.002459
-0.002525
-0.002492
-0.001768
0.003594
-0.004302
-0.000913
-0.003742
-0.001604
-0.001176
0.000535
0.00218
-0.001242
-0.001735
-0.000551
-0.000518
-0.003413
-0.001275
-0.001308
-0.001703
0.001587
-0.002295
-0.003512
-0.000979
-0.004696
-0.000913
-0.001703
-0.004203
-0.003183
-0.001308
-0.004532
-0.005552
-0.005946
-0.006966
-0.005354
-0.003183
-0.004433
-0.003874
-0.002328
-0.003578
-0.00236
-0.004236
-0.004433
-0.006539
-0.003315
-0.005289
-0.00417
-0.003413
-0.005946
-0.006506
-0.000452
-0.002755
-0.001999
-0.003479
-0.007591
-0.004269
-0.003413
-0.004663
-0.00394
-0.001966
-0.001933
0.001028
-0.001571
-0.000683
-0.002591
-0.002295
-0.000979
-0.001505
-5.8e-05
-0.000123
8e-06
-0.001209
0.005173
0.000206
0.001785
0.000502
0.004219
0.000502
0.001193
0.000535
0.003528
-0.000814
-9e-05
-0.001999
-0.001176
0.001489
0.00162
0.004746
0.002772
0.003035
0.000271
0.004219
-0.000255
0.001752
0.002147
-0.001012
0.004186
4.1e-05
-0.001505
0.000271
-0.001176
-0.001275
0.000568
-0.00111
-0.001341
-0.003479
-0.00111
-0.003216
0.00162
-0.002097
-0.001143
-0.003874
-0.006407
-0.003676
-0.001999
-0.00417
-0.001801
-0.003183
-0.002492
-0.002887
-0.002229
-0.003183
-0.002986
-0.003018
-0.003742
-0.001012
-0.002393
-0.000716
-0.000913
-0.000716
-0.000255
0.000798
-0.00496
-0.002328
0.001554
-0.003907
8e-06
-0.004598
0.0006
0.000337
0.000732
-0.001505
-0.000814
-0.000387
-9e-05
0.001324
0.000239
-0.001735
0.002081
0.001752
-0.001077
-0.001341
-0.000485
-0.001604
-0.005256
-0.002854
-0.001703
-0.001735
-0.000551
0.001489
-0.001012
0.000897
-0.001439
0.002114
-0.000781
0.000304
-5.8e-05
-0.003545
-0.003117
-0.00394
-0.001242
-0.005585
-0.001538
0.001554
-0.001374
-0.001374
-0.001505
-0.001637
-0.0019
-0.003051
-0.003315
-0.002295
-0.003973
-0.002064
0.001324
-0.003611
-0.012592
-0.002393
-0.005552
-0.002821
-0.003578
-0.001505
-0.002459
-0.001768
-0.001604
-0.001077
0.000271
-0.002689
-0.001604
-0.003249
-0.002722
-0.001637
-0.001472
-0.004137
-0.00292
-0.001406
0.000107
-0.000847
0.005206
0.001061
0.001357
0.001357
0.00468
0.005371
7.4e-05
0.007871
0.002114
0.000962
0.003199
0.004713
0.003693
0.002607
0.002245
0.005075
0.003792
0.005634
0.010108
0.019715
0.028367
0.030703
0.040869
0.050475
0.053436
0.057351
0.067023
0.070938
0.076334
0.079328
0.090217
0.094724
0.099626
0.105647
0.109792
0.110187
0.116635
0.120451
0.125189
0.131637
0.126373
0.136506
0.137427
0.141375
0.143678
0.145784
0.142428
0.150883
0.152199
0.15562
0.159404
0.16095
0.16401
0.166214
0.16799
0.16957
0.167694
0.173221
0.17411
0.174439
0.177663
0.176742
0.181183
0.179374
0.181841
0.183585
0.184045
0.18648
0.18592
0.188355
0.192829
0.188519
0.190724
0.190263
0.191382
0.191546
0.191941
0.19579
0.193652
0.194079
0.193027
0.198093
0.195691
0.197698
0.196316
0.198521
0.200857
0.200955
0.197797
0.197797
0.198916
0.199508
0.200462
0.197961
0.20237
0.199508
0.197172
0.199738
0.201383
0.19885
0.202304
0.200758
0.200692
0.202107
0.201547
0.201646
0.201712
0.208226
0.203719
0.20385
0.20237
0.206416
0.200758
0.202666
0.199804
0.202863
0.201383
0.204837
0.200593
0.201712
0.206581
0.201975
0.194277
0.203291
0.205035
0.19987
0.203192
0.202173
0.202962
0.200528
0.207601
0.202403
0.203061
0.206022
0.202107
0.202699
0.20237
0.201811
0.20237
0.202107
0.200001
0.205495
0.202765
0.202699
0.202798
0.203159
0.201449
0.19829
0.197929
0.200791
0.198685
0.200725
0.19885
0.197665
0.19885
0.197303
0.200955
0.199968
0.201021
0.195231
0.19704
0.194211
0.194343
0.19579
0.193388
0.192171
0.192928
0.192796
0.188322
0.186611
0.191974
0.188618
0.187763
0.185526
0.188487
0.189868
0.189474
0.18921
0.186743
0.18773
0.184999
0.184506
0.184506
0.183585
0.180953
0.182005
0.187105
0.183552
0.187763
0.186842
0.183486
0.184539
0.184703
0.184506
0.185888
0.187039
0.188914
0.184572
0.184506
0.185361
0.183881
0.183354
0.183585
0.183946
0.184243
0.184933
0.182894
0.188289
0.185427
0.184243
0.183979
0.186677
0.182499
0.185262
0.185197
0.184572
0.184078
0.18467
0.183552
0.183782
0.185822
0.182302
0.187171
0.183617
0.18296
0.18115
0.1824
0.184769
0.183585
0.186348
0.183289
0.18648
0.184966
0.185888
0.184374
0.185328
0.186874
0.186414
0.185098
0.18592
0.186677
0.187631
0.186842
0.191316
0.188388
0.186611
0.193158
0.190658
0.19046
0.19
0.191283
0.190921
0.189967
0.190395
0.192171
0.190592
0.191349
0.189835
0.190789
0.18819
0.190855
0.194408
0.191974
0.193915
0.192763
0.195165
0.190855
0.194474
0.192731
0.194343
0.193487
0.193717
0.191941
0.193125
0.19306
0.193619
0.194672
0.191579
0.193356
0.193816
0.193981
0.19931
0.195659
0.196974
0.20033
0.198784
0.202304
0.198718
0.201317
0.198488
0.2001
0.198817
0.199902
0.200626
0.202337
0.201745
0.199245
0.20214
0.202765
0.203192
0.198652
0.20237
0.204081
0.201712
0.201844
0.202173
0.200626
0.203094
0.201679
0.197632
0.200363
0.201679
0.200462
0.201844
0.199738
0.200363
0.201284
0.202567
0.204377
0.200857
0.200659
0.200528
0.201284
0.197896
0.19908
0.195724
0.195659
0.196152
0.196185
0.195823
0.197632
0.197863
0.197961
0.199935
0.195198
0.199606
0.195198
0.195593
0.196876
0.19306
0.196645
0.195922
0.193816
0.194014
0.19533
0.193685
0.194046
0.192007
0.193421
0.19431
0.194375
0.194902
0.197402
0.195428
0.197435
0.197698
0.194902
0.192698
0.197698
0.192303
0.194211
0.196547
0.197665
0.1976
0.195066
0.194277
0.19681
0.200429
0.195428
0.200692
0.198356
0.197007
0.195659
0.19885
0.197534
0.195856
0.196876
0.192796
0.197402
0.198159
0.19602
0.196284
0.196613
0.199212
0.200528
0.199146
0.201613
0.196613
0.201021
0.197698
0.19658
0.194935
0.195922
0.195395
0.200659
0.19454
0.197336
0.202798
0.198587
0.197731
0.199376
0.198718
0.196053
0.199573
0.197961
0.199212
0.198422
0.198225
0.196481
0.196645
0.199573
0.198718
0.197007
0.197402
0.197271
0.190362
0.197073
0.192928
0.202633
0.196514
0.198652
0.198258
0.197172
0.197369
0.195428
0.195165
0.197501
0.193717
0.192336
0.194869
0.191711
0.195527
0.188881
0.197073
0.197238
0.199541
0.199014
0.200791
0.198027
0.199606
0.199475
0.199508
0.197929
0.199047
0.196777
0.198685
0.20033
0.200001
0.203423
0.202469
0.202271
0.203028
0.20214
0.201317
0.206055
0.20237
0.204804
0.203324
0.203653
0.203719
0.203192
0.19987
0.200166
0.205331
0.202765
0.206515
0.208094
0.206318
0.203061
0.207107
0.204969
0.204706
0.202962
0.207568
0.207535
0.201416
0.203587
0.204706
0.116372
0.119563
0.12509
0.127262
0.13371
0.132032
0.139928
0.139763
0.144764
0.146047
0.146672
0.146804
0.150686
0.152528
0.15391
0.156673
0.155719
0.159305
0.159832
0.161838
0.161542
0.169635
0.163483
0.165655
0.163845
0.169734
0.1673
0.169932
0.174044
0.17355
0.172958
0.171313
0.175788
0.172596
0.174472
0.175195
0.175294
0.173945
0.17638
0.17911
0.178485
0.007443
0.015767
0.022643
0.032216
0.035342
0.044981
0.048962
0.053765
0.059819
0.069096
0.071136
0.076071
0.078571
0.088737
0.091961
0.092093
0.099199
0.102818
0.104101
0.113773
0.11476
0.116602
0.121011
0.124728
0.126834
0.130551
0.131177
0.135289
0.135782
0.139171
0.140224
0.141408
0.14529
0.145126
0.145619
0.149271
0.150817
0.157989
0.15437
0.159634
0.160062
0.160193
0.162365
0.162891
0.165655
0.16447
0.169734
0.167102
0.169109
0.168681
0.170261
0.171215
0.174241
0.176314
0.181578
0.176478
0.17638
0.179242
0.173452
0.178518
0.178123
0.178419
0.179801
0.182137
0.17888
0.18296
0.182367
0.181841
0.185723
0.186217
0.18138
0.184999
0.185822
0.183683
0.188059
0.183815
0.187631
0.186217
0.187631
0.182302
0.186282
0.183585
0.186447
0.186184
0.191809
0.189276
0.186907
0.191349
0.188289
0.189967
0.189112
0.190559
0.187631
0.19306
0.188651
0.192731
0.190592
0.191776
0.191711
0.194145
0.191612
0.189835
0.197632
0.191349
0.190855
0.191118
0.195198
0.197106
0.196349
0.197764
0.201186
0.200593
0.202798
0.205133
0.199409
0.19885
0.202765
0.201186
0.201054
0.201975
0.203686
0.205528
0.206778
0.203061
0.208719
0.207601
0.204475
0.206416
0.201745
0.197929
0.196942
0.20056
0.199113
0.19829
0.198027
0.201646
0.201416
0.201021
0.203752
0.202041
0.200396
0.198718
0.205002
0.202041
0.204772
0.20237
0.200297
0.203521
0.200988
0.201745
0.201778
0.198126
0.199146
0.19987
0.200791
0.204146
0.198652
0.200396
0.196316
0.196645
0.197435
0.197172
0.192566
0.203061
0.199935
0.19829
0.197007
0.196415
0.198258
0.195724
0.195626
0.194046
0.194672
0.19454
0.195757
0.190592
0.195856
0.1925
0.194112
0.191908
0.191415
0.193191
0.194112
0.190066
0.190263
0.184539
0.185559
0.190296
0.187993
0.190526
0.186743
0.188026
0.188355
0.187829
0.186381
0.188487
0.187664
0.189901
0.187532
0.188421
0.187434
0.187631
0.185394
0.190197
0.189408
0.182104
0.183124
0.185131
0.186249
0.182499
0.186973
0.185493
0.189474
0.187401
0.187532
0.187532
0.186907
0.18898
0.187138
0.186842
0.187335
0.189177
0.187302
0.184901
0.187006
0.189342
0.18921
0.190428
0.18898
0.195494
0.190197
0.191151
0.193356
0.191546
0.19579
0.191612
0.1925
0.19329
0.192402
0.193783
0.193619
0.191118
0.196942
0.19329
0.197303
0.195428
0.196316
0.195494
0.196777
0.198093
0.197007
0.197698
0.198356
0.194935
0.197468
0.198455
0.19579
0.197764
0.193388
0.195132
0.193092
0.195165
0.199738
0.198323
0.19806
0.199738
0.200001
0.197632
0.202798
0.199212
0.19783
0.198554
0.199245
0.195724
0.199277
0.198718
0.199804
0.200462
0.199738
0.198159
0.202995
0.202107
0.202798
0.203258
0.20135
0.202534
0.204114
0.204541
0.204311
0.202502
0.199771
0.201087
0.201284
0.20214
0.199837
0.20158
0.203324
0.207272
0.201811
0.206844
0.205594
0.202008
0.203094
0.201745
0.203883
0.199771
0.199245
0.196974
0.202896
0.201547
0.202962
0.204081
0.206745
0.203554
0.204739
0.204311
0.205035
0.205002
0.208687
0.207403
0.203686
0.203587
0.203127
0.204146
0.203488
0.20158
0.20158
0.201251
0.201515
0.202534
0.197238
0.202798
0.201811
0.20056
0.205956
0.197336
0.20237
0.2001
0.200067
0.199376
0.19987
0.194507
0.201218
0.197271
0.199245
0.199968
0.200429
0.198422
0.199639
0.2001
0.200528
0.201251
0.196284
0.202732
0.198883
0.197698
0.196613
0.198948
0.198784
0.19885
0.195626
0.199573
0.199409
0.197764
0.201383
0.198948
0.199212
0.195132
0.199738
0.196744
0.19908
0.196448
0.198817
0.197698
0.197632
0.197106
0.198323
0.007937
0.018794
0.028203
0.031657
0.039783
0.047613
0.052548
0.05768
0.064095
0.064063
0.075018
0.077485
0.084361
0.086565
0.089625
0.093902
0.099561
0.10387
0.10693
0.110648
0.113773
0.118642
0.1218
0.12736
0.128314
0.136111
0.129762
0.136967
0.135947
0.140388
0.141638
0.142033
0.139533
0.143711
0.14733
0.149764
0.151113
0.152166
0.156147
0.157397
0.158318
0.15789
0.162167
0.161904
0.165786
0.164931
0.166444
0.165391
0.1673
0.167859
0.169405
0.168451
0.171873
0.174603
0.171708
0.175162
0.172761
0.175524
0.172761
0.174077
0.17582
0.175689
0.176018
0.176742
0.181282
0.1799
0.178354
0.181578
0.180821
0.179374
0.181347
0.18092
0.18342
0.18138
0.185032
0.186513
0.186151
0.18569
0.187434
0.184473
0.185427
0.182992
0.182137
0.186348
0.18467
0.186907
0.188881
0.189408
0.184374
0.190131
0.189539
0.187664
0.188618
0.192566
0.18898
0.190099
0.194639
0.194277
0.193027
0.190789
0.19102
0.185723
0.188487
0.191086
0.190625
0.188125
0.192171
0.193224
0.19125
0.194704
0.193092
0.192105
0.195066
0.191151
0.19704
0.19454
0.194112
0.194211
0.19431
0.191579
0.193717
0.196053
0.19477
0.199475
0.194606
0.19352
0.1925
0.194803
0.192467
0.194474
0.193882
0.195724
0.197567
0.200495
0.188322
0.195297
0.19352
0.194112
0.192402
0.19306
0.197632
0.191579
0.195428
0.195494
0.195297
0.194935
0.195099
0.19602
0.195593
0.196777
0.196448
0.196415
0.190921
0.194869
0.191283
0.193816
0.190131
0.194968
0.192994
0.191382
0.189408
0.191086
0.191053
0.192105
0.190033
0.193125
0.189737
0.190131
0.19204
0.189638
0.187927
0.188487
0.190954
0.188289
0.187532
0.184966
0.185493
0.185986
0.18421
0.18569
0.18671
0.182762
0.186052
0.185098
0.18092
0.184012
0.182631
0.183848
0.183782
0.183453
0.182367
0.182795
0.178025
0.18036
0.183025
0.183749
0.181808
0.184407
0.18296
0.182927
0.18592
0.183979
0.183453
0.1824
0.183321
0.182696
0.182532
0.181282
0.189474
0.185164
0.182894
0.184243
0.182433
0.18421
0.183157
0.185427
0.185986
0.186381
0.18365
0.188388
0.186743
0.188519
0.188158
0.190625
0.186513
0.184637
0.185855
0.187829
0.185361
0.184045
0.189803
0.188717
0.186414
0.184736
0.188783
0.188125
0.190131
0.188059
0.190658
0.18773
0.187302
0.189737
0.190921
0.188256
0.189177
0.191349
0.187993
0.191151
0.18773
0.191184
0.18773
0.19375
0.191382
0.194112
0.191316
0.192796
0.193027
0.192402
0.188684
0.192402
0.189934
0.189868
0.192994
0.191842
0.19204
0.193487
0.193816
0.190263
0.192763
0.192434
0.194836
0.193191
0.194079
0.194441
0.195724
0.192731
0.193948
0.192434
0.19352
0.19046
0.191875
0.192336
0.19102
0.19329
0.191612
0.195757
0.192994
0.196119
0.196481
0.197172
0.194935
0.194737
0.194277
0.196349
0.194211
0.194869
0.193257
0.194737
0.192994
0.193586
0.195691
0.197172
0.197534
0.195066
0.198685
0.195033
0.200264
0.198587
0.199146
0.194145
0.197435
0.196152
0.197238
0.195988
0.195856
0.199771
0.195626
0.197534
0.19783
0.199968
0.199277
0.200166
0.197632
0.20543
0.200264
0.20214
0.199902
0.196876
0.195264
0.19602
0.197994
0.193356
0.199672
0.199146
0.199804
0.201778
0.200988
0.198356
0.199804
0.199113
0.199606
0.20033
0.200725
0.199146
0.198751
0.199902
0.199245
0.201909
0.197369
0.199837
0.199245
0.19885
0.200528
0.203357
0.199902
0.20237
0.202403
0.20464
0.198422
0.200429
0.199935
0.201218
0.20112
0.19908
0.20112
0.200495
0.202271
0.201515
0.201317
0.200396
0.202205
0.201449
0.204344
0.201515
0.205265
0.208292
0.200495
0.203061
0.201153
0.201482
0.199179
0.200725
0.199047
0.203653
0.200429
0.203883
0.201679
0.201712
0.20158
0.205759
0.202896
0.203028
0.204936
0.203291
0.203456
0.200297
0.207403
0.205791
0.205068
0.202962
0.209016
0.201383
0.203225
0.203554
0.204114
0.20362
0.20589
0.207009
0.20464
0.209476
0.20589
0.196415
0.200955
0.204936
0.201876
0.206055
0.202173
0.208061
0.201844
0.204443
0.204903
0.20566
0.205462
0.205101
0.201482
0.203061
0.207042
0.204179
0.20487
0.20158
0.205791
0.203061
0.20487
0.202074
0.206252
0.204114
0.204245
0.205232
0.202502
0.205791
0.20997
0.205364
0.205627
0.209081
0.206318
0.208752
0.207206
0.211582
0.204739
0.208061
0.206285
0.205199
0.207173
0.206745
0.206087
0.207239
0.209279
0.210134
0.209673
0.209114
0.208983
0.205956
0.207009
0.205693
0.208654
0.207272
0.207305
0.20441
0.205791
0.204344
0.205331
0.20668
0.205824
0.20487
0.208193
0.205101
0.203949
0.208522
0.204245
0.201054
0.20362
0.206318
0.203456
0.205035
0.203456
0.206713
0.202962
0.204837
0.202403
0.206186
0.205693
0.206219
0.207009
0.208687
0.209575
0.199541
0.209114
0.203456
0.208127
0.206087
0.20816
0.204739
0.206186
0.203686
0.205166
0.206351
0.204377
0.205594
0.20385
0.205824
0.205956
0.206153
0.203587
0.207502
0.204804
0.204739
0.205002
0.203719
0.204739
0.205199
0.204081
0.200528
0.202633
0.202074
0.202962
0.205923
0.203686
0.203521
0.202304
0.200922
0.201153
0.198356
0.202107
0.199968
0.197896
0.199508
0.198323
0.197007
0.198356
0.202107
0.200297
0.198981
0.199541
0.196349
0.197632
0.196974
0.195823
0.197863
0.194737
0.197369
0.201646
0.194408
0.194474
0.195362
0.196152
0.18569
0.190789
0.191908
0.196613
0.19352
0.195132
0.194836
0.192895
0.192599
0.196119
0.194606
0.192895
0.190921
0.192796
0.191415
0.192204
0.191908
0.193421
0.1925
0.191316
0.194606
0.193816
0.19352
0.190296
0.194573
0.193158
0.193388
0.193619
0.195297
0.193323
0.195659
0.19375
0.194836
0.194869
0.196744
0.195428
0.192007
0.198389
0.195593
0.195001
0.194869
0.198488
0.19556
0.199639
0.197007
0.199475
0.197994
0.197172
0.19681
0.196974
0.198718
0.199014
0.199902
0.199245
0.199245
0.199146
0.198784
0.200297
0.199573
0.199014
0.201317
0.197797
0.200034
0.199014
0.200034
0.200067
0.199475
0.200955
0.199771
0.19885
0.198422
0.197863
0.196152
0.196316
0.199705
0.198981
0.198784
0.2001
0.200791
0.202534
0.202074
0.202107
0.201515
0.200659
0.202534
0.200133
0.198883
0.19431
0.201679
0.199771
0.201712
0.201153
0.203192
0.201547
0.202962
0.202107
0.204673
0.205923
0.200988
0.203686
0.203357
0.202896
0.199113
0.203061
0.201251
0.203916
0.199672
0.204673
0.20589
0.20237
0.205528
0.207568
0.202863
0.202896
0.203225
0.205364
0.203587
0.201975
0.207107
0.200462
0.206384
0.206647
0.207502
0.201646
0.201087
0.201646
0.199409
0.201449
0.200429
0.204179
0.205232
0.204772
0.204344
0.208489
0.203719
0.204015
0.204146
0.210957
0.203159
0.204706
0.203949
0.202238
0.202173
0.202765
0.205166
0.202863
0.204081
0.208588
0.202633
0.202534
0.205857
0.200593
0.203653
0.203357
0.201317
0.201909
0.200922
0.19783
0.200067
0.198784
0.201547
0.200462
0.202337
0.2026
0.200659
0.204015
0.193619
0.202567
0.201811
0.200593
0.203423
0.195922
0.199672
0.197929
0.197007
0.19454
0.194046
0.196251
0.200922
0.199245
0.200199
0.201251
0.200396
0.200988
0.200922
0.201449
0.198718
0.201383
0.203488
0.196218
0.201021
0.197435
0.198455
0.196843
0.198488
0.199409
0.200067
0.203192
0.201515
0.202502
0.199179
0.201383
0.196645
0.199179
0.197139
0.197468
0.19375
0.195922
0.195461
0.195428
0.196843
0.197205
0.196777
0.196152
0.196448
0.197435
0.198027
0.194474
0.199245
0.196053
0.198027
0.196481
0.196744
0.193849
0.19329
0.191053
0.190066
0.194244
0.189572
0.196777
0.196218
0.194112
0.197369
0.198356
0.194145
0.197863
0.194737
0.192533
0.195461
0.193388
0.194573
0.195231
0.194441
0.194737
0.196942
0.193487
0.197238
0.192007
0.193553
0.191678
0.193553
0.195066
0.196448
0.197106
0.195823
0.195757
0.193849
0.193849
0.194803
0.194014
0.194639
0.193191
0.195461
0.197731
0.195922
0.197501
0.197271
0.197007
0.195856
0.196777
0.196284
0.196744
0.195691
0.194803
0.195362
0.196645
0.193553
0.197994
0.194869
0.195165
0.197632
0.196481
0.198916
0.19885
0.20158
0.199343
0.204607
0.200824
0.19987
0.19783
0.201021
0.199902
0.199935
0.202863
0.200889
0.196974
0.198817
0.201317
0.202896
0.20566
0.2001
0.201186
0.19987
0.201942
0.197534
0.199146
0.194277
0.191711
0.096501
0.001686
0.019583
0.000831
0.008101
0.016392
0.025472
0.0309
0.039355
0.043632
0.052351
0.056759
0.06653
0.059753
0.07334
0.076893
0.081433
0.088474
0.092125
0.095777
0.10568
0.112358
0.1117
0.117194
0.118774
0.119497
0.126242
0.125913
0.128841
0.133282
0.134236
0.139632
0.144764
0.14427
0.1471
0.151738
0.147001
0.15437
0.158417
0.154535
0.158417
0.159075
0.157759
0.161082
0.164207
0.16526
0.168188
0.168846
0.167497
0.169142
0.169701
0.172234
0.171938
0.171708
0.173485
0.175853
0.176446
0.177531
0.176084
0.176742
0.177136
0.179801
0.178123
0.179472
0.176807
0.180295
0.181644
0.177432
0.179933
0.182433
0.180525
0.181117
0.184736
0.18036
0.184341
0.182104
0.184868
0.18648
0.18342
0.18773
0.185559
0.186611
0.190954
0.18694
0.186217
0.187927
0.184868
0.190197
0.18444
0.186414
0.18296
0.188322
0.190493
0.188816
0.185197
0.191283
0.186447
0.190164
0.18796
0.188783
0.191151
0.187105
0.191415
0.187697
0.189309
0.188059
0.189803
0.189605
0.18796
0.189934
0.191645
0.188684
0.192237
0.190526
0.187368
0.190329
0.189112
0.193158
0.190559
0.193685
0.195494
0.191842
0.191744
0.193388
0.191184
0.194869
0.194046
0.19477
0.19352
0.194935
0.197238
0.197567
0.197369
0.196152
0.199705
0.197336
0.196448
0.191382
0.194343
0.193849
0.195626
0.199376
0.199541
0.19454
0.197271
0.199639
0.199014
0.197567
0.19829
0.199343
0.198126
0.198652
0.200626
0.194244
0.201251
0.200528
0.200495
0.195922
0.197435
0.200231
0.199212
0.200034
0.202107
0.200922
0.200593
0.201317
0.198981
0.198258
0.202403
0.199837
0.203028
0.203423
0.201712
0.202107
0.203456
0.202107
0.204475
0.200626
0.202798
0.203357
0.202238
0.204048
0.205002
0.204048
0.205495
0.20589
0.198883
0.206449
0.20464
0.205035
0.207107
0.205002
0.203949
0.200791
0.204344
0.206943
0.20441
0.205824
0.206976
0.206647
0.20691
0.205989
0.209772
0.204706
0.207502
0.206022
0.2077
0.211187
0.202633
0.184637
0.187138
0.18875
0.188059
0.190888
0.190395
0.19227
0.189276
0.191645
0.191447
0.192467
0.194244
0.201416
0.196152
0.201383
0.198916
0.198159
0.197172
0.198817
0.197567
0.198685
0.19908
0.200791
0.201975
0.200791
0.202666
0.203094
0.201876
0.204311
0.206515
0.202502
0.205265
0.20362
0.203521
0.206482
0.207403
0.209542
0.20385
0.202798
0.205101
0.203192
0.205331
0.202666
0.202962
0.205561
0.204739
0.206745
0.205002
0.206877
0.204475
0.203916
0.204837
0.203423
0.204278
0.199277
0.206219
0.203982
0.202337
0.201975
0.202271
0.201613
0.203324
0.201712
0.207042
0.202896
0.204015
0.205035
0.20385
0.204146
0.202699
0.204607
0.199672
0.200264
0.198422
0.201284
0.199212
0.20158
0.202896
0.206515
0.202732
0.203357
0.202863
0.199573
0.2001
0.202074
0.201745
0.200363
0.200034
0.196876
0.198587
0.196711
0.199639
0.195264
0.200034
0.197073
0.199212
0.197271
0.200857
0.200692
0.197764
0.201251
0.198356
0.199014
0.197665
0.191908
0.193092
0.196711
0.195428
0.198784
0.196086
0.198883
0.198093
0.196843
0.201811
0.202534
0.200199
0.201186
0.200593
0.20158
0.201844
0.198916
0.201284
0.200231
0.202732
0.199508
0.204311
0.2001
0.20385
0.204541
0.206219
0.204114
0.204936
0.202699
0.205397
0.206055
0.203028
0.20135
0.203324
0.202929
0.201679
0.203883
0.202699
0.204146
0.202469
0.205923
0.205693
0.207009
0.207107
0.210989
0.205068
0.20464
0.207996
0.205857
0.208687
0.205232
0.205265
0.204837
0.203916
0.20464
0.205528
0.201778
0.204146
0.204212
0.208061
0.206713
0.209904
0.208983
0.206943
0.207963
0.205166
0.203587
0.208687
0.205956
0.207568
0.20691
0.202403
0.207535
0.206713
0.210595
0.207502
0.20691
0.207403
0.207897
0.206844
0.207732
0.206647
0.205199
0.208851
0.208588
0.206614
0.207634
0.207173
0.204443
0.207239
0.203949
0.204772
0.205726
0.206055
0.205397
0.208358
0.206581
0.20839
0.209016
0.205693
0.208884
0.207305
0.207206
0.206153
0.205331
0.200231
0.204706
0.201745
0.201383
0.206022
0.206285
0.205791
0.205462
0.20283
0.203357
0.204936
0.20385
0.208489
0.203159
0.206614
0.204081
0.205627
0.206285
0.198948
0.206087
0.202436
0.200692
0.207272
0.201646
0.203653
0.20339
0.203225
0.199738
0.204245
0.206515
0.202666
0.204212
0.202534
0.20441
0.200231
0.202238
0.202534
0.202929
0.203752
0.2001
0.201679
0.201942
0.200725
0.200626
0.204607
0.198718
0.203653
0.199705
0.20237
0.200922
0.202403
0.199541
0.20441
0.202304
0.205035
0.20283
0.199968
0.204344
0.202403
0.203916
0.201975
0.204015
0.201712
0.20339
0.202699
0.201975
0.202666
0.204574
0.199672
0.202896
0.201844
0.200758
0.205364
0.199902
0.197369
0.203883
0.203653
0.204114
0.203587
0.202962
0.201613
0.201153
0.202469
0.201679
0.201547
0.201745
0.202337
0.203094
0.201515
0.202173
