Ladekurvenmessung
Zeit: 2018_05_04 09.59.26
Info: FVA3, v = 1.05, T = 23, F = 20, h = 587.3
Ladewiderstand[Ohm]: 1012700
Störkapazität[pF]: 0.000000
Entladezeit[ms]: 200
Abtastrate[Hz]: 250000
Anzahl der Messwerte: 2500.000000
Verzögerung[ms]: 3
Ladespannung[V]: 0.200000
	Kurve_1	Kurve_2
0	-0.000676	0.00146
1	0.004912	0.003104
2	0.004583	0.00294
3	0.003433	0.002447
4	-0.002155	-0.000676
5	-0.002977	0.001132
6	-0.000512	0.000803
7	0.000146	-0.000347
8	-0.000512	-0.000841
9	0.00294	0.000639
10	0.002447	-0.000676
11	0.002118	0.000474
12	0.00294	0.004255
13	0.002447	0.002447
14	0.004583	0.000803
15	-0.000512	-0.000512
16	-0.003142	0.002611
17	0.000474	0.001296
18	0.000803	0.003433
19	0.000146	-0.001169
20	0.001132	-0.003306
21	-0.000841	-0.003142
22	-0.000183	-0.000183
23	-0.002155	-0.006264
24	0.002118	-0.002813
25	-0.001662	0.000146
26	0.00294	-0.001991
27	0.000474	-0.000347
28	0.001296	0.000639
29	0.001789	-1.9e-05
30	0.001954	-0.001334
31	0.002282	0.00409
32	-0.000841	0.00146
33	0.001296	0.000474
34	0.002118	0.002447
35	0.00146	0.003597
36	0.001954	-0.002484
37	0.002282	0.000146
38	-0.001662	-0.000512
39	0.000967	0.001132
40	-0.003306	-0.003306
41	-0.001827	0.00294
42	-0.001498	0.001296
43	0.000474	0.001296
44	0.00146	0.003926
45	0.000967	0.004255
46	0.002282	0.000803
47	0.002282	-0.001498
48	0.003104	0.003761
49	0.000639	0.00031
50	0.001132	0.002118
51	0.002118	0.00031
52	0.00031	0.00294
53	0.001625	-0.002155
54	0.001789	0.001954
55	-0.003799	0.00031
56	-0.000841	0.002447
57	-0.001334	0.00031
58	-0.001169	0.000967
59	-1.9e-05	0.00031
60	-0.001169	0.000639
61	0.003926	0.000967
62	0.000803	0.001132
63	0.001789	0.004419
64	0.002118	-0.003635
65	0.002447	0.002447
66	-0.001991	0.001625
67	0.005569	0.000639
68	0.001789	0.000639
69	0.001789	0.007049
70	0.001132	-0.000512
71	0.002447	0.003761
72	-0.000841	0.000803
73	-0.003635	0.001625
74	0.001625	-0.003799
75	-0.001005	-0.001991
76	0.002611	-0.001498
77	0.003597	-0.00232
78	0.001296	-0.002813
79	0.00294	0.000146
80	0.001954	0.001954
81	0.002118	-0.000512
82	0.000967	0.002775
83	0.001132	-0.001169
84	0.001954	-0.000183
85	-0.000676	-0.000512
86	0.002282	-0.000183
87	0.000967	0.002611
88	-0.00232	0.005405
89	-0.002155	0.000639
90	-0.000183	0.005569
91	0.001625	0.004912
92	-0.001169	-0.000183
93	0.004748	0.002118
94	-0.000347	0.00294
95	0.001132	-0.003142
96	0.000967	-0.004292
97	0.002118	-0.001169
98	0.00146	-0.000183
99	0.003268	0.001789
100	0.002611	-0.000512
101	0.004912	-0.000512
102	0.00409	-0.001005
103	0.001625	0.000146
104	0.007213	-0.000347
105	0.003926	0.001132
106	-0.001169	0.000803
107	-0.000512	0.001296
108	0.001625	0.000146
109	-1.9e-05	0.00146
110	-0.000347	0.002447
111	0.001296	-0.000183
112	0.003926	0.003268
113	0.002611	0.001789
114	0.002775	0.001296
115	0.00146	-0.001498
116	0.003104	0.000803
117	0.004912	-0.003142
118	0.007213	-0.004949
119	0.003268	-0.002813
120	0.00146	-0.001005
121	0.002447	-0.001827
122	0.001954	0.001954
123	0.00294	0.003597
124	0.00146	0.00672
125	0.001296	0.006227
126	0.003104	0.000146
127	0.002775	0.002611
128	-0.000183	0.00146
129	0.004748	0.000639
130	-0.002648	-0.00347
131	0.001789	0.003761
132	0.001132	-0.001169
133	0.003926	0.000474
134	0.002447	-0.000183
135	0.002775	-0.000512
136	0.000803	-0.000183
137	0.002282	-0.001662
138	0.002611	-0.000512
139	-0.004128	0.003268
140	0.000967	0.002611
141	0.00031	-0.002484
142	0.002118	0.00294
143	-0.001005	-0.000183
144	0.002611	0.003433
145	-0.000347	-1.9e-05
146	0.003268	0.005076
147	0.002118	0.002775
148	0.00031	0.000967
149	0.001296	0.000474
150	0.002447	0.001625
151	0.001954	-0.001334
152	0.00294	-0.002648
153	0.000803	0.000639
154	-0.001498	0.000474
155	0.005734	0.003761
156	0.005405	-0.000841
157	0.00409	0.001789
158	0.002447	-0.001169
159	0.00294	0.000474
160	0.000967	0.000803
161	0.002118	0.003433
162	-0.002648	-0.000347
163	0.000474	0.00146
164	0.003268	0.001625
165	-0.001991	0.000803
166	0.005076	-0.000841
167	0.003104	0.00146
168	0.004583	-0.001498
169	0.002282	-0.003142
170	-0.001498	-0.001662
171	0.001954	-0.004456
172	0.002447	-0.001169
173	-0.001005	-0.000512
174	0.001625	0.001954
175	-0.001498	0.00409
176	0.000474	0.003926
177	0.002282	0.003104
178	0.000967	0.000639
179	0.000639	0.004912
180	0.001296	-0.001827
181	0.00146	-0.002813
182	0.001789	0.000967
183	0.00031	-1.9e-05
184	0.00031	0.000474
185	0.000639	-0.001827
186	-0.000183	0.001625
187	-0.000512	0.00031
188	-0.002648	0.000474
189	0.00409	0.000639
190	-0.00232	-0.004785
191	0.003926	-0.000183
192	0.003597	-0.001662
193	0.001625	0.000803
194	0.000967	0.000639
195	0.000967	0.002447
196	0.001132	-1.9e-05
197	0.00294	0.002447
198	0.003104	-0.000512
199	0.002611	-0.000512
200	0.001625	-0.001827
201	0.000146	-0.001005
202	0.005405	0.000146
203	0.00146	-0.002155
204	0.000639	0.000474
205	-0.001498	-0.002813
206	0.003761	-0.003142
207	0.001132	0.002118
208	0.004583	0.000803
209	0.005241	0.001954
210	0.006391	0.001296
211	0.004419	0.000474
212	0.00294	0.00146
213	0.002775	0.000967
214	0.004419	0.001954
215	0.001625	0.000474
216	0.003926	0.00031
217	0.002775	0.001789
218	0.000146	0.001789
219	-1.9e-05	0.002611
220	0.002447	0.000474
221	0.002282	0.00031
222	0.001132	-0.00347
223	0.003104	-0.003306
224	0.004583	-0.004128
225	0.004255	-1.9e-05
226	0.00146	0.000639
227	0.004419	0.001132
228	0.003104	-0.001498
229	0.003597	0.003104
230	0.003926	0.002447
231	0.00294	0.001296
232	0.003597	0.003433
233	0.001296	-0.000512
234	0.001132	0.005241
235	-0.003963	-0.006264
236	0.003926	0.00409
237	-0.001498	0.005405
238	0.00294	-0.001498
239	0.001789	-0.00347
240	0.001296	-0.001991
241	0.005569	-0.001334
242	0.005076	0.001132
243	0.006884	-0.001005
244	0.002775	0.002118
245	-0.000512	0.00031
246	-0.000347	-0.001169
247	0.001954	-0.001334
248	-0.001334	0.001296
249	0.001954	0.003926
250	-0.001169	-0.001005
251	-0.001005	0.002447
252	-0.000512	-0.000183
253	0.00294	0.000803
254	-0.000512	0.000803
255	-0.000512	0.001132
256	-0.005936	-0.002155
257	-0.001991	-0.000183
258	-0.001827	-0.001334
259	-0.001662	0.00031
260	-0.003963	-0.000841
261	-0.001498	-0.003142
262	-0.000183	0.000474
263	-0.004456	0.001132
264	0.002447	-0.001662
265	-0.001662	-0.000512
266	0.000146	-0.001005
267	-0.00347	-0.002155
268	-0.002155	-0.000512
269	-0.004785	-0.002155
270	-0.006922	-0.001169
271	-0.005607	0.000474
272	-0.003963	-0.000347
273	-0.002648	-0.003142
274	0.002775	-0.004949
275	0.001296	-0.00347
276	0.000639	-0.001827
277	-0.001991	-0.000676
278	-0.001991	0.000146
279	-0.002155	-1.9e-05
280	-0.003306	-0.001662
281	-0.003635	0.000967
282	-0.004949	0.00031
283	-0.001827	0.000803
284	-0.003142	0.001296
285	-0.004456	0.001132
286	-0.000676	0.001625
287	-0.002484	0.00294
288	-0.007579	0.000803
289	-0.005771	0.000639
290	-0.004621	-0.003799
291	-0.004621	-0.001005
292	-0.00347	-0.002484
293	-0.002813	-0.001827
294	-0.001334	0.001132
295	-0.004292	-0.003963
296	-0.000183	-0.000512
297	-0.002484	0.000639
298	-0.001005	0.003597
299	-0.001662	0.004748
300	-0.001169	0.004419
301	-0.001005	-0.001169
302	-0.000676	0.001625
303	-0.004621	-0.000512
304	0.000803	0.000967
305	-0.002977	0.000146
306	0.002447	0.001296
307	-0.000841	-0.002977
308	-0.001334	-0.001827
309	0.004748	0.001296
310	-0.002484	-0.002813
311	-0.000841	0.00146
312	-0.002155	-0.001005
313	0.000967	0.002775
314	-0.002484	-0.001827
315	-0.000676	0.000803
316	0.003104	0.002118
317	-0.000183	0.001789
318	-0.003142	-0.000512
319	-0.000512	0.001789
320	-0.002648	-0.00232
321	0.001296	-0.000183
322	0.000967	0.001789
323	0.002447	-0.003963
324	0.003761	-0.004785
325	-0.000676	-0.006429
326	0.001625	-0.001498
327	-0.001334	-0.002977
328	-0.000512	-0.000347
329	-0.002484	-0.002484
330	0.002447	0.001625
331	0.00146	-0.001169
332	0.001296	0.000146
333	0.000474	0.000474
334	0.001954	0.000474
335	-0.001827	-0.000841
336	-0.003799	0.001954
337	-0.004128	0.00031
338	-0.002813	0.002282
339	-0.004456	-0.001662
340	-0.001991	-0.002977
341	0.001132	0.00031
342	0.000146	-1.9e-05
343	0.000803	-1.9e-05
344	-0.000347	0.002611
345	-0.00232	-0.001334
346	-0.003799	-0.00347
347	-0.003963	0.000474
348	-0.001662	-0.002813
349	0.000639	0.001625
350	-0.001334	-0.002813
351	0.002447	-0.001334
352	0.001954	-0.002813
353	-0.005114	0.000474
354	0.000146	-0.000347
355	0.000967	0.001954
356	-0.00232	-0.001498
357	0.001296	-0.00347
358	0.000146	0.000474
359	-0.00347	-0.001005
360	-0.001991	-0.000183
361	-0.005607	-0.002155
362	-0.002155	0.000474
363	0.001296	-0.002155
364	-0.001498	0.000967
365	0.001132	-0.001169
366	0.002282	0.00294
367	0.000146	-0.001005
368	0.001954	-0.003142
369	0.001296	0.001954
370	-0.002155	-0.001005
371	-0.001827	-0.001991
372	0.000474	-0.000347
373	0.00031	-0.000347
374	-0.001334	-0.001827
375	-0.002484	-0.001827
376	-0.000841	-0.00232
377	0.000639	0.000474
378	-0.001005	-0.00232
379	-0.000347	-0.000512
380	-0.002155	-0.002155
381	0.003597	-0.000183
382	0.001954	-0.001498
383	0.000146	-0.001662
384	0.003926	-0.000841
385	-0.001991	-0.000183
386	-0.003635	0.00146
387	-0.001005	-0.000183
388	0.00031	-0.000183
389	-0.002484	-0.004785
390	0.000474	-0.001662
391	-0.00347	-0.002977
392	-0.00232	-0.000347
393	-0.000512	0.000639
394	0.001132	0.000967
395	-0.001498	0.000967
396	-0.001005	-0.000183
397	-0.001662	-0.001498
398	-0.000676	0.001625
399	0.001296	0.00031
400	0.001132	-0.005607
401	0.004419	-0.001169
402	-0.000841	-0.001334
403	0.000967	-0.002648
404	-1.9e-05	0.000967
405	0.001954	0.001625
406	-0.000512	-0.002648
407	-0.000347	0.000967
408	0.000639	0.001296
409	-0.001005	0.000639
410	-0.001005	0.00294
411	0.001789	0.001625
412	0.002611	0.00146
413	-0.003799	-0.00347
414	-0.000512	-0.003306
415	0.000639	-0.001827
416	0.00031	-0.000347
417	-0.000183	-0.001498
418	0.001132	-0.000841
419	-0.001498	-0.001991
420	0.004583	-0.001498
421	-1.9e-05	-1.9e-05
422	0.00294	-0.004292
423	0.002447	-0.002155
424	-0.001334	-0.001005
425	0.000803	-0.003635
426	0.001954	0.001954
427	-0.000512	-0.001991
428	0.000803	0.00031
429	-1.9e-05	0.001296
430	-0.003306	0.000803
431	0.00294	0.001132
432	-0.004456	0.006227
433	0.002775	-0.001169
434	-0.0061	-0.000512
435	-0.00232	0.000474
436	0.000639	-0.001498
437	0.000474	0.00146
438	-0.002484	-0.001334
439	0.001954	-0.001498
440	0.00146	-0.004949
441	-1.9e-05	0.000639
442	0.003433	0.001625
443	-0.000347	0.008857
444	0.000803	-0.001498
445	-0.010702	0.000967
446	-0.000841	0.003761
447	-0.000512	0.00031
448	0.00146	0.002775
449	-0.001169	-0.000183
450	0.001789	0.002447
451	0.001296	0.003268
452	-0.001005	0.003104
453	0.000639	-0.00232
454	0.00409	0.004912
455	0.000146	-0.00232
456	-0.0061	-0.000841
457	-0.000676	0.000803
458	0.001132	0.000803
459	0.002118	-0.000512
460	-0.001827	0.000803
461	0.00031	0.005076
462	0.003761	0.00146
463	-0.002484	0.002282
464	0.000474	-0.001991
465	0.004255	-0.004785
466	-0.001991	0.000474
467	0.000146	-0.001169
468	-0.002484	-0.002648
469	0.001132	-0.003306
470	-0.000183	-0.003142
471	-0.001662	-0.000347
472	0.001132	-0.004949
473	0.001296	-0.00347
474	-0.006593	-0.000347
475	0.002775	-0.001498
476	0.00031	-0.010866
477	0.000146	-0.002648
478	0.001789	0.00031
479	-0.002484	0.001954
480	-0.003306	0.000803
481	0.001132	-0.000841
482	0.001954	0.003433
483	-0.005607	-0.002813
484	-0.000841	0.00031
485	-0.006922	0.000146
486	-0.001334	0.00146
487	-0.003306	-0.010373
488	-0.001498	-0.00232
489	0.000146	-0.003635
490	-0.000841	-0.005771
491	0.002611	-0.001498
492	0.000474	-0.003306
493	0.001789	-0.000347
494	0.002118	-0.000183
495	0.000639	-0.001498
496	-0.002484	0.002118
497	0.000474	0.002282
498	0.000639	0.000967
499	0.000967	-0.000347
500	-0.001498	0.001625
501	-1.9e-05	0.004748
502	-0.001498	-0.001662
503	-0.001991	-0.001005
504	-0.000347	0.000639
505	-0.002977	-0.001827
506	0.000474	-0.001991
507	-0.001662	-1.9e-05
508	0.000967	-0.000347
509	0.000474	-0.000512
510	-0.000183	0.000146
511	0.001296	-0.000347
512	-0.001662	0.000639
513	0.001625	0.004419
514	0.001954	-0.000183
515	-0.001334	-0.001005
516	0.000639	-0.001334
517	-0.001334	-0.001169
518	-0.003799	-0.000183
519	-0.001827	-0.001827
520	-0.002813	-0.003142
521	-0.00232	-0.003306
522	-0.004456	-0.003635
523	-0.004456	-0.003142
524	-0.002155	-0.002155
525	-0.001498	0.000474
526	-0.002155	-0.001662
527	0.002118	-0.000841
528	-0.001662	0.003926
529	0.001296	0.001954
530	-0.000183	-0.001662
531	0.004748	0.001296
532	0.001954	-0.002484
533	0.005734	0.000639
534	0.00146	-0.001005
535	-0.000676	-0.000676
536	-0.004128	0.000803
537	-0.002155	-0.00232
538	-0.003963	-0.001662
539	-0.003306	0.002611
540	-0.000512	0.001789
541	-0.001498	-0.001334
542	-0.004128	-0.001169
543	-0.002155	-0.002648
544	0.002611	0.002118
545	-0.001498	-0.004456
546	0.002775	0.000967
547	-0.000676	0.000474
548	0.000146	0.001789
549	0.000639	-0.001498
550	-0.001005	0.002775
551	0.000146	-0.000841
552	0.000967	0.001625
553	-0.001991	-0.003306
554	-0.000512	-0.000512
555	-0.000347	-0.001498
556	0.00031	-0.000676
557	0.001132	-0.003306
558	-0.002484	-1.9e-05
559	0.000474	0.000146
560	-0.00347	-0.002813
561	-0.000347	0.003926
562	-0.001005	0.001132
563	-0.002648	0.001625
564	0.00031	-1.9e-05
565	0.000803	0.000803
566	0.000803	-0.000512
567	0.001954	0.000146
568	-0.000841	-0.001334
569	-1.9e-05	-0.003963
570	0.00031	-0.000347
571	0.000639	-0.002484
572	0.002775	-0.001005
573	-0.002813	-0.000512
574	0.001954	0.004583
575	0.000146	-0.000676
576	0.000639	0.003597
577	0.001625	-0.001662
578	0.002611	-0.000676
579	-0.001005	0.001789
580	0.003433	-0.001334
581	-1.9e-05	-0.004621
582	0.006062	-0.003142
583	-0.000841	0.00409
584	-0.002484	-0.000512
585	-0.003306	0.001789
586	-0.004949	-0.000676
587	-0.000676	0.003268
588	-0.001662	-0.002155
589	-0.001662	-1.9e-05
590	-0.004456	-0.000183
591	0.003761	0.004255
592	-0.000841	0.00294
593	0.001625	0.000146
594	-1.9e-05	-1.9e-05
595	0.001132	0.004255
596	0.002611	-0.001005
597	0.003268	-0.000676
598	0.004419	0.00031
599	-0.001498	-0.00232
600	0.002447	-0.001662
601	0.003104	-0.000183
602	0.001789	-0.00232
603	-0.000841	-0.006429
604	0.000967	0.000146
605	0.00031	-0.001334
606	0.00031	0.00031
607	-0.000183	0.00031
608	0.002118	0.000639
609	0.001132	0.001625
610	0.001132	-0.002155
611	0.001789	-0.003142
612	0.005076	0.000146
613	0.004748	-0.001005
614	0.000146	-0.002813
615	-0.001991	-0.001169
616	0.000639	-0.000512
617	0.001789	-0.001005
618	-0.001169	-0.000183
619	0.001625	-0.001991
620	-0.002155	-0.000512
621	-0.000183	-0.000676
622	-0.001334	0.001296
623	-0.001827	0.00409
624	-0.002484	0.000967
625	-0.002155	0.002282
626	-0.004292	-0.000512
627	-0.001169	0.001296
628	-0.001334	-0.001498
629	-0.001991	0.003268
630	-0.004785	-0.001991
631	-0.0061	0.001625
632	-0.001334	0.00031
633	-0.003635	-0.002648
634	-0.006757	0.003268
635	-0.003306	-0.001991
636	-0.00347	-0.00232
637	-0.00873	-0.000512
638	-0.002813	0.001296
639	-0.004456	0.000474
640	-0.003635	-0.000183
641	-0.005278	-0.001169
642	-0.001169	0.005076
643	-0.004949	-0.000183
644	-0.001169	-1.9e-05
645	-0.002484	0.000803
646	-0.001827	-0.001662
647	-0.006429	-1.9e-05
648	-0.00347	-0.003799
649	-0.003142	0.002118
650	-0.004128	-0.002813
651	-0.001498	0.001625
652	-0.003635	-0.001005
653	-0.002648	-0.001498
654	-0.002977	0.001789
655	-0.000841	-0.001991
656	-0.003799	-0.001662
657	-0.00232	0.003761
658	-0.006922	0.00146
659	-0.003963	0.000639
660	-0.004456	-0.001169
661	-0.004785	-0.000512
662	-0.001169	-0.001169
663	-0.000183	-0.002977
664	0.003597	-0.001005
665	-0.003799	-0.001827
666	0.002118	-0.000512
667	-0.000512	-0.002813
668	-0.002977	-0.000347
669	-0.003306	-0.002484
670	0.000639	-0.002648
671	-0.001991	-1.9e-05
672	-0.002484	-0.001662
673	-0.001827	-0.00232
674	-0.001334	0.000146
675	-0.002484	-0.001169
676	-0.000512	-0.001169
677	-0.000512	0.001132
678	-0.003306	-0.001827
679	-0.005607	0.000639
680	-0.005607	-0.004292
681	0.000967	-0.000512
682	-0.000512	-0.000347
683	-0.003635	-0.000676
684	0.00146	-0.000347
685	0.001296	0.000639
686	-0.001169	-0.002484
687	-0.000841	-0.001169
688	-0.001498	-0.002484
689	-0.001662	-0.001662
690	0.000474	-0.001662
691	0.000474	-0.000841
692	-0.001991	-0.007415
693	0.000639	-0.001498
694	0.000146	-0.004292
695	-0.000347	-0.006429
696	0.00146	-0.001498
697	-0.000676	-0.005443
698	0.004748	-0.004621
699	-1.9e-05	-0.004128
700	0.000146	-0.004785
701	0.001132	-0.006429
702	0.00409	-0.003963
703	-0.001498	-0.008565
704	0.002447	-0.001334
705	0.004583	0.000474
706	0.003433	-0.000841
707	0.008857	0.000474
708	0.002775	-0.000183
709	-0.000183	-0.002977
710	0.00409	-0.003799
711	0.00031	-0.002977
712	0.001296	-0.001991
713	0.002118	-0.001334
714	0.003926	-0.003635
715	0.00409	-0.000183
716	0.001132	-0.00347
717	0.004748	-0.004456
718	0.003104	-0.001827
719	0.003104	-0.001991
720	0.000803	-0.003799
721	0.003926	-0.001991
722	0.001789	0.000803
723	0.002447	-0.001169
724	0.004255	0.001789
725	0.002118	-0.003963
726	0.005076	-0.000347
727	-0.000347	-0.001169
728	0.004912	-0.002155
729	0.003597	-0.001991
730	0.006556	-0.000183
731	0.002775	-0.004785
732	0.007049	-0.001827
733	0.004255	-0.002155
734	0.001132	0.00031
735	-0.006264	-0.002813
736	0.000803	-0.001005
737	0.000967	-0.002155
738	-0.004292	-0.002977
739	0.001625	-0.004621
740	0.002447	-0.006593
741	0.003926	-0.003635
742	0.001625	-0.002813
743	0.003268	-0.005771
744	0.001132	-0.005936
745	0.00031	0.000474
746	0.001132	-0.003963
747	0.001954	0.000146
748	-0.002813	-0.001498
749	-0.000347	-0.001005
750	0.001296	-0.001827
751	0.007213	0.001625
752	0.012965	0.003761
753	0.020362	0.008035
754	0.031045	0.011158
755	0.032853	0.011815
756	0.043043	0.012308
757	0.049453	0.009021
758	0.060136	0.018389
759	0.061944	0.017074
760	0.065395	0.012144
761	0.07197	0.012308
762	0.085611	0.012637
763	0.076243	0.012965
764	0.090706	0.011979
765	0.093172	0.01428
766	0.094158	0.014445
767	0.100075	0.011979
768	0.103033	0.0105
769	0.108128	0.011486
770	0.112237	0.012637
771	0.118154	0.010664
772	0.122263	0.010171
773	0.120948	0.007706
774	0.1267	0.00672
775	0.129823	0.010171
776	0.131631	0.00672
777	0.135411	0.011322
778	0.137384	0.009843
779	0.14215	0.011651
780	0.146259	0.0105
781	0.144944	0.018061
782	0.147081	0.016581
783	0.151847	0.017074
784	0.150697	0.018718
785	0.149053	0.018554
786	0.158914	0.018882
787	0.158914	0.018554
788	0.156285	0.019868
789	0.155792	0.019211
790	0.157435	0.019375
791	0.117661	0.020033
792	0.121441	0.01954
793	0.123249	0.020855
794	0.132289	0.021183
795	0.130152	0.022498
796	0.005734	0.024964
797	0.012472	0.026278
798	0.020033	0.034332
799	0.027593	0.035318
800	0.016417	0.039427
801	0.020362	0.044686
802	0.029401	0.052575
803	0.040906	0.055534
804	0.001954	0.058985
805	0.00672	0.061944
806	0.011322	0.066217
807	0.007049	0.072956
808	0.018554	0.073613
809	0.027429	0.081502
810	0.029894	0.079859
811	0.041892	0.089227
812	0.046001	0.091857
813	0.053069	0.09991
814	0.057999	0.10254
815	0.066875	0.105498
816	0.074106	0.10632
817	0.078051	0.11158
818	0.08331	0.112566
819	0.084132	0.111415
820	0.087912	0.120455
821	0.097116	0.118483
822	0.100568	0.121605
823	0.099253	0.126372
824	0.108457	0.132946
825	0.112401	0.134261
826	0.118647	0.13952
827	0.11914	0.139685
828	0.120619	0.140671
829	0.12933	0.147903
830	0.13196	0.145108
831	0.133603	0.148396
832	0.133932	0.15234
833	0.135411	0.15119
834	0.133932	0.155299
835	0.142479	0.160394
836	0.146259	0.159079
837	0.147574	0.158093
838	0.147903	0.16253
839	0.151683	0.163681
840	0.150861	0.169105
841	0.153819	0.166475
842	0.160065	0.166146
843	0.156942	0.16894
844	0.160887	0.168283
845	0.162859	0.169105
846	0.165489	0.169762
847	0.163516	0.175186
848	0.170584	0.17272
849	0.169269	0.175515
850	0.170091	0.176665
851	0.171406	0.176829
852	0.175515	0.17913
853	0.1742	0.176501
854	0.173378	0.180774
855	0.175021	0.178637
856	0.176501	0.183075
857	0.174035	0.185047
858	0.176172	0.184718
859	0.177651	0.183075
860	0.179623	0.183404
861	0.181431	0.184554
862	0.183075	0.181267
863	0.18176	0.186362
864	0.178637	0.185212
865	0.182253	0.18817
866	0.182253	0.186526
867	0.185869	0.181924
868	0.182582	0.183568
869	0.187513	0.190142
870	0.183568	0.186362
871	0.183897	0.188006
872	0.184718	0.190142
873	0.186033	0.192608
874	0.186691	0.189485
875	0.18554	0.188827
876	0.185047	0.191293
877	0.188006	0.19195
878	0.184554	0.192936
879	0.194416	0.193922
880	0.188827	0.193758
881	0.189156	0.193101
882	0.19195	0.195566
883	0.188499	0.193101
884	0.193429	0.196717
885	0.192115	0.190964
886	0.19195	0.19458
887	0.186526	0.193101
888	0.186362	0.196388
889	0.1908	0.195402
890	0.192608	0.197045
891	0.189649	0.19573
892	0.193594	0.195237
893	0.192772	0.196059
894	0.194416	0.195237
895	0.19573	0.199675
896	0.193594	0.19721
897	0.192936	0.201483
898	0.191128	0.192279
899	0.200168	0.198031
900	0.193922	0.193429
901	0.19573	0.193758
902	0.193922	0.19458
903	0.19458	0.198031
904	0.193758	0.196223
905	0.197867	0.198524
906	0.197374	0.19836
907	0.193922	0.197045
908	0.196223	0.197538
909	0.190964	0.202305
910	0.194744	0.196388
911	0.194087	0.19836
912	0.197867	0.199346
913	0.193922	0.194909
914	0.190307	0.200332
915	0.194087	0.194744
916	0.197374	0.19721
917	0.193594	0.20099
918	0.19836	0.196717
919	0.196717	0.195895
920	0.194251	0.198853
921	0.194416	0.199182
922	0.195402	0.19836
923	0.193429	0.199346
924	0.195237	0.200661
925	0.194416	0.200332
926	0.19458	0.198031
927	0.194744	0.201319
928	0.194744	0.198031
929	0.198689	0.198853
930	0.192608	0.199182
931	0.195895	0.198689
932	0.197374	0.198689
933	0.194416	0.197374
934	0.196552	0.197703
935	0.194251	0.195237
936	0.188499	0.198031
937	0.197867	0.199182
938	0.197045	0.198196
939	0.194416	0.201647
940	0.198853	0.196059
941	0.197045	0.199182
942	0.196552	0.200332
943	0.197374	0.198689
944	0.19836	0.199346
945	0.194909	0.19721
946	0.198689	0.194087
947	0.197703	0.186526
948	0.196552	0.184061
949	0.198853	0.180116
950	0.198853	0.191293
951	0.197867	0.18439
952	0.198853	0.184883
953	0.20099	0.185705
954	0.196552	0.186526
955	0.19458	0.186362
956	0.196388	0.186855
957	0.200168	0.188334
958	0.196388	0.191128
959	0.195566	0.191293
960	0.198689	0.190142
961	0.200661	0.198689
962	0.197045	0.187348
963	0.201812	0.192608
964	0.191293	0.190964
965	0.195237	0.185705
966	0.198524	0.189814
967	0.194744	0.187841
968	0.199675	0.183239
969	0.198689	0.192115
970	0.196717	0.191621
971	0.195073	0.192115
972	0.199182	0.201483
973	0.197867	0.193429
974	0.202469	0.194251
975	0.196552	0.193429
976	0.198031	0.195895
977	0.195073	0.194251
978	0.199675	0.197867
979	0.201812	0.192772
980	0.196388	0.196717
981	0.193429	0.195402
982	0.199839	0.194251
983	0.196059	0.199839
984	0.19836	0.192443
985	0.19836	0.191457
986	0.196388	0.192115
987	0.194744	0.195237
988	0.200004	0.192279
989	0.203455	0.200661
990	0.196388	0.194251
991	0.199182	0.197867
992	0.199182	0.197045
993	0.198031	0.197703
994	0.202962	0.200168
995	0.201976	0.199675
996	0.196717	0.199511
997	0.199839	0.192443
998	0.194416	0.195073
999	0.198689	0.194909
1000	0.199018	0.19573
1001	0.19836	0.194909
1002	0.200497	0.197045
1003	0.196388	0.197867
1004	0.201154	0.195237
1005	0.197703	0.193101
1006	0.201483	0.196388
1007	0.197703	0.198853
1008	0.198853	0.193101
1009	0.202962	0.199018
1010	0.200332	0.19836
1011	0.20099	0.198196
1012	0.202305	0.199675
1013	0.197538	0.195237
1014	0.195566	0.200497
1015	0.198524	0.196717
1016	0.197703	0.183568
1017	0.199182	0.193429
1018	0.200168	0.198853
1019	0.197703	0.193429
1020	0.196717	0.193101
1021	0.202633	0.200332
1022	0.199839	0.196059
1023	0.199182	0.197703
1024	0.200497	0.199675
1025	0.200168	0.199182
1026	0.200825	0.199346
1027	0.202305	0.187513
1028	0.199839	0.19721
1029	0.204606	0.197867
1030	0.197045	0.198853
1031	0.197374	0.199182
1032	0.198689	0.200497
1033	0.197538	0.197045
1034	0.199511	0.19836
1035	0.196881	0.198524
1036	0.198196	0.199675
1037	0.198689	0.199511
1038	0.198689	0.188499
1039	0.195237	0.19721
1040	0.197538	0.199346
1041	0.197374	0.198031
1042	0.199675	0.19721
1043	0.201483	0.199182
1044	0.202469	0.198689
1045	0.198853	0.194087
1046	0.20214	0.197538
1047	0.199839	0.199675
1048	0.19836	0.198196
1049	0.197045	0.186362
1050	0.201319	0.19573
1051	0.19836	0.197703
1052	0.198196	0.196223
1053	0.203784	0.199346
1054	0.198689	0.200004
1055	0.199675	0.199182
1056	0.199839	0.197703
1057	0.200661	0.200168
1058	0.198689	0.200004
1059	0.20362	0.197867
1060	0.199182	0.190964
1061	0.20099	0.194909
1062	0.201976	0.201154
1063	0.194744	0.199182
1064	0.193265	0.200004
1065	0.200004	0.199346
1066	0.197703	0.199675
1067	0.193594	0.20099
1068	0.198196	0.200661
1069	0.196552	0.196059
1070	0.199839	0.20099
1071	0.195073	0.197045
1072	0.19721	0.19836
1073	0.199018	0.196223
1074	0.196388	0.196059
1075	0.197867	0.197374
1076	0.19836	0.199182
1077	0.199675	0.197703
1078	0.194416	0.196552
1079	0.200661	0.200661
1080	0.194251	0.19836
1081	0.196717	0.200004
1082	0.196552	0.199018
1083	0.192936	0.199675
1084	0.200004	0.197045
1085	0.194909	0.200661
1086	0.193101	0.199675
1087	0.195073	0.201647
1088	0.195073	0.198853
1089	0.192772	0.200168
1090	0.192443	0.198689
1091	0.199346	0.199511
1092	0.199182	0.197374
1093	0.200332	0.196223
1094	0.199018	0.20362
1095	0.196059	0.197703
1096	0.196388	0.202962
1097	0.196223	0.199839
1098	0.198196	0.201812
1099	0.196881	0.201154
1100	0.197703	0.200332
1101	0.196717	0.200168
1102	0.196388	0.202962
1103	0.19836	0.198031
1104	0.203455	0.20099
1105	0.19458	0.199182
1106	0.185869	0.198853
1107	0.20099	0.203291
1108	0.193101	0.199675
1109	0.200168	0.198031
1110	0.197867	0.197538
1111	0.19721	0.199511
1112	0.198031	0.197703
1113	0.195895	0.201976
1114	0.19721	0.196388
1115	0.198689	0.201812
1116	0.196552	0.197538
1117	0.186855	0.198689
1118	0.196552	0.199346
1119	0.198853	0.20214
1120	0.195566	0.201483
1121	0.199675	0.19836
1122	0.19458	0.202962
1123	0.19573	0.199839
1124	0.199675	0.20099
1125	0.199182	0.202469
1126	0.200004	0.201647
1127	0.19721	0.200168
1128	0.194251	0.199839
1129	0.200004	0.199511
1130	0.200661	0.011158
1131	0.198031	0.019868
1132	0.200661	0.029566
1133	0.19836	0.034003
1134	0.196223	0.04633
1135	0.197538	0.049946
1136	0.197374	0.058821
1137	0.19721	0.063587
1138	0.197045	0.069011
1139	0.196552	0.075257
1140	0.198196	0.079694
1141	0.200168	0.083968
1142	0.199839	0.089227
1143	0.200332	0.092843
1144	0.198031	0.094815
1145	0.200004	0.104019
1146	0.19721	0.106485
1147	0.199839	0.111908
1148	0.199018	0.111087
1149	0.201647	0.120291
1150	0.198689	0.12177
1151	0.196881	0.1267
1152	0.195237	0.130974
1153	0.197867	0.136726
1154	0.199018	0.133275
1155	0.198031	0.13952
1156	0.198031	0.142643
1157	0.197703	0.141164
1158	0.198196	0.146588
1159	0.200497	0.146916
1160	0.198853	0.150368
1161	0.197045	0.15119
1162	0.199182	0.15497
1163	0.196881	0.153984
1164	0.205592	0.157764
1165	0.200332	0.154148
1166	0.198031	0.156449
1167	0.201647	0.16138
1168	0.199346	0.160394
1169	0.199182	0.163845
1170	0.198031	0.166311
1171	0.198524	0.171077
1172	0.198524	0.169926
1173	0.19721	0.171077
1174	0.199839	0.171241
1175	0.197538	0.17913
1176	0.196388	0.172885
1177	0.198031	0.175515
1178	0.19721	0.178966
1179	0.200497	0.178144
1180	0.202305	0.175021
1181	0.201976	0.17913
1182	0.199675	0.179459
1183	0.201154	0.178309
1184	0.199182	0.180116
1185	0.197374	0.17913
1186	0.199839	0.183897
1187	0.196881	0.182746
1188	0.197867	0.180938
1189	0.196881	0.183732
1190	0.197374	0.184225
1191	0.201319	0.183404
1192	0.204441	0.187019
1193	0.197374	0.186526
1194	0.199839	0.185047
1195	0.19836	0.183239
1196	0.199018	0.18554
1197	0.19836	0.183568
1198	0.199182	0.183239
1199	0.199511	0.17798
1200	0.199675	0.184718
1201	0.200332	0.18554
1202	0.198524	0.185212
1203	0.201483	0.186198
1204	0.196881	0.190471
1205	0.199182	0.185869
1206	0.201319	0.186526
1207	0.198524	0.188827
1208	0.195895	0.188663
1209	0.199018	0.189814
1210	0.197374	0.18817
1211	0.199675	0.190635
1212	0.196717	0.18932
1213	0.20099	0.189814
1214	0.200497	0.186198
1215	0.202962	0.187513
1216	0.198196	0.189978
1217	0.201812	0.187184
1218	0.199182	0.187841
1219	0.199018	0.187513
1220	0.200825	0.192443
1221	0.199182	0.192279
1222	0.200661	0.192608
1223	0.194416	0.189814
1224	0.20214	0.191293
1225	0.198196	0.192115
1226	0.198689	0.195073
1227	0.196223	0.192443
1228	0.200661	0.1908
1229	0.198689	0.192772
1230	0.196388	0.192608
1231	0.20099	0.192772
1232	0.199839	0.192279
1233	0.199346	0.192279
1234	0.196223	0.194909
1235	0.19836	0.192443
1236	0.198689	0.191786
1237	0.198524	0.195237
1238	0.19836	0.190471
1239	0.202305	0.192279
1240	0.197538	0.195237
1241	0.200168	0.193265
1242	0.19573	0.192279
1243	0.193429	0.197374
1244	0.197374	0.19721
1245	0.195402	0.196388
1246	0.199511	0.196717
1247	0.197703	0.196059
1248	0.200004	0.195566
1249	0.20099	0.19195
1250	0.202633	0.192608
1251	0.199675	0.192936
1252	0.199839	0.193101
1253	0.200825	0.190471
1254	0.204113	0.192936
1255	0.196552	0.194416
1256	0.201647	0.195566
1257	0.200168	0.197867
1258	0.200497	0.194416
1259	0.201319	0.198524
1260	0.198524	0.197045
1261	0.198689	0.196552
1262	0.201647	0.197867
1263	0.198689	0.197045
1264	0.19721	0.194416
1265	0.198524	0.193758
1266	0.199018	0.198524
1267	0.20099	0.197538
1268	0.199511	0.198689
1269	0.198853	0.193922
1270	0.199511	0.19573
1271	0.201483	0.192936
1272	0.199182	0.192115
1273	0.199839	0.193594
1274	0.200004	0.194087
1275	0.200497	0.195566
1276	0.198524	0.197045
1277	0.199511	0.199675
1278	0.199675	0.200497
1279	0.199018	0.199511
1280	0.192115	0.199182
1281	0.199182	0.20099
1282	0.200168	0.199839
1283	0.197374	0.196552
1284	0.201154	0.199839
1285	0.199346	0.197045
1286	0.198196	0.196388
1287	0.196223	0.197703
1288	0.201483	0.201319
1289	0.197538	0.194087
1290	0.202633	0.198689
1291	0.199018	0.196881
1292	0.200004	0.194416
1293	0.198853	0.198689
1294	0.200168	0.198689
1295	0.199675	0.198031
1296	0.198031	0.198031
1297	0.200661	0.200497
1298	0.199018	0.201647
1299	0.202305	0.203126
1300	0.202305	0.195402
1301	0.200332	0.19836
1302	0.200332	0.197045
1303	0.199675	0.197045
1304	0.199182	0.197045
1305	0.199675	0.198524
1306	0.199018	0.196388
1307	0.201154	0.198196
1308	0.199182	0.198524
1309	0.201812	0.200661
1310	0.201154	0.201154
1311	0.19836	0.199182
1312	0.201319	0.197703
1313	0.194909	0.199675
1314	0.199346	0.201976
1315	0.197703	0.20214
1316	0.200497	0.199675
1317	0.196223	0.196223
1318	0.199839	0.200004
1319	0.19458	0.197374
1320	0.197045	0.198853
1321	0.196717	0.199839
1322	0.197538	0.198031
1323	0.199675	0.199346
1324	0.198196	0.199511
1325	0.199182	0.200825
1326	0.199182	0.200497
1327	0.200004	0.198689
1328	0.197703	0.199511
1329	0.198031	0.197045
1330	0.199346	0.200497
1331	0.19573	0.205099
1332	0.193429	0.200332
1333	0.197538	0.201154
1334	0.193429	0.198689
1335	0.194909	0.200004
1336	0.196881	0.20214
1337	0.193101	0.198689
1338	0.193265	0.199511
1339	0.196717	0.198524
1340	0.196552	0.200168
1341	0.197703	0.200497
1342	0.196717	0.205921
1343	0.199346	0.199675
1344	0.200497	0.202633
1345	0.199346	0.200004
1346	0.195566	0.20099
1347	0.198689	0.200004
1348	0.198196	0.202633
1349	0.197703	0.203126
1350	0.199346	0.199839
1351	0.193429	0.200004
1352	0.195566	0.202305
1353	0.194909	0.203126
1354	0.194416	0.201976
1355	0.196059	0.200497
1356	0.197538	0.201812
1357	0.198031	0.201647
1358	0.195402	0.200497
1359	0.199675	0.200168
1360	0.19573	0.199018
1361	0.198524	0.201154
1362	0.196223	0.202962
1363	0.201154	0.197374
1364	0.198853	0.201647
1365	0.199511	0.207071
1366	0.198524	0.200332
1367	0.196717	0.202469
1368	0.194744	0.200332
1369	0.197538	0.202469
1370	0.195073	0.199018
1371	0.196223	0.199511
1372	0.195237	0.203126
1373	0.196223	0.200004
1374	0.198689	0.20214
1375	0.196717	0.00787
1376	0.19721	0.013787
1377	0.196717	0.017403
1378	0.200825	0.028251
1379	0.19721	0.031373
1380	0.202633	0.039098
1381	0.202962	0.04633
1382	0.201976	0.052411
1383	0.197045	0.059972
1384	0.197867	0.069176
1385	0.193101	0.071477
1386	0.19721	0.078873
1387	0.195566	0.087255
1388	0.194251	0.086269
1389	0.196552	0.093829
1390	0.197374	0.095473
1391	0.200004	0.105005
1392	0.197045	0.107635
1393	0.200332	0.109772
1394	0.200497	0.113059
1395	0.205263	0.117825
1396	0.199346	0.115524
1397	0.199182	0.124399
1398	0.197703	0.127522
1399	0.196388	0.132782
1400	0.199182	0.135904
1401	0.197703	0.134097
1402	0.199675	0.13952
1403	0.198853	0.138041
1404	0.198031	0.142807
1405	0.197703	0.115689
1406	0.197538	0.127851
1407	0.197703	0.127358
1408	0.198853	0.130152
1409	0.197374	0.132289
1410	0.197045	0.054383
1411	0.200497	0.000803
1412	0.202633	0.00294
1413	0.199511	-0.006922
1414	0.201812	0.011651
1415	0.199675	0.016088
1416	0.19836	-0.001005
1417	0.198196	0.006884
1418	0.197538	0.011158
1419	0.198524	0.019868
1420	0.197045	0.028251
1421	0.19836	0.035975
1422	0.199182	0.042878
1423	0.199675	0.048795
1424	0.197374	0.051261
1425	0.198689	0.059972
1426	0.198196	0.06556
1427	0.198524	0.069669
1428	0.198031	0.074599
1429	0.200661	0.081831
1430	0.196388	0.083146
1431	0.196223	0.086597
1432	0.194909	0.096459
1433	0.198689	0.097609
1434	0.200168	0.102869
1435	0.19573	0.105827
1436	0.19836	0.110265
1437	0.197703	0.116017
1438	0.198853	0.119633
1439	0.199839	0.121277
1440	0.199511	0.120619
1441	0.197538	0.125221
1442	0.197538	0.131138
1443	0.196717	0.135904
1444	0.200004	0.139192
1445	0.202305	0.133275
1446	0.201647	0.140671
1447	0.200004	0.13952
1448	0.199675	0.144615
1449	0.198524	0.151025
1450	0.197867	0.147245
1451	0.201647	0.151683
1452	0.197045	0.152011
1453	0.201976	0.154806
1454	0.199839	0.157928
1455	0.202305	0.159243
1456	0.196059	0.164338
1457	0.196552	0.16516
1458	0.196881	0.162859
1459	0.201976	0.167132
1460	0.196059	0.16253
1461	0.198031	0.168118
1462	0.199675	0.169433
1463	0.19836	0.169598
1464	0.201319	0.170091
1465	0.200168	0.17272
1466	0.202633	0.175021
1467	0.200661	0.173542
1468	0.200332	0.178637
1469	0.196388	0.172392
1470	0.201976	0.177158
1471	0.19836	0.179788
1472	0.20099	0.181596
1473	0.200168	0.176829
1474	0.201319	0.184225
1475	0.199018	0.181596
1476	0.201976	0.184554
1477	0.201154	0.185705
1478	0.200825	0.184883
1479	0.200661	0.188006
1480	0.198853	0.184883
1481	0.201154	0.185705
1482	0.198689	0.187513
1483	0.19836	0.187513
1484	0.200004	0.186526
1485	0.204277	0.189485
1486	0.197703	0.185376
1487	0.20099	0.193101
1488	0.197867	0.190142
1489	0.203126	0.192772
1490	0.200825	0.187677
1491	0.200825	0.191293
1492	0.202798	0.192443
1493	0.200661	0.19195
1494	0.202469	0.194087
1495	0.19836	0.188663
1496	0.201483	0.19458
1497	0.200825	0.188006
1498	0.203455	0.201154
1499	0.202305	0.193429
1500	0.200497	0.190471
1501	0.202633	0.194087
1502	0.204277	0.194909
1503	0.204113	0.191293
1504	0.205263	0.19573
1505	0.200825	0.19573
1506	0.199675	0.196552
1507	0.203455	0.197703
1508	0.19836	0.194744
1509	0.206742	0.19721
1510	0.197867	0.199018
1511	0.200004	0.198689
1512	0.201154	0.197703
1513	0.199839	0.195895
1514	0.203126	0.19573
1515	0.203291	0.205099
1516	0.200661	0.193922
1517	0.199839	0.199182
1518	0.201319	0.199182
1519	0.201976	0.19836
1520	0.202962	0.198689
1521	0.202305	0.197703
1522	0.202305	0.201154
1523	0.203126	0.200661
1524	0.204113	0.200825
1525	0.201812	0.202962
1526	0.201483	0.201154
1527	0.199182	0.201483
1528	0.199182	0.202962
1529	0.198524	0.201154
1530	0.200168	0.202469
1531	0.198853	0.202469
1532	0.200332	0.201812
1533	0.198689	0.201154
1534	0.199018	0.200825
1535	0.199018	0.199839
1536	0.20099	0.20099
1537	0.194251	0.202798
1538	0.196717	0.203126
1539	0.195237	0.20477
1540	0.197045	0.199346
1541	0.194416	0.201483
1542	0.199511	0.203455
1543	0.194909	0.103197
1544	0.193758	0.10632
1545	0.195895	0.108128
1546	0.196717	0.111251
1547	0.199346	0.115195
1548	0.192443	0.116182
1549	0.196881	0.122263
1550	0.192608	0.124399
1551	0.196059	0.127194
1552	0.196059	0.12933
1553	0.196223	0.135411
1554	0.195073	0.137712
1555	0.196717	0.136398
1556	0.195566	0.143958
1557	0.190471	0.139192
1558	0.200332	0.147574
1559	0.194087	0.147574
1560	0.193594	0.149875
1561	0.194909	0.152669
1562	0.196059	0.155134
1563	0.194087	0.154477
1564	0.196552	0.16138
1565	0.190635	0.158586
1566	0.198689	0.162859
1567	0.191457	0.164503
1568	0.195402	0.163845
1569	0.195895	0.163516
1570	0.193429	0.165653
1571	0.195895	0.163188
1572	0.19458	0.168612
1573	0.199018	0.168283
1574	0.195895	0.168447
1575	0.194909	0.175515
1576	0.192443	0.169762
1577	0.197703	0.172885
1578	0.194909	0.174528
1579	0.196059	0.175186
1580	0.193101	0.176336
1581	0.195566	0.178473
1582	0.193922	0.17798
1583	0.195895	0.178144
1584	0.193594	0.180281
1585	0.194251	0.178802
1586	0.199839	0.182911
1587	0.190964	0.182746
1588	0.193758	0.182582
1589	0.195237	0.183239
1590	0.195895	0.179952
1591	0.19573	0.182089
1592	0.197867	0.185212
1593	0.196223	0.180938
1594	0.200332	0.184225
1595	0.194087	0.184883
1596	0.199511	0.185705
1597	0.196717	0.185869
1598	0.194909	0.186362
1599	0.197703	0.184225
1600	0.196552	0.188006
1601	0.19573	0.185047
1602	0.196059	0.187184
1603	0.194087	0.186855
1604	0.19458	0.187841
1605	0.19836	0.188827
1606	0.195073	0.187184
1607	0.196881	0.190142
1608	0.198196	0.187184
1609	0.196388	0.190471
1610	0.19573	0.190142
1611	0.197374	0.195402
1612	0.199182	0.188334
1613	0.196388	0.189485
1614	0.19836	0.188499
1615	0.196717	0.186362
1616	0.196223	0.192443
1617	0.196881	0.192936
1618	0.195073	0.1908
1619	0.197045	0.193429
1620	0.197538	0.194251
1621	0.195566	0.190964
1622	0.19721	0.199182
1623	0.195895	0.186198
1624	0.196552	0.195237
1625	0.201483	0.192115
1626	0.197538	0.187348
1627	0.196717	0.1908
1628	0.200004	0.191786
1629	0.197374	0.194251
1630	0.196717	0.194744
1631	0.200004	0.195566
1632	0.196717	0.196059
1633	0.19573	0.184883
1634	0.195402	0.194251
1635	0.192936	0.196552
1636	0.197374	0.19195
1637	0.194087	0.19458
1638	0.191786	0.194416
1639	0.197703	0.196059
1640	0.197538	0.194909
1641	0.19721	0.198524
1642	0.195895	0.193922
1643	0.199346	0.194416
1644	0.197374	0.186362
1645	0.201976	0.193594
1646	0.200661	0.192936
1647	0.201647	0.193594
1648	0.196552	0.194251
1649	0.197703	0.19836
1650	0.197867	0.196552
1651	0.197045	0.194087
1652	0.197703	0.197374
1653	0.196059	0.193594
1654	0.202469	0.19573
1655	0.192115	0.189978
1656	0.19836	0.193429
1657	0.20099	0.194416
1658	0.191621	0.192772
1659	0.19721	0.194909
1660	0.199018	0.195402
1661	0.196388	0.193101
1662	0.200661	0.194416
1663	0.197867	0.194744
1664	0.199346	0.192936
1665	0.198689	0.192936
1666	0.196552	0.189978
1667	0.197867	0.190964
1668	0.198853	0.191621
1669	0.195237	0.192608
1670	0.196059	0.195237
1671	0.196881	0.197374
1672	0.193758	0.197374
1673	0.197045	0.195073
1674	0.19573	0.198524
1675	0.193265	0.196552
1676	0.198689	0.192279
1677	0.198524	0.193594
1678	0.19721	0.193429
1679	0.202633	0.189814
1680	0.198524	0.19836
1681	0.199346	0.191457
1682	0.195895	0.197703
1683	0.196388	0.194909
1684	0.201319	0.195566
1685	0.196717	0.196059
1686	0.197538	0.194909
1687	0.199346	0.193101
1688	0.20214	0.19721
1689	0.196059	0.196388
1690	0.199182	0.196717
1691	0.19721	0.198853
1692	0.194909	0.196223
1693	0.19836	0.196881
1694	0.198031	0.197538
1695	0.196388	0.196717
1696	0.198689	0.196388
1697	0.199018	0.197703
1698	0.199675	0.198524
1699	0.201483	0.200661
1700	0.19836	0.194251
1701	0.201154	0.200168
1702	0.198689	0.195402
1703	0.193758	0.197703
1704	0.196388	0.197703
1705	0.199018	0.200004
1706	0.199018	0.197867
1707	0.200332	0.198853
1708	0.200004	0.200168
1709	0.199511	0.19573
1710	0.196388	0.199839
1711	0.196388	0.197045
1712	0.201647	0.195073
1713	0.196388	0.19458
1714	0.200168	0.197045
1715	0.199182	0.195895
1716	0.201483	0.194416
1717	0.196881	0.193594
1718	0.200661	0.196881
1719	0.196388	0.196717
1720	0.198853	0.198689
1721	0.198524	0.198689
1722	0.197045	0.201483
1723	0.199018	0.199182
1724	0.198031	0.200168
1725	0.195895	0.200168
1726	0.198524	0.19721
1727	0.197538	0.200825
1728	0.197045	0.199018
1729	0.20099	0.205592
1730	0.197867	0.199018
1731	0.199018	0.199839
1732	0.201154	0.198031
1733	0.199839	0.200825
1734	0.20362	0.19836
1735	0.198689	0.198524
1736	0.19836	0.198196
1737	0.202633	0.196881
1738	0.199839	0.197703
1739	0.199182	0.196717
1740	0.199346	0.198689
1741	0.199675	0.200332
1742	0.199346	0.201319
1743	0.19836	0.197374
1744	0.201812	0.202469
1745	0.199018	0.196717
1746	0.199346	0.199839
1747	0.197374	0.198689
1748	0.200332	0.198853
1749	0.198031	0.193758
1750	0.20099	0.196223
1751	0.197867	0.19458
1752	0.199182	0.195237
1753	0.197867	0.199182
1754	0.203948	0.19458
1755	0.202305	0.202798
1756	0.193101	0.199182
1757	0.197045	0.199675
1758	0.200004	0.200497
1759	0.193594	0.200661
1760	0.18932	0.198196
1761	0.199675	0.198853
1762	0.195566	0.196059
1763	0.199839	0.197045
1764	0.200661	0.196717
1765	0.199182	0.197045
1766	0.198031	0.203291
1767	0.18554	0.19573
1768	0.195895	0.197045
1769	0.200497	0.198689
1770	0.199511	0.19836
1771	0.199182	0.19721
1772	0.199675	0.200004
1773	0.19836	0.198524
1774	0.199675	0.200332
1775	0.198853	0.197538
1776	0.199839	0.199675
1777	0.196388	0.198196
1778	0.191293	0.204277
1779	0.193429	0.203784
1780	0.200004	0.199511
1781	0.197867	0.198031
1782	0.198853	0.198689
1783	0.196881	0.19458
1784	0.198031	0.201483
1785	0.198196	0.201812
1786	0.199675	0.198853
1787	0.193265	0.202305
1788	0.195073	0.197703
1789	0.198853	0.198524
1790	0.194416	0.196552
1791	0.196881	0.199675
1792	0.197374	0.198689
1793	0.197867	0.198689
1794	0.20214	0.199018
1795	0.20099	0.200004
1796	0.200661	0.197703
1797	0.199675	0.197703
1798	0.198031	0.194744
1799	0.198031	0.19836
1800	0.197045	0.196059
1801	0.196059	0.197045
1802	0.201319	0.19721
1803	0.19721	0.197374
1804	0.198853	0.198853
1805	0.196223	0.196552
1806	0.198689	0.200168
1807	0.197703	0.197538
1808	0.200004	0.198689
1809	0.198689	0.199511
1810	0.202962	0.19836
1811	0.197867	0.198524
1812	0.198196	0.200825
1813	0.198031	0.196552
1814	0.200661	0.200004
1815	0.199346	0.197374
1816	0.19573	0.193265
1817	0.198031	0.201647
1818	0.194416	0.196552
1819	0.199839	0.198196
1820	0.199346	0.195402
1821	0.200168	0.200004
1822	0.199675	0.195895
1823	0.199675	0.201319
1824	0.198524	0.195566
1825	0.200661	0.198853
1826	0.199511	0.198196
1827	0.199839	0.198689
1828	0.198853	0.199675
1829	0.19836	0.199182
1830	0.197703	0.196388
1831	0.197703	0.197045
1832	0.194087	0.200168
1833	0.197045	0.192772
1834	0.200168	0.201319
1835	0.19458	0.199839
1836	0.19836	0.198853
1837	0.199346	0.198689
1838	0.196059	0.197867
1839	0.19721	0.198689
1840	0.198196	0.200497
1841	0.198196	0.199182
1842	0.20099	0.199839
1843	0.200168	0.200168
1844	0.200661	0.200168
1845	0.200497	0.200004
1846	0.200332	0.198524
1847	0.197538	0.197374
1848	0.197867	0.203291
1849	0.196881	0.199018
1850	0.19721	0.20099
1851	0.199675	0.200168
1852	0.197045	0.199346
1853	0.203455	0.200332
1854	0.196881	0.201647
1855	0.197538	0.196717
1856	0.200332	0.196059
1857	0.199346	0.200497
1858	0.198524	0.195895
1859	0.201483	0.197374
1860	0.198524	0.198031
1861	0.196881	0.199839
1862	0.196717	0.200332
1863	0.195566	0.195895
1864	0.199511	0.196881
1865	0.196552	0.20099
1866	0.197703	0.195566
1867	0.199018	0.192115
1868	0.197374	0.198853
1869	0.198031	0.19573
1870	0.19721	0.200168
1871	0.19836	0.199182
1872	0.199182	0.20099
1873	0.197045	0.198524
1874	0.201812	0.199839
1875	0.198689	0.197374
1876	0.201319	0.199018
1877	0.199675	0.197867
1878	0.202469	0.198196
1879	0.19836	0.201976
1880	0.197374	0.194251
1881	0.198689	0.196223
1882	0.193265	0.195402
1883	0.193429	0.197867
1884	0.196059	0.199018
1885	0.195895	0.202305
1886	0.194744	0.19836
1887	0.197867	0.202469
1888	0.200497	0.199511
1889	0.201647	0.196881
1890	0.196388	0.198853
1891	0.20099	0.200168
1892	0.19721	0.196881
1893	0.20099	0.197045
1894	0.199018	0.201483
1895	0.198689	0.197045
1896	0.202305	0.20214
1897	0.199018	0.200004
1898	0.199182	0.199182
1899	0.198524	0.198524
1900	0.201976	0.201647
1901	0.197538	0.198853
1902	0.198524	0.20477
1903	0.197045	0.197867
1904	0.198689	0.200661
1905	0.199511	0.203784
1906	0.199018	0.200332
1907	0.197045	0.200497
1908	0.201976	0.199675
1909	0.198689	0.199839
1910	0.195237	0.197045
1911	0.200497	0.197045
1912	0.201647	0.195566
1913	0.199182	0.198196
1914	0.197538	0.196223
1915	0.201154	0.196223
1916	0.197045	0.200825
1917	0.198196	0.204113
1918	0.198196	0.199182
1919	0.198853	0.201483
1920	0.195895	0.203455
1921	0.198196	0.199839
1922	0.19836	0.201319
1923	0.197538	0.200004
1924	0.19836	0.199675
1925	0.198853	0.198031
1926	0.197045	0.19836
1927	0.199839	0.198689
1928	0.197045	0.199182
1929	0.199182	0.19836
1930	0.201483	0.200497
1931	0.200168	0.202305
1932	0.202469	0.203455
1933	0.19573	0.202305
1934	0.197867	0.202962
1935	0.197538	0.204934
1936	0.196388	0.201976
1937	0.195073	0.19836
1938	0.19836	0.202305
1939	0.20099	0.202469
1940	0.200332	0.201319
1941	0.199511	0.201319
1942	0.200004	0.199675
1943	0.200497	0.193758
1944	0.199511	0.196717
1945	0.19721	0.198524
1946	0.199675	0.195237
1947	0.200497	0.200497
1948	0.196881	0.196059
1949	0.201976	0.199675
1950	0.196059	0.199839
1951	0.202798	0.200497
1952	0.199018	0.201319
1953	0.200661	0.201483
1954	0.200661	0.203455
1955	0.203455	0.198853
1956	0.198689	0.202305
1957	0.198853	0.200497
1958	0.198853	0.202962
1959	0.196388	0.201647
1960	0.198853	0.199018
1961	0.198524	0.199839
1962	0.202798	0.200332
1963	0.201812	0.198689
1964	0.200004	0.20099
1965	0.199839	0.196388
1966	0.198689	0.199839
1967	0.198853	0.199511
1968	0.197045	0.198689
1969	0.199346	0.201647
1970	0.197867	0.201647
1971	0.197867	0.206742
1972	0.196388	0.204934
1973	0.198853	0.203455
1974	0.199182	0.201812
1975	0.198689	0.202633
1976	0.197374	0.198853
1977	0.199018	0.201154
1978	0.195895	0.200004
1979	0.198853	0.20099
1980	0.197867	0.196717
1981	0.199675	0.200661
1982	0.200661	0.199675
1983	0.200825	0.197867
1984	0.197374	0.200332
1985	0.199675	0.198853
1986	0.199018	0.201812
1987	0.196059	0.197045
1988	0.197045	0.199182
1989	0.199839	0.198524
1990	0.199346	0.200825
1991	0.197045	0.203126
1992	0.199018	0.204277
1993	0.196717	0.203455
1994	0.19573	0.203126
1995	0.199346	0.200168
1996	0.200004	0.199675
1997	0.198853	0.199839
1998	0.201483	0.196552
1999	0.198524	0.196059
2000	0.200168	0.197045
2001	0.199675	0.197867
2002	0.199346	0.200497
2003	0.201812	0.199675
2004	0.202469	0.19721
2005	0.198196	0.198031
2006	0.199182	0.196881
2007	0.201154	0.200004
2008	0.196223	0.197867
2009	0.198031	0.202633
2010	0.19721	0.19573
2011	0.199346	0.197045
2012	0.197045	0.195895
2013	0.193594	0.19573
2014	0.19573	0.194087
2015	0.196552	0.19721
2016	0.197703	0.196223
2017	0.199675	0.195237
2018	0.200004	0.19721
2019	0.199182	0.19721
2020	0.200825	0.196717
2021	0.196552	0.193101
2022	0.200332	0.197045
2023	0.196881	0.191128
2024	0.199182	0.195402
2025	0.194416	0.196388
2026	0.20099	0.196223
2027	0.195073	0.198031
2028	0.200004	0.199018
2029	0.198196	0.196388
2030	0.195402	0.198031
2031	0.197703	0.196881
2032	0.197867	0.195566
2033	0.19836	0.197045
2034	0.196552	0.19573
2035	0.196881	0.196059
2036	0.197703	0.193922
2037	0.199346	0.198524
2038	0.196223	0.194251
2039	0.194087	0.196717
2040	0.198689	0.197045
2041	0.200332	0.195073
2042	0.199018	0.194416
2043	0.200825	0.197045
2044	0.197867	0.194087
2045	0.199346	0.19836
2046	0.196223	0.196552
2047	0.197703	0.20099
2048	0.198689	0.19721
2049	0.199346	0.196552
2050	0.201483	0.197538
2051	0.200004	0.199182
2052	0.198196	0.19836
2053	0.202962	0.191293
2054	0.20362	0.197045
2055	0.198196	0.195073
2056	0.199839	0.194909
2057	0.199675	0.19721
2058	0.198853	0.199346
2059	0.196059	0.197867
2060	0.200497	0.199018
2061	0.200168	0.198524
2062	0.200332	0.20099
2063	0.195402	0.199839
2064	0.200332	0.197374
2065	0.200497	0.197374
2066	0.196223	0.193594
2067	0.199346	0.198853
2068	0.200661	0.19458
2069	0.199839	0.197703
2070	0.19836	0.193922
2071	0.199346	0.197867
2072	0.199675	0.195073
2073	0.200497	0.198031
2074	0.199839	0.197045
2075	0.203784	0.19573
2076	0.195402	0.198853
2077	0.197867	0.199839
2078	0.197867	0.197867
2079	0.202305	0.198524
2080	0.200004	0.200497
2081	0.196388	0.196059
2082	0.196223	0.200497
2083	0.196717	0.19836
2084	0.200332	0.198689
2085	0.194909	0.19458
2086	0.200004	0.19721
2087	0.199018	0.196059
2088	0.198196	0.19721
2089	0.197045	0.197703
2090	0.202469	0.195895
2091	0.199511	0.196223
2092	0.200168	0.192772
2093	0.203291	0.203784
2094	0.200661	0.20099
2095	0.19573	0.19721
2096	0.199346	0.200004
2097	0.200825	0.196881
2098	0.198031	0.197703
2099	0.199346	0.197703
2100	0.198853	0.197045
2101	0.200661	0.197703
2102	0.19836	0.198524
2103	0.196881	0.199675
2104	0.203291	0.196881
2105	0.204606	0.200168
2106	0.199675	0.196223
2107	0.203126	0.199018
2108	0.199675	0.197538
2109	0.198524	0.196552
2110	0.200168	0.199018
2111	0.201154	0.195402
2112	0.198524	0.195566
2113	0.201319	0.196881
2114	0.202469	0.19721
2115	0.201812	0.197538
2116	0.201483	0.200168
2117	0.198689	0.197045
2118	0.201812	0.203455
2119	0.196881	0.196717
2120	0.197538	0.198031
2121	0.196388	0.196059
2122	0.200332	0.197867
2123	0.19721	0.201483
2124	0.202633	0.197867
2125	0.199839	0.198196
2126	0.203126	0.200661
2127	0.204277	0.202798
2128	0.20099	0.195237
2129	0.200497	0.201319
2130	0.201483	0.201483
2131	0.203455	0.200825
2132	0.197703	0.19721
2133	0.199511	0.201154
2134	0.193758	0.198524
2135	0.198031	0.200497
2136	0.194251	0.19836
2137	0.197867	0.200332
2138	0.199675	0.199675
2139	0.199182	0.20099
2140	0.201647	0.196388
2141	0.201483	0.198853
2142	0.200497	0.200497
2143	0.201154	0.19721
2144	0.201154	0.19721
2145	0.200004	0.196223
2146	0.200004	0.19836
2147	0.199839	0.197374
2148	0.201976	0.199839
2149	0.201976	0.198524
2150	0.20214	0.201483
2151	0.194744	0.201483
2152	0.200332	0.201976
2153	0.199675	0.199675
2154	0.198689	0.198196
2155	0.20214	0.200332
2156	0.199839	0.199018
2157	0.20099	0.199839
2158	0.200332	0.19836
2159	0.201483	0.197374
2160	0.201154	0.195402
2161	0.203948	0.199511
2162	0.199511	0.198524
2163	0.200497	0.199018
2164	0.201976	0.195895
2165	0.204441	0.19836
2166	0.195073	0.199675
2167	0.197867	0.199346
2168	0.195402	0.202962
2169	0.196388	0.202633
2170	0.197045	0.203455
2171	0.198853	0.20099
2172	0.200661	0.200332
2173	0.196881	0.199182
2174	0.199675	0.198853
2175	0.201647	0.199839
2176	0.197867	0.199346
2177	0.197867	0.199675
2178	0.196552	0.198853
2179	0.19721	0.19721
2180	0.201647	0.199346
2181	0.199018	0.198031
2182	0.201812	0.200497
2183	0.196717	0.199839
2184	0.19573	0.200661
2185	0.197867	0.19836
2186	0.198689	0.199511
2187	0.194251	0.199839
2188	0.195237	0.200332
2189	0.199511	0.200497
2190	0.200332	0.200332
2191	0.199018	0.203455
2192	0.202305	0.202305
2193	0.20099	0.199018
2194	0.199018	0.200168
2195	0.20099	0.204113
2196	0.197703	0.196388
2197	0.205427	0.196388
2198	0.198853	0.199346
2199	0.198196	0.197703
2200	0.19836	0.200004
2201	0.198524	0.199346
2202	0.197374	0.197867
2203	0.195895	0.199511
2204	0.191621	0.203291
2205	0.202962	0.200332
2206	0.200332	0.205756
2207	0.198689	0.19836
2208	0.208715	0.201976
2209	0.19458	0.199675
2210	0.199346	0.199018
2211	0.199839	0.194087
2212	0.200661	0.194087
2213	0.198524	0.197374
2214	0.200825	0.197045
2215	0.195895	0.194909
2216	0.193265	0.197045
2217	0.198853	0.204934
2218	0.198524	0.194416
2219	0.195237	0.197867
2220	0.195237	0.196059
2221	0.198853	0.199675
2222	0.196059	0.200168
2223	0.199839	0.200497
2224	0.196881	0.197538
2225	0.199839	0.199675
2226	0.198196	0.201483
2227	0.200004	0.19836
2228	0.196223	0.196717
2229	0.200497	0.196881
2230	0.189649	0.198689
2231	0.196388	0.197374
2232	0.19458	0.201319
2233	0.196717	0.195073
2234	0.199675	0.20214
2235	0.196059	0.196552
2236	0.197867	0.200497
2237	0.198689	0.201154
2238	0.200332	0.202633
2239	0.203126	0.193101
2240	0.200825	0.201812
2241	0.187184	0.200332
2242	0.200332	0.201154
2243	0.197867	0.200661
2244	0.201976	0.202305
2245	0.19836	0.197045
2246	0.199675	0.197045
2247	0.200004	0.199675
2248	0.200168	0.196552
2249	0.201154	0.199182
2250	0.199839	0.190142
2251	0.201976	0.197703
2252	0.193594	0.19721
2253	0.197538	0.200661
2254	0.196059	0.197045
2255	0.198853	0.200661
2256	0.197867	0.200004
2257	0.199511	0.201812
2258	0.198196	0.196552
2259	0.200661	0.202962
2260	0.19721	0.199839
2261	0.201319	0.191457
2262	0.200168	0.195895
2263	0.197374	0.197703
2264	0.197538	0.199346
2265	0.203126	0.196059
2266	0.194909	0.196388
2267	0.203126	0.199182
2268	0.200004	0.199839
2269	0.199675	0.198031
2270	0.203126	0.20099
2271	0.198031	0.199182
2272	0.200168	0.199018
2273	0.20099	0.199839
2274	0.201154	0.201483
2275	0.197703	0.200168
2276	0.201154	0.199511
2277	0.20099	0.200661
2278	0.200332	0.197374
2279	0.198524	0.201154
2280	0.199182	0.196881
2281	0.198031	0.200004
2282	0.198689	0.200497
2283	0.20099	0.197538
2284	0.200497	0.195895
2285	0.19836	0.200332
2286	0.194087	0.197538
2287	0.201154	0.19836
2288	0.198031	0.198853
2289	0.197703	0.199839
2290	0.197538	0.202798
2291	0.199839	0.196717
2292	0.195895	0.200661
2293	0.200004	0.197867
2294	0.19836	0.198196
2295	0.200497	0.195073
2296	0.197538	0.195895
2297	0.198031	0.19573
2298	0.199511	0.198196
2299	0.199675	0.197703
2300	0.200004	0.197867
2301	0.199182	0.196059
2302	0.200825	0.201483
2303	0.197045	0.199675
2304	0.203126	0.195402
2305	0.19836	0.199511
2306	0.19836	0.194909
2307	0.199839	0.20214
2308	0.196881	0.196552
2309	0.19836	0.197703
2310	0.200661	0.197374
2311	0.19836	0.20099
2312	0.201483	0.196717
2313	0.197867	0.197045
2314	0.199675	0.193594
2315	0.199182	0.200661
2316	0.198853	0.195237
2317	0.201319	0.19721
2318	0.203291	0.196059
2319	0.202469	0.199511
2320	0.199346	0.198196
2321	0.205263	0.197538
2322	0.197538	0.202305
2323	0.199018	0.197538
2324	0.202305	0.203948
2325	0.199346	0.200004
2326	0.203126	0.199511
2327	0.19836	0.199511
2328	0.197703	0.200332
2329	0.198853	0.197538
2330	0.197703	0.200332
2331	0.195402	0.197045
2332	0.198689	0.201647
2333	0.194087	0.199182
2334	0.196881	0.198524
2335	0.196552	0.200497
2336	0.198689	0.199182
2337	0.19721	0.197867
2338	0.195895	0.199018
2339	0.19721	0.199675
2340	0.199839	0.191786
2341	0.19836	0.197867
2342	0.198196	0.196059
2343	0.197045	0.197703
2344	0.198196	0.197703
2345	0.196223	0.201319
2346	0.198031	0.199511
2347	0.198031	0.201812
2348	0.196881	0.201154
2349	0.200825	0.200661
2350	0.19573	0.20214
2351	0.198853	0.198689
2352	0.198524	0.19836
2353	0.198524	0.19836
2354	0.200825	0.199018
2355	0.204113	0.198853
2356	0.200661	0.196717
2357	0.199346	0.19836
2358	0.20099	0.196881
2359	0.197374	0.198524
2360	0.200168	0.195895
2361	0.199839	0.199346
2362	0.199675	0.202305
2363	0.198031	0.194087
2364	0.198524	0.199511
2365	0.196059	0.198853
2366	0.197703	0.199018
2367	0.201483	0.199675
2368	0.20362	0.197374
2369	0.197374	0.197867
2370	0.199182	0.198524
2371	0.199839	0.196388
2372	0.201319	0.199346
2373	0.199346	0.199182
2374	0.200497	0.19836
2375	0.196881	0.202633
2376	0.197703	0.19721
2377	0.200661	0.196717
2378	0.196552	0.199675
2379	0.202305	0.201319
2380	0.196388	0.198524
2381	0.198196	0.198853
2382	0.195895	0.199675
2383	0.197045	0.202798
2384	0.196388	0.199675
2385	0.19836	0.198853
2386	0.19836	0.199511
2387	0.195237	0.198689
2388	0.196059	0.198853
2389	0.202469	0.196552
2390	0.200332	0.194744
2391	0.200168	0.198689
2392	0.201976	0.197538
2393	0.198524	0.196388
2394	0.201812	0.201154
2395	0.199346	0.197703
2396	0.20099	0.197538
2397	0.198689	0.200825
2398	0.199839	0.197538
2399	0.197538	0.197538
2400	0.198524	0.198689
2401	0.198031	0.201319
2402	0.199018	0.199675
2403	0.201483	0.198853
2404	0.200332	0.197045
2405	0.197374	0.204113
2406	0.203455	0.19836
2407	0.201483	0.198524
2408	0.199018	0.197045
2409	0.201812	0.198524
2410	0.198689	0.195402
2411	0.200661	0.195402
2412	0.199675	0.200661
2413	0.197867	0.197538
2414	0.198524	0.197867
2415	0.201319	0.197045
2416	0.196717	0.202962
2417	0.197703	0.201483
2418	0.199182	0.20214
2419	0.197538	0.20099
2420	0.194087	0.199839
2421	0.196059	0.197703
2422	0.199182	0.19836
2423	0.195237	0.198853
2424	0.195402	0.197538
2425	0.19573	0.200497
2426	0.204113	0.200168
2427	0.195237	0.202305
2428	0.199346	0.19573
2429	0.200332	0.198196
2430	0.207564	0.197703
2431	0.193594	0.199839
2432	0.194416	0.201976
2433	0.196881	0.19721
2434	0.197374	0.199182
2435	0.197703	0.20099
2436	0.194909	0.19721
2437	0.202305	0.201154
2438	0.197374	0.197703
2439	0.199511	0.19721
2440	0.199346	0.194416
2441	0.199346	0.197374
2442	0.196552	0.19721
2443	0.200497	0.197045
2444	0.197703	0.197374
2445	0.199511	0.198689
2446	0.197703	0.198196
2447	0.200661	0.193101
2448	0.19836	0.195237
2449	0.198689	0.198031
2450	0.198031	0.199018
2451	0.199182	0.199346
2452	0.19721	0.199511
2453	0.196059	0.196552
2454	0.198689	0.200661
2455	0.195402	0.199182
2456	0.194416	0.201319
2457	0.19458	0.200332
2458	0.196388	0.19836
2459	0.196059	0.200168
2460	0.200497	0.20099
2461	0.19836	0.196223
2462	0.200825	0.198524
2463	0.196881	0.198031
2464	0.19836	0.196388
2465	0.197867	0.195895
2466	0.196059	0.194744
2467	0.197538	0.203126
2468	0.194087	0.19836
2469	0.19573	0.200497
2470	0.192279	0.199839
2471	0.196223	0.20214
2472	0.194909	0.199018
2473	0.200004	0.196717
2474	0.194416	0.199511
2475	0.197045	0.198524
2476	0.19458	0.200497
2477	0.199675	0.199182
2478	0.194744	0.199839
2479	0.199182	0.200332
2480	0.199182	0.200332
2481	0.198689	0.197374
2482	0.196552	0.202305
2483	0.197538	0.197538
2484	0.201812	0.196881
2485	0.194744	0.200004
2486	0.196223	0.199839
2487	0.195073	0.201976
2488	0.196552	0.200497
2489	0.193594	0.19721
2490	0.19721	0.200497
2491	0.195895	0.200004
2492	0.199839	0.198524
2493	0.197045	0.201647
2494	0.197045	0.19836
2495	0.202633	0.199018
2496	0.200004	0.198689
2497	0.196552	0.196881
2498	0.202633	0.197703
2499	0.199346	0.201976
