Ladekurvenmessung
Zeit: 2018_05_02 15.10.22
Info: FVA3, v = 0.0769, T = 40, F = 20, h = 79.7
Ladewiderstand[Ohm]: 1012700
Störkapazität[nF]: 0.000000
Entladezeit[ms]: 100
Abtastrate[Hz]: 250000
Anzahl der Messwerte: 2500
Verzögerung [ms]: 1
	Kurve_1	Kurve_2	Kurve_3	Kurve_4
0	7.4e-05	0.000271	0.002114	0.000107
1	0.000107	0.001522	0.002344	0.000107
2	8e-06	0.001851	-0.000255	7.4e-05
3	-5.8e-05	0.001225	0.000535	8e-06
4	-5.8e-05	0.000173	-0.002064	-2.5e-05
5	-9e-05	0.000962	0.000206	-9e-05
6	-2.5e-05	0.001456	0.000107	-5.8e-05
7	-9e-05	-0.00065	0.000831	-0.000123
8	0.000107	-0.000321	-0.000123	-2.5e-05
9	4.1e-05	-0.000156	0.000107	4.1e-05
10	0.000107	-0.00065	0.000765	0.000107
11	0.000173	-0.00065	-0.002525	0.00014
12	0.00014	0.002607	0.002081	0.00014
13	0.000107	-0.00338	-0.000979	0.000107
14	-2.5e-05	-0.000123	-0.000518	4.1e-05
15	8e-06	0.000535	0.001456	-2.5e-05
16	-5.8e-05	0.001456	-0.000518	-9e-05
17	0.000864	-0.000387	0.000107	-5.8e-05
18	8e-06	0.00264	0.002443	-9e-05
19	0.00014	0.001587	0.000436	-9e-05
20	0.000107	0.000699	0.003956	8e-06
21	0.000107	0.001818	0.002739	0.00014
22	-2.5e-05	0.000831	0.002377	0.000107
23	0.000107	0.001258	-0.001012	0.000107
24	-2.5e-05	0.001818	0.003101	0.00014
25	-5.8e-05	0.002969	0.00241	4.1e-05
26	-5.8e-05	-0.001209	0.003693	8e-06
27	-9e-05	0.000765	0.001752	-9e-05
28	0.000271	-0.000321	0.00162	-9e-05
29	4.1e-05	0.000864	0.000436	-5.8e-05
30	0.000107	8e-06	0.00116	-2.5e-05
31	0.00014	0.001291	0.002245	7.4e-05
32	0.000107	0.002574	-0.000354	7.4e-05
33	0.000107	0.004121	0.001752	0.000107
34	0.00014	0.002509	0.000271	0.00014
35	-2.5e-05	0.000864	0.000732	0.000107
36	-5.8e-05	0.000765	-0.001703	7.4e-05
37	-9e-05	0.000173	0.003956	-5.8e-05
38	-9e-05	0.002048	0.001258	-2.5e-05
39	-0.000354	-0.001538	0.002311	-9e-05
40	-2.5e-05	-0.000321	0.001587	-9e-05
41	-2.5e-05	-2.5e-05	0.003035	8e-06
42	0.000107	-0.000156	0.002838	4.1e-05
43	0.000173	-9e-05	0.003561	7.4e-05
44	-0.000123	4.1e-05	4.1e-05	0.000107
45	0.000403	0.000107	0.00162	0.000107
46	0.000436	0.000107	0.00139	0.00014
47	0.001127	0.000107	0.002344	0.00014
48	-0.000189	0.00014	0.00445	8e-06
49	0.00014	-0.000156	-0.000189	-5.8e-05
50	-5.8e-05	0.000173	0.00287	-9e-05
51	7.4e-05	-0.000123	-0.000518	-2.5e-05
52	0.00014	0.000666	0.002509	-2.5e-05
53	0.00014	-0.000222	0.000436	4.1e-05
54	0.00014	0.00116	0.000502	7.4e-05
55	0.000107	0.000239	0.00366	0.000107
56	-0.000123	0.000206	0.001982	0.000173
57	0.00014	0.001653	0.001554	0.000107
58	-9e-05	-0.001242	0.00264	7.4e-05
59	-0.000156	0.00116	-0.006308	-2.5e-05
60	-5.8e-05	-0.002393	-0.000452	-5.8e-05
61	-5.8e-05	0.000864	0.001522	-9e-05
62	-0.000387	-0.000617	0.001291	-9e-05
63	0.00014	-0.000288	8e-06	-2.5e-05
64	4.1e-05	-0.001538	-0.000551	4.1e-05
65	0.000436	-5.8e-05	0.000502	0.000107
66	4.1e-05	7.4e-05	-0.002953	0.00014
67	0.00014	8e-06	-0.000288	0.000173
68	0.000765	0.000304	-2.5e-05	0.000173
69	-9e-05	-5.8e-05	-0.000518	7.4e-05
70	-0.001242	0.000304	-0.001308	-2.5e-05
71	-0.000123	0.000469	-0.000814	-2.5e-05
72	0.000831	0.000337	-0.001143	-5.8e-05
73	0.000666	-9e-05	0.000304	-9e-05
74	-0.000485	-0.000189	0.000633	-9e-05
75	-0.003545	-0.000354	0.001653	4.1e-05
76	-0.000683	-0.00065	0.00139	0.000107
77	0.000436	-0.000123	-0.00065	0.000107
78	-0.000288	0.000271	0.001489	0.00014
79	0.00037	-0.000189	-0.00088	0.000173
80	-2.5e-05	0.000436	0.00162	7.4e-05
81	4.1e-05	0.000173	-5.8e-05	-2.5e-05
82	7.4e-05	0.000633	-0.001143	-5.8e-05
83	0.000206	8e-06	0.000403	-0.000123
84	0.000206	0.000107	-0.000387	-5.8e-05
85	0.000436	-9e-05	0.001587	-9e-05
86	-2.5e-05	8e-06	0.00037	4.1e-05
87	0.000107	-2.5e-05	-0.003545	7.4e-05
88	7.4e-05	-2.5e-05	-0.000748	7.4e-05
89	0.000173	8e-06	-0.001176	0.00014
90	0.000206	0.000206	0.00037	7.4e-05
91	-5.8e-05	7.4e-05	-0.000551	0.00014
92	-2.5e-05	0.00014	0.001193	-2.5e-05
93	-9e-05	7.4e-05	0.000403	8e-06
94	-5.8e-05	-9e-05	0.00037	-5.8e-05
95	-5.8e-05	-9e-05	0.001653	-9e-05
96	4.1e-05	-9e-05	-0.000255	-5.8e-05
97	7.4e-05	-2.5e-05	0.004252	8e-06
98	0.000107	0.000107	0.003825	0.000107
99	0.000107	4.1e-05	0.002805	7.4e-05
100	0.000107	4.1e-05	0.002114	0.00014
101	0.000107	0.00014	0.003331	0.000206
102	4.1e-05	4.1e-05	-0.001176	0.000107
103	-5.8e-05	0.00014	-5.8e-05	-2.5e-05
104	-2.5e-05	7.4e-05	-0.00315	-2.5e-05
105	-0.000123	4.1e-05	0.000173	-2.5e-05
106	-2.5e-05	4.1e-05	0.001456	-5.8e-05
107	4.1e-05	-9e-05	0.001357	-9e-05
108	4.1e-05	-5.8e-05	0.000337	4.1e-05
109	7.4e-05	-0.000387	0.003825	0.00014
110	8e-06	8e-06	7.4e-05	7.4e-05
111	0.000173	7.4e-05	4.1e-05	0.000173
112	0.000107	8e-06	0.002476	0.00014
113	-2.5e-05	0.000107	-9e-05	0.000173
114	-2.5e-05	7.4e-05	0.001061	4.1e-05
115	-0.000123	0.000107	4.1e-05	8e-06
116	-5.8e-05	8e-06	-2.5e-05	-5.8e-05
117	-9e-05	-5.8e-05	-0.001012	-2.5e-05
118	8e-06	-2.5e-05	0.000337	-5.8e-05
119	0.000107	-0.000123	-0.001604	7.4e-05
120	0.000107	-9e-05	0.001225	0.000107
121	0.000173	8e-06	-0.000419	0.00014
122	7.4e-05	4.1e-05	0.000535	0.00014
123	8e-06	0.000107	0.000568	0.000173
124	8e-06	7.4e-05	0.000107	0.00014
125	-2.5e-05	0.000107	0.000535	-2.5e-05
126	-9e-05	0.00014	0.000897	-2.5e-05
127	-9e-05	4.1e-05	0.000173	-9e-05
128	-0.000123	-0.000123	0.000304	-5.8e-05
129	0.000107	-9e-05	4.1e-05	4.1e-05
130	8e-06	-9e-05	-9e-05	8e-06
131	0.000107	-5.8e-05	-5.8e-05	7.4e-05
132	0.000107	-0.000222	0.000337	7.4e-05
133	0.000107	7.4e-05	-0.000452	0.00014
134	0.000107	0.000107	-0.000255	0.00014
135	-9e-05	0.000107	-5.8e-05	0.000107
136	-2.5e-05	0.000107	-0.000123	7.4e-05
137	-9e-05	7.4e-05	0.000206	8e-06
138	-0.000123	4.1e-05	-0.000748	-2.5e-05
139	-5.8e-05	-2.5e-05	0.000337	-9e-05
140	4.1e-05	-9e-05	0.000173	-0.000189
141	4.1e-05	-9e-05	0.000304	8e-06
142	7.4e-05	-9e-05	0.00014	0.000107
143	0.000107	-2.5e-05	-5.8e-05	0.00014
144	0.000206	7.4e-05	-9e-05	0.000173
145	0.000107	0.000107	0.000107	0.00014
146	-5.8e-05	0.000107	7.4e-05	0.000206
147	-2.5e-05	4.1e-05	8e-06	8e-06
148	-0.000123	0.00014	-0.000255	8e-06
149	-2.5e-05	8e-06	-0.000255	8e-06
150	-0.000156	8e-06	-2.5e-05	-9e-05
151	4.1e-05	-9e-05	-0.000123	8e-06
152	7.4e-05	-0.000123	0.000271	-2.5e-05
153	0.000173	-0.000123	-0.000518	0.000107
154	0.00014	-2.5e-05	0.00037	0.000107
155	0.00014	4.1e-05	-0.000387	0.000173
156	7.4e-05	0.000107	-9e-05	0.00014
157	-5.8e-05	8e-06	-0.000189	0.00014
158	-5.8e-05	0.00014	0.00014	0.000107
159	-9e-05	0.000107	-0.000156	-2.5e-05
160	-0.000156	8e-06	0.000173	-5.8e-05
161	-9e-05	-2.5e-05	4.1e-05	8e-06
162	8e-06	-9e-05	0.00014	-0.000123
163	8e-06	-5.8e-05	0.000173	-2.5e-05
164	0.000107	-0.000123	-0.000321	0.000107
165	0.000107	-2.5e-05	0.000403	7.4e-05
166	0.00014	7.4e-05	-0.000123	0.000206
167	7.4e-05	7.4e-05	0.000173	0.000173
168	4.1e-05	7.4e-05	-0.000288	0.00014
169	8e-06	0.00014	0.000271	4.1e-05
170	-0.000123	7.4e-05	-0.00065	-2.5e-05
171	-2.5e-05	7.4e-05	0.000239	8e-06
172	-9e-05	-2.5e-05	-9e-05	4.1e-05
173	8e-06	-5.8e-05	4.1e-05	-5.8e-05
174	7.4e-05	-9e-05	0.000206	4.1e-05
175	7.4e-05	-0.000123	0.000337	7.4e-05
176	7.4e-05	-2.5e-05	0.00014	0.00014
177	0.000107	8e-06	0.000206	0.000173
178	4.1e-05	0.000107	-0.000189	0.000173
179	-2.5e-05	7.4e-05	0.000239	0.000173
180	-9e-05	7.4e-05	-0.000452	0.000107
181	-2.5e-05	0.000107	0.000239	7.4e-05
182	-9e-05	7.4e-05	4.1e-05	-5.8e-05
183	-9e-05	8e-06	-2.5e-05	-2.5e-05
184	4.1e-05	-9e-05	0.000239	-2.5e-05
185	4.1e-05	-0.000156	-9e-05	8e-06
186	0.000107	-5.8e-05	7.4e-05	7.4e-05
187	0.000107	-5.8e-05	0.000206	0.00014
188	0.000107	7.4e-05	-9e-05	0.00014
189	4.1e-05	4.1e-05	-0.000222	0.000206
190	-2.5e-05	7.4e-05	0.000206	0.000239
191	8e-06	7.4e-05	-0.000123	0.000173
192	-5.8e-05	4.1e-05	-0.000189	4.1e-05
193	-9e-05	0.000107	0.000107	8e-06
194	8e-06	-2.5e-05	0.000469	-5.8e-05
195	8e-06	-0.000123	0.000403	-5.8e-05
196	7.4e-05	-9e-05	0.000173	4.1e-05
197	0.000107	-0.000123	0.000765	0.00014
198	7.4e-05	-5.8e-05	-0.000387	0.00014
199	0.000107	4.1e-05	-0.000222	0.00014
200	7.4e-05	7.4e-05	-0.000584	0.000173
201	7.4e-05	0.00014	0.000107	0.000173
202	8e-06	0.00014	-0.000781	0.000173
203	-9e-05	0.00014	0.000206	4.1e-05
204	-5.8e-05	7.4e-05	-0.001209	8e-06
205	-0.000189	8e-06	0.000107	-2.5e-05
206	8e-06	-5.8e-05	-0.000617	-2.5e-05
207	8e-06	-9e-05	-0.000781	8e-06
208	4.1e-05	-0.000123	0.000798	0.00014
209	0.000107	-2.5e-05	0.000173	0.000206
210	7.4e-05	4.1e-05	0.000206	0.00014
211	0.000107	7.4e-05	0.000765	0.000239
212	4.1e-05	7.4e-05	0.000864	0.000206
213	-9e-05	0.00014	8e-06	0.000173
214	-5.8e-05	0.000107	0.005568	4.1e-05
215	-0.000156	7.4e-05	0.00139	-2.5e-05
216	-9e-05	-5.8e-05	0.002476	4.1e-05
217	-2.5e-05	-9e-05	0.000206	8e-06
218	4.1e-05	-5.8e-05	0.000864	8e-06
219	0.000107	-0.000123	0.000173	0.00014
220	8e-06	-5.8e-05	-0.000485	0.000173
221	0.00014	4.1e-05	-5.8e-05	0.000271
222	0.00014	0.000107	0.000436	0.000271
223	8e-06	0.00014	-0.00088	0.000173
224	-2.5e-05	0.000107	7.4e-05	0.000107
225	-9e-05	7.4e-05	-0.005946	0.000107
226	-9e-05	7.4e-05	-0.001143	8e-06
227	-0.000156	-2.5e-05	0.000337	-9e-05
228	-5.8e-05	-5.8e-05	0.000206	4.1e-05
229	4.1e-05	-9e-05	0.001587	4.1e-05
230	7.4e-05	-9e-05	0.000897	0.00014
231	0.000107	-5.8e-05	0.001423	0.000206
232	0.00014	-2.5e-05	-9e-05	0.000206
233	4.1e-05	4.1e-05	0.000633	0.000173
234	4.1e-05	0.000107	0.000206	0.000239
235	-2.5e-05	7.4e-05	0.002607	0.00014
236	-2.5e-05	0.000107	0.000765	4.1e-05
237	-0.000123	4.1e-05	-5.8e-05	7.4e-05
238	-9e-05	-2.5e-05	-0.000156	-2.5e-05
239	-5.8e-05	-5.8e-05	0.000107	4.1e-05
240	8e-06	-2.5e-05	-0.000419	8e-06
241	0.000107	-9e-05	-0.000485	0.00014
242	0.000107	-2.5e-05	4.1e-05	0.000206
243	0.000107	-2.5e-05	0.000173	0.000206
244	0.000107	4.1e-05	0.002048	0.000206
245	-2.5e-05	4.1e-05	0.000502	0.000173
246	-2.5e-05	0.00014	-0.000781	0.000173
247	-9e-05	0.000107	-2.5e-05	4.1e-05
248	-9e-05	0.00014	-0.000321	7.4e-05
249	-0.000123	4.1e-05	0.000502	8e-06
250	-5.8e-05	-5.8e-05	0.001225	-2.5e-05
251	8e-06	-5.8e-05	0.001883	-2.5e-05
252	7.4e-05	-5.8e-05	0.000469	0.000107
253	0.000107	-9e-05	-0.001077	0.000173
254	0.00014	-2.5e-05	0.000568	0.000173
255	0.000107	8e-06	0.000271	0.000206
256	0.00014	7.4e-05	0.00037	0.000239
257	-5.8e-05	7.4e-05	-0.000387	0.000206
258	-2.5e-05	0.000107	-0.000288	0.000107
259	-9e-05	0.00014	0.0006	7.4e-05
260	-0.000123	-2.5e-05	0.001127	8e-06
261	-5.8e-05	-2.5e-05	0.003528	7.4e-05
262	4.1e-05	-9e-05	0.000469	0.000107
263	0.000107	-2.5e-05	0.001193	0.000107
264	0.000107	8e-06	-0.001637	0.000173
265	0.000107	-5.8e-05	0.002015	0.000206
266	0.000107	4.1e-05	-0.000321	0.000271
267	4.1e-05	4.1e-05	0.001489	0.000173
268	-5.8e-05	0.00014	0.000568	0.000206
269	-2.5e-05	0.000173	0.00116	0.000107
270	-9e-05	7.4e-05	0.002212	8e-06
271	-9e-05	4.1e-05	0.000206	7.4e-05
272	-5.8e-05	-5.8e-05	0.000666	-2.5e-05
273	4.1e-05	-2.5e-05	0.000107	8e-06
274	0.000107	-9e-05	0.000239	0.000107
275	8e-06	-0.000189	0.004055	0.000173
276	0.000107	8e-06	0.004219	0.000239
277	0.000107	4.1e-05	-0.000288	0.000239
278	0.000107	0.00014	0.003956	0.000239
279	-2.5e-05	0.000107	-0.000617	0.000206
280	-9e-05	0.00014	0.002245	7.4e-05
281	-9e-05	0.00014	0.002212	7.4e-05
282	-9e-05	-2.5e-05	0.00264	8e-06
283	-9e-05	-9e-05	0.002015	4.1e-05
284	4.1e-05	-0.000123	0.003068	8e-06
285	7.4e-05	-9e-05	0.001982	0.000107
286	0.000107	-9e-05	0.001916	0.000206
287	7.4e-05	-2.5e-05	0.002114	0.000206
288	0.000107	0.000107	0.001291	0.000239
289	0.000107	7.4e-05	0.000206	0.000206
290	-2.5e-05	0.00014	0.002706	0.000239
291	-2.5e-05	0.00014	-0.000814	0.000173
292	-5.8e-05	0.000107	-5.8e-05	4.1e-05
293	-0.000123	7.4e-05	0.000831	4.1e-05
294	-2.5e-05	-5.8e-05	0.000962	4.1e-05
295	4.1e-05	-5.8e-05	0.000502	-2.5e-05
296	4.1e-05	-2.5e-05	0.000502	0.00014
297	0.000107	-0.000123	0.0006	0.000206
298	0.000107	-2.5e-05	0.000765	0.000173
299	0.000107	7.4e-05	0.001489	0.000239
300	4.1e-05	4.1e-05	-0.000156	0.000239
301	8e-06	0.000107	0.000897	0.000206
302	-5.8e-05	4.1e-05	-0.001077	0.000107
303	-0.000123	0.000107	0.003298	4.1e-05
304	-9e-05	8e-06	0.001653	4.1e-05
305	-9e-05	-2.5e-05	0.001127	-2.5e-05
306	0.000107	-2.5e-05	0.000962	8e-06
307	0.00014	-0.000123	0.000798	0.000107
308	7.4e-05	-5.8e-05	0.001489	0.000206
309	0.00014	-5.8e-05	-0.000584	0.000206
310	0.000107	4.1e-05	0.002772	0.00014
311	4.1e-05	4.1e-05	-0.001505	0.000304
312	8e-06	0.000107	0.000403	0.000206
313	-2.5e-05	7.4e-05	0.000666	0.000173
314	-2.5e-05	0.00014	0.001686	7.4e-05
315	-5.8e-05	4.1e-05	0.002015	4.1e-05
316	-0.000156	8e-06	0.002541	7.4e-05
317	4.1e-05	-0.000123	-0.000189	4.1e-05
318	8e-06	-9e-05	0.001785	0.000107
319	0.000107	-0.000123	0.000897	0.00014
320	0.000107	-9e-05	0.001818	0.000271
321	0.00014	0.000107	0.004351	0.000239
322	4.1e-05	7.4e-05	0.00014	0.000239
323	8e-06	0.00014	0.004318	0.000206
324	-5.8e-05	0.00014	0.00343	0.00014
325	-0.000123	0.000107	0.005568	4.1e-05
326	-2.5e-05	4.1e-05	0.005075	7.4e-05
327	-9e-05	-5.8e-05	0.007082	-2.5e-05
328	8e-06	-9e-05	0.003035	4.1e-05
329	4.1e-05	-0.000123	0.008661	0.000107
330	0.000107	-9e-05	0.00445	0.000173
331	7.4e-05	-2.5e-05	0.006522	0.000206
332	0.00014	4.1e-05	0.01001	0.000239
333	4.1e-05	0.000107	0.00922	0.000239
334	8e-06	7.4e-05	0.010997	0.000173
335	-5.8e-05	0.000107	0.011358	0.000107
336	-5.8e-05	0.00014	0.011951	0.00014
337	-0.000123	4.1e-05	0.012016	4.1e-05
338	-0.000123	8e-06	0.012839	7.4e-05
339	7.4e-05	-5.8e-05	0.010503	8e-06
340	4.1e-05	-0.000123	0.009121	-2.5e-05
341	7.4e-05	-5.8e-05	0.00797	0.000239
342	0.00014	-2.5e-05	0.014122	0.000173
343	0.000173	0.000107	0.015635	0.000173
344	4.1e-05	0.000107	0.015273	0.000239
345	4.1e-05	7.4e-05	0.017675	0.000206
346	-2.5e-05	0.000107	0.016326	0.000206
347	8e-06	0.000173	0.017083	0.000107
348	-9e-05	0.000107	0.016589	8e-06
349	-9e-05	-2.5e-05	0.018826	8e-06
350	-2.5e-05	-9e-05	0.018596	4.1e-05
351	0.000107	-5.8e-05	0.018794	8e-06
352	0.00014	-9e-05	0.017543	0.000173
353	7.4e-05	-9e-05	0.016359	0.000206
354	0.00014	4.1e-05	0.017247	0.000206
355	0.000107	0.000107	0.01932	0.000173
356	4.1e-05	0.000107	0.016721	0.000304
357	-9e-05	7.4e-05	0.018432	0.00014
358	-9e-05	0.00014	0.016227	7.4e-05
359	-5.8e-05	0.000107	0.015273	4.1e-05
360	-2.5e-05	-5.8e-05	0.015964	7.4e-05
361	4.1e-05	-2.5e-05	0.013925	4.1e-05
362	-2.5e-05	-5.8e-05	0.016293	0.000107
363	0.000239	-9e-05	0.015833	0.000206
364	0.000107	-2.5e-05	0.011424	0.000239
365	0.00014	4.1e-05	0.015339	0.000239
366	7.4e-05	0.000107	0.013694	0.000239
367	8e-06	7.4e-05	0.011852	0.000271
368	-2.5e-05	0.000107	0.016885	0.000173
369	-9e-05	0.000107	0.018201	7.4e-05
370	-0.000123	4.1e-05	0.014352	4.1e-05
371	-0.000189	-2.5e-05	0.014352	4.1e-05
372	4.1e-05	-2.5e-05	0.017116	-2.5e-05
373	4.1e-05	-9e-05	0.014879	0.000107
374	0.000107	-0.000123	0.017543	0.000173
375	7.4e-05	-9e-05	0.013365	0.000271
376	0.00014	8e-06	0.016622	0.000239
377	0.000107	4.1e-05	0.014648	0.000271
378	7.4e-05	7.4e-05	0.014155	0.000239
379	4.1e-05	0.000107	0.013267	0.000206
380	-5.8e-05	0.000107	0.017346	0.000107
381	-5.8e-05	4.1e-05	0.012773	0.000107
382	-9e-05	-2.5e-05	0.014977	8e-06
383	-2.5e-05	-5.8e-05	0.015109	8e-06
384	7.4e-05	-5.8e-05	0.015142	4.1e-05
385	0.000107	-9e-05	0.018497	0.00014
386	7.4e-05	-5.8e-05	0.013234	0.000271
387	0.000107	8e-06	0.018201	0.000239
388	0.00014	0.00014	0.015504	0.000173
389	-5.8e-05	7.4e-05	0.016885	0.000239
390	-2.5e-05	0.000107	0.017543	0.000173
391	-2.5e-05	0.00014	0.009286	0.00014
392	-9e-05	4.1e-05	0.012345	4.1e-05
393	-0.000123	4.1e-05	0.01501	8e-06
394	-2.5e-05	-5.8e-05	0.007443	4.1e-05
395	4.1e-05	-9e-05	0.012082	0.000107
396	0.000107	-9e-05	0.008167	0.000206
397	0.000173	-5.8e-05	0.010668	0.000206
398	0.00014	4.1e-05	0.013661	0.000239
399	7.4e-05	0.000107	0.014846	0.000271
400	4.1e-05	7.4e-05	0.014813	0.000206
401	-2.5e-05	0.00014	0.013036	0.000206
402	-9e-05	0.00014	0.013201	0.000107
403	-9e-05	0.000107	0.001686	0.000107
404	-5.8e-05	8e-06	0.002509	8e-06
405	-9e-05	-9e-05	0.003232	4.1e-05
406	4.1e-05	-5.8e-05	0.009055	0.000107
407	0.000107	-0.000123	0.011523	0.000173
408	0.000107	-5.8e-05	0.01399	0.000239
409	0.00014	8e-06	0.01501	0.000239
410	0.000107	8e-06	0.020011	0.000271
411	4.1e-05	0.00014	0.021327	0.000304
412	-5.8e-05	0.000107	0.017576	0.000206
413	8e-06	0.00014	0.017741	0.00014
414	-5.8e-05	0.000107	0.018925	0.000107
415	-0.000123	-2.5e-05	0.019452	4.1e-05
416	-2.5e-05	-2.5e-05	0.018136	7.4e-05
417	4.1e-05	-5.8e-05	0.018432	7.4e-05
418	4.1e-05	-9e-05	0.02034	0.00014
419	0.000107	-0.000123	0.018629	0.000206
420	0.000107	-2.5e-05	0.021557	0.000239
421	0.000107	0.00014	0.02136	0.000271
422	7.4e-05	4.1e-05	0.021853	0.000239
423	8e-06	0.00014	0.022445	0.000239
424	-2.5e-05	0.000107	0.019945	0.000173
425	-5.8e-05	0.000107	0.02307	4.1e-05
426	-5.8e-05	8e-06	0.020899	0.000107
427	-2.5e-05	-5.8e-05	0.020965	4.1e-05
428	8e-06	-2.5e-05	0.021064	0.000107
429	0.000206	-9e-05	0.018794	0.00014
430	0.000206	-2.5e-05	0.019715	0.000206
431	0.000173	8e-06	0.017741	0.000271
432	0.000173	7.4e-05	0.018925	0.000239
433	0.000271	0.000107	0.014944	0.000304
434	-5.8e-05	0.000107	0.017346	0.000173
435	0.000436	0.000107	0.016392	0.000107
436	-2.5e-05	0.00014	0.018366	0.000107
437	8e-06	-2.5e-05	0.01399	4.1e-05
438	0.00014	-9e-05	0.016227	4.1e-05
439	0.000107	-9e-05	0.014813	0.000107
440	-0.000123	-9e-05	0.012839	0.000107
441	0.000173	-9e-05	0.008397	0.000206
442	0.000107	-5.8e-05	0.013201	0.000173
443	7.4e-05	4.1e-05	0.007049	0.000304
444	4.1e-05	0.000107	0.007707	0.000206
445	-5.8e-05	0.000107	0.010503	0.000206
446	-0.000123	0.00014	0.011358	0.00014
447	-2.5e-05	7.4e-05	0.015273	7.4e-05
448	-9e-05	4.1e-05	0.015175	4.1e-05
449	-2.5e-05	-2.5e-05	0.019024	8e-06
450	4.1e-05	-5.8e-05	0.020208	4.1e-05
451	0.000107	-9e-05	0.022412	0.000206
452	0.00014	-9e-05	0.020899	0.000173
453	0.000107	-2.5e-05	0.021458	0.000173
454	0.00014	7.4e-05	0.024057	0.000271
455	4.1e-05	8e-06	0.022083	0.000239
456	-2.5e-05	0.000107	0.022774	0.000271
457	-0.000123	0.000107	0.026163	7.4e-05
458	4.1e-05	0.000206	0.022643	4.1e-05
459	-0.000387	7.4e-05	0.024617	7.4e-05
460	-0.000123	-9e-05	0.022807	8e-06
461	0.000107	-5.8e-05	0.025242	-2.5e-05
462	0.000107	-9e-05	0.028236	0.000107
463	0.00014	-5.8e-05	0.026097	0.000206
464	0.000271	-2.5e-05	0.022051	0.000206
465	0.000173	7.4e-05	0.023992	0.000239
466	0.000107	0.000107	0.021656	0.000271
467	-2.5e-05	0.00014	0.021294	0.000271
468	-2.5e-05	0.00014	0.022906	0.00014
469	-9e-05	7.4e-05	0.021129	0.000107
470	-5.8e-05	8e-06	0.025308	4.1e-05
471	-9e-05	8e-06	0.023005	4.1e-05
472	8e-06	-5.8e-05	0.024946	7.4e-05
473	7.4e-05	-5.8e-05	0.024386	0.000173
474	0.000107	-0.000123	0.023992	0.000173
475	0.000107	-9e-05	0.023926	0.000206
476	0.000173	7.4e-05	0.026887	0.000239
477	0.00014	4.1e-05	0.023564	0.000239
478	-2.5e-05	0.000107	0.023794	0.000271
479	-2.5e-05	7.4e-05	0.024353	0.000173
480	-0.000123	0.000107	0.025373	4.1e-05
481	-5.8e-05	4.1e-05	0.024419	4.1e-05
482	-0.000123	8e-06	0.025406	4.1e-05
483	4.1e-05	-2.5e-05	0.025143	4.1e-05
484	0.000107	-0.000156	0.023531	0.000107
485	4.1e-05	0.000173	0.02363	0.000173
486	0.00014	0.00014	0.01955	0.000239
487	0.000107	0.00037	0.023827	0.000239
488	7.4e-05	-0.000288	0.021689	0.000271
489	8e-06	0.000929	0.023103	0.000271
490	8e-06	0.002147	0.021393	0.000107
491	-5.8e-05	0.000864	0.01626	0.00014
492	-0.000156	0.002838	0.015866	4.1e-05
493	4.1e-05	0.000206	0.020899	4.1e-05
494	-2.5e-05	-9e-05	0.018563	8e-06
495	4.1e-05	0.001061	0.022215	0.000107
496	8e-06	0.00139	0.018366	0.000173
497	0.00014	0.001127	0.016129	0.000206
498	0.00014	0.003693	0.016063	0.00014
499	4.1e-05	-0.000255	0.0158	0.000239
500	-0.000156	0.002805	0.019517	0.000239
501	0.000239	0.001752	0.020866	0.000173
502	-0.000123	0.004285	0.021294	7.4e-05
503	0.000107	0.005108	0.021064	0.000107
504	-0.000222	0.009286	0.022577	4.1e-05
505	0.000107	0.01251	0.021294	-2.5e-05
506	7.4e-05	0.014188	0.023926	7.4e-05
507	0.00014	0.014056	0.026558	0.000206
508	4.1e-05	0.008825	0.027808	0.000206
509	0.000173	0.01705	0.027018	0.000239
510	4.1e-05	0.012082	0.026097	0.000173
511	-9e-05	0.005897	0.025637	0.000304
512	-5.8e-05	0.001883	0.02409	0.000107
513	8e-06	0.002936	0.021031	7.4e-05
514	-9e-05	0.001752	0.014155	4.1e-05
515	-0.000222	0.005338	0.02284	4.1e-05
516	0.000107	-0.000354	0.019287	7.4e-05
517	0.000239	0.000271	0.021557	4.1e-05
518	0.000304	0.00014	0.023761	0.000206
519	0.000206	0.001291	0.023202	0.000206
520	0.000633	0.003923	0.02261	0.000239
521	0.000206	0.004779	0.028367	0.000173
522	0.000206	0.00445	0.026097	0.000271
523	0.000107	0.003726	0.030769	0.00014
524	8e-06	0.010898	0.032183	0.000107
525	0.000107	0.010832	0.029223	8e-06
526	0.003331	0.01603	0.026295	7.4e-05
527	-0.000222	0.011227	0.027117	4.1e-05
528	0.00014	0.004877	0.022445	0.000107
529	0.000206	0.001818	0.020373	0.00014
530	0.000107	0.001883	0.018168	0.000173
531	4.1e-05	0.001554	0.017774	0.000239
532	0.000304	0.003825	0.019452	0.000239
533	0.00014	0.005404	0.019813	0.000239
534	-0.000156	0.008068	0.014319	0.00014
535	7.4e-05	0.004186	0.016853	7.4e-05
536	-9e-05	0.001719	0.014879	4.1e-05
537	-0.000189	0.005535	0.01603	4.1e-05
538	4.1e-05	0.004318	0.019682	8e-06
539	0.00014	0.004976	0.017675	7.4e-05
540	0.00014	0.004844	0.023005	0.000107
541	0.000107	0.00774	0.026755	0.000206
542	7.4e-05	0.002015	0.026624	0.000271
543	-2.5e-05	0.002805	0.030604	0.000173
544	-2.5e-05	0.006029	0.035539	0.000271
545	-2.5e-05	0.005437	0.036855	0.000173
546	8e-06	0.005404	0.041231	0.000107
547	-0.000123	0.008068	0.039092	4.1e-05
548	-2.5e-05	0.009483	0.041099	-2.5e-05
549	-2.5e-05	0.00366	0.045409	-5.8e-05
550	0.00014	0.002048	0.042645	4.1e-05
551	0.000107	0.000633	0.047613	0.00014
552	0.000107	0.00241	0.046067	0.000173
553	7.4e-05	0.000962	0.053206	0.000206
554	0.000173	0.001883	0.052285	0.000239
555	-2.5e-05	0.001883	0.054357	0.000271
556	-2.5e-05	0.000502	0.053963	0.000206
557	-9e-05	0.000995	0.049554	4.1e-05
558	-9e-05	0.004318	0.055246	8e-06
559	-9e-05	-0.000123	0.057252	-2.5e-05
560	-5.8e-05	0.002344	0.062516	4.1e-05
561	4.1e-05	0.001851	0.060509	4.1e-05
562	0.000107	0.002969	0.053568	0.00014
563	0.000107	-0.000781	0.055937	0.000173
564	0.000173	0.00037	0.061529	0.000173
565	0.000107	0.00037	0.057779	0.00014
566	4.1e-05	0.001587	0.059424	0.000271
567	-2.5e-05	-0.000255	0.055706	0.00014
568	-9e-05	0.00014	0.052252	7.4e-05
569	-5.8e-05	0.000304	0.04327	4.1e-05
570	-5.8e-05	7.4e-05	0.044915	8e-06
571	-2.5e-05	0.000304	0.045935	-2.5e-05
572	8e-06	0.000633	0.052252	-2.5e-05
573	7.4e-05	0.000337	0.050245	0.000107
574	0.000107	0.000436	0.055706	0.00014
575	0.00014	0.002969	0.05893	0.000173
576	0.000107	-0.000419	0.059786	0.000239
577	7.4e-05	0.002212	0.063043	0.000239
578	-5.8e-05	0.001423	0.063273	0.00014
579	-5.8e-05	0.002476	0.065181	0.000107
580	-9e-05	0.001324	0.065576	8e-06
581	-0.000222	0.002607	0.068603	4.1e-05
582	-5.8e-05	0.002739	0.068932	-5.8e-05
583	4.1e-05	0.006062	0.00491	-5.8e-05
584	0.00014	0.001949	0.002607	0.000107
585	0.000173	0.003265	0.011852	0.000107
586	0.000239	0.001028	0.018859	0.000173
587	7.4e-05	0.001818	0.026624	0.000173
588	0.000271	0.007476	0.027084	0.000239
589	-9e-05	0.002147	0.030999	0.000206
590	-5.8e-05	0.002377	0.036789	0.000107
591	7.4e-05	0.002607	0.035539	4.1e-05
592	-0.000255	0.003397	0.039553	8e-06
593	7.4e-05	0.001554	0.040507	8e-06
594	0.000107	0.005601	0.040671	7.4e-05
595	4.1e-05	0.001653	0.042876	7.4e-05
596	7.4e-05	0.001851	0.045376	0.00014
597	0.000107	0.002706	0.047218	0.00014
598	0.000107	0.000699	0.047317	0.000173
599	0.000173	0.002147	0.050706	0.000206
600	-0.000123	0.000962	0.055509	0.00014
601	8e-06	0.000304	0.051035	0.000107
602	-9e-05	-0.001571	0.01001	-2.5e-05
603	-9e-05	0.001489	0.012609	-2.5e-05
604	-2.5e-05	0.001949	0.019748	-9e-05
605	0.000304	0.001949	0.028236	-5.8e-05
606	7.4e-05	0.000535	0.028597	0.000107
607	0.00014	-0.00167	0.032118	0.00014
608	0.000173	0.001916	0.037349	0.000173
609	0.000897	0.004055	0.04156	0.000206
610	7.4e-05	0.002607	0.040737	0.000173
611	-2.5e-05	0.00774	0.044389	0.000107
612	-5.8e-05	0.010635	0.045179	0.000107
613	-0.000156	0.011556	0.049225	8e-06
614	-2.5e-05	0.01455	0.047876	4.1e-05
615	-0.000617	0.0082	0.048074	-2.5e-05
616	0.000633	0.008924	0.047876	8e-06
617	4.1e-05	0.00797	0.049061	8e-06
618	4.1e-05	0.002377	0.048995	0.000173
619	0.000107	0.002476	0.046824	0.000107
620	0.000962	-0.001045	0.003068	0.000107
621	8e-06	0.001949	0.004055	0.000173
622	0.00014	-0.000518	0.009681	0.00014
623	8e-06	4.1e-05	0.013102	0.000107
624	-2.5e-05	0.00218	0.018695	7.4e-05
625	8e-06	0.001752	0.014451	-2.5e-05
626	0.000535	0.001554	0.016853	8e-06
627	0.000173	0.001127	0.014714	8e-06
628	0.00014	0.000962	0.016885	4.1e-05
629	0.000107	0.001686	0.016787	0.000206
630	0.000107	-0.00088	0.012247	0.00014
631	0.00014	0.000436	0.009845	0.000239
632	4.1e-05	0.00037	0.003232	0.000173
633	-9e-05	-0.000354	0.000304	0.000206
634	-5.8e-05	0.00037	0.000962	4.1e-05
635	-5.8e-05	-0.000189	0.001752	-2.5e-05
636	0.00014	-2.5e-05	0.004121	-5.8e-05
637	0.000403	8e-06	0.001949	-5.8e-05
638	0.001587	-0.000222	0.002344	-5.8e-05
639	0.000897	-5.8e-05	-0.000387	-5.8e-05
640	0.00162	-9e-05	0.002509	0.00014
641	0.000831	4.1e-05	0.002739	0.000107
642	0.002838	0.000206	-0.000354	0.000239
643	4.1e-05	0.000239	0.004844	0.000173
644	4.1e-05	8e-06	0.005305	0.000173
645	-0.000123	0.000337	0.011523	-2.5e-05
646	-2.5e-05	0.000107	0.008891	7.4e-05
647	-9e-05	0.001225	0.013596	-5.8e-05
648	-0.000255	0.000633	0.014319	-2.5e-05
649	-9e-05	-2.5e-05	0.014254	-0.000156
650	0.000239	-0.000156	0.015537	8e-06
651	0.00287	-0.000156	0.019912	0.000107
652	-0.001999	0.00014	0.015931	0.000173
653	-9e-05	8e-06	0.0057	0.00014
654	7.4e-05	0.000107	0.012411	0.000173
655	0.001818	0.000107	0.014615	0.000271
656	0.000864	0.00014	0.016326	0.00014
657	0.000633	0.00014	0.015043	4.1e-05
658	0.000304	0.000239	0.016195	8e-06
659	0.00218	-2.5e-05	0.016853	4.1e-05
660	0.000304	4.1e-05	0.020965	-5.8e-05
661	0.001752	-5.8e-05	0.017741	0.000239
662	0.00014	0.000304	0.013661	4.1e-05
663	0.001752	0.00162	0.01353	0.000304
664	0.002772	0.002509	0.018596	0.000173
665	0.005897	-9e-05	0.02034	0.000206
666	0.005766	0.000502	0.02511	8e-06
667	0.003956	0.000666	0.027446	0.00014
668	0.007772	0.00014	0.030703	0.000107
669	0.007509	0.000568	0.030308	8e-06
670	0.006785	-0.001012	0.029584	-0.000156
671	0.001949	-2.5e-05	0.025439	-5.8e-05
672	0.003397	-0.000255	0.021327	-9e-05
673	0.003364	0.000436	0.018826	0.000337
674	0.000304	-0.000288	0.02159	0.00014
675	4.1e-05	0.000239	0.022939	4.1e-05
676	0.00116	0.000995	0.018004	0.000436
677	0.000304	0.000568	0.015898	0.000173
678	0.0057	0.000469	0.015964	0.000403
679	0.005963	0.000633	0.018465	-5.8e-05
680	0.003989	0.000239	0.015537	0.000502
681	0.003002	0.000107	0.015569	-0.000189
682	0.002212	-2.5e-05	0.01955	0.000403
683	0.004154	-2.5e-05	0.018629	0.000633
684	0.000173	-0.000156	0.011424	0.000633
685	-2.5e-05	-0.000123	0.007082	0.000962
686	-0.000156	0.000107	0.008595	0.000173
687	0.004055	-0.000288	0.011523	-0.000123
688	0.003331	4.1e-05	0.000239	0.000239
689	0.002147	7.4e-05	-2.5e-05	0.001851
690	0.001357	0.000239	-0.000222	-0.000354
691	0.000173	7.4e-05	4.1e-05	0.000403
692	0.004154	0.00014	4.1e-05	-0.000255
693	-0.001242	0.000107	0.00116	0.000304
694	8e-06	0.001061	0.004088	-0.000847
695	0.000699	0.000239	-0.000814	0.000699
696	0.000798	0.002015	0.001785	0.000403
697	0.00014	0.002048	0.000633	0.000929
698	7.4e-05	0.001949	0.002772	0.00037
699	4.1e-05	0.002607	0.002739	0.000304
700	-5.8e-05	0.000436	0.004121	0.000732
701	-2.5e-05	0.000864	0.003035	0.00014
702	-5.8e-05	0.000699	0.003232	0.00014
703	0.000173	0.000798	0.002147	-0.000123
704	4.1e-05	8e-06	0.006687	-0.000123
705	0.000107	0.001489	0.004384	0.002607
706	0.00014	-0.000387	0.002739	0.002212
707	0.00014	0.001653	0.005009	-0.000979
708	0.000107	0.002805	0.000337	0.000666
709	0.000107	0.000864	0.003923	-0.000913
710	-2.5e-05	0.00139	0.004877	-0.00167
711	-2.5e-05	0.002574	0.008595	0.00116
712	-5.8e-05	0.000864	0.015043	0.001423
713	-9e-05	0.000436	0.015569	0.000864
714	-0.000156	0.003857	0.014023	0.000864
715	-2.5e-05	0.001719	0.018004	0.000765
716	4.1e-05	0.00014	0.015931	0.000206
717	0.00014	0.001324	0.015964	0.002015
718	0.000107	-9e-05	0.015931	-2.5e-05
719	0.000107	0.000568	0.016129	0.000107
720	7.4e-05	0.001522	0.012444	0.000107
721	4.1e-05	0.000239	0.015142	-5.8e-05
722	-5.8e-05	0.000568	0.018695	-0.000255
723	-5.8e-05	-0.000419	0.013431	4.1e-05
724	-5.8e-05	0.001982	0.023663	-5.8e-05
725	-0.000123	-0.000288	0.025077	-0.000123
726	-2.5e-05	0.00037	0.030604	-5.8e-05
727	4.1e-05	4.1e-05	0.032776	0.000436
728	0.000107	-0.001604	0.032414	8e-06
729	0.000107	0.002706	0.030835	0.000271
730	7.4e-05	-0.000387	0.035539	0.000271
731	0.000107	0.000239	0.025373	0.000568
732	4.1e-05	0.003068	0.027578	0.000173
733	-2.5e-05	0.003726	0.027939	7.4e-05
734	-5.8e-05	0.000304	0.031591	-2.5e-05
735	-9e-05	0.001291	0.02307	0.000107
736	-9e-05	0.004844	0.029749	-9e-05
737	-5.8e-05	-0.001012	0.030111	8e-06
738	4.1e-05	-0.001012	0.027512	4.1e-05
739	0.000107	0.000535	0.029552	7.4e-05
740	0.000107	-0.000156	0.028104	0.000765
741	0.000107	7.4e-05	0.030111	4.1e-05
742	0.00014	4.1e-05	0.024288	0.000239
743	8e-06	-0.001308	0.024222	0.000173
744	8e-06	0.000173	0.021557	0.001225
745	-0.000123	0.001094	0.024353	7.4e-05
746	0.000699	-0.000781	0.021952	0.001883
747	0.000239	-0.000321	0.025176	0.001423
748	0.001818	4.1e-05	0.010766	0.000403
749	0.000798	-5.8e-05	0.000239	-9e-05
750	0.000798	-5.8e-05	0.00014	-0.000321
751	0.002377	-0.000156	0.000502	0.000271
752	0.000206	0.000107	-2.5e-05	-0.000123
753	0.003693	8e-06	0.000995	0.000239
754	0.004483	7.4e-05	-5.8e-05	0.000107
755	0.003199	8e-06	-9e-05	0.000403
756	7.4e-05	0.000765	-9e-05	-0.000288
757	0.000798	8e-06	0.005075	0.001851
758	0.000107	0.000107	0.012609	-0.000419
759	0.001061	0.000304	0.012148	-0.000123
760	0.000304	-2.5e-05	0.003956	0.000469
761	0.00014	-5.8e-05	0.007312	0.003496
762	0.000206	7.4e-05	0.015602	0.000897
763	0.000173	-0.000123	0.021096	0.00037
764	0.000206	0.000107	0.013826	0.001554
765	4.1e-05	0.000107	0.020768	0.000765
766	-2.5e-05	0.000107	0.022906	0.00139
767	-0.000123	7.4e-05	0.000304	0.001357
768	0.003857	7.4e-05	8e-06	0.003397
769	0.00514	4.1e-05	0.001719	0.002607
770	0.006851	-5.8e-05	0.001225	0.005042
771	0.0057	-2.5e-05	0.004483	0.004219
772	0.007378	-0.000123	0.003627	0.003035
773	0.003068	-5.8e-05	0.010042	0.000337
774	0.006062	8e-06	0.001127	0.000633
775	0.004055	7.4e-05	0.000271	0.00162
776	-0.00167	0.000107	0.000173	0.001193
777	0.000666	8e-06	0.001456	0.003331
778	0.000831	0.000173	0.001982	0.000699
779	8e-06	7.4e-05	0.010569	0.003167
780	7.4e-05	4.1e-05	0.014221	-0.000123
781	0.003496	-2.5e-05	0.018925	0.005042
782	0.001225	-5.8e-05	0.022445	-0.002788
783	0.001949	-5.8e-05	0.026459	0.00241
784	0.000173	-5.8e-05	0.031295	0.001357
785	0.000173	-2.5e-05	0.027117	0.003463
786	8e-06	4.1e-05	0.026426	0.00491
787	-0.000123	7.4e-05	0.030242	0.006522
788	-2.5e-05	-0.000255	0.031262	0.003134
789	8e-06	0.000107	0.034552	0.005502
790	-5.8e-05	0.000173	0.04202	0.006818
791	-9e-05	4.1e-05	0.042909	0.005437
792	8e-06	-2.5e-05	0.046692	0.005667
793	0.000337	-9e-05	0.04429	0.008595
794	0.001094	-9e-05	0.04837	0.003528
795	0.003627	-0.000156	0.052449	0.002739
796	0.007378	-9e-05	0.051495	0.003792
797	0.008299	7.4e-05	0.05518	0.004088
798	0.010898	0.00014	0.061036	0.004614
799	0.014122	0.00014	0.061266	0.00162
800	0.013299	0.00014	0.062911	0.004318
801	0.01478	0.000107	0.06528	0.002476
802	0.016885	8e-06	0.066267	0.004943
803	0.014813	-2.5e-05	0.068899	0.004713
804	0.018465	-2.5e-05	0.068668	-0.001308
805	0.000699	-9e-05	0.072518	-0.001341
806	0.001949	-9e-05	0.073965	0.004121
807	0.005568	-9e-05	0.075084	0.002607
808	0.008891	4.1e-05	0.07561	0.002772
809	0.012641	7.4e-05	0.072123	0.001851
810	0.014418	7.4e-05	0.07584	0.002574
811	0.013859	0.000239	0.07584	0.003857
812	0.014056	-2.5e-05	0.076038	0.003167
813	0.017083	-0.000551	0.07742	0.000765
814	0.015471	-5.8e-05	0.076498	0.000173
815	0.017609	0.000239	0.074656	0.00218
816	0.017708	-0.000222	0.07561	-0.00088
817	0.020373	0.000304	0.074689	0.001587
818	0.019912	8e-06	0.079196	0.000831
819	0.022445	8e-06	0.07969	0.001489
820	0.015701	0.000502	0.076762	0.002015
821	0.016162	0.000304	0.072222	0.00287
822	0.011227	7.4e-05	0.073866	0.005075
823	0.010832	0.000107	0.044192	0.000962
824	0.011457	7.4e-05	0.041987	0.003101
825	0.01376	-0.000189	0.042974	0.003265
826	0.009286	7.4e-05	0.043007	0.000568
827	0.01705	-9e-05	0.044192	-0.000748
828	0.016425	-0.000354	0.049949	0.000107
829	0.016951	4.1e-05	0.053535	0.001916
830	0.01932	0.00014	0.057187	0.002147
831	0.01682	0.000173	0.059226	-0.000518
832	0.018201	7.4e-05	0.064424	-0.000288
833	0.015569	0.00014	0.064622	0.000436
834	0.017478	0.000173	0.065477	0.000633
835	0.016556	0.00014	0.067418	0.003561
836	0.018333	4.1e-05	0.065148	0.005996
837	0.018168	8e-06	0.071136	0.009121
838	0.01478	-5.8e-05	0.070083	0.001028
839	0.009911	-5.8e-05	0.069984	0.004943
840	0.003167	8e-06	0.067287	0.004548
841	0.000271	0.000107	0.068932	0.00014
842	0.000897	-0.000321	0.068307	0.000699
843	-0.00088	0.000107	0.064951	-0.000222
844	0.002969	0.000239	0.059325	0.002212
845	0.003627	0.000173	0.057055	0.00389
846	0.003726	7.4e-05	0.051429	0.004022
847	0.009187	-2.5e-05	0.056693	0.004548
848	0.002805	7.4e-05	0.062154	0.004548
849	0.008463	-9e-05	0.069261	0.007016
850	0.006917	8e-06	0.071037	0.004647
851	0.006489	-0.000123	0.073011	0.004186
852	0.004515	0.000436	0.079657	0.006095
853	0.008496	8e-06	0.082519	0.007378
854	0.009911	0.000173	0.089987	0.009023
855	0.013596	7.4e-05	0.086862	0.00241
856	0.012806	0.000304	0.093211	0.001028
857	0.012872	0.000107	0.094165	0.005535
858	0.018596	-2.5e-05	0.096106	0.00514
859	0.013332	-2.5e-05	0.091731	0.003759
860	0.002344	-0.000123	0.099297	0.002739
861	0.000897	8e-06	0.100383	0.005568
862	-0.000617	-9e-05	0.102324	0.000633
863	0.001127	0.000271	0.105417	0.000107
864	0.000798	8e-06	0.106371	0.000239
865	0.000535	0.000107	0.109562	0.001851
866	0.000107	7.4e-05	0.109266	0.006884
867	0.000403	0.000173	0.115846	0.003463
868	0.000535	0.000107	0.116142	0.005437
869	-0.002032	8e-06	0.117885	0.00491
870	0.002476	-2.5e-05	0.119135	0.006391
871	0.005568	7.4e-05	0.124794	0.00616
872	0.008068	-0.000123	0.124728	0.007378
873	0.00695	-9e-05	0.125847	0.006259
874	0.004285	4.1e-05	0.136572	0.009352
875	0.004285	4.1e-05	0.134993	0.007575
876	0.011786	-0.000189	0.134137	0.001851
877	0.008496	0.000173	0.146211	0.002903
878	0.006621	0.00014	0.141145	0.003035
879	0.006029	7.4e-05	0.145619	0.003627
880	0.003594	-2.5e-05	0.145191	0.00014
881	0.003232	-5.8e-05	0.146705	0.005239
882	0.00445	4.1e-05	0.149106	-0.000255
883	0.007608	-2.5e-05	0.150587	0.003561
884	0.009878	-0.000123	0.152298	0.003726
885	0.01376	-2.5e-05	0.15539	0.001193
886	0.008694	0.000271	0.157068	0.000239
887	0.009286	8e-06	0.155423	0.001061
888	0.004746	0.00014	0.159371	0.000206
889	0.009549	0.00014	0.154008	0.000929
890	0.010668	0.00014	0.160358	-2.5e-05
891	0.010602	-2.5e-05	0.16276	-5.8e-05
892	0.011951	-2.5e-05	0.165984	0.00037
893	0.009549	-0.000123	0.165062	-0.000321
894	0.011885	0.000107	0.160917	0.001818
895	0.015372	0.000535	0.164898	7.4e-05
896	0.015898	-0.000288	0.170129	0.00014
897	0.018366	0.000337	0.170293	0.000239
898	0.022511	0.00014	0.169635	0.000436
899	0.021294	0.000206	0.171807	-0.000123
900	0.024123	0.000337	0.172761	0.000337
901	0.022906	0.000107	0.173189	-0.000189
902	0.025011	0.000502	0.177038	-0.000617
903	0.025637	8e-06	0.177827	0.000239
904	0.026591	-0.000222	0.176051	0.000962
905	0.024156	0.000436	0.180032	-0.000716
906	0.023334	4.1e-05	0.172695	0.001094
907	0.025933	0.00116	0.179439	0.000765
908	0.026097	0.001094	0.180328	0.000831
909	0.023728	0.00014	0.178058	0.001291
910	0.02261	4.1e-05	0.180689	-0.000485
911	0.010042	0.000798	0.182894	0.001883
912	-0.001999	0.000568	0.180492	0.000699
913	0.001851	0.000469	0.182828	0.002245
914	4.1e-05	0.003923	0.184374	-0.000156
915	0.003528	0.003496	0.182071	-0.000123
916	0.001225	0.004614	0.18319	0.00014
917	0.005831	0.006029	0.182532	-0.000222
918	0.003561	0.000107	0.185098	-9e-05
919	0.000568	-0.000288	0.181249	0.000798
920	0.000995	-0.000485	0.184275	0.000239
921	0.000831	4.1e-05	0.1824	0.000765
922	0.001291	0.000962	0.186677	0.000271
923	0.003825	0.002509	0.186151	0.000436
924	0.006588	0.00264	0.188026	0.000831
925	0.012411	0.002476	0.187203	0.000436
926	0.009549	-0.000387	0.186776	0.000271
927	0.006358	0.002607	0.18977	7.4e-05
928	0.005239	0.006226	0.188914	0.000206
929	0.010108	0.006193	0.187796	0.000403
930	0.011918	0.001587	0.191776	-0.000321
931	0.0107	0.002673	0.190822	-0.000189
932	0.015142	0.000929	0.187697	0.000929
933	0.014221	0.003759	0.188487	-2.5e-05
934	0.007838	0.000929	0.191546	0.000436
935	0.013201	0.007213	0.188158	-0.000156
936	0.015306	0.004614	0.189112	0.000469
937	0.015504	0.002969	0.191382	-0.000387
938	0.01728	0.000337	0.189408	0.000337
939	0.018859	-0.005223	0.193619	-0.000419
940	0.019846	0.001357	0.191875	0.001357
941	0.021458	0.001291	0.193158	0.001785
942	0.019221	0.001324	0.188092	0.001851
943	0.029453	0.000535	0.188947	0.000765
944	0.021458	4.1e-05	0.190658	-0.000156
945	0.021754	0.000107	0.194211	0.000535
946	0.020373	0.000995	0.18819	0.000107
947	0.019254	-5.8e-05	0.192533	0.000107
948	0.012839	0.00014	0.194178	-2.5e-05
949	0.00945	-9e-05	0.191776	0.000929
950	0.012082	-0.000189	0.194112	-0.000485
951	0.01274	-0.000123	0.156575	0.000732
952	0.019945	4.1e-05	0.136177	0.00014
953	0.017313	4.1e-05	0.137164	0.000239
954	0.02182	0.00014	0.140882	0.000107
955	0.023531	8e-06	0.142033	-2.5e-05
956	0.020504	0.000239	0.146277	0.000107
957	0.023728	0.000107	0.146343	0.00014
958	0.027282	8e-06	0.1471	0.00014
959	0.024321	-5.8e-05	0.153285	0.000535
960	0.027347	-0.000222	0.150521	0.00014
961	0.023334	0.000107	0.155193	0.000271
962	0.005963	-0.000123	0.153844	0.000732
963	0.008726	7.4e-05	0.154041	0.000436
964	0.014977	4.1e-05	0.156344	0.000337
965	0.004285	0.00014	0.158647	4.1e-05
966	0.001061	4.1e-05	0.158943	0.000239
967	0.000798	0.00014	0.162398	-0.000584
968	-9e-05	-2.5e-05	0.161838	0.000699
969	-0.000387	-2.5e-05	0.161707	-0.000452
970	0.000732	-0.000123	0.161509	-0.000847
971	0.000403	4.1e-05	0.165391	-0.000189
972	0.000239	-0.000189	0.168122	0.000436
973	7.4e-05	4.1e-05	0.166148	0.000469
974	0.000239	4.1e-05	0.169866	0.000535
975	4.1e-05	0.000107	0.16855	0.000403
976	0.000239	0.00014	0.169504	0.000535
977	0.000502	0.000107	0.170359	0.000304
978	-2.5e-05	0.000107	0.172399	-5.8e-05
979	-0.000123	-5.8e-05	0.171971	0.00014
980	-2.5e-05	-9e-05	0.170918	0.000666
981	0.000107	-2.5e-05	0.172169	-0.000354
982	8e-06	-5.8e-05	0.174077	-0.000255
983	0.000271	-9e-05	0.168122	0.000206
984	0.000173	-2.5e-05	0.167793	-0.000156
985	0.000107	4.1e-05	0.16855	0.000337
986	0.00014	0.00014	0.166707	-5.8e-05
987	0.00014	0.00014	0.166971	0.000304
988	-9e-05	0.00014	0.160983	4.1e-05
989	8e-06	7.4e-05	0.152133	0.000107
990	-2.5e-05	7.4e-05	0.157298	8e-06
991	4.1e-05	-2.5e-05	0.152692	-0.000123
992	8e-06	-5.8e-05	0.146968	0.000568
993	0.00037	7.4e-05	0.11907	-0.000584
994	7.4e-05	0.00014	0.118445	0.00037
995	0.00014	7.4e-05	0.101633	-2.5e-05
996	0.000173	0.00343	0.093014	0.00037
997	8e-06	0.000732	0.095679	-0.000123
998	0.000206	0.000206	0.099528	0.000304
999	-0.000123	-0.000156	0.104528	8e-06
1000	-5.8e-05	0.002805	0.106897	7.4e-05
1001	4.1e-05	0.001225	0.110187	-0.000255
1002	-0.000189	-0.000156	0.112128	0.000173
1003	7.4e-05	0.000897	0.114398	-9e-05
1004	7.4e-05	0.005535	0.114924	-0.000156
1005	4.1e-05	0.000337	0.107687	-2.5e-05
1006	0.000239	0.004055	0.108246	0.00014
1007	7.4e-05	0.000436	0.100251	0.00014
1008	0.000239	0.000206	0.090678	0.000337
1009	0.000107	4.1e-05	0.062681	0.000107
1010	-5.8e-05	0.000173	0.033467	-9e-05
1011	-9e-05	0.000107	0.020241	0.000666
1012	-0.000123	7.4e-05	0.021722	7.4e-05
1013	-9e-05	-5.8e-05	0.028729	-5.8e-05
1014	-2.5e-05	-9e-05	0.034815	-2.5e-05
1015	0.000107	-9e-05	0.041033	0.000206
1016	8e-06	8e-06	0.048797	7.4e-05
1017	0.000173	-9e-05	0.051725	0.000107
1018	7.4e-05	7.4e-05	0.061003	0.000271
1019	0.00014	0.000107	0.061595	-5.8e-05
1020	0.000107	7.4e-05	0.068241	0.000239
1021	-2.5e-05	0.000107	0.073801	0.000271
1022	-9e-05	7.4e-05	0.080216	0.000206
1023	-5.8e-05	0.00014	0.079525	-0.000189
1024	-0.000156	-0.000123	0.085348	0.000699
1025	0.000107	7.4e-05	0.088243	7.4e-05
1026	-2.5e-05	-5.8e-05	0.088803	0.000502
1027	7.4e-05	8e-06	0.094494	0.000337
1028	0.000271	-5.8e-05	0.089263	0.000535
1029	7.4e-05	4.1e-05	0.088342	-0.000814
1030	0.000107	0.000107	0.087947	0.001094
1031	7.4e-05	0.00014	0.092948	0.000206
1032	8e-06	0.00014	0.096764	0.00116
1033	-2.5e-05	0.000173	0.102423	-0.000847
1034	-5.8e-05	8e-06	0.099429	0.000535
1035	0.000633	0.000271	0.104561	-0.000584
1036	4.1e-05	-0.001012	0.104627	7.4e-05
1037	7.4e-05	0.00037	0.108707	-5.8e-05
1038	7.4e-05	-9e-05	0.109036	-0.000222
1039	0.000107	-9e-05	0.108345	0.000206
1040	0.000271	0.000206	0.107226	0.000271
1041	0.000173	0.000239	0.110253	0.000173
1042	4.1e-05	0.000206	0.112424	0.00014
1043	8e-06	8e-06	0.113707	0.000798
1044	-0.000123	0.00014	0.116734	-5.8e-05
1045	-5.8e-05	-0.000222	0.112325	0.000206
1046	-0.000518	8e-06	0.118971	4.1e-05
1047	-0.000222	0.0006	0.115582	0.000206
1048	0.000304	0.000436	0.118478	0.000107
1049	0.00014	0.004713	0.117787	0.000469
1050	-2.5e-05	0.002344	0.113641	0.000271
1051	0.000206	0.000403	0.115056	0.000271
1052	4.1e-05	0.002311	0.11624	0.000206
1053	0.000107	0.000633	0.115681	0.000568
1054	-0.000123	-5.8e-05	0.118478	-0.000551
1055	8e-06	0.000239	0.112161	-2.5e-05
1056	-0.000123	0.000107	0.097685	4.1e-05
1057	0.00037	0.00014	0.088178	-0.000189
1058	0.000271	0.000568	0.081203	0.00014
1059	-0.000189	0.000929	0.078999	8e-06
1060	7.4e-05	-0.000354	0.083177	0.00037
1061	-2.5e-05	0.000502	0.084493	-2.5e-05
1062	0.000502	-2.5e-05	0.08548	0.000666
1063	0.00014	0.000271	0.089428	-0.000485
1064	-2.5e-05	0.000173	0.086829	0.0006
1065	-2.5e-05	0.001686	0.088375	-0.000288
1066	0.000107	0.001423	0.076301	0.000699
1067	-0.000189	0.001851	0.05393	0.000107
1068	8e-06	7.4e-05	0.029486	0.000107
1069	-0.000387	7.4e-05	0.037349	-0.000189
1070	0.000239	-0.000321	0.041987	0.000304
1071	7.4e-05	-0.000387	0.049883	-0.000156
1072	0.000173	-0.000222	0.019781	-0.000123
1073	0.000206	0.000206	0.003232	0.000699
1074	0.00014	0.000271	0.004614	-0.00213
1075	0.00014	-0.000189	0.002114	0.002311
1076	7.4e-05	0.000206	0.00672	0.000239
1077	0.000107	0.000633	0.014911	0.000107
1078	-0.000123	0.000732	0.022248	-0.000222
1079	0.000107	-0.000123	0.028663	4.1e-05
1080	-5.8e-05	0.003693	0.037316	-0.000123
1081	0.000107	-0.000156	0.044553	0.000403
1082	-9e-05	0.001489	0.043599	0.000304
1083	0.000271	-0.003315	0.036724	0.00037
1084	7.4e-05	0.000732	0.042316	0.000304
1085	0.00014	0.000864	0.041264	0.000436
1086	0.000107	0.0006	0.044685	8e-06
1087	8e-06	0.000107	0.045376	0.000633
1088	-9e-05	-5.8e-05	0.049488	0.00037
1089	-2.5e-05	0.000502	0.053041	-5.8e-05
1090	-0.000123	-2.5e-05	0.054588	0.000929
1091	0.00014	4.1e-05	0.058996	-5.8e-05
1092	7.4e-05	-9e-05	0.063405	0.000535
1093	0.000107	-5.8e-05	0.066201	8e-06
1094	0.000239	-2.5e-05	0.06301	0.00037
1095	0.000107	4.1e-05	0.070577	0.000239
1096	0.000173	-2.5e-05	0.068668	0.000732
1097	0.000107	0.000403	0.06903	0.002541
1098	-2.5e-05	8e-06	0.007871	0.001653
1099	8e-06	0.00014	0.015175	0.000304
1100	8e-06	0.002772	0.025768	0.002048
1101	-0.000156	0.000239	0.028005	0.000929
1102	-5.8e-05	0.00014	0.000107	-0.000222
1103	-2.5e-05	-2.5e-05	0.009352	0.000304
1104	0.00014	-0.000123	0.008233	0.002509
1105	0.000206	-2.5e-05	0.012444	0.003002
1106	0.000107	7.4e-05	0.016885	0.000239
1107	0.000206	4.1e-05	0.018991	0.00139
1108	4.1e-05	0.000107	0.003199	-0.001275
1109	4.1e-05	7.4e-05	0.000864	0.00116
1110	-2.5e-05	0.000107	0.012609	0.001061
1111	-2.5e-05	7.4e-05	0.016556	0.001423
1112	-0.000123	4.1e-05	0.021228	0.001357
1113	-2.5e-05	-2.5e-05	0.0259	0.00218
1114	8e-06	-2.5e-05	0.034092	0.003726
1115	0.000173	-2.5e-05	0.034421	0.00139
1116	7.4e-05	-0.000123	0.040474	0.003265
1117	0.00014	-9e-05	0.039586	0.002147
1118	4.1e-05	4.1e-05	0.004088	0.005239
1119	0.00014	0.00014	0.000633	0.001653
1120	-5.8e-05	7.4e-05	0.007509	0.003265
1121	8e-06	0.000239	0.006127	0.001127
1122	-2.5e-05	0.000107	0.000535	0.002377
1123	-9e-05	7.4e-05	-5.8e-05	0.000304
1124	-2.5e-05	-0.000189	-0.000387	0.001258
1125	-2.5e-05	0.000403	0.003627	0.003923
1126	4.1e-05	-0.000222	0.004384	0.002114
1127	0.000107	-0.000189	0.008266	0.001883
1128	0.000107	4.1e-05	0.009384	0.003857
1129	0.00014	0.000239	7.4e-05	0.000535
1130	8e-06	0.000107	0.000107	0.004318
1131	8e-06	0.000469	0.003561	-0.000354
1132	8e-06	8e-06	0.001193	0.001653
1133	-0.000123	0.000304	0.003134	0.002838
1134	-5.8e-05	7.4e-05	0.001225	0.000535
1135	-0.000123	-9e-05	0.006193	0.002048
1136	4.1e-05	8e-06	0.006917	-0.004861
1137	4.1e-05	-0.000189	0.007575	0.001094
1138	0.000107	-9e-05	0.009319	0.000666
1139	0.00014	-0.000189	0.007049	0.003825
1140	0.000107	7.4e-05	0.012214	0.000239
1141	0.00014	0.000107	0.010273	0.000929
1142	8e-06	7.4e-05	0.009121	0.001653
1143	8e-06	0.000107	0.005831	0.00366
1144	-2.5e-05	7.4e-05	0.012345	0.001916
1145	-5.8e-05	4.1e-05	0.013497	-0.000518
1146	4.1e-05	4.1e-05	0.006884	0.002509
1147	4.1e-05	-9e-05	-0.000189	0.002048
1148	4.1e-05	-5.8e-05	0.002541	0.000798
1149	0.000173	-5.8e-05	4.1e-05	0.001258
1150	0.000107	4.1e-05	0.00014	0.002147
1151	0.00014	0.000107	0.000107	0.001193
1152	8e-06	-2.5e-05	-0.000222	0.003068
1153	8e-06	0.000633	0.000304	0.00037
1154	-0.000123	-2.5e-05	-2.5e-05	8e-06
1155	-5.8e-05	0.00014	-9e-05	0.002739
1156	-9e-05	0.000403	0.000107	0.002673
1157	-0.000123	0.00037	4.1e-05	0.001489
1158	4.1e-05	-0.000222	0.000107	0.000666
1159	0.000107	0.00014	0.000107	-0.001604
1160	0.000239	4.1e-05	8e-06	0.001522
1161	0.000107	0.000206	-2.5e-05	0.001456
1162	0.000107	-2.5e-05	-5.8e-05	0.00037
1163	4.1e-05	0.000271	4.1e-05	0.000633
1164	0.000107	0.000304	-0.000156	-0.001966
1165	-9e-05	0.000699	-0.000123	0.003397
1166	-2.5e-05	0.000666	-2.5e-05	0.002344
1167	-9e-05	0.000765	4.1e-05	0.003759
1168	-2.5e-05	0.001028	8e-06	0.002739
1169	4.1e-05	0.000239	0.00014	0.004713
1170	7.4e-05	0.001916	7.4e-05	0.002739
1171	0.000107	-9e-05	0.00014	0.005667
1172	0.000173	0.001752	4.1e-05	0.003759
1173	4.1e-05	0.000337	-5.8e-05	0.006358
1174	0.00014	0.000107	-2.5e-05	0.003232
1175	4.1e-05	0.000173	-5.8e-05	0.002509
1176	-5.8e-05	0.000666	-0.000156	0.003463
1177	-2.5e-05	0.000535	-9e-05	0.005305
1178	-9e-05	0.000469	-0.000189	0.003002
1179	4.1e-05	0.001916	-0.00065	0.000666
1180	-2.5e-05	0.000304	0.0006	0.001258
1181	0.000107	0.002015	-0.000189	0.000765
1182	0.000107	7.4e-05	0.00218	0.003265
1183	0.00014	0.004088	0.000502	0.000436
1184	0.000206	0.006259	0.003759	0.002541
1185	0.000107	0.001291	0.003561	0.001127
1186	4.1e-05	0.003528	0.003594	0.003857
1187	-9e-05	0.007772	0.006095	0.003759
1188	-0.000123	0.010174	0.006358	0.005831
1189	-9e-05	0.005963	0.003167	0.0006
1190	-0.000156	-0.000419	0.009154	0.004318
1191	7.4e-05	0.005173	0.012839	0.005272
1192	0.000107	0.003167	0.011293	0.00445
1193	8e-06	0.005042	0.01955	0.003265
1194	0.000173	0.008332	0.025538	0.008397
1195	0.000173	0.009681	0.029946	-0.002295
1196	7.4e-05	0.009352	0.033697	0.001423
1197	4.1e-05	0.00162	0.040704	0.007246
1198	4.1e-05	0.005239	0.040178	0.005437
1199	-9e-05	0.008792	0.042711	0.006391
1200	-9e-05	0.006456	0.040244	0.006753
1201	0.000271	0.00162	0.043073	0.006259
1202	-2.5e-05	0.009187	0.042053	0.005502
1203	7.4e-05	0.004186	0.044948	0.007772
1204	0.00014	0.003496	0.048008	0.001818
1205	7.4e-05	0.000798	0.046067	0.003989
1206	4.1e-05	0.000337	0.0486	0.004614
1207	0.00014	0.003496	-0.000189	0.00445
1208	4.1e-05	0.001061	0.012411	0.006456
1209	4.1e-05	0.00366	0.012839	0.004713
1210	-0.000123	0.001225	0.023498	0.004581
1211	-5.8e-05	0.002344	0.01932	0.004154
1212	-0.000419	0.000206	0.018333	0.004318
1213	-2.5e-05	0.001193	0.012378	0.003232
1214	0.000107	0.001324	0.010207	0.002772
1215	0.000173	0.002344	0.00014	0.002245
1216	0.000206	0.000469	0.003989	0.004186
1217	0.00014	0.003364	0.010141	0.001193
1218	-2.5e-05	0.001686	0.012707	4.1e-05
1219	0.000107	0.003989	0.021557	0.001225
1220	8e-06	0.001225	0.025275	0.003035
1221	-0.000123	0.00139	0.025801	-0.000847
1222	-5.8e-05	0.001982	0.030703	0.003825
1223	-5.8e-05	0.001851	0.024715	0.001489
1224	-2.5e-05	0.001752	0.019254	0.002936
1225	8e-06	0.001554	0.022544	0.00218
1226	0.000206	0.001554	0.018629	-0.000551
1227	0.000107	0.001554	0.013069	0.003167
1228	4.1e-05	0.002278	0.007147	0.001094
1229	0.000206	0.003397	0.003232	0.002278
1230	7.4e-05	0.004581	0.004976	0.002147
1231	-9e-05	-0.000222	0.00616	0.000732
1232	8e-06	0.004055	0.001028	0.000962
1233	-5.8e-05	0.002574	0.006095	0.000864
1234	-5.8e-05	0.005173	0.005469	0.001719
1235	-9e-05	0.000304	0.005272	0.002443
1236	0.000107	0.003923	0.004515	7.4e-05
1237	7.4e-05	0.005733	0.004548	0.003101
1238	7.4e-05	-0.002689	-0.000123	0.000436
1239	0.000107	0.00014	0.003528	0.000239
1240	8e-06	0.004055	0.006489	0.000436
1241	4.1e-05	0.010931	0.0057	0.001258
1242	-2.5e-05	0.008101	0.005305	0.001127
1243	8e-06	0.011457	0.009911	0.000304
1244	-9e-05	0.011622	0.015306	-0.000222
1245	-0.000123	0.015471	0.021195	0.000502
1246	-0.000123	0.013036	0.023399	-0.001637
1247	7.4e-05	0.017543	0.027347	0.000107
1248	8e-06	0.01932	0.035506	0.000666
1249	0.000107	0.019452	0.03544	8e-06
1250	0.00014	0.016293	0.042382	0.003561
1251	0.000173	0.019123	0.044159	-0.001604
1252	7.4e-05	0.021162	0.03646	0.001258
1253	8e-06	0.000633	0.041099	0.001028
1254	-5.8e-05	0.001489	0.040573	-0.000156
1255	-5.8e-05	0.003857	0.040211	0.002015
1256	-9e-05	0.000173	0.029486	0.001489
1257	-9e-05	0.005601	0.032282	0.000633
1258	8e-06	0.010503	0.038697	0.003463
1259	0.000107	0.010075	0.041823	0.000897
1260	0.000107	0.021031	0.04735	0.002311
1261	0.000107	0.00695	0.056298	0.002311
1262	0.000107	0.013793	0.054653	0.003594
1263	0.000107	0.001094	0.057878	0.000107
1264	7.4e-05	0.004022	0.055114	0.001094
1265	-5.8e-05	0.00264	0.062122	0.00264
1266	-2.5e-05	0.004877	0.056496	-9e-05
1267	-9e-05	0.009055	0.058207	0.001883
1268	-2.5e-05	0.006917	0.060213	-0.002558
1269	0.000107	0.009352	0.060411	8e-06
1270	8e-06	0.012312	0.064227	0.000206
1271	0.000107	0.007904	0.061003	0.000666
1272	0.000173	0.015569	0.066398	0.000633
1273	0.00014	0.019846	0.064589	0.000502
1274	7.4e-05	0.022741	0.071827	0.000206
1275	-2.5e-05	0.014319	0.073373	-9e-05
1276	-9e-05	0.01603	0.075347	0.0006
1277	-0.000123	0.021886	0.079426	0.000502
1278	-0.000189	0.023202	0.081795	-0.000913
1279	8e-06	0.027051	0.080545	0.001028
1280	8e-06	0.028696	0.082486	0.000732
1281	0.00014	0.007378	0.07969	-0.000255
1282	0.000107	0.007509	0.082552	0.000962
1283	0.000107	0.015504	0.082354	-0.000255
1284	0.00014	0.019715	0.08038	0.000436
1285	0.00014	0.018958	0.083901	-0.000748
1286	-2.5e-05	0.022182	0.080315	0.001719
1287	8e-06	0.025406	0.082091	-0.001077
1288	-9e-05	0.026031	0.084361	0.000271
1289	-5.8e-05	0.025933	0.081598	-5.8e-05
1290	-5.8e-05	0.025011	0.063997	8e-06
1291	4.1e-05	0.026689	0.069458	-0.000452
1292	0.000107	0.017083	0.072353	0.000173
1293	0.000107	0.013892	0.07413	0.000107
1294	0.00014	0.020307	0.069294	0.000304
1295	0.000107	0.022248	0.074031	0.00014
1296	0.000107	0.025933	0.073768	0.000206
1297	-2.5e-05	0.028795	0.07413	0.000864
1298	-2.5e-05	0.023367	0.072485	0.000239
1299	-9e-05	0.021261	0.068866	0.000337
1300	-9e-05	0.0259	0.067254	-5.8e-05
1301	-5.8e-05	0.029354	0.061398	0.002541
1302	4.1e-05	0.031295	0.059128	-0.001308
1303	4.1e-05	0.033894	0.063438	0.000995
1304	0.00014	0.037184	0.057713	0.000436
1305	7.4e-05	0.03544	0.051725	0.000436
1306	0.000107	0.038533	0.053469	0.000239
1307	4.1e-05	0.03702	0.047712	0.000173
1308	-2.5e-05	0.035671	0.045902	0.00014
1309	-2.5e-05	0.038039	0.047679	0.000502
1310	-9e-05	0.031098	0.002936	-2.5e-05
1311	-2.5e-05	0.016951	0.002476	-9e-05
1312	-5.8e-05	0.011391	0.014451	-0.000288
1313	-2.5e-05	0.011293	0.020044	-0.000452
1314	0.000107	-0.000354	0.024288	-0.000123
1315	7.4e-05	-0.000156	0.032907	0.000107
1316	7.4e-05	0.001851	0.034421	0.000107
1317	0.000107	0.000173	0.042678	0.000173
1318	4.1e-05	-0.000321	0.043402	-2.5e-05
1319	-2.5e-05	0.000173	0.047679	0.000271
1320	-2.5e-05	0.000107	0.053995	0.00014
1321	-9e-05	0.001324	0.050903	-9e-05
1322	-9e-05	-9e-05	0.051429	4.1e-05
1323	-0.000123	0.000173	0.051495	-5.8e-05
1324	4.1e-05	0.000304	0.039323	-9e-05
1325	4.1e-05	0.00014	0.038434	4.1e-05
1326	0.00014	0.001916	0.035342	7.4e-05
1327	0.000173	0.004943	0.037579	7.4e-05
1328	4.1e-05	0.003923	0.04077	7.4e-05
1329	7.4e-05	0.003528	0.044981	0.000173
1330	-2.5e-05	0.007082	0.042678	0.000107
1331	-5.8e-05	0.003989	0.038434	8e-06
1332	-5.8e-05	-0.000288	0.043599	-5.8e-05
1333	-0.000123	0.000173	0.045771	-2.5e-05
1334	8e-06	-5.8e-05	0.051725	-0.000123
1335	4.1e-05	-2.5e-05	0.054555	-0.000123
1336	4.1e-05	-5.8e-05	0.05791	-2.5e-05
1337	0.000107	-0.000123	0.066826	7.4e-05
1338	7.4e-05	8e-06	0.063405	0.00014
1339	0.00014	7.4e-05	0.062319	0.000206
1340	0.000107	0.000962	0.058634	0.00014
1341	8e-06	0.000107	0.055377	7.4e-05
1342	8e-06	0.00014	0.060312	0.000107
1343	-5.8e-05	0.002706	0.065543	-2.5e-05
1344	-9e-05	0.000765	0.06755	-5.8e-05
1345	-0.000123	7.4e-05	0.065444	-5.8e-05
1346	-2.5e-05	-2.5e-05	0.068076	-0.000123
1347	0.000107	-9e-05	0.070774	-5.8e-05
1348	7.4e-05	-9e-05	0.058766	7.4e-05
1349	0.000107	-0.000123	0.059424	0.00014
1350	0.00014	-0.000123	0.064753	0.00014
1351	4.1e-05	0.0006	0.068241	0.00014
1352	8e-06	-0.001012	0.066267	0.000107
1353	-9e-05	0.000469	0.069721	8e-06
1354	-2.5e-05	4.1e-05	0.065872	-2.5e-05
1355	-5.8e-05	0.000403	0.069162	-2.5e-05
1356	-5.8e-05	0.000502	0.06574	-2.5e-05
1357	8e-06	7.4e-05	0.073176	-0.000123
1358	7.4e-05	-5.8e-05	0.072715	8e-06
1359	0.000107	-2.5e-05	0.07413	4.1e-05
1360	0.000107	8e-06	0.029881	0.000107
1361	0.000107	4.1e-05	0.00162	0.00014
1362	0.000107	0.00014	0.008101	0.00014
1363	8e-06	0.000107	0.018201	0.000107
1364	-5.8e-05	8e-06	0.025867	0.00014
1365	-5.8e-05	0.000337	0.033532	-2.5e-05
1366	-9e-05	0.00014	0.010042	-2.5e-05
1367	-9e-05	-5.8e-05	0.011194	-9e-05
1368	-2.5e-05	0.000107	0.019287	-0.000123
1369	0.000107	-0.000222	0.021623	0.000107
1370	4.1e-05	-0.000156	0.025669	-2.5e-05
1371	0.000107	-0.000485	0.026591	7.4e-05
1372	0.00014	0.00116	0.031525	0.00014
1373	0.00014	4.1e-05	0.031065	0.000173
1374	7.4e-05	0.000206	0.030275	0.000173
1375	-5.8e-05	0.000239	0.028038	8e-06
1376	-2.5e-05	0.000304	0.029058	8e-06
1377	-9e-05	7.4e-05	0.000271	-5.8e-05
1378	-0.000123	8e-06	0.002805	-9e-05
1379	8e-06	-9e-05	0.011161	-5.8e-05
1380	7.4e-05	0.000173	0.009121	-2.5e-05
1381	4.1e-05	8e-06	0.010437	8e-06
1382	0.000107	-2.5e-05	0.015833	4.1e-05
1383	7.4e-05	4.1e-05	0.022676	0.000107
1384	0.000107	4.1e-05	0.023959	0.000173
1385	-2.5e-05	7.4e-05	0.0284	-2.5e-05
1386	-2.5e-05	0.00014	0.036724	0.000173
1387	-9e-05	0.00014	0.016129	-2.5e-05
1388	-0.000123	0.000107	0.000173	-2.5e-05
1389	-2.5e-05	-5.8e-05	0.007049	-9e-05
1390	-2.5e-05	-9e-05	0.011523	-2.5e-05
1391	8e-06	-9e-05	0.00241	-5.8e-05
1392	7.4e-05	-2.5e-05	0.005009	0.000107
1393	7.4e-05	-2.5e-05	0.011786	0.000107
1394	0.00014	8e-06	0.017149	0.000107
1395	0.00014	7.4e-05	0.026229	0.000173
1396	7.4e-05	0.000107	0.033368	8e-06
1397	-5.8e-05	0.000107	0.038533	0.000107
1398	-2.5e-05	0.000173	0.041593	-5.8e-05
1399	-5.8e-05	8e-06	0.028104	-5.8e-05
1400	-2.5e-05	-5.8e-05	0.034059	-0.000123
1401	-2.5e-05	-2.5e-05	0.037743	-2.5e-05
1402	4.1e-05	-2.5e-05	0.045014	-0.000156
1403	8e-06	-0.000156	0.047251	4.1e-05
1404	0.000107	-0.000321	0.019057	4.1e-05
1405	0.00014	0.000107	0.023202	0.000107
1406	0.000107	0.000107	0.004285	7.4e-05
1407	8e-06	7.4e-05	0.006193	0.000206
1408	-2.5e-05	0.000173	0.01603	7.4e-05
1409	-2.5e-05	-2.5e-05	0.021425	8e-06
1410	-9e-05	0.000206	0.026821	-5.8e-05
1411	-5.8e-05	4.1e-05	0.036427	-5.8e-05
1412	-9e-05	-5.8e-05	0.038138	-9e-05
1413	8e-06	7.4e-05	0.040606	-2.5e-05
1414	0.00014	-0.000387	0.046396	0.000107
1415	4.1e-05	0.000403	0.049126	8e-06
1416	0.000107	-0.000156	0.058404	0.000337
1417	0.00014	7.4e-05	0.064095	-0.000189
1418	4.1e-05	0.00014	0.064852	0.000173
1419	8e-06	0.000206	0.064688	-2.5e-05
1420	-5.8e-05	0.000107	0.052614	0.000304
1421	-9e-05	0.00014	0.0587	-2.5e-05
1422	-2.5e-05	8e-06	0.06176	-0.000123
1423	-9e-05	4.1e-05	0.066826	8e-06
1424	7.4e-05	-5.8e-05	0.066398	-2.5e-05
1425	7.4e-05	-2.5e-05	0.069294	7.4e-05
1426	0.000107	-0.000123	0.068833	0.00014
1427	0.000107	8e-06	0.076235	8e-06
1428	0.000107	4.1e-05	0.078703	0.000271
1429	7.4e-05	0.000206	0.076564	0.000239
1430	-5.8e-05	0.000173	0.081269	-2.5e-05
1431	-5.8e-05	0.000206	0.081565	0.001061
1432	-9e-05	0.000304	0.083276	7.4e-05
1433	-0.000123	-9e-05	0.078571	0.000271
1434	-2.5e-05	-9e-05	0.078472	-0.000156
1435	4.1e-05	-0.000255	0.080841	-0.002097
1436	4.1e-05	4.1e-05	0.049126	0.000173
1437	0.00014	0.000436	0.020406	-0.000485
1438	0.000107	-0.000321	0.027939	-0.000156
1439	0.000173	0.000962	0.01955	0.00014
1440	7.4e-05	0.000173	0.005733	0.000271
1441	8e-06	0.00014	0.007345	0.000271
1442	-2.5e-05	0.000206	0.005173	0.000239
1443	-5.8e-05	0.000206	0.010635	0.000271
1444	-5.8e-05	0.000436	0.009319	0.000107
1445	-5.8e-05	-0.000255	0.000897	0.000271
1446	4.1e-05	-0.000551	0.002147	0.000732
1447	7.4e-05	0.003002	0.000206	-0.000584
1448	7.4e-05	-0.00236	0.007345	0.000403
1449	0.00014	8e-06	0.008463	-5.8e-05
1450	7.4e-05	0.002607	0.011062	0.000304
1451	0.000107	0.001686	0.011819	0.000107
1452	8e-06	0.00514	0.012707	0.000206
1453	-9e-05	0.00616	0.025176	-0.000189
1454	-5.8e-05	0.003331	0.023169	4.1e-05
1455	-9e-05	8e-06	0.014714	-9e-05
1456	-5.8e-05	-0.001176	0.018826	-9e-05
1457	8e-06	0.000798	0.016787	-0.000156
1458	4.1e-05	0.001028	0.020537	4.1e-05
1459	7.4e-05	0.000271	0.028795	7.4e-05
1460	7.4e-05	-0.000946	0.032085	0.000107
1461	0.00014	0.002048	0.038763	0.000107
1462	0.000107	0.007476	0.046856	0.000107
1463	-2.5e-05	0.005733	0.049423	7.4e-05
1464	-2.5e-05	0.006555	0.056858	-5.8e-05
1465	-2.5e-05	0.00468	0.061233	-2.5e-05
1466	-5.8e-05	0.014089	0.06222	-5.8e-05
1467	4.1e-05	0.011885	0.061858	-0.000156
1468	8e-06	0.010799	0.072419	0.001357
1469	0.000107	0.012773	0.074031	4.1e-05
1470	0.000107	0.005996	0.079558	8e-06
1471	4.1e-05	0.005568	0.080479	0.000173
1472	0.000107	0.006818	0.076235	4.1e-05
1473	4.1e-05	0.009878	0.079788	0.000337
1474	-2.5e-05	0.01274	0.078275	0.000502
1475	-2.5e-05	0.003627	0.078242	8e-06
1476	-0.000123	0.005897	0.06653	0.001258
1477	-5.8e-05	0.010503	0.053403	-0.000354
1478	-0.000123	0.013168	0.022774	-0.000847
1479	4.1e-05	0.003331	0.025143	-0.000683
1480	4.1e-05	0.005568	0.015504	0.000107
1481	7.4e-05	0.009779	0.010371	-0.000387
1482	0.000107	0.0006	0.004351	0.000633
1483	7.4e-05	0.004186	0.000699	-0.000123
1484	7.4e-05	0.006753	0.002278	0.000403
1485	-2.5e-05	0.007838	-0.000748	0.000173
1486	-2.5e-05	0.01149	0.00139	0.000107
1487	-9e-05	0.014352	0.004647	-5.8e-05
1488	-9e-05	0.004515	0.000337	-5.8e-05
1489	8e-06	0.003594	0.001094	-0.000123
1490	4.1e-05	0.002936	-0.001012	-0.000123
1491	4.1e-05	-0.000387	0.00514	8e-06
1492	0.00014	0.002772	0.005108	8e-06
1493	0.000107	0.006687	0.000798	0.000436
1494	0.000107	0.006522	0.000173	0.00014
1495	0.00014	0.00616	-0.000156	8e-06
1496	8e-06	0.000568	0.001554	0.000337
1497	-2.5e-05	0.009253	0.000535	0.000337
1498	-9e-05	0.007707	0.002212	0.00014
1499	-9e-05	0.01149	0.000304	0.000403
1500	-9e-05	0.009582	0.004186	-0.000551
1501	4.1e-05	0.015306	0.000206	0.000304
1502	7.4e-05	0.015833	0.003792	8e-06
1503	0.000107	0.015142	0.000864	-0.000189
1504	0.000107	0.011918	0.002377	4.1e-05
1505	0.000107	0.004581	0.00139	0.000107
1506	8e-06	0.000535	0.001489	0.000271
1507	8e-06	0.0006	0.002607	-0.000123
1508	-0.000123	0.001061	0.005996	0.000271
1509	8e-06	0.005206	0.001851	-0.000189
1510	-0.000123	0.000337	0.003134	-9e-05
1511	-0.000123	0.00672	0.002805	7.4e-05
1512	8e-06	0.001324	0.003002	-5.8e-05
1513	0.000107	0.005042	0.01047	-0.000156
1514	0.000107	0.004186	0.011589	0.000502
1515	7.4e-05	-0.000255	0.013003	8e-06
1516	0.000173	0.001456	0.0006	0.000535
1517	7.4e-05	-0.000748	0.000765	0.000206
1518	8e-06	0.003463	0.00014	0.00014
1519	-9e-05	0.002311	0.008924	0.000107
1520	-2.5e-05	0.000962	0.011687	0.000173
1521	-5.8e-05	-0.000518	0.019254	4.1e-05
1522	-2.5e-05	0.007542	0.020833	-2.5e-05
1523	-9e-05	0.000535	0.000929	7.4e-05
1524	7.4e-05	0.000173	0.004811	0.000239
1525	7.4e-05	-0.000255	0.007575	0.000337
1526	0.000107	0.000206	0.009154	7.4e-05
1527	0.000173	4.1e-05	0.016063	0.000469
1528	0.000107	0.000173	0.021228	0.0006
1529	8e-06	0.001456	0.026953	0.000271
1530	-5.8e-05	0.00037	0.031756	0.001193
1531	-2.5e-05	0.000173	0.034684	0.001489
1532	-5.8e-05	4.1e-05	0.039257	0.000864
1533	-0.000222	0.00139	0.041922	0.000897
1534	8e-06	0.004515	0.048468	7.4e-05
1535	7.4e-05	0.003134	0.052614	0.000337
1536	7.4e-05	0.006193	0.056693	-0.000189
1537	0.000107	0.003528	0.06199	4.1e-05
1538	0.000107	0.000666	0.064984	0.000239
1539	7.4e-05	0.000304	0.065971	0.000436
1540	8e-06	0.001357	0.068471	0.000798
1541	-2.5e-05	-0.000123	0.065411	0.000436
1542	-9e-05	0.002607	0.007608	0.000107
1543	-0.000123	0.000633	0.00945	-0.000288
1544	0.000173	-2.5e-05	0.011325	0.000568
1545	8e-06	-0.000189	0.016293	-0.000419
1546	4.1e-05	0.000864	0.017741	0.000337
1547	7.4e-05	0.001719	0.030111	-5.8e-05
1548	0.000107	0.002311	0.032282	0.00037
1549	0.000173	0.000239	0.031854	0.000107
1550	0.000107	0.00014	0.033269	0.001489
1551	-9e-05	0.000239	0.032809	0.000271
1552	0.00014	0.000107	0.033532	0.00037
1553	-0.000288	0.000107	0.04156	0.000107
1554	8e-06	0.000337	0.040507	-5.8e-05
1555	-0.000321	8e-06	0.046955	0.00014
1556	-0.000387	8e-06	0.035671	-0.000387
1557	0.000173	-9e-05	0.02238	0.000107
1558	0.000173	-2.5e-05	0.027216	0.000107
1559	0.000239	-0.000321	0.032841	-5.8e-05
1560	0.00014	0.001127	0.039915	0.000173
1561	0.00014	-0.000551	0.043599	4.1e-05
1562	4.1e-05	0.000436	0.029387	0.000107
1563	8e-06	-0.000288	0.029584	-2.5e-05
1564	-2.5e-05	0.003496	0.020899	-9e-05
1565	-0.000123	0.003331	0.017576	-2.5e-05
1566	-9e-05	-0.000123	0.026558	-5.8e-05
1567	-5.8e-05	0.003167	0.004121	-5.8e-05
1568	0.000107	0.001752	0.012609	-2.5e-05
1569	0.00014	0.000403	0.014023	4.1e-05
1570	7.4e-05	7.4e-05	0.009713	0.000107
1571	0.000107	0.000239	0.014319	4.1e-05
1572	-2.5e-05	0.000173	0.016721	0.000239
1573	8e-06	-0.00088	0.024025	0.000173
1574	4.1e-05	0.008529	0.018662	-2.5e-05
1575	-5.8e-05	0.006193	0.028071	-2.5e-05
1576	-9e-05	-0.002064	0.025669	-2.5e-05
1577	-9e-05	0.00241	0.009977	-0.000189
1578	-9e-05	0.002081	0.01603	-5.8e-05
1579	7.4e-05	0.005305	0.016885	-5.8e-05
1580	0.000107	0.008726	0.003199	7.4e-05
1581	7.4e-05	0.001291	0.003792	4.1e-05
1582	0.00014	0.004351	0.003364	0.00014
1583	0.000107	0.006489	0.005864	0.000107
1584	0.000107	0.007082	0.000864	0.00014
1585	-2.5e-05	0.00287	0.003594	0.000107
1586	-5.8e-05	0.000436	0.002476	-2.5e-05
1587	-9e-05	0.000995	0.002509	-9e-05
1588	-0.000123	0.00162	0.003199	-9e-05
1589	-9e-05	0.001851	0.006062	-9e-05
1590	8e-06	0.009088	0.007805	-9e-05
1591	0.000107	0.002147	0.002739	4.1e-05
1592	7.4e-05	0.006785	0.000239	7.4e-05
1593	7.4e-05	4.1e-05	0.008891	7.4e-05
1594	0.000107	0.000995	0.006456	0.000173
1595	0.00014	-0.00065	0.005864	0.00014
1596	-5.8e-05	8e-06	0.000403	0.000107
1597	-2.5e-05	0.000568	8e-06	-2.5e-05
1598	-0.000123	0.00014	-0.000156	-9e-05
1599	-2.5e-05	0.00287	4.1e-05	-9e-05
1600	-5.8e-05	0.000929	0.000962	-0.000123
1601	4.1e-05	0.005075	0.000173	8e-06
1602	7.4e-05	0.009911	-0.000452	-2.5e-05
1603	7.4e-05	0.001719	0.000732	4.1e-05
1604	0.00014	0.002903	0.002476	0.000107
1605	0.000173	0.006193	0.001094	0.000107
1606	4.1e-05	0.006851	0.001883	0.00014
1607	-2.5e-05	0.00922	0.000831	0.000107
1608	-5.8e-05	0.007509	0.001818	-5.8e-05
1609	-9e-05	0.003528	0.00014	-2.5e-05
1610	-9e-05	0.008167	8e-06	-0.000123
1611	-5.8e-05	0.005897	0.00037	-0.000123
1612	7.4e-05	-0.000518	0.00514	-5.8e-05
1613	0.000107	-0.000847	0.006029	-2.5e-05
1614	0.000107	-0.000946	0.00899	7.4e-05
1615	0.00014	8e-06	0.013661	7.4e-05
1616	0.000304	7.4e-05	0.013859	0.00014
1617	0.00014	0.000107	0.002739	0.00014
1618	4.1e-05	0.000304	0.002311	7.4e-05
1619	4.1e-05	-0.000255	0.009154	-2.5e-05
1620	-0.000123	0.000864	0.000173	-9e-05
1621	-0.000288	0.000271	0.004154	-2.5e-05
1622	-0.00088	4.1e-05	0.011194	-9e-05
1623	0.000962	0.000337	0.013628	-0.000123
1624	-0.000222	0.004219	0.016787	8e-06
1625	4.1e-05	0.002015	0.008957	7.4e-05
1626	-2.5e-05	0.000535	0.007213	0.000107
1627	-0.000156	0.003134	0.0057	0.000107
1628	-0.000189	-0.000255	0.012345	7.4e-05
1629	4.1e-05	0.002969	0.010174	0.000107
1630	7.4e-05	0.002245	0.013168	8e-06
1631	8e-06	0.000568	0.003232	-5.8e-05
1632	4.1e-05	0.002969	0.004055	-0.000123
1633	0.000271	0.001982	0.006029	-9e-05
1634	0.00014	0.000699	0.010931	8e-06
1635	0.000239	0.001489	0.005996	-5.8e-05
1636	0.000206	0.000304	0.00218	0.000107
1637	0.000271	0.000765	0.006259	0.000107
1638	0.00037	0.001851	0.012707	4.1e-05
1639	8e-06	0.004351	0.010569	0.00014
1640	-0.000387	0.00139	0.005897	0.000107
1641	0.000107	0.001752	0.001423	8e-06
1642	4.1e-05	7.4e-05	0.00241	-2.5e-05
1643	-0.000156	0.001554	0.004746	-9e-05
1644	-9e-05	0.000535	0.002278	-2.5e-05
1645	4.1e-05	0.002081	0.005075	-0.000255
1646	0.00014	-0.001143	0.002607	8e-06
1647	0.000173	-0.001406	0.004515	4.1e-05
1648	0.000173	-0.000321	0.000337	7.4e-05
1649	0.000107	0.000304	0.000633	0.000107
1650	0.00014	0.000304	0.002212	7.4e-05
1651	-2.5e-05	0.000765	0.001061	0.000107
1652	-9e-05	0.00162	0.003002	4.1e-05
1653	-9e-05	0.002278	0.004976	-9e-05
1654	-9e-05	0.003298	0.005042	-2.5e-05
1655	-5.8e-05	-0.000321	0.006292	-0.000156
1656	8e-06	0.000962	0.008003	-5.8e-05
1657	4.1e-05	0.00116	0.010404	-2.5e-05
1658	0.000107	0.000535	0.009549	4.1e-05
1659	0.000107	0.00162	0.002245	7.4e-05
1660	0.000107	0.000897	0.003035	7.4e-05
1661	0.000107	0.000239	-0.001176	0.00014
1662	4.1e-05	-0.000123	0.003199	0.000107
1663	-2.5e-05	0.000337	-0.000518	-2.5e-05
1664	-9e-05	8e-06	0.004844	8e-06
1665	-9e-05	0.000502	0.008397	-5.8e-05
1666	-9e-05	7.4e-05	0.00139	-9e-05
1667	8e-06	0.0006	-5.8e-05	-9e-05
1668	8e-06	-2.5e-05	0.00445	-9e-05
1669	0.000107	0.000173	0.005996	4.1e-05
1670	0.000107	8e-06	0.007509	4.1e-05
1671	7.4e-05	0.001028	0.000403	0.00014
1672	0.000107	-0.000452	0.001719	0.000107
1673	-2.5e-05	0.002114	0.007904	7.4e-05
1674	-5.8e-05	0.000304	0.007345	8e-06
1675	-9e-05	0.001851	0.004121	-9e-05
1676	-5.8e-05	0.001324	0.004877	-9e-05
1677	-5.8e-05	0.000107	0.004186	-9e-05
1678	8e-06	-0.000354	0.001916	-0.000123
1679	4.1e-05	0.000502	0.011062	-2.5e-05
1680	7.4e-05	-2.5e-05	0.01047	8e-06
1681	0.00014	0.00014	0.012148	4.1e-05
1682	0.000107	-0.000551	0.01455	0.000107
1683	4.1e-05	0.000831	0.018267	7.4e-05
1684	4.1e-05	0.0006	0.0158	0.00014
1685	-2.5e-05	0.000107	0.014254	-2.5e-05
1686	-9e-05	0.000568	0.016589	8e-06
1687	-5.8e-05	0.000337	0.015767	-9e-05
1688	-9e-05	0.000304	0.020011	-0.000123
1689	4.1e-05	7.4e-05	0.019452	-5.8e-05
1690	0.000107	-0.000189	0.02363	-9e-05
1691	7.4e-05	-9e-05	0.024584	8e-06
1692	0.000107	0.001324	0.02363	4.1e-05
1693	0.00014	0.001752	0.023531	0.000107
1694	0.00014	0.000173	0.024156	0.000107
1695	7.4e-05	0.002212	0.019353	7.4e-05
1696	8e-06	0.00162	0.017675	7.4e-05
1697	-2.5e-05	-0.00088	0.015635	-2.5e-05
1698	-9e-05	-0.000979	0.014155	-0.000123
1699	-0.000156	0.000732	0.012839	-2.5e-05
1700	8e-06	-0.001077	0.011095	-0.000123
1701	4.1e-05	-2.5e-05	0.009615	-2.5e-05
1702	4.1e-05	0.00116	0.009023	8e-06
1703	0.000107	-0.002328	0.008266	7.4e-05
1704	0.00014	0.00014	0.008562	0.000107
1705	4.1e-05	0.000403	0.00514	7.4e-05
1706	-2.5e-05	-0.000255	0.006029	0.000107
1707	-2.5e-05	0.001423	0.003035	8e-06
1708	-9e-05	0.000962	0.002673	8e-06
1709	-5.8e-05	8e-06	0.001028	-5.8e-05
1710	0.000107	-5.8e-05	0.000864	-0.000123
1711	8e-06	-0.000123	0.002311	-9e-05
1712	7.4e-05	-2.5e-05	0.001851	-2.5e-05
1713	7.4e-05	-9e-05	0.001785	8e-06
1714	0.000107	-5.8e-05	0.000304	7.4e-05
1715	0.000107	-2.5e-05	0.000831	0.000107
1716	0.000107	0.000107	-0.000748	0.00014
1717	4.1e-05	0.000107	-0.000354	0.000107
1718	-5.8e-05	7.4e-05	-0.000288	7.4e-05
1719	8e-06	0.000469	0.000864	8e-06
1720	-9e-05	0.000403	-2.5e-05	-9e-05
1721	-0.000189	0.000633	0.000173	-9e-05
1722	4.1e-05	0.000107	4.1e-05	-9e-05
1723	8e-06	0.000568	0.000173	-5.8e-05
1724	7.4e-05	0.000337	0.000173	4.1e-05
1725	4.1e-05	0.000304	0.000107	4.1e-05
1726	0.000107	0.000304	4.1e-05	0.000107
1727	0.000107	7.4e-05	7.4e-05	0.000206
1728	8e-06	-2.5e-05	-5.8e-05	0.000107
1729	8e-06	0.000337	-5.8e-05	7.4e-05
1730	-9e-05	-2.5e-05	-0.000781	-2.5e-05
1731	-0.000123	4.1e-05	7.4e-05	-9e-05
1732	-5.8e-05	0.000173	0.000502	-9e-05
1733	-2.5e-05	8e-06	0.000304	-0.000123
1734	4.1e-05	7.4e-05	0.000929	-2.5e-05
1735	7.4e-05	0.00014	0.000271	8e-06
1736	4.1e-05	0.000107	0.000864	0.000107
1737	0.000173	0.000107	0.000239	4.1e-05
1738	7.4e-05	0.000173	7.4e-05	0.000107
1739	8e-06	0.00014	0.000732	0.00014
1740	-5.8e-05	0.000107	0.001489	4.1e-05
1741	-5.8e-05	0.00014	0.000633	-2.5e-05
1742	-2.5e-05	8e-06	-0.000387	-2.5e-05
1743	-0.000123	7.4e-05	0.000699	-9e-05
1744	-5.8e-05	-9e-05	0.000633	-5.8e-05
1745	8e-06	-2.5e-05	0.000568	-9e-05
1746	0.000107	-5.8e-05	0.000206	4.1e-05
1747	0.00014	-5.8e-05	0.000337	4.1e-05
1748	0.00014	-2.5e-05	4.1e-05	0.000107
1749	7.4e-05	-0.000123	0.000173	0.00014
1750	7.4e-05	0.000239	-5.8e-05	0.000107
1751	-5.8e-05	-5.8e-05	0.000206	7.4e-05
1752	-2.5e-05	0.000173	-0.000156	-2.5e-05
1753	8e-06	0.000107	-0.000288	-5.8e-05
1754	4.1e-05	8e-06	-0.000419	-5.8e-05
1755	0.001489	-5.8e-05	4.1e-05	-9e-05
1756	0.00037	4.1e-05	0.000469	-0.000123
1757	0.000502	-2.5e-05	0.00037	8e-06
1758	-9e-05	-0.000189	-0.000189	4.1e-05
1759	0.000239	7.4e-05	4.1e-05	0.000107
1760	0.000633	0.000173	0.000239	0.000107
1761	0.001028	4.1e-05	8e-06	0.00014
1762	-5.8e-05	0.000173	-2.5e-05	0.000107
1763	4.1e-05	7.4e-05	-9e-05	-5.8e-05
1764	-9e-05	7.4e-05	-5.8e-05	-2.5e-05
1765	8e-06	8e-06	0.002739	-0.000123
1766	0.000502	-9e-05	0.000666	-0.000123
1767	0.000666	-2.5e-05	0.001587	-5.8e-05
1768	0.000206	-5.8e-05	0.002476	-5.8e-05
1769	0.000271	0.000173	-0.002064	0.000107
1770	0.000337	-5.8e-05	0.003594	4.1e-05
1771	0.000239	7.4e-05	0.000568	0.00014
1772	0.001982	7.4e-05	0.00014	0.00014
1773	4.1e-05	0.000107	0.000666	4.1e-05
1774	0.000962	0.00014	-0.00088	8e-06
1775	0.000107	0.00014	0.002443	-0.000123
1776	0.000864	8e-06	0.000403	-5.8e-05
1777	0.00037	8e-06	-0.000321	-0.000123
1778	0.000271	-2.5e-05	0.001653	-9e-05
1779	0.000107	-2.5e-05	0.000831	8e-06
1780	-0.000288	-0.000222	0.000469	8e-06
1781	0.000206	4.1e-05	0.004384	0.000107
1782	-0.000288	0.000107	0.001653	0.000107
1783	-2.5e-05	0.000107	0.001883	0.000107
1784	-0.000913	0.000107	0.003167	0.000107
1785	0.000633	4.1e-05	0.003199	-2.5e-05
1786	8e-06	0.000173	0.002344	8e-06
1787	0.000633	-2.5e-05	0.001061	-2.5e-05
1788	-0.000551	-2.5e-05	0.002377	-9e-05
1789	0.000864	-5.8e-05	-0.001045	-9e-05
1790	-0.000222	-9e-05	0.005075	-2.5e-05
1791	0.000568	-9e-05	7.4e-05	0.00014
1792	-0.000354	-5.8e-05	0.002607	7.4e-05
1793	0.002245	0.000107	-0.000716	0.000107
1794	-0.002393	0.00014	0.000107	0.00014
1795	0.000239	0.00014	0.002245	7.4e-05
1796	0.00037	7.4e-05	0.00445	4.1e-05
1797	-0.000321	0.000107	0.003035	-5.8e-05
1798	4.1e-05	8e-06	0.000995	-5.8e-05
1799	0.000535	-5.8e-05	0.002147	-9e-05
1800	0.000173	-9e-05	0.003627	0.000469
1801	-2.5e-05	-5.8e-05	0.004483	-5.8e-05
1802	0.000337	-0.000123	0.003265	0.00014
1803	0.000206	-2.5e-05	0.00491	4.1e-05
1804	0.000864	7.4e-05	0.002903	0.000239
1805	0.000469	0.000107	0.004318	8e-06
1806	0.000568	0.000107	0.005042	0.000239
1807	0.000897	0.00014	0.006193	0.00014
1808	0.000633	0.000107	0.005766	-2.5e-05
1809	4.1e-05	4.1e-05	0.006588	-2.5e-05
1810	8e-06	-2.5e-05	0.003496	-0.000123
1811	7.4e-05	-2.5e-05	0.003035	-0.000781
1812	0.000206	-2.5e-05	0.00514	0.000107
1813	8e-06	-9e-05	0.00616	4.1e-05
1814	0.000107	-2.5e-05	0.006489	7.4e-05
1815	0.00014	8e-06	0.00899	0.000271
1816	4.1e-05	0.000107	0.009417	0.000107
1817	8e-06	0.000107	0.008726	0.00014
1818	8e-06	0.000107	0.00264	-2.5e-05
1819	-5.8e-05	0.000107	-0.000387	-2.5e-05
1820	-5.8e-05	8e-06	0.005634	-0.000123
1821	8e-06	-5.8e-05	0.004746	0.00014
1822	4.1e-05	-5.8e-05	0.008003	-0.000156
1823	7.4e-05	-5.8e-05	0.006588	0.000239
1824	7.4e-05	-9e-05	0.011358	-0.000123
1825	0.000173	-5.8e-05	0.009944	0.000271
1826	0.000107	7.4e-05	0.013497	0.000436
1827	4.1e-05	7.4e-05	0.011424	0.000239
1828	-5.8e-05	0.00014	0.011128	0.000304
1829	-5.8e-05	0.00014	0.013957	-5.8e-05
1830	-0.000123	0.000107	0.017445	8e-06
1831	-2.5e-05	4.1e-05	0.02057	-5.8e-05
1832	-0.000156	8e-06	0.0183	-2.5e-05
1833	4.1e-05	-2.5e-05	0.023202	-0.000222
1834	7.4e-05	-5.8e-05	0.024617	7.4e-05
1835	0.000107	-9e-05	0.027775	-2.5e-05
1836	0.00014	-9e-05	0.027282	0.000271
1837	7.4e-05	8e-06	0.035111	-5.8e-05
1838	7.4e-05	7.4e-05	0.038599	0.00014
1839	4.1e-05	0.00014	0.043468	0.000107
1840	-5.8e-05	0.000107	0.043994	-5.8e-05
1841	-9e-05	0.00014	0.045771	-2.5e-05
1842	8e-06	8e-06	0.044455	-5.8e-05
1843	-0.000123	-2.5e-05	0.05212	-9e-05
1844	7.4e-05	-2.5e-05	0.054028	-5.8e-05
1845	7.4e-05	-5.8e-05	0.058733	-9e-05
1846	7.4e-05	8e-06	0.061332	0.000107
1847	0.00014	8e-06	0.066563	0.000107
1848	0.000107	4.1e-05	0.068603	7.4e-05
1849	7.4e-05	7.4e-05	0.072254	0.00014
1850	8e-06	0.00014	0.075248	7.4e-05
1851	8e-06	7.4e-05	0.074689	4.1e-05
1852	-9e-05	0.000206	0.077058	-5.8e-05
1853	-0.000123	0.000107	0.075084	-9e-05
1854	-9e-05	-2.5e-05	0.078933	-9e-05
1855	4.1e-05	-9e-05	0.07459	-9e-05
1856	0.000107	-0.000123	0.077814	-5.8e-05
1857	0.00014	-2.5e-05	0.075413	0.000107
1858	0.000107	-0.000123	0.061398	0.000107
1859	0.00014	0.000206	0.062187	0.00014
1860	0.000107	0.000206	0.065938	0.000107
1861	8e-06	0.000239	0.062451	7.4e-05
1862	-2.5e-05	0.000206	0.064457	7.4e-05
1863	-9e-05	0.000206	0.063569	-5.8e-05
1864	-5.8e-05	4.1e-05	0.055805	-2.5e-05
1865	-0.000123	0.000271	0.058207	-0.000123
1866	-2.5e-05	7.4e-05	0.05722	-9e-05
1867	7.4e-05	0.000765	0.059753	-5.8e-05
1868	0.000107	0.000239	0.060444	7.4e-05
1869	7.4e-05	-2.5e-05	0.05564	4.1e-05
1870	0.000206	0.000107	0.056298	7.4e-05
1871	0.00014	0.000633	0.054884	0.000107
1872	4.1e-05	0.002541	0.042941	0.00014
1873	-5.8e-05	0.000568	0.044619	8e-06
1874	-5.8e-05	0.000798	0.045211	-2.5e-05
1875	-9e-05	0.000666	0.04735	-9e-05
1876	4.1e-05	0.000173	0.046988	-5.8e-05
1877	-2.5e-05	-0.000255	0.050015	-0.000123
1878	4.1e-05	-0.000123	0.049521	-2.5e-05
1879	0.000107	0.000337	0.04883	4.1e-05
1880	0.000107	0.0006	0.048666	0.000107
1881	7.4e-05	-5.8e-05	0.050081	0.00014
1882	0.000107	0.000897	0.046626	0.000107
1883	-2.5e-05	4.1e-05	0.048139	0.00014
1884	8e-06	0.001127	0.050673	7.4e-05
1885	-2.5e-05	0.000304	0.048863	-2.5e-05
1886	-9e-05	0.000206	0.041198	-5.8e-05
1887	-0.000156	0.00014	0.031196	-5.8e-05
1888	-5.8e-05	-9e-05	0.030012	-0.000123
1889	7.4e-05	-0.000222	0.033203	-9e-05
1890	4.1e-05	0.000107	0.029321	8e-06
1891	7.4e-05	-0.000485	0.030506	0.000107
1892	0.000107	4.1e-05	0.026295	7.4e-05
1893	0.000107	0.000107	0.021623	0.000107
1894	4.1e-05	0.000107	0.019221	0.00014
1895	-2.5e-05	0.000831	0.003068	0.000107
1896	-5.8e-05	0.00037	-0.002887	-2.5e-05
1897	-9e-05	0.000304	-9e-05	-0.000123
1898	-9e-05	-0.000189	0.001028	-0.000156
1899	8e-06	0.000502	0.001818	-9e-05
1900	7.4e-05	-5.8e-05	0.000535	-5.8e-05
1901	0.000107	-2.5e-05	0.000765	4.1e-05
1902	0.000107	0.000271	0.004219	7.4e-05
1903	0.000107	0.000107	0.001357	0.000107
1904	0.00014	8e-06	0.000502	0.00014
1905	4.1e-05	0.00014	0.001225	7.4e-05
1906	-5.8e-05	-0.000123	0.0006	7.4e-05
1907	-5.8e-05	0.000173	0.000206	-2.5e-05
1908	-0.000123	4.1e-05	0.001127	-0.000123
1909	-2.5e-05	4.1e-05	0.000831	-5.8e-05
1910	-5.8e-05	-5.8e-05	-0.000485	-0.000123
1911	8e-06	-2.5e-05	0.002739	-2.5e-05
1912	0.000107	-9e-05	0.0006	-2.5e-05
1913	7.4e-05	-9e-05	-0.000255	7.4e-05
1914	0.000206	8e-06	0.005996	7.4e-05
1915	4.1e-05	4.1e-05	0.000206	0.000173
1916	8e-06	0.000107	0.000699	0.00014
1917	8e-06	0.000107	0.001489	0.000107
1918	-9e-05	0.00014	0.004844	-2.5e-05
1919	-5.8e-05	-2.5e-05	0.002278	-5.8e-05
1920	-9e-05	8e-06	0.001851	-5.8e-05
1921	-5.8e-05	8e-06	0.002147	-9e-05
1922	7.4e-05	-5.8e-05	0.000897	-0.000123
1923	4.1e-05	-5.8e-05	0.001094	8e-06
1924	0.00014	-0.000354	0.000666	8e-06
1925	0.000107	4.1e-05	0.003463	0.00014
1926	4.1e-05	7.4e-05	0.002509	0.000107
1927	0.000107	0.000239	0.00014	8e-06
1928	-2.5e-05	7.4e-05	0.004877	0.000469
1929	8e-06	0.00014	0.007937	-0.000123
1930	-2.5e-05	0.000107	0.009319	0.000107
1931	-5.8e-05	0.00014	0.009319	-2.5e-05
1932	4.1e-05	8e-06	0.00616	-5.8e-05
1933	0.00014	8e-06	0.01001	-0.004269
1934	0.000239	0.000107	0.016063	0.001258
1935	0.000107	0.0006	0.017839	0.000436
1936	0.000271	-5.8e-05	0.00445	0.000107
1937	0.00014	0.000502	0.005009	0.000173
1938	0.00014	-2.5e-05	0.003002	0.000107
1939	-9e-05	0.000436	0.004022	8e-06
1940	0.000107	4.1e-05	0.004811	8e-06
1941	-9e-05	0.000107	0.010042	-5.8e-05
1942	-2.5e-05	0.00014	0.008266	-9e-05
1943	-9e-05	-0.000156	0.007246	-2.5e-05
1944	0.000239	7.4e-05	0.001653	-0.000156
1945	0.000633	-5.8e-05	0.006062	8e-06
1946	0.000206	8e-06	0.008003	0.000107
1947	0.000239	-5.8e-05	0.009977	0.000107
1948	4.1e-05	7.4e-05	0.011885	0.000107
1949	0.00014	0.000107	0.007871	0.00014
1950	-5.8e-05	0.000304	0.008332	8e-06
1951	-9e-05	0.000173	0.00139	0.000206
1952	-5.8e-05	0.000107	0.002081	-2.5e-05
1953	-5.8e-05	-2.5e-05	0.004943	-2.5e-05
1954	-5.8e-05	-2.5e-05	0.00774	-9e-05
1955	7.4e-05	-2.5e-05	0.009187	-0.000189
1956	7.4e-05	-2.5e-05	0.012543	-5.8e-05
1957	0.00014	-9e-05	0.011885	4.1e-05
1958	0.000107	-0.000123	0.011556	8e-06
1959	0.000107	7.4e-05	0.009713	0.000173
1960	8e-06	7.4e-05	0.00139	0.000107
1961	-5.8e-05	0.00014	-0.000156	0.000107
1962	-2.5e-05	0.00014	-2.5e-05	4.1e-05
1963	-9e-05	0.000173	8e-06	-0.000123
1964	-2.5e-05	-2.5e-05	4.1e-05	-9e-05
1965	-9e-05	-2.5e-05	7.4e-05	-9e-05
1966	8e-06	-5.8e-05	0.000173	7.4e-05
1967	7.4e-05	-9e-05	0.000206	-5.8e-05
1968	0.000107	-5.8e-05	7.4e-05	0.000107
1969	0.00014	-2.5e-05	0.000107	0.000107
1970	0.000206	0.000107	-2.5e-05	0.00014
1971	4.1e-05	0.000107	4.1e-05	0.00014
1972	-2.5e-05	0.000107	-0.000189	7.4e-05
1973	-9e-05	0.000173	0.000699	-5.8e-05
1974	-0.000123	0.000107	-0.000354	-2.5e-05
1975	-9e-05	4.1e-05	0.00014	-9e-05
1976	0.000206	-2.5e-05	0.000107	-0.000123
1977	-0.000222	-2.5e-05	0.001193	-0.001308
1978	0.000304	-2.5e-05	0.002739	-0.000222
1979	0.00037	-9e-05	7.4e-05	0.000337
1980	4.1e-05	-9e-05	0.000929	7.4e-05
1981	0.000271	7.4e-05	-0.000419	0.000173
1982	7.4e-05	7.4e-05	0.001028	0.00014
1983	0.000107	0.000107	0.000304	0.000337
1984	-0.000189	0.000107	0.002739	-2.5e-05
1985	0.00037	0.00014	0.002278	4.1e-05
1986	8e-06	7.4e-05	0.000337	4.1e-05
1987	0.001028	8e-06	0.000239	-2.5e-05
1988	0.000699	-9e-05	0.001127	0.000831
1989	0.00037	-5.8e-05	-2.5e-05	0.000239
1990	-0.000189	-0.000123	0.000666	0.00014
1991	0.001357	-5.8e-05	-0.000156	8e-06
1992	0.001489	7.4e-05	0.000469	0.000699
1993	0.0006	7.4e-05	-0.000156	-0.000452
1994	0.000535	7.4e-05	-9e-05	7.4e-05
1995	0.002772	0.000206	-0.000354	0.000337
1996	0.001785	4.1e-05	7.4e-05	8e-06
1997	-0.000156	8e-06	-2.5e-05	-9e-05
1998	0.000765	-5.8e-05	7.4e-05	-9e-05
1999	-0.000189	8e-06	0.00014	-0.000123
2000	0.000864	8e-06	4.1e-05	-9e-05
2001	0.00037	0.000206	0.000173	4.1e-05
2002	0.000304	8e-06	0.00014	0.000107
2003	0.000271	0.00014	0.000304	7.4e-05
2004	0.000929	7.4e-05	-0.000222	0.000107
2005	0.008233	0.000107	0.000535	0.000107
2006	0.012806	0.000107	0.000436	8e-06
2007	0.014451	0.00014	0.000798	-5.8e-05
2008	0.002377	4.1e-05	-0.000156	-9e-05
2009	0.000239	-2.5e-05	0.000732	-9e-05
2010	0.000107	-5.8e-05	0.000699	-9e-05
2011	0.00014	-9e-05	0.000699	-5.8e-05
2012	0.000173	-0.000123	0.001258	4.1e-05
2013	0.000271	8e-06	0.002015	7.4e-05
2014	0.000239	7.4e-05	-0.000419	7.4e-05
2015	0.000535	8e-06	-9e-05	0.000107
2016	0.004154	0.00014	0.001291	0.000107
2017	0.005437	4.1e-05	-0.000321	4.1e-05
2018	0.000535	0.000107	4.1e-05	-5.8e-05
2019	-0.00213	7.4e-05	4.1e-05	-5.8e-05
2020	0.008924	8e-06	0.000173	-5.8e-05
2021	0.000897	-2.5e-05	4.1e-05	-0.000123
2022	0.001851	-5.8e-05	0.000304	-5.8e-05
2023	-0.000748	-9e-05	0.00014	4.1e-05
2024	-9e-05	-2.5e-05	0.000206	0.000107
2025	0.001587	0.00014	0.000173	4.1e-05
2026	0.00037	4.1e-05	8e-06	0.000107
2027	-0.000387	0.000107	7.4e-05	7.4e-05
2028	-2.5e-05	0.000107	-9e-05	7.4e-05
2029	-5.8e-05	0.000107	-0.000123	-2.5e-05
2030	0.000995	4.1e-05	0.00037	-9e-05
2031	-0.000748	4.1e-05	0.00014	-9e-05
2032	0.000403	0.000173	0.000535	-9e-05
2033	8e-06	-2.5e-05	0.002081	-9e-05
2034	0.000304	-5.8e-05	-0.000222	7.4e-05
2035	0.000732	-2.5e-05	0.002805	7.4e-05
2036	0.000568	0.000206	0.00037	0.00014
2037	-0.000979	7.4e-05	0.000962	0.000107
2038	0.007049	0.0006	0.000206	0.000107
2039	0.009516	7.4e-05	0.000732	0.000107
2040	0.011029	0.000206	0.000271	-2.5e-05
2041	0.016359	4.1e-05	0.000469	-9e-05
2042	0.017478	0.000173	0.000173	-5.8e-05
2043	0.019781	-0.000156	0.000304	-9e-05
2044	0.017807	8e-06	0.000173	-2.5e-05
2045	0.012674	-0.000123	0.000403	4.1e-05
2046	0.000765	0.001094	0.00014	7.4e-05
2047	0.001061	-9e-05	7.4e-05	0.000107
2048	0.002476	7.4e-05	0.00014	0.000107
2049	0.008101	0.000107	-0.000189	0.000173
2050	0.003627	-2.5e-05	-0.000716	4.1e-05
2051	-0.000189	0.002344	0.0057	-2.5e-05
2052	0.00037	8e-06	-0.001045	-0.000123
2053	-0.001768	0.000929	0.001818	-5.8e-05
2054	-9e-05	-0.000156	0.000633	-5.8e-05
2055	0.000239	8e-06	0.000864	-9e-05
2056	0.000864	0.000732	0.002805	4.1e-05
2057	0.00116	0.003726	0.001818	0.00014
2058	0.000765	0.000107	0.000765	7.4e-05
2059	-0.000452	0.00264	0.0006	0.00014
2060	0.005239	0.000568	0.000107	0.00014
2061	0.003594	0.001324	0.001423	0.000107
2062	0.003627	0.000798	-0.006506	-2.5e-05
2063	0.00037	0.000469	0.001489	-5.8e-05
2064	-0.000288	-0.000419	0.002114	-9e-05
2065	0.004252	-0.001406	0.002311	-0.000156
2066	0.004186	0.001061	0.001785	-2.5e-05
2067	0.004943	-0.000979	0.001061	4.1e-05
2068	0.00718	0.004811	-0.001242	4.1e-05
2069	0.0082	0.001193	0.00264	7.4e-05
2070	0.000962	0.005338	0.003956	7.4e-05
2071	0.002541	-2.5e-05	0.001851	7.4e-05
2072	-0.000288	0.005864	0.000337	8e-06
2073	0.000897	-0.000123	0.001686	-2.5e-05
2074	0.002344	0.000271	0.000798	-2.5e-05
2075	0.007443	0.000897	0.002212	-2.5e-05
2076	0.004548	0.001522	0.00343	-9e-05
2077	0.006489	0.000502	0.000897	0.000239
2078	0.004121	0.001883	0.003561	8e-06
2079	0.000239	-0.000222	-0.000617	0.000206
2080	0.000107	0.000798	0.004713	0.00014
2081	0.002805	-0.000485	0.000239	8e-06
2082	0.005009	0.000304	0.001752	0.000107
2083	0.00162	0.000502	0.001061	-5.8e-05
2084	0.000995	0.000107	-0.000485	8e-06
2085	0.003265	0.000502	-0.000387	-5.8e-05
2086	-0.00088	-0.000387	0.002015	-0.000123
2087	0.002805	0.000206	-0.000321	-5.8e-05
2088	4.1e-05	8e-06	0.00116	-0.000156
2089	0.00014	0.000568	0.000864	4.1e-05
2090	-0.000518	-0.004696	0.00014	7.4e-05
2091	0.003101	0.000403	0.00037	7.4e-05
2092	0.004713	0.000271	0.001785	0.000107
2093	0.006818	0.000502	0.00468	0.000107
2094	0.005601	0.003528	0.004252	0.00014
2095	0.002838	0.000699	0.008661	-2.5e-05
2096	0.001851	0.000337	-0.000387	-5.8e-05
2097	-0.000156	0.001456	0.003035	-5.8e-05
2098	0.003101	0.001127	0.004844	-9e-05
2099	0.004088	0.002311	0.004285	-5.8e-05
2100	0.002212	0.001324	0.003956	8e-06
2101	0.002278	0.000502	0.004384	0.000107
2102	0.002772	0.006325	0.005075	0.000107
2103	0.003594	0.007838	0.004154	0.000107
2104	0.003002	0.001061	0.00139	0.000107
2105	0.003232	0.001061	0.001686	4.1e-05
2106	0.001094	0.000271	0.006193	8e-06
2107	0.003331	-0.000222	0.005897	-2.5e-05
2108	-0.000584	0.00241	0.005338	-9e-05
2109	0.003956	0.001357	0.002838	-5.8e-05
2110	0.003068	0.002673	0.002969	-0.000123
2111	0.003496	0.001949	0.001785	-2.5e-05
2112	0.00343	-0.00292	0.002509	0.000107
2113	0.004877	0.000798	0.003496	0.000107
2114	0.002344	0.00037	0.003364	0.00014
2115	0.000666	0.000206	0.000337	0.000107
2116	0.001028	0.000403	0.003068	4.1e-05
2117	0.000732	0.003232	0.00264	-2.5e-05
2118	0.000897	0.000271	0.003496	-5.8e-05
2119	0.0006	0.001357	0.004121	-9e-05
2120	0.002969	-0.000683	0.006917	8e-06
2121	0.000831	0.001028	0.004055	0.000107
2122	0.004186	0.000436	0.002541	4.1e-05
2123	0.000798	-0.000387	0.005634	7.4e-05
2124	0.003265	0.000502	0.001324	4.1e-05
2125	0.002673	0.003298	0.003068	0.00014
2126	0.000831	0.00037	-0.001308	0.00014
2127	0.004088	0.00389	0.000568	7.4e-05
2128	0.004417	0.006095	0.003528	8e-06
2129	0.003463	0.001028	0.003068	-0.000123
2130	0.005338	0.00945	0.002739	4.1e-05
2131	0.003594	0.010832	0.004252	-9e-05
2132	0.004384	0.014089	0.001587	8e-06
2133	0.00593	0.007016	0.002311	-2.5e-05
2134	0.004614	0.00843	0.002541	8e-06
2135	0.005667	0.005798	0.001522	0.000107
2136	0.001324	0.010766	0.001785	0.00014
2137	0.004877	0.008726	0.001785	0.000107
2138	0.000337	0.000732	0.002805	7.4e-05
2139	0.00287	0.004088	0.000271	4.1e-05
2140	0.004647	0.002114	0.00162	-2.5e-05
2141	0.006588	0.00445	-0.000847	-2.5e-05
2142	0.003726	0.001883	0.002673	-9e-05
2143	0.006687	0.003923	0.001686	-0.000518
2144	0.00218	0.00468	0.002476	8e-06
2145	0.005733	-2.5e-05	0.002377	0.00014
2146	0.001193	0.000798	0.000403	0.00014
2147	0.004548	0.007871	0.001456	0.000107
2148	0.002739	0.007312	0.005272	4.1e-05
2149	0.00343	0.006062	0.001949	0.000107
2150	0.005437	0.006654	0.00218	-2.5e-05
2151	-0.000551	0.008463	0.004548	8e-06
2152	0.003397	0.000699	0.00014	-5.8e-05
2153	0.00445	0.00366	0.001916	-0.000156
2154	0.002015	-0.000288	0.00287	-2.5e-05
2155	0.003857	0.000831	-0.000288	-9e-05
2156	0.003923	0.004647	0.001653	0.000107
2157	0.002443	0.010602	0.001324	7.4e-05
2158	0.002278	0.007378	0.001686	4.1e-05
2159	0.004318	0.008759	0.004351	0.00014
2160	0.005601	0.00922	0.000699	0.000107
2161	0.004351	0.011062	0.002015	8e-06
2162	0.001423	0.014056	0.002541	-5.8e-05
2163	0.004844	0.008562	0.003298	-0.000123
2164	0.002114	0.012609	0.002805	-5.8e-05
2165	0.001752	0.008233	0.00287	-0.000123
2166	0.001686	0.003199	0.002673	-5.8e-05
2167	0.002936	0.003331	0.000765	0.000107
2168	0.002147	0.000403	0.000337	0.000107
2169	0.003627	0.003792	0.000897	0.00014
2170	0.002607	0.00162	-0.000156	0.000107
2171	0.002114	-0.000781	-9e-05	0.000107
2172	0.000962	0.004548	-0.000123	8e-06
2173	0.007937	0.002509	-9e-05	-5.8e-05
2174	0.006522	0.001554	0.000107	-5.8e-05
2175	0.005766	0.007575	0.000107	-0.000123
2176	0.001883	0.004285	0.00014	-9e-05
2177	0.003561	0.005338	0.000173	-5.8e-05
2178	0.002114	0.002048	0.000107	8e-06
2179	0.002772	0.010997	0.000107	0.000173
2180	0.003627	0.009648	4.1e-05	0.00014
2181	0.003726	0.01297	-5.8e-05	0.00014
2182	0.001949	0.001752	0.00014	7.4e-05
2183	0.002081	0.000535	-0.000123	-2.5e-05
2184	0.00287	0.003331	0.00014	0.000173
2185	0.000962	0.006522	-9e-05	-0.000189
2186	0.004022	0.008792	0.000206	-5.8e-05
2187	0.001719	0.012707	-5.8e-05	-0.000189
2188	0.002476	0.009615	0.000436	0.001028
2189	0.00241	0.010832	7.4e-05	0.00014
2190	0.001851	0.008332	7.4e-05	0.000173
2191	0.001324	0.006226	0.000271	0.001193
2192	0.004811	0.007805	-5.8e-05	7.4e-05
2193	0.000535	0.007114	0.001949	7.4e-05
2194	0.00343	0.010108	0.00014	0.001357
2195	-0.00167	0.013069	0.001456	-5.8e-05
2196	4.1e-05	0.010733	-0.001374	-5.8e-05
2197	0.000304	0.002903	0.001357	-9e-05
2198	0.000436	0.006687	-0.000452	8e-06
2199	0.004844	0.001982	0.002772	0.000732
2200	0.001094	0.004088	0.003068	7.4e-05
2201	0.003035	0.004811	0.003364	0.000239
2202	-0.003051	0.001324	0.003463	0.00014
2203	0.003956	-0.000419	0.00162	0.000107
2204	0.001324	0.001719	-0.000123	0.000732
2205	0.002706	0.007016	-0.000946	0.000502
2206	0.00139	0.000831	0.00162	-9e-05
2207	0.003134	-2.5e-05	-0.000847	-2.5e-05
2208	0.005206	0.000206	0.002114	-9e-05
2209	0.003463	-5.8e-05	0.000469	-2.5e-05
2210	0.000666	4.1e-05	0.000239	8e-06
2211	0.003364	8e-06	-0.000321	0.00014
2212	0.003825	-9e-05	4.1e-05	7.4e-05
2213	0.001752	0.000732	0.001127	0.00037
2214	0.001357	0.002015	0.001225	7.4e-05
2215	0.004022	0.004746	-0.000255	0.00014
2216	0.003726	0.001949	0.000995	0.000239
2217	0.003726	0.006588	0.005042	-0.000354
2218	0.004186	0.005897	0.000732	8e-06
2219	-0.002953	0.006555	0.001094	-0.000156
2220	0.001357	0.000535	-0.000551	0.000239
2221	0.002147	-2.5e-05	-0.000255	-0.000123
2222	0.004844	-9e-05	0.000666	0.00014
2223	0.003265	0.00287	8e-06	0.0006
2224	0.003759	0.003199	-5.8e-05	-0.001077
2225	0.004943	0.00389	-5.8e-05	-0.00065
2226	0.005831	0.006062	-9e-05	0.003134
2227	0.004614	0.005798	-5.8e-05	7.4e-05
2228	0.005568	0.008759	0.000173	0.000107
2229	0.002114	0.008924	0.000107	4.1e-05
2230	0.002607	0.011391	0.000173	-5.8e-05
2231	0.000765	0.007509	0.000666	-5.8e-05
2232	0.001456	0.003693	0.000633	8e-06
2233	8e-06	0.005173	0.001587	8e-06
2234	0.000173	0.008759	0.000897	0.000337
2235	0.002377	0.001258	-0.001077	0.000239
2236	-5.8e-05	0.000337	0.000403	0.000107
2237	0.00616	0.005568	0.000271	0.000304
2238	0.002377	0.001291	0.002574	-5.8e-05
2239	0.002706	4.1e-05	-0.000518	8e-06
2240	0.002969	-0.000485	-5.8e-05	-0.000814
2241	0.004219	0.00037	4.1e-05	0.002114
2242	0.002936	-0.000321	0.00014	-0.000123
2243	0.004022	4.1e-05	0.000107	0.000239
2244	0.00162	-2.5e-05	0.00014	0.00139
2245	0.003956	0.005733	0.00014	0.000304
2246	0.004351	-0.000288	4.1e-05	0.000337
2247	0.004384	0.001193	0.000206	0.002903
2248	0.00616	0.000897	0.002015	0.000732
2249	0.007213	0.003298	0.000337	0.000633
2250	0.00468	0.003561	0.000271	4.1e-05
2251	0.002936	0.000206	0.000535	-9e-05
2252	0.003792	-0.000189	0.000699	4.1e-05
2253	0.005272	0.000107	0.000206	-0.000419
2254	0.003134	-0.000387	8e-06	-0.000156
2255	-2.5e-05	0.000239	0.000469	4.1e-05
2256	0.001324	-0.002229	-9e-05	0.000107
2257	0.004351	0.002377	-5.8e-05	0.000107
2258	0.00343	0.004384	-2.5e-05	0.000107
2259	0.004713	0.001686	-2.5e-05	7.4e-05
2260	0.004055	0.001851	-9e-05	0.00014
2261	0.004384	0.000107	8e-06	0.00037
2262	0.00139	0.001489	-9e-05	-0.001604
2263	0.002344	0.00218	0.000666	-0.001077
2264	0.00241	-0.001637	-9e-05	0.000304
2265	0.003068	0.004088	0.001061	0.006588
2266	0.001818	0.008792	0.000436	0.00014
2267	0.001554	0.007246	4.1e-05	0.000535
2268	0.00287	0.003199	8e-06	0.000107
2269	0.003857	0.007049	7.4e-05	0.000206
2270	0.000765	0.008529	8e-06	0.00014
2271	0.002673	0.011424	-0.000485	0.000239
2272	-0.000485	0.010832	-0.000781	-0.000123
2273	0.003134	0.010141	4.1e-05	0.000239
2274	-0.001538	0.008496	0.000107	-0.000485
2275	-2.5e-05	0.008167	-2.5e-05	-0.000419
2276	-0.00111	0.00843	0.000107	-0.000518
2277	0.001291	0.009779	0.000239	0.000206
2278	0.002903	-0.000123	0.000173	0.00014
2279	0.002278	0.007838	8e-06	8e-06
2280	0.005502	0.006292	4.1e-05	7.4e-05
2281	0.002607	0.003199	-0.000123	0.000107
2282	0.003792	0.005206	4.1e-05	7.4e-05
2283	0.00241	0.006358	-9e-05	-2.5e-05
2284	0.003167	0.00445	-2.5e-05	-5.8e-05
2285	0.004252	0.001785	8e-06	-9e-05
2286	0.003956	0.003397	4.1e-05	-0.000123
2287	0.003397	0.004318	0.000107	-9e-05
2288	0.006226	-0.000156	0.00014	-2.5e-05
2289	0.004121	0.001456	-0.000321	4.1e-05
2290	0.005502	0.003463	7.4e-05	0.000107
2291	0.005075	0.003397	-2.5e-05	7.4e-05
2292	0.001719	0.007641	-2.5e-05	-2.5e-05
2293	0.004154	0.005042	-5.8e-05	0.00014
2294	0.006522	0.00491	-5.8e-05	0.00014
2295	0.00695	0.003134	-9e-05	-2.5e-05
2296	0.005272	0.005897	8e-06	-9e-05
2297	0.004976	0.004384	0.00014	-5.8e-05
2298	-0.001637	0.006358	0.000107	-9e-05
2299	0.004548	0.008595	0.000107	4.1e-05
2300	0.001752	0.013299	0.000107	4.1e-05
2301	0.003923	0.012806	0.00014	0.00014
2302	0.003627	0.015273	4.1e-05	0.00014
2303	0.001883	0.011424	-5.8e-05	0.00014
2304	-0.002163	0.012444	-9e-05	4.1e-05
2305	0.001193	0.013957	-9e-05	8e-06
2306	0.002772	0.009977	-9e-05	-9e-05
2307	0.003594	0.015208	8e-06	-9e-05
2308	0.000206	0.012609	0.000107	-5.8e-05
2309	0.001851	0.001883	0.000107	-0.000387
2310	0.004285	-0.000716	0.00014	-2.5e-05
2311	4.1e-05	0.00014	0.000107	7.4e-05
2312	0.000206	-0.000617	0.00014	7.4e-05
2313	0.000206	0.001785	8e-06	0.000107
2314	7.4e-05	0.003528	-0.000123	0.000403
2315	4.1e-05	0.002838	-5.8e-05	0.00014
2316	-5.8e-05	0.005502	-2.5e-05	7.4e-05
2317	-5.8e-05	0.005864	-5.8e-05	-5.8e-05
2318	8e-06	0.007608	0.000107	-9e-05
2319	0.000271	0.008496	0.000173	-9e-05
2320	0.000107	0.008825	0.00014	-9e-05
2321	-2.5e-05	0.001094	0.00014	8e-06
2322	0.0006	0.003792	0.00014	7.4e-05
2323	0.002541	-0.005025	4.1e-05	4.1e-05
2324	0.001127	0.002706	8e-06	7.4e-05
2325	0.002541	0.002772	0.000107	-0.000354
2326	0.00014	0.002114	-0.000156	4.1e-05
2327	-0.000419	-0.000156	-0.000354	0.000271
2328	0.000436	0.000897	-0.000156	-5.8e-05
2329	-0.000123	0.001916	0.000239	0.001357
2330	-0.000156	0.007246	-5.8e-05	-0.000156
2331	0.000206	0.004417	0.000173	-0.000123
2332	0.000403	0.006917	0.000271	-2.5e-05
2333	0.00014	0.003397	0.000239	0.002739
2334	0.000107	0.003199	4.1e-05	0.002147
2335	0.00014	0.005206	0.000173	0.000765
2336	4.1e-05	0.008759	0.000173	-0.000189
2337	4.1e-05	0.010437	8e-06	0.000568
2338	-0.000123	0.007476	0.000864	-0.000123
2339	-5.8e-05	0.001225	-0.000222	-0.000617
2340	-9e-05	0.003594	0.00014	0.001522
2341	0.000107	4.1e-05	4.1e-05	-0.00111
2342	8e-06	0.000173	0.000239	0.000864
2343	4.1e-05	0.000633	0.000206	-0.000123
2344	7.4e-05	-0.000156	0.000502	0.002607
2345	0.00014	0.002805	0.000436	0.000436
2346	0.00014	-0.001538	0.000107	0.002311
2347	0.000173	0.000502	-0.000189	0.002607
2348	-2.5e-05	0.003496	8e-06	0.001258
2349	-2.5e-05	0.004186	-9e-05	0.006753
2350	-5.8e-05	0.002969	0.000107	0.006226
2351	-0.000123	0.002969	0.00014	0.003627
2352	-0.000123	0.008266	8e-06	0.004318
2353	-2.5e-05	0.001785	0.000502	7.4e-05
2354	7.4e-05	0.000995	0.000173	4.1e-05
2355	0.000107	0.003298	0.000831	8e-06
2356	0.000107	0.00672	0.000304	0.00037
2357	0.000107	0.005667	0.000469	0.000107
2358	7.4e-05	0.008858	8e-06	0.00014
2359	-2.5e-05	-0.000485	0.000502	-0.000584
2360	8e-06	0.000337	8e-06	0.001554
2361	-5.8e-05	8e-06	0.000173	-9e-05
2362	-5.8e-05	0.000337	-0.000518	0.001653
2363	-5.8e-05	0.000206	0.000271	0.000403
2364	4.1e-05	0.002607	4.1e-05	-2.5e-05
2365	4.1e-05	0.002114	0.000107	-0.000419
2366	7.4e-05	0.003265	0.002673	0.000633
2367	0.000107	0.004647	0.003298	0.0006
2368	0.00014	0.002673	0.000107	-0.000156
2369	7.4e-05	0.004483	0.000337	0.001489
2370	4.1e-05	0.004417	0.000469	0.001127
2371	-9e-05	0.00264	-5.8e-05	0.00116
2372	-5.8e-05	0.00014	0.003199	0.000206
2373	-5.8e-05	0.002607	0.003561	0.000436
2374	-5.8e-05	-5.8e-05	0.007279	-0.000156
2375	4.1e-05	0.001818	0.00718	-0.000387
2376	0.000107	0.003199	0.002541	-0.000288
2377	0.000173	0.002838	0.001686	-0.000288
2378	0.000173	0.00014	0.0006	0.000304
2379	0.000173	0.002015	0.000436	-0.000255
2380	4.1e-05	0.001851	0.00037	0.002541
2381	-2.5e-05	0.000271	0.000403	0.000173
2382	0.000107	0.001489	-0.000913	0.000568
2383	-9e-05	-0.000946	0.001587	-0.000551
2384	8e-06	0.003199	0.000239	0.00014
2385	0.000107	0.001258	-0.000354	-2.5e-05
2386	0.00014	0.001686	-0.000748	-2.5e-05
2387	4.1e-05	0.001785	0.000929	0.000271
2388	0.00014	0.004746	0.002377	0.001587
2389	0.00014	0.003825	0.002772	0.002081
2390	0.000107	0.007641	0.000239	-0.000123
2391	8e-06	0.002344	0.000897	0.00139
2392	8e-06	0.003561	-0.000123	0.002212
2393	-2.5e-05	0.001752	0.004055	0.000469
2394	-2.5e-05	0.003627	4.1e-05	0.000568
2395	-9e-05	0.000239	0.001883	0.002541
2396	-5.8e-05	0.002574	-0.000617	-0.00088
2397	8e-06	0.000568	0.000107	0.00241
2398	7.4e-05	0.002574	0.00014	-0.000485
2399	0.000173	0.00264	4.1e-05	0.002377
2400	7.4e-05	0.003528	-0.001077	0.001291
2401	0.00014	0.000304	-5.8e-05	0.00162
2402	0.000206	0.00264	0.000239	0.001357
2403	-2.5e-05	0.000239	8e-06	0.002936
2404	-5.8e-05	0.001357	0.000535	0.00014
2405	-5.8e-05	0.003923	-0.001242	0.001291
2406	-0.000123	0.000239	0.00116	0.002015
2407	-5.8e-05	-9e-05	0.001818	0.000206
2408	-9e-05	0.000271	0.001324	0.002048
2409	4.1e-05	0.00014	0.002015	0.000337
2410	0.000107	-0.000156	0.001423	0.000699
2411	0.000107	-0.000288	-0.000518	-0.000518
2412	0.00014	-0.000387	0.00218	0.001752
2413	0.000107	0.000732	0.001094	-0.000354
2414	7.4e-05	-0.00088	0.000502	0.000765
2415	8e-06	-0.000518	7.4e-05	-0.002032
2416	-9e-05	0.000239	0.000271	4.1e-05
2417	-0.000123	0.001225	-0.000551	-0.000814
2418	-2.5e-05	0.002114	8e-06	4.1e-05
2419	-5.8e-05	4.1e-05	0.000502	-0.000123
2420	7.4e-05	0.000502	0.000206	-9e-05
2421	0.000107	0.000798	0.00037	0.001456
2422	0.00014	0.000403	0.000568	0.00139
2423	7.4e-05	0.001456	0.000304	0.002278
2424	0.000107	0.000732	4.1e-05	0.001193
2425	8e-06	0.000929	0.000502	0.002739
2426	-2.5e-05	0.001193	4.1e-05	0.00162
2427	-2.5e-05	0.002311	-0.000452	0.003528
2428	-9e-05	0.001916	0.001061	0.002574
2429	8e-06	0.002015	-0.000123	0.000699
2430	-9e-05	0.002081	0.000271	-0.001406
2431	8e-06	0.000107	0.001127	0.001028
2432	8e-06	0.001851	0.000666	-0.000156
2433	0.000239	0.000271	-0.002295	0.000107
2434	7.4e-05	0.000206	0.001489	0.00014
2435	0.000239	0.000304	0.000239	0.000173
2436	0.000271	0.001587	0.002805	0.000107
2437	0.000502	0.00139	0.000304	0.000403
2438	-0.000419	0.000271	-0.000288	4.1e-05
2439	0.000206	0.000304	-0.000452	-9e-05
2440	-2.5e-05	8e-06	0.000107	0.000469
2441	0.00014	0.000107	4.1e-05	-0.000387
2442	4.1e-05	-9e-05	0.000173	0.000271
2443	0.000107	-9e-05	7.4e-05	-0.000255
2444	0.00014	0.000206	0.000173	0.00264
2445	4.1e-05	7.4e-05	4.1e-05	0.000699
2446	0.000535	-5.8e-05	-5.8e-05	0.001225
2447	-0.000716	0.000107	-0.000123	-0.001867
2448	0.000173	-2.5e-05	-5.8e-05	-0.000387
2449	-9e-05	0.000173	-9e-05	-0.000288
2450	-5.8e-05	0.000173	0.00014	0.000798
2451	-0.000123	0.000107	0.000239	-0.000123
2452	0.000436	8e-06	0.000107	-0.000123
2453	7.4e-05	-0.000123	0.000239	-0.001077
2454	0.000107	0.000502	0.00014	0.000206
2455	7.4e-05	-0.001933	0.000107	0.00139
2456	0.000107	0.001291	8e-06	0.000206
2457	0.000107	7.4e-05	0.000239	0.002541
2458	-9e-05	0.000107	-0.000222	-0.000518
2459	8e-06	0.000206	0.001028	0.000831
2460	-9e-05	0.001094	0.000568	-2.5e-05
2461	-2.5e-05	4.1e-05	0.001686	-5.8e-05
2462	-9e-05	-0.000123	0.000107	-9e-05
2463	8e-06	-5.8e-05	0.000271	-5.8e-05
2464	4.1e-05	8e-06	-0.000156	-0.000156
2465	0.00014	-0.000156	-2.5e-05	-2.5e-05
2466	0.000107	-9e-05	0.001851	4.1e-05
2467	0.00014	4.1e-05	0.000568	0.000107
2468	0.00014	0.000173	0.003199	4.1e-05
2469	0.000107	0.002114	-0.000584	0.000107
2470	-5.8e-05	0.000864	0.002443	0.000173
2471	-9e-05	0.000568	0.001489	4.1e-05
2472	4.1e-05	-0.00065	0.002903	-5.8e-05
2473	-0.000123	0.000897	0.001357	-0.000123
2474	-2.5e-05	-0.000288	0.000962	-5.8e-05
2475	-2.5e-05	0.002607	0.000502	-0.000452
2476	4.1e-05	0.001225	0.000897	0.000107
2477	8e-06	0.001587	0.000403	-9e-05
2478	0.000173	-0.000748	0.001061	4.1e-05
2479	0.000107	0.000239	0.000271	0.000239
2480	0.000173	0.001028	-2.5e-05	8e-06
2481	-2.5e-05	0.000206	-9e-05	-0.000156
2482	-2.5e-05	-9e-05	-2.5e-05	4.1e-05
2483	-0.000123	-2.5e-05	0.00014	-0.000123
2484	0.000271	0.00037	-0.000683	-5.8e-05
2485	-0.000419	4.1e-05	0.000271	-0.000156
2486	0.000337	0.001193	0.000337	-2.5e-05
2487	0.000173	7.4e-05	0.000995	8e-06
2488	0.000173	0.001094	0.001193	0.000568
2489	0.00014	0.001061	-0.001604	0.000304
2490	0.000206	0.001094	0.000699	0.000107
2491	7.4e-05	-0.000946	0.000666	0.000337
2492	0.001949	0.001225	-0.000683	4.1e-05
2493	-0.000419	0.002574	0.00162	0.000403
2494	-9e-05	0.001456	7.4e-05	4.1e-05
2495	-5.8e-05	0.005042	0.000304	-2.5e-05
2496	-0.000222	0.002081	0.000173	-0.000485
2497	4.1e-05	0.000765	-9e-05	4.1e-05
2498	0.000271	0.00116	0.000337	-0.001406
2499	0.001094	0.00037	0.000239	0.000107
