Ladekurvenmessung
Zeit: 2018_05_04 09.00.36
Info: FVA3, v = 0.382, T = 23, F = 20, h = 314.9
Ladewiderstand[Ohm]: 1012700
Störkapazität[pF]: 0.000000
Entladezeit[ms]: 200
Abtastrate[Hz]: 250000
Anzahl der Messwerte: 2500.000000
Verzögerung[ms]: 3
Ladespannung[V]: 0.200000
	Kurve_1	Kurve_2	Kurve_3
0	0.001132	0.001789	0.00294
1	0.001789	0.002282	0.006884
2	0.003433	0.00146	0.003433
3	0.003104	0.000639	0.006062
4	0.004583	0.003433	0.002611
5	-0.000183	0.000967	0.003433
6	0.00031	0.001954	0.00409
7	-0.000183	0.00146	0.00146
8	-0.000183	0.00146	0.002447
9	0.001296	0.002611	0.000967
10	0.000474	0.006391	0.004419
11	0.005734	0.006556	0.001789
12	0.001789	0.003926	0.00031
13	0.004255	-0.000347	0.003433
14	-0.001827	0.004583	0.003433
15	0.002282	0.002282	0.00146
16	0.000803	0.003433	0.000474
17	0.005076	0.001132	-0.001334
18	-0.000676	0.001625	0.000474
19	0.003926	0.001296	0.001625
20	0.00146	0.000474	0.001296
21	0.00146	0.00146	0.003433
22	0.001954	0.000639	0.002611
23	0.000803	0.002447	0.003104
24	0.002611	0.000803	-0.001169
25	0.004419	0.001789	0.004255
26	0.002118	0.000803	0.002775
27	0.003104	0.003433	0.000967
28	0.002775	-0.001169	0.002447
29	0.000474	0.001954	0.00146
30	0.002282	0.004748	0.001296
31	0.002611	0.001954	0.000474
32	0.002118	-0.000347	0.000146
33	0.002118	-0.000183	0.001954
34	0.001789	-0.000183	-0.002155
35	0.000967	-0.001498	0.001296
36	0.001954	-0.001662	-0.001991
37	-0.001169	0.003268	-0.00347
38	-0.000347	-0.003306	0.001789
39	-0.001005	-0.001498	0.000639
40	-0.000512	0.001132	0.002118
41	0.001789	0.000639	0.001296
42	0.002282	-0.001169	0.001625
43	-0.001334	-0.000512	0.002447
44	-0.000347	0.00031	0.001954
45	0.001132	-0.000512	0.001789
46	0.00031	0.002282	0.001296
47	0.001954	0.00146	0.003104
48	0.001625	0.001625	0.00146
49	0.001132	0.003104	0.000639
50	0.000146	-0.000841	0.001954
51	0.001954	0.002282	0.004912
52	0.000474	-1.9e-05	0.001789
53	0.000967	0.001954	0.001789
54	-0.001169	0.001789	0.000639
55	0.000146	0.003104	0.000474
56	0.001789	-0.001498	-0.000183
57	-0.001662	0.001296	0.001296
58	0.003268	0.000146	0.001625
59	0.00031	0.002118	0.00031
60	-0.000347	-1.9e-05	0.000639
61	0.000967	-0.000347	-0.004292
62	0.00146	0.003104	-0.000841
63	-0.000676	0.000803	0.002282
64	0.004583	0.00031	-0.000347
65	0.003104	0.005898	0.001625
66	0.004748	0.00146	-0.000183
67	0.001296	-0.002813	0.000146
68	0.002611	0.001625	0.000803
69	0.001296	0.00031	-0.000676
70	0.000639	-0.000512	-0.001498
71	0.001132	0.001296	0.000474
72	-0.000183	0.002282	-0.001169
73	0.000474	0.000639	0.000474
74	-0.001005	0.003268	-0.000347
75	0.000639	0.001296	-0.004128
76	0.001132	0.001132	0.00146
77	-1.9e-05	0.002611	0.001296
78	0.000474	0.00294	0.001296
79	0.000803	0.003597	0.001954
80	0.002775	0.002282	-1.9e-05
81	0.005734	0.002282	0.001954
82	0.000474	-1.9e-05	0.000474
83	0.005076	-0.000347	0.001132
84	0.001132	-0.001169	-0.001169
85	0.001954	0.003761	0.002118
86	0.003268	-0.001334	-0.00347
87	0.000474	-0.001498	-0.002648
88	0.001296	0.002611	-1.9e-05
89	-0.001005	-0.001169	-0.000183
90	0.000803	0.00146	0.000967
91	0.000146	0.001789	0.000967
92	0.003104	-0.001334	0.001954
93	0.004583	0.004419	0.00031
94	0.002282	-0.002648	0.000967
95	0.000474	-0.001827	0.001625
96	0.001954	0.003268	0.005898
97	-0.004128	-0.000347	0.001296
98	0.002118	-1.9e-05	0.003104
99	0.000967	0.000803	0.002282
100	0.000474	0.000639	0.00294
101	0.002118	0.000967	0.001132
102	0.000803	0.00294	0.003104
103	0.001789	0.001132	0.000803
104	0.001789	0.001789	0.002118
105	-0.000183	0.00031	0.000639
106	-0.000512	0.001296	0.000967
107	-0.001005	0.001132	0.00294
108	-0.007415	0.000967	0.001625
109	0.002611	-0.000183	0.001625
110	-0.002813	-0.000183	0.001789
111	0.00031	-0.001662	0.003761
112	0.000639	-0.000347	-0.000841
113	0.001789	0.000639	0.00409
114	0.00294	-0.000347	0.000967
115	0.006062	-0.002484	0.005405
116	-0.000512	-0.001991	0.002447
117	0.00031	-1.9e-05	-0.001169
118	0.000474	0.000967	0.001789
119	-0.009058	0.000803	0.001954
120	-0.001662	-1.9e-05	-0.000676
121	0.000967	0.004748	0.000967
122	0.000146	0.000803	0.000146
123	0.000146	0.00146	0.000639
124	0.001789	0.001625	-0.000512
125	0.002447	-0.000841	0.000146
126	0.004748	-0.000183	-0.001498
127	-0.000676	-1.9e-05	0.001132
128	0.002282	0.002282	0.003268
129	0.001132	-0.001991	0.001954
130	-0.000841	-0.000512	0.005405
131	0.001132	-0.001991	0.00409
132	0.000967	-0.000347	0.003268
133	0.003104	-0.004292	0.00031
134	-1.9e-05	0.00146	-1.9e-05
135	-0.000512	0.000146	-0.005607
136	0.001625	0.002447	-0.000841
137	0.000967	0.005241	-0.001662
138	0.002447	0.002447	-0.002648
139	0.003433	0.002775	-0.001498
140	-0.000512	0.001296	0.000639
141	0.002611	0.002775	0.004912
142	-0.002648	-0.000512	-1.9e-05
143	0.003268	0.003268	0.002447
144	0.00146	0.004912	0.001296
145	0.001132	-0.00232	-0.002813
146	0.001789	-0.001662	-0.000512
147	0.003104	0.001132	0.002611
148	0.00409	-0.000512	0.000967
149	0.002282	-0.000183	0.003104
150	0.001625	-0.001498	0.00146
151	-1.9e-05	0.002775	-0.000512
152	0.007377	-0.000347	0.004583
153	-0.001827	0.002118	0.00146
154	0.002775	0.003268	0.000803
155	0.000803	-0.000841	0.000803
156	0.003104	0.001789	-0.004292
157	-0.000347	0.000146	-0.001991
158	0.003268	0.001296	0.002447
159	0.000639	0.000803	-0.000347
160	-0.000841	-0.000512	0.00146
161	-0.001005	0.003104	0.00031
162	-0.000841	0.001625	0.00294
163	0.006556	-0.000841	0.008528
164	0.000146	0.000639	0.003761
165	0.002611	-0.000676	0.002611
166	-0.000841	0.000474	0.003268
167	0.00031	0.003433	-0.006264
168	0.00146	0.002611	-0.001662
169	0.002282	-1.9e-05	0.000474
170	0.001132	0.001296	0.000967
171	0.006227	0.000967	0.002775
172	0.000967	0.001954	0.000967
173	0.002611	0.00146	0.003104
174	0.005076	0.000639	0.000474
175	-1.9e-05	0.000967	0.001789
176	0.00146	0.00031	0.002118
177	0.000967	0.001625	0.001954
178	0.000803	-0.000183	-0.002813
179	0.000474	-0.001334	-1.9e-05
180	0.00146	-0.002484	-1.9e-05
181	0.002447	-0.002155	0.00146
182	0.004748	-0.005278	0.00146
183	-0.000841	0.000639	-0.000183
184	0.000474	-0.001334	0.000639
185	0.000474	-0.000347	-0.001334
186	-0.000512	-0.000841	-0.000183
187	-0.000512	0.001132	-0.000676
188	0.002447	0.000146	-0.002155
189	0.000146	0.00294	0.000639
190	0.002775	0.001789	0.000639
191	0.002611	0.000639	-0.001334
192	0.001625	0.001789	0.001296
193	-0.000512	0.001789	0.000639
194	0.004419	0.00294	0.000639
195	0.000146	0.001954	0.000967
196	0.001625	0.000474	0.001954
197	0.000474	0.00031	0.002611
198	-0.001498	0.000803	0.001625
199	0.001625	-0.001334	0.002447
200	-0.001991	-0.000347	0.000803
201	0.000967	-0.000841	-0.003799
202	0.001132	0.000803	-0.000841
203	0.001954	0.000803	0.000146
204	-0.000183	-1.9e-05	-0.001827
205	0.00031	-0.000183	0.001789
206	-0.000183	-0.000183	0.001625
207	0.005405	-0.000183	0.001789
208	0.001954	-0.000183	0.001625
209	-0.002648	0.00031	0.00146
210	-0.001169	0.000967	0.00031
211	0.001132	0.002282	0.005405
212	0.00031	0.002775	-0.001334
213	0.001132	0.001132	0.003104
214	0.003597	0.000803	0.000967
215	-0.001169	0.000474	-0.001334
216	0.003761	0.002775	-1.9e-05
217	0.001132	-0.000841	-0.000676
218	0.003597	-0.001498	0.000639
219	0.000146	-0.000841	-0.000512
220	0.001296	0.003104	0.001789
221	-0.000183	0.000474	0.000967
222	0.001296	0.001132	0.007213
223	0.001296	0.00031	0.000803
224	-1.9e-05	0.002282	0.001296
225	0.003597	0.00031	0.001789
226	0.004255	0.001789	0.001132
227	0.00146	0.000967	-0.001334
228	0.000146	0.001954	0.002282
229	0.003926	0.000639	0.002118
230	-0.001005	0.002118	-0.000512
231	0.000146	0.001296	-0.001498
232	-0.001827	-0.000512	0.000474
233	0.00146	-0.001169	0.00031
234	0.002447	0.000474	-0.001334
235	-0.001005	-0.001334	0.002775
236	0.001625	0.000803	-1.9e-05
237	0.002118	0.001296	-0.001827
238	0.001132	0.000967	0.001789
239	0.002447	0.002775	0.00409
240	0.001296	0.000967	0.002282
241	-0.001334	0.002282	0.001954
242	0.002282	0.001296	0.001954
243	-0.001991	0.000474	0.002611
244	0.001789	0.003597	0.002447
245	0.000474	0.004255	0.00031
246	0.000967	0.003104	-0.001005
247	-0.000841	0.00146	0.000474
248	0.000639	-0.000183	0.001296
249	-0.001498	0.000967	-0.000841
250	0.002282	-0.000183	0.003761
251	-0.000183	0.00146	-1.9e-05
252	-1.9e-05	0.002118	0.000967
253	0.000474	0.000803	0.00031
254	-0.001334	0.002447	0.002611
255	-0.001991	-0.000841	0.000146
256	-0.000512	0.001132	0.000803
257	0.002118	0.00031	0.00031
258	0.003433	0.003761	0.00294
259	0.000803	-0.000347	0.00031
260	-0.001005	0.009021	0.001789
261	0.00294	0.001789	0.000967
262	0.000967	0.002775	0.00146
263	0.001954	0.002447	0.003268
264	0.002611	0.006227	-0.00347
265	-0.002155	-0.000347	0.000803
266	-0.000183	-0.001991	-0.00347
267	0.000146	0.002118	-0.000676
268	-0.000347	-0.004456	-0.000512
269	-0.000841	0.002775	0.001789
270	0.000146	-0.001662	-0.000512
271	-0.000841	0.002118	-0.001169
272	-0.001005	0.000803	0.000146
273	-0.000347	0.001296	0.001954
274	0.000967	-1.9e-05	0.001789
275	0.000639	0.003104	0.001954
276	0.001954	-0.000183	0.002447
277	-0.000347	0.00146	0.000803
278	0.002118	0.000803	0.001132
279	-0.001827	0.000639	0.001296
280	0.002118	0.000803	0.000967
281	0.000967	-0.000676	0.000639
282	0.00294	0.001954	0.001132
283	-0.004128	-0.00232	-0.001498
284	0.001954	0.000474	0.001296
285	-0.000676	0.001296	0.000474
286	-1.9e-05	0.005076	-1.9e-05
287	0.000803	-0.004621	-1.9e-05
288	-0.000512	0.00146	0.001789
289	0.002282	-0.001005	0.001132
290	-0.001334	-0.000183	0.001132
291	0.001296	0.000146	0.002447
292	0.000803	-0.001005	0.001296
293	0.002775	-1.9e-05	0.00146
294	0.001789	0.00409	-0.000183
295	0.00031	0.004748	0.002611
296	-0.001005	0.003268	0.001789
297	0.002447	0.004748	0.000146
298	-0.002155	0.000639	-0.000347
299	0.000967	0.001954	0.003104
300	0.00031	0.00031	-0.000841
301	-0.002484	0.002118	0.003433
302	-0.001169	0.000474	0.00146
303	-1.9e-05	-0.001169	0.003926
304	0.000639	0.000146	0.002282
305	-0.001827	0.001296	-0.000183
306	0.005241	-0.000676	0.003268
307	-0.000841	-0.000347	0.003268
308	0.00294	0.001625	0.003268
309	-0.001498	0.001789	-0.000512
310	0.000967	0.005076	0.004748
311	-0.001662	0.00146	-0.002155
312	0.000474	0.002611	0.000967
313	-0.001005	0.001789	0.00031
314	0.000803	0.000474	0.001625
315	0.000803	-0.002813	-0.001662
316	0.000803	0.00294	-0.000841
317	0.002118	-0.000347	0.000639
318	-0.002484	0.001296	0.00031
319	-0.004128	0.005898	-0.001169
320	0.000146	-0.001005	-0.001334
321	-0.001005	-0.000676	-0.000183
322	-0.001991	0.004583	-0.001169
323	-0.000183	-0.004292	-0.000183
324	-0.000183	0.000639	0.000639
325	0.000474	-0.002155	0.003104
326	0.001296	0.00031	0.00146
327	0.00031	0.001132	0.000803
328	0.00146	0.000474	0.001132
329	0.000967	0.000146	0.000639
330	-1.9e-05	-1.9e-05	0.000639
331	0.001954	-0.000512	0.00146
332	-0.001005	-0.001991	-0.000676
333	-0.000512	0.001954	0.002447
334	-0.000183	-0.004128	-0.003635
335	0.000474	-0.001662	-0.000512
336	0.00146	-0.002648	0.000146
337	0.003268	0.001625	-0.002484
338	0.001132	0.000803	0.001132
339	0.00031	0.001296	0.000967
340	0.00031	-0.001334	-0.000841
341	-0.001498	0.000803	-0.001005
342	0.000639	0.000967	0.002447
343	0.002775	-0.000841	0.001625
344	0.000474	0.00409	0.002611
345	-0.000841	-0.000841	-0.001662
346	0.003926	0.003268	0.002611
347	-0.001334	0.001296	-0.000183
348	-1.9e-05	0.002447	0.002611
349	-0.000347	0.000803	-0.000347
350	-0.001334	0.003268	0.000967
351	-0.000347	0.001625	0.001625
352	-1.9e-05	0.003433	-1.9e-05
353	-0.000183	0.000967	0.003926
354	0.000639	-0.001498	0.000803
355	-1.9e-05	-0.001991	0.002282
356	-1.9e-05	0.000803	0.001132
357	0.000146	-0.000183	0.001132
358	0.000474	-0.001991	-0.000676
359	-0.000183	0.001954	0.003433
360	-1.9e-05	0.005734	0.001954
361	-0.005607	0.002775	0.000803
362	0.001296	0.000474	0.001954
363	0.003433	0.001625	0.004419
364	-0.001498	-1.9e-05	0.000803
365	0.001954	0.000474	0.002611
366	0.004255	0.000146	0.001132
367	-0.001169	0.002282	0.002118
368	0.003761	0.001296	0.002118
369	-0.001827	0.000474	-0.000183
370	0.002611	-0.001169	-1.9e-05
371	0.001625	0.00031	-0.003142
372	0.003926	0.00031	0.002118
373	-0.000512	-0.000841	-0.000841
374	0.002118	-0.001334	0.001296
375	-0.001991	-0.001169	0.00031
376	-0.001991	0.001296	0.002611
377	0.001132	-0.002977	-0.000676
378	-0.001334	0.000803	0.002775
379	0.002118	0.002282	0.001789
380	0.002282	-0.001334	0.002282
381	0.003104	-0.002484	0.002118
382	-0.000841	0.000146	-0.001005
383	0.001625	-0.001005	0.003268
384	-0.000841	-0.002484	0.002447
385	0.001132	-0.00347	-0.000183
386	0.000803	-0.001662	-0.000841
387	0.002118	-0.001169	0.002611
388	0.001296	-0.000183	-0.003799
389	-0.001005	0.001625	-0.001498
390	0.000474	-0.001005	-0.001334
391	-0.000183	0.000803	0.000803
392	-0.000841	-0.000183	-0.001005
393	-0.000512	0.002447	-0.000512
394	0.002282	0.001954	0.00031
395	-0.000183	0.002611	0.001296
396	-0.000183	-0.001991	0.000474
397	-0.000347	0.000967	0.001296
398	0.002118	-0.000183	0.002282
399	0.001132	0.002447	-0.000512
400	0.001132	0.001132	0.002611
401	0.001132	0.001954	-0.001005
402	0.002611	-0.000512	-0.003142
403	0.000803	0.000639	0.00031
404	0.001296	0.002611	-0.001498
405	0.000639	0.000146	-0.000512
406	-1.9e-05	0.001132	0.001789
407	-0.002155	-0.001991	-0.001498
408	-0.004128	0.000474	-0.001498
409	-0.005114	0.00031	-0.001005
410	-0.001334	0.004748	-0.000183
411	0.002447	0.001625	0.000803
412	0.001954	0.004255	0.000967
413	0.000803	0.000639	0.001625
414	0.001954	0.001789	0.00146
415	0.001954	-1.9e-05	0.001296
416	0.002118	0.00146	0.000967
417	-0.000512	0.00031	0.005898
418	-0.000183	-0.000347	0.00672
419	-0.000183	-0.001169	0.002118
420	0.003597	-0.001827	0.00031
421	0.004748	-0.001005	0.002611
422	0.001296	0.000146	-0.001991
423	0.002282	0.001296	0.000639
424	0.000639	0.001625	0.00031
425	0.001296	0.001132	-0.001005
426	0.000803	0.00146	-0.002813
427	-0.001662	-0.000183	-0.000841
428	0.001132	-0.003306	-0.000183
429	0.000803	0.000803	-0.000512
430	0.002611	-0.001662	0.001954
431	0.002775	-0.002977	0.001625
432	0.00294	-0.000841	0.000639
433	-0.000676	-0.000347	-0.002155
434	0.002611	0.000146	0.001132
435	0.000803	-0.000512	-0.000841
436	0.00294	-0.001169	-1.9e-05
437	0.002118	0.00031	-0.001991
438	0.001954	0.001954	0.001296
439	-1.9e-05	-0.005936	0.000639
440	-0.001334	0.000474	0.000803
441	0.000803	0.00031	-0.001005
442	-0.000347	0.001954	0.000803
443	-0.001827	0.001954	0.000474
444	-0.002813	0.002611	-0.000512
445	0.000639	0.000474	0.001132
446	-0.001498	0.003597	0.001296
447	0.00146	0.000967	0.001132
448	0.000146	-0.001169	0.000967
449	0.002775	0.000639	0.002775
450	-1.9e-05	-0.011524	0.000803
451	0.000803	0.00031	0.003104
452	0.001132	-1.9e-05	-1.9e-05
453	0.002447	0.000474	0.003433
454	0.002118	0.000639	0.001789
455	-0.002155	0.002447	0.000967
456	-0.000183	0.000474	-0.000183
457	-0.001169	0.003597	-0.003963
458	0.00031	0.001625	0.00672
459	-0.005114	0.002282	0.001625
460	-0.000676	0.000146	0.00146
461	-0.000841	-0.003799	0.002118
462	-0.000676	0.000639	0.005241
463	-0.000512	0.001954	0.000474
464	-0.000183	0.000967	0.001625
465	-0.000676	-0.001991	0.000639
466	0.000474	0.00031	0.002447
467	0.001789	0.001296	-0.000841
468	0.004748	0.003433	0.002282
469	0.000474	0.00031	-0.000841
470	0.003104	-0.000512	0.00031
471	0.006062	-0.001827	0.00146
472	0.002775	0.001954	-0.000183
473	0.00294	-0.000512	0.00031
474	-0.000841	0.003104	0.000146
475	-0.000347	0.000803	-1.9e-05
476	0.000967	0.001954	-0.001827
477	0.000474	0.001954	-0.000841
478	0.001132	0.00409	-0.002155
479	0.002775	0.001625	0.00146
480	0.002282	-0.001334	0.000146
481	0.003761	0.000474	0.001625
482	0.000803	-0.000676	-0.001827
483	-0.000841	0.001954	0.001132
484	0.001625	0.000474	-0.002155
485	0.000474	-0.000183	0.003433
486	0.001789	-0.0061	-0.000512
487	0.000474	-0.000841	-0.000676
488	-0.000676	-0.002648	0.00031
489	0.002118	0.003597	-0.000676
490	0.000146	0.001954	0.000146
491	-0.001827	0.002775	0.000474
492	-0.000347	0.002282	0.00031
493	-0.001169	0.001954	0.000967
494	0.00031	0.008035	0.000639
495	-0.001169	-0.003799	-0.000512
496	0.001132	0.000474	0.001954
497	-0.001005	-0.000347	0.000146
498	0.000967	-0.000841	0.000967
499	-0.001334	-0.000841	-0.000676
500	0.000803	0.001132	0.000967
501	0.000474	0.000474	0.001625
502	0.000474	0.002118	0.002611
503	0.00146	-0.001498	0.000474
504	0.000146	0.001789	0.00146
505	-0.00347	0.004583	0.002118
506	-0.001827	-0.000512	0.000146
507	0.002282	0.001296	0.000639
508	0.000146	0.001625	-0.001827
509	0.001625	-0.001498	0.000474
510	-0.001827	0.001789	0.000967
511	0.000967	0.001789	0.000146
512	0.001789	0.003433	0.00294
513	0.001132	0.002611	-0.001005
514	-0.000676	-0.000347	-0.002155
515	0.000146	0.000639	0.001132
516	-0.000347	0.001789	0.000967
517	-0.000512	-0.001334	0.000803
518	-0.000347	-0.001334	0.000639
519	-1.9e-05	0.000803	0.001625
520	0.001296	-0.001991	-0.002155
521	-1.9e-05	0.001625	0.000474
522	-0.000676	0.007213	0.000803
523	-0.001498	0.00409	-0.001169
524	0.004419	0.002611	0.00146
525	-0.001334	0.00409	-0.000512
526	0.00146	0.000967	0.001132
527	0.001296	0.002282	0.001954
528	-0.001334	0.001296	-0.000183
529	0.003104	-0.000347	-0.001991
530	-0.000347	-1.9e-05	0.00294
531	0.000803	-0.004292	-0.000676
532	0.000146	0.000146	-0.001334
533	0.001296	-0.000347	0.000803
534	0.001132	0.001296	-0.001498
535	-0.000347	-0.000183	-0.003142
536	-0.000183	0.003926	0.000967
537	0.001954	0.000474	-0.001498
538	-1.9e-05	0.000146	-0.001334
539	0.001954	0.000146	0.000803
540	-0.001498	-0.000841	0.000474
541	0.002775	0.00409	0.003268
542	0.000474	0.001954	-0.000512
543	0.003761	-0.001662	0.001625
544	0.00146	0.00146	0.00031
545	0.002118	0.00294	0.001296
546	0.000803	0.00146	-0.000347
547	0.00146	0.001789	0.000639
548	0.002447	0.000474	0.000803
549	-1.9e-05	0.003268	0.000639
550	-0.001005	-0.00232	0.000474
551	-0.000841	0.003433	0.000803
552	-0.000512	0.000474	0.001296
553	-0.001498	0.000639	0.000803
554	0.001789	-1.9e-05	0.000146
555	0.00146	0.001296	0.001296
556	0.001132	0.002447	0.000967
557	0.000967	0.00031	0.000803
558	0.000967	0.001625	0.003104
559	0.002611	0.001296	-1.9e-05
560	0.001296	0.004255	0.000967
561	0.003433	-0.000841	0.000803
562	-1.9e-05	0.001296	0.001296
563	0.000639	-0.001334	-0.000347
564	0.000474	0.001132	0.00146
565	0.000146	-0.001334	-1.9e-05
566	0.002611	0.001296	-1.9e-05
567	0.000474	-1.9e-05	0.001954
568	-0.000183	0.000474	-0.00347
569	0.001132	0.000474	-0.001827
570	-0.001169	0.00031	-1.9e-05
571	0.001625	0.002118	-0.000676
572	-0.001991	0.001625	0.000803
573	-0.00232	-0.001662	0.002447
574	-0.001662	0.00031	-1.9e-05
575	0.001625	0.002775	0.001789
576	0.00031	-0.000183	0.002447
577	0.003433	-0.001005	0.002282
578	-0.000841	0.001132	0.003268
579	-0.000347	0.002447	0.00294
580	-1.9e-05	-0.001169	0.001625
581	-0.002648	-0.002484	0.001296
582	0.00031	-0.001827	0.001132
583	-0.000841	-0.000347	0.000967
584	0.002282	-0.000841	0.000803
585	0.00031	0.00031	0.000146
586	-0.000183	0.000639	-0.000183
587	-0.000512	0.000146	-0.00347
588	0.000803	0.00031	0.002611
589	0.000474	0.002118	0.000146
590	0.00146	0.001132	0.000474
591	0.002611	0.000803	0.001296
592	0.00031	0.001296	0.002611
593	-0.000512	0.00294	0.000474
594	0.00409	0.001132	0.003104
595	0.00031	0.000803	0.002118
596	0.002282	0.002447	0.002118
597	0.002775	0.00031	0.001296
598	0.000474	0.002775	0.001132
599	0.00146	-0.000512	-0.000347
600	0.000639	0.003597	-0.000676
601	0.001296	0.002447	0.00031
602	0.000474	0.001954	-0.001334
603	0.004419	0.000803	0.003104
604	-0.001991	0.002611	-0.000183
605	-0.001827	0.000146	0.000639
606	-0.001662	-0.000347	0.001296
607	-0.000512	0.000803	0.001132
608	-0.001169	-0.003142	0.003104
609	-0.000347	0.003761	0.004419
610	-0.00347	0.001625	0.000474
611	0.002118	0.003926	0.001954
612	0.001789	0.001789	0.003597
613	0.000639	0.000639	-0.000183
614	0.003761	0.001789	0.002118
615	-0.000676	0.001296	0.001625
616	0.001296	0.000146	0.000146
617	-0.000347	0.00146	-0.001662
618	0.002447	0.000146	0.000639
619	0.001625	0.000146	-0.00232
620	0.001789	0.001296	-0.000841
621	0.000967	-0.001334	-0.001005
622	0.001954	0.001625	0.00146
623	-0.001991	-0.000676	0.001954
624	0.002775	0.000146	0.000146
625	0.004255	-0.003963	0.000146
626	0.001132	0.000474	0.004583
627	0.005898	-0.001991	-0.004128
628	-0.000512	-1.9e-05	0.000803
629	0.000474	-0.002155	-0.000512
630	0.003597	0.000146	-0.004785
631	0.000146	-0.00232	0.000803
632	-0.001662	-0.003306	-0.001827
633	0.003104	-0.000183	-0.002648
634	0.000803	0.001296	-0.001498
635	0.000639	0.000639	-0.001662
636	0.003433	-0.001662	-0.002648
637	0.001954	0.000474	-1.9e-05
638	-0.000512	0.000146	0.001954
639	0.001296	0.001296	-0.000347
640	-0.000347	0.00031	0.001625
641	-0.002813	0.000803	0.002611
642	-0.002484	-0.000347	0.001132
643	-0.000512	0.001132	0.000803
644	0.001132	-0.000676	0.001296
645	0.00031	-0.001334	0.000967
646	0.00146	0.000967	0.003926
647	0.001789	0.001132	-0.001169
648	0.00146	0.000474	-0.001334
649	-0.00232	0.002118	0.001789
650	0.00294	-0.001169	0.000639
651	0.000803	0.002447	0.001132
652	0.00146	0.001296	0.000803
653	0.000146	0.002447	-0.001169
654	0.002447	0.000474	0.000967
655	-0.001662	-0.000512	-0.001169
656	-0.000676	0.001954	-0.000676
657	-0.000841	-0.001169	0.000474
658	0.000146	0.000967	0.001789
659	0.000803	-0.001827	0.002611
660	-0.000841	0.00031	0.003761
661	0.002611	-0.001169	0.002447
662	-0.000676	0.003433	0.004583
663	0.000474	0.000639	0.00294
664	-0.000676	0.000967	0.00031
665	0.00409	0.00031	0.002447
666	0.001625	-0.000347	-0.000676
667	0.002611	0.002118	-0.000676
668	0.001625	0.001296	-0.000512
669	0.005076	0.001625	0.000803
670	0.000803	-0.001334	-0.000512
671	0.001954	0.00146	0.00146
672	0.00294	0.003761	-0.001827
673	-0.001005	-0.001827	0.002775
674	0.003104	-0.002813	-0.000347
675	0.001954	-0.002155	0.000474
676	0.005898	0.00031	-0.00232
677	0.00409	0.00031	0.000967
678	0.003597	0.001625	0.001954
679	0.00031	0.002611	-0.001005
680	0.002611	0.000967	0.004419
681	0.001132	0.001789	0.00294
682	0.004748	-0.000512	0.002775
683	0.000967	-0.002484	-0.001662
684	0.004419	0.000803	0.001789
685	0.002775	-0.001334	-0.000841
686	0.00031	-0.000183	-0.001827
687	0.002282	-0.000676	-0.002484
688	0.001954	0.005076	-1.9e-05
689	0.001789	0.002447	-0.000347
690	0.000803	0.000803	-0.00232
691	0.004255	0.001296	0.002611
692	0.000803	0.002611	-0.000183
693	0.002447	-0.005278	0.002118
694	-0.000676	-1.9e-05	0.000803
695	-1.9e-05	-0.001662	0.002611
696	-0.000183	0.000474	0.00031
697	-1.9e-05	0.001132	0.000474
698	-0.001005	-0.001169	0.000474
699	-0.000347	0.002447	0.00146
700	0.00146	0.000146	0.000146
701	0.003761	0.001296	-0.001005
702	0.004912	0.00146	0.002447
703	0.00146	0.004583	0.001625
704	0.003104	0.000474	0.001789
705	0.001132	0.00146	-0.002813
706	0.000474	-0.001662	-0.001334
707	0.000803	0.001789	0.000146
708	0.000803	-1.9e-05	-0.002484
709	-0.000841	-0.000841	-0.002977
710	0.001625	0.000474	-0.000183
711	-0.001827	0.000967	-0.000183
712	0.002118	-0.000676	-0.001662
713	0.001132	-0.002484	0.000967
714	0.003761	0.000803	0.001625
715	0.00146	-0.002648	-0.000183
716	0.00409	0.000639	0.002447
717	0.001954	-0.001169	0.001625
718	0.003597	-0.001169	0.000639
719	-0.001334	-0.000183	0.001954
720	0.002118	-1.9e-05	0.001132
721	0.004419	0.000967	-0.000183
722	0.000803	0.002447	-0.000841
723	0.00294	-0.002648	-0.001169
724	0.001625	0.002775	0.000474
725	0.001954	-0.000183	0.000146
726	0.00146	0.001789	0.002118
727	-0.000183	-0.000512	0.005241
728	-0.002484	-0.000841	0.002611
729	0.001132	0.003761	-0.001498
730	-0.001498	-0.001169	-0.000841
731	0.001296	-0.00232	-1.9e-05
732	0.000639	-0.000347	-0.003635
733	-0.002484	0.00031	-0.000183
734	0.001954	-0.003635	-0.005278
735	0.004912	0.000146	-0.003635
736	0.001789	0.000146	0.002611
737	0.000803	-0.000676	-0.003306
738	0.002775	-0.002155	-0.000347
739	-0.000676	0.000967	0.001625
740	0.001132	0.00031	-0.002155
741	-0.000841	0.000803	0.000967
742	0.002775	0.001789	-0.000347
743	-0.001169	0.002775	-0.001662
744	0.000803	0.002447	-0.000183
745	-0.001005	0.000803	-0.002977
746	0.000639	0.001789	0.000803
747	-0.001334	0.00146	-0.000183
748	-0.000512	-0.000676	0.000967
749	0.000474	-0.000183	0.000474
750	-0.000183	0.001132	0.003268
751	0.008363	0.003761	0.005898
752	0.010171	0.013294	0.011979
753	0.021183	0.020526	0.02069
754	0.029401	0.02973	0.026936
755	0.035975	0.032524	0.039591
756	0.04107	0.041564	0.040577
757	0.046001	0.049617	0.049288
758	0.052904	0.056356	0.056191
759	0.059478	0.062437	0.057506
760	0.063752	0.065231	0.062273
761	0.069997	0.075092	0.072627
762	0.074764	0.080187	0.074435
763	0.081502	0.082324	0.079037
764	0.088241	0.086104	0.087912
765	0.089391	0.093665	0.090871
766	0.097116	0.093993	0.095801
767	0.097938	0.102211	0.099253
768	0.104841	0.104184	0.105005
769	0.108621	0.107306	0.108786
770	0.113059	0.110265	0.113552
771	0.116017	0.116017	0.11536
772	0.120126	0.119304	0.121112
773	0.123413	0.123085	0.121441
774	0.129001	0.126372	0.126043
775	0.128673	0.130481	0.132289
776	0.131138	0.138699	0.134261
777	0.136891	0.13837	0.132946
778	0.136726	0.138534	0.135904
779	0.139356	0.141	0.140178
780	0.141164	0.142807	0.14215
781	0.144944	0.140178	0.142807
782	0.145602	0.147738	0.148724
783	0.14971	0.145437	0.152011
784	0.153162	0.151025	0.149217
785	0.149875	0.149217	0.14971
786	0.155463	0.153162	0.155627
787	0.158421	0.156613	0.157764
788	0.163023	0.159572	0.156285
789	0.161873	0.162202	0.160229
790	0.16138	0.163516	0.16253
791	0.162859	0.166311	0.163352
792	0.16253	0.16516	0.164338
793	0.166968	0.167297	0.164996
794	0.168118	0.165817	0.165982
795	0.169433	0.170748	0.168776
796	0.171406	0.171899	0.169926
797	0.171406	0.173049	0.169598
798	0.173378	0.173871	0.172063
799	0.174528	0.17535	0.173214
800	0.175186	0.174528	0.175515
801	0.174035	0.178144	0.176501
802	0.177651	0.176336	0.176829
803	0.176829	0.176336	0.177487
804	0.17913	0.178637	0.180116
805	0.178966	0.178473	0.178802
806	0.183239	0.182417	0.183075
807	0.184061	0.181267	0.179459
808	0.181267	0.180445	0.183404
809	0.182582	0.184718	0.186198
810	0.183897	0.186033	0.183568
811	0.182089	0.183568	0.182417
812	0.181267	0.185869	0.186526
813	0.186526	0.187513	0.185376
814	0.183075	0.189156	0.186526
815	0.183075	0.18817	0.186198
816	0.189485	0.187184	0.187513
817	0.187513	0.187019	0.188334
818	0.189156	0.187019	0.187677
819	0.190142	0.186198	0.18817
820	0.188499	0.188827	0.186033
821	0.189978	0.189814	0.19195
822	0.186526	0.18932	0.189485
823	0.18817	0.190635	0.192443
824	0.191128	0.191786	0.190307
825	0.192608	0.189814	0.19195
826	0.192279	0.190964	0.193265
827	0.192608	0.191293	0.188499
828	0.19458	0.195073	0.190142
829	0.194909	0.196223	0.191621
830	0.192443	0.192608	0.192279
831	0.194251	0.193429	0.196223
832	0.195402	0.194416	0.19573
833	0.187841	0.193265	0.194416
834	0.193922	0.192115	0.195402
835	0.189814	0.190471	0.192279
836	0.196717	0.192936	0.193429
837	0.192443	0.193922	0.193758
838	0.194909	0.194251	0.193758
839	0.195237	0.196388	0.191786
840	0.200497	0.19721	0.197045
841	0.196388	0.196223	0.19573
842	0.195237	0.197045	0.19721
843	0.197703	0.195402	0.199675
844	0.187019	0.198689	0.198689
845	0.195566	0.19573	0.197374
846	0.197867	0.199018	0.196388
847	0.197703	0.19721	0.196552
848	0.196717	0.197867	0.197374
849	0.198196	0.197374	0.197045
850	0.200168	0.196223	0.195073
851	0.199182	0.197703	0.200661
852	0.197703	0.195402	0.196223
853	0.198853	0.19721	0.199839
854	0.196881	0.196388	0.197045
855	0.186691	0.197538	0.200332
856	0.194744	0.196388	0.19836
857	0.196717	0.200497	0.198196
858	0.196388	0.196223	0.198524
859	0.196881	0.197538	0.199182
860	0.19721	0.19721	0.201319
861	0.20099	0.199346	0.198853
862	0.201976	0.197538	0.200825
863	0.199839	0.199018	0.198031
864	0.20362	0.199511	0.200661
865	0.199511	0.200004	0.199511
866	0.198853	0.198031	0.202305
867	0.201812	0.19573	0.197045
868	0.201647	0.196881	0.201647
869	0.199346	0.193265	0.198196
870	0.200825	0.198196	0.196552
871	0.199018	0.198031	0.196223
872	0.19836	0.198853	0.196552
873	0.200661	0.19721	0.200332
874	0.199511	0.199182	0.199018
875	0.200332	0.197703	0.198853
876	0.199675	0.199182	0.197867
877	0.200004	0.199511	0.20099
878	0.196881	0.200004	0.199018
879	0.203455	0.201319	0.201812
880	0.198031	0.201154	0.199182
881	0.202305	0.19721	0.197045
882	0.199182	0.197045	0.195073
883	0.202633	0.197867	0.192443
884	0.204277	0.197538	0.196388
885	0.200825	0.197045	0.199182
886	0.202798	0.195895	0.197045
887	0.204606	0.195566	0.198031
888	0.201976	0.196717	0.200825
889	0.197538	0.196717	0.199839
890	0.198524	0.199346	0.200168
891	0.197374	0.19836	0.201483
892	0.200332	0.196552	0.192772
893	0.199182	0.200168	0.199346
894	0.200168	0.20099	0.203455
895	0.200332	0.197045	0.201319
896	0.201647	0.202305	0.201483
897	0.20099	0.204277	0.199182
898	0.202305	0.199346	0.203784
899	0.205099	0.201483	0.201812
900	0.199675	0.200168	0.20099
901	0.201976	0.200168	0.198031
902	0.199675	0.201647	0.200661
903	0.199018	0.19836	0.189156
904	0.199839	0.201812	0.199018
905	0.200661	0.199346	0.200661
906	0.198031	0.200497	0.200004
907	0.198196	0.198031	0.201976
908	0.19836	0.200661	0.199675
909	0.200661	0.199675	0.20362
910	0.200497	0.199018	0.201319
911	0.197045	0.200332	0.204606
912	0.199346	0.200332	0.20099
913	0.201154	0.199675	0.20362
914	0.19573	0.200004	0.195237
915	0.20099	0.196881	0.200004
916	0.199511	0.197538	0.20099
917	0.198524	0.198524	0.199018
918	0.202633	0.196059	0.200004
919	0.201319	0.200168	0.199675
920	0.19836	0.199018	0.198853
921	0.201647	0.200825	0.200168
922	0.198524	0.199675	0.201154
923	0.199511	0.201812	0.19836
924	0.200825	0.198524	0.203126
925	0.199346	0.199511	0.195895
926	0.200825	0.199511	0.199675
927	0.199839	0.199182	0.200004
928	0.202633	0.199675	0.202962
929	0.198196	0.198853	0.199675
930	0.201319	0.197538	0.202798
931	0.201319	0.200825	0.203455
932	0.202962	0.199346	0.203126
933	0.200825	0.198524	0.203126
934	0.198689	0.199018	0.201319
935	0.19836	0.196717	0.198853
936	0.197538	0.205756	0.204113
937	0.197538	0.202633	0.197374
938	0.195895	0.20477	0.196388
939	0.200825	0.203784	0.202633
940	0.199839	0.201812	0.199018
941	0.198524	0.201812	0.201647
942	0.199182	0.200661	0.201483
943	0.202798	0.199839	0.203126
944	0.196223	0.200004	0.201319
945	0.198689	0.20099	0.201976
946	0.20099	0.19573	0.198031
947	0.20099	0.199839	0.208879
948	0.200661	0.199675	0.199511
949	0.199675	0.198853	0.200825
950	0.202305	0.195237	0.202305
951	0.20099	0.202305	0.201154
952	0.198689	0.198524	0.197867
953	0.200004	0.200168	0.198689
954	0.201976	0.201647	0.200004
955	0.198853	0.201812	0.201319
956	0.198031	0.202633	0.199675
957	0.197867	0.198524	0.200004
958	0.199675	0.199346	0.206907
959	0.19836	0.199839	0.196717
960	0.198196	0.198196	0.198689
961	0.198689	0.198524	0.201812
962	0.20099	0.197867	0.201976
963	0.20214	0.198689	0.200825
964	0.201976	0.200332	0.20477
965	0.201812	0.197867	0.202633
966	0.201154	0.201483	0.202633
967	0.202305	0.201483	0.201812
968	0.197867	0.203948	0.201319
969	0.200497	0.200004	0.202962
970	0.199182	0.200825	0.19836
971	0.199675	0.20099	0.200332
972	0.20099	0.200168	0.199018
973	0.201976	0.198689	0.200004
974	0.200825	0.200168	0.199182
975	0.200004	0.199839	0.200332
976	0.20214	0.199182	0.202469
977	0.199839	0.199675	0.202305
978	0.198524	0.197045	0.200004
979	0.199511	0.197867	0.203126
980	0.201812	0.193265	0.203784
981	0.201319	0.197867	0.200661
982	0.197867	0.197538	0.200661
983	0.201319	0.196388	0.202305
984	0.199839	0.195237	0.202305
985	0.203784	0.199839	0.196552
986	0.201483	0.203455	0.201976
987	0.203126	0.198031	0.196552
988	0.207728	0.200825	0.201154
989	0.200332	0.19573	0.199675
990	0.201319	0.199182	0.201319
991	0.201647	0.198853	0.200661
992	0.199839	0.200168	0.199182
993	0.198853	0.197703	0.199018
994	0.199182	0.200497	0.201483
995	0.197867	0.196388	0.200004
996	0.200661	0.199182	0.201319
997	0.20214	0.198031	0.199018
998	0.200004	0.200497	0.202633
999	0.200332	0.199346	0.201647
1000	0.198853	0.199346	0.201483
1001	0.199839	0.200332	0.206249
1002	0.199675	0.199346	0.198524
1003	0.202469	0.200004	0.20099
1004	0.196881	0.201812	0.201154
1005	0.201319	0.200332	0.203455
1006	0.200497	0.199839	0.199182
1007	0.199839	0.203126	0.20099
1008	0.196881	0.199018	0.198031
1009	0.199839	0.201319	0.201483
1010	0.200332	0.200168	0.198689
1011	0.20099	0.201976	0.19836
1012	0.196223	0.197538	0.202633
1013	0.200332	0.200661	0.200004
1014	0.201976	0.200004	0.201319
1015	0.198524	0.197374	0.201976
1016	0.202798	0.195566	0.199346
1017	0.203784	0.198031	0.200332
1018	0.203126	0.197045	0.20214
1019	0.201483	0.201976	0.197374
1020	0.20214	0.200825	0.203126
1021	0.201483	0.201647	0.200168
1022	0.202962	0.199839	0.201647
1023	0.201154	0.201647	0.201647
1024	0.202305	0.202469	0.20214
1025	0.201647	0.199675	0.197538
1026	0.200004	0.200661	0.202305
1027	0.201319	0.19836	0.200004
1028	0.20099	0.199839	0.200168
1029	0.200004	0.199511	0.201319
1030	0.199839	0.201812	0.198689
1031	0.200168	0.197045	0.202305
1032	0.198853	0.20099	0.19836
1033	0.201976	0.198689	0.19836
1034	0.20362	0.197538	0.198689
1035	0.200825	0.195237	0.198031
1036	0.201647	0.196223	0.196059
1037	0.201976	0.20099	0.199182
1038	0.197374	0.198853	0.200168
1039	0.199511	0.203455	0.202305
1040	0.199346	0.204606	0.200661
1041	0.200497	0.202305	0.199675
1042	0.200661	0.198524	0.201812
1043	0.197703	0.202798	0.20099
1044	0.200004	0.202305	0.200332
1045	0.198853	0.199839	0.200497
1046	0.200661	0.200168	0.203455
1047	0.199675	0.200825	0.198524
1048	0.199346	0.199018	0.201154
1049	0.199839	0.200497	0.200168
1050	0.198524	0.199018	0.198853
1051	0.202633	0.199018	0.201483
1052	0.200332	0.199839	0.20214
1053	0.200497	0.197703	0.199675
1054	0.20099	0.199839	0.204441
1055	0.199839	0.203291	0.202305
1056	0.201647	0.199018	0.202798
1057	0.199675	0.198853	0.200661
1058	0.198689	0.20099	0.201154
1059	0.198031	0.197703	0.199346
1060	0.202798	0.200168	0.197703
1061	0.199675	0.200168	0.198196
1062	0.197703	0.201812	0.201319
1063	0.197538	0.199182	0.199018
1064	0.200168	0.201154	0.199511
1065	0.198853	0.200661	0.200825
1066	0.19836	0.201812	0.201319
1067	0.199511	0.198196	0.201319
1068	0.203126	0.195895	0.198524
1069	0.201812	0.19836	0.200661
1070	0.198689	0.193101	0.19836
1071	0.20362	0.201154	0.20214
1072	0.202305	0.196881	0.198196
1073	0.201647	0.199182	0.201647
1074	0.201647	0.199675	0.199675
1075	0.203784	0.200168	0.199511
1076	0.201647	0.199839	0.203784
1077	0.200004	0.201976	0.201319
1078	0.201976	0.198853	0.200332
1079	0.200168	0.200825	0.199675
1080	0.199675	0.199839	0.199511
1081	0.198031	0.198689	0.19721
1082	0.200168	0.197374	0.200497
1083	0.201976	0.19836	0.199511
1084	0.199675	0.196717	0.199839
1085	0.197538	0.195402	0.195073
1086	0.201976	0.201319	0.202962
1087	0.195895	0.198689	0.200497
1088	0.199346	0.202305	0.200332
1089	0.199018	0.19836	0.200004
1090	0.202962	0.193922	0.200661
1091	0.20099	0.198031	0.201319
1092	0.200004	0.199839	0.199346
1093	0.202305	0.200168	0.202469
1094	0.200168	0.200825	0.200497
1095	0.200661	0.113552	0.199675
1096	0.199018	0.118483	0.19836
1097	0.201319	-0.000183	0.200661
1098	0.198853	0.008857	0.197867
1099	0.200661	0.018882	0.201483
1100	0.199182	0.022663	0.197538
1101	0.19836	0.031867	0.200332
1102	0.198853	0.037948	0.198853
1103	0.199346	0.044851	0.200004
1104	0.20099	0.051754	0.199182
1105	0.200497	0.058821	0.200497
1106	0.194909	0.062273	0.201319
1107	0.200332	0.069011	0.200825
1108	0.199675	0.072298	0.202633
1109	0.198031	0.081174	0.200661
1110	0.197867	0.086104	0.200825
1111	0.199018	0.090213	0.198853
1112	0.203948	0.053726	0.202469
1113	0.199346	0.053562	0.200168
1114	0.201647	0.05915	0.200004
1115	0.201976	0.065067	0.197867
1116	0.199511	0.072627	0.202633
1117	0.196388	0.076243	0.197867
1118	0.200168	0.083803	0.198689
1119	0.199839	0.088077	0.201812
1120	0.196223	0.092186	0.199675
1121	0.199675	0.093007	0.20099
1122	0.200004	0.09876	0.199182
1123	0.20099	0.100896	0.203948
1124	0.19836	0.106813	0.201154
1125	0.200332	0.108621	0.198689
1126	0.200497	0.115031	0.201812
1127	0.201483	0.11799	0.203784
1128	0.199346	0.12292	0.199018
1129	0.201976	0.122427	0.201812
1130	0.200661	0.008528	0.201154
1131	0.200332	0.017239	0.201319
1132	0.201319	0.026443	0.198853
1133	0.197703	0.031373	0.200004
1134	0.199018	0.03992	0.199346
1135	0.197538	0.04896	0.202305
1136	0.197045	0.054712	0.200825
1137	0.198853	0.061122	0.198853
1138	0.202633	0.00031	0.199018
1139	0.201154	0.007049	0.202469
1140	0.200661	0.013952	0.201319
1141	0.198524	0.02595	0.202305
1142	0.201483	0.030716	0.202633
1143	0.197374	0.03614	0.200825
1144	0.198524	0.002447	0.20099
1145	0.197703	0.006884	0.200497
1146	0.201647	0.004583	0.200004
1147	0.200168	0.009185	0.199511
1148	0.200825	0.016417	0.201483
1149	0.200661	0.024964	0.199018
1150	0.199839	0.031702	0.198689
1151	0.200332	0.034825	0.19836
1152	0.20099	0.043865	0.201483
1153	0.199675	0.041564	0.201319
1154	0.198689	0.024964	0.199018
1155	0.199018	0.028908	0.202798
1156	0.198853	0.036469	0.20214
1157	0.198524	0.042221	0.20099
1158	0.195402	0.041892	0.200004
1159	0.199346	0.045344	0.199018
1160	0.19458	0.010829	0.199018
1161	0.197045	0.004419	0.200825
1162	0.197867	0.009021	0.199346
1163	0.201976	0.001625	0.200332
1164	0.199839	0.002447	0.200497
1165	0.200661	0.010664	0.201976
1166	0.201812	0.014773	0.199675
1167	0.198524	0.022005	0.200661
1168	0.196223	0.022498	0.198524
1169	0.199182	0.023813	0.198031
1170	0.198853	0.014609	0.203291
1171	0.200004	0.012472	0.19836
1172	0.202962	0.00787	0.200497
1173	0.198031	0.014938	0.199018
1174	0.202633	0.020197	0.201976
1175	0.196223	0.025785	0.197374
1176	0.198689	0.034496	0.198196
1177	0.199675	0.03351	0.199018
1178	0.199346	0.037783	0.204441
1179	0.200004	0.038276	0.198524
1180	0.199839	0.038769	0.201976
1181	0.204934	0.043865	0.201154
1182	0.199018	0.050603	0.199839
1183	0.199346	0.024142	0.19836
1184	0.199675	0.029237	0.19721
1185	0.20099	0.035975	0.199839
1186	0.198031	0.039263	0.197538
1187	0.200004	0.047973	0.200004
1188	0.199839	0.04896	0.19458
1189	0.200168	0.05537	0.201154
1190	0.19573	0.060136	0.198524
1191	0.196717	0.066053	0.199346
1192	0.19836	0.066381	0.198524
1193	0.196059	0.070983	0.20099
1194	0.198689	0.071477	0.201319
1195	0.199839	0.075914	0.200661
1196	0.200661	0.075257	0.20214
1197	0.200004	0.080845	0.201647
1198	0.199182	0.081667	0.202798
1199	0.201483	0.086597	0.203784
1200	0.20214	0.086597	0.202962
1201	0.199346	0.091857	0.199839
1202	0.200004	0.093993	0.200332
1203	0.200004	0.094815	0.198524
1204	0.200661	0.099089	0.200497
1205	0.197867	0.098924	0.199346
1206	0.199018	0.102704	0.199675
1207	0.195237	0.103855	0.19836
1208	0.197374	0.104348	0.202633
1209	0.197045	0.10517	0.197867
1210	0.198689	0.106649	0.198196
1211	0.19721	0.107635	0.205263
1212	0.198524	0.110593	0.200332
1213	0.199839	0.112073	0.201154
1214	0.200497	0.11799	0.201154
1215	0.201319	0.120291	0.201976
1216	0.20099	0.123249	0.199839
1217	0.201319	0.123249	0.200497
1218	0.196059	0.122263	0.200004
1219	0.201483	0.121277	0.200497
1220	0.198689	0.124399	0.199675
1221	0.200497	0.125057	0.202633
1222	0.200004	0.127029	0.199839
1223	0.199346	0.12933	0.201483
1224	0.197538	0.130809	0.196881
1225	0.198853	0.134097	0.201976
1226	0.200332	0.137877	0.197867
1227	0.19836	0.140835	0.197374
1228	0.200332	0.140835	0.201812
1229	0.200332	0.146095	0.200497
1230	0.199675	0.14478	0.201319
1231	0.201647	0.145766	0.200497
1232	0.200004	0.004255	0.200168
1233	0.198853	0.00409	0.200332
1234	0.20362	0.010007	0.201483
1235	0.199675	0.016746	0.198031
1236	0.202633	0.024964	0.198031
1237	0.197374	0.036304	0.200332
1238	0.201483	0.043207	0.196717
1239	0.201154	0.051754	0.196388
1240	0.200168	0.054055	0.201812
1241	0.197374	0.059807	0.198524
1242	0.200661	0.062601	0.199675
1243	0.199182	0.07049	0.199511
1244	0.199018	0.07838	0.198524
1245	0.200168	0.080845	0.201319
1246	0.199346	0.089227	0.201647
1247	0.201483	0.091857	0.201647
1248	0.198853	0.097281	0.200497
1249	0.202798	0.100896	0.204277
1250	0.200332	0.104512	0.200004
1251	0.203784	0.109114	0.203948
1252	0.199346	0.111415	0.200497
1253	0.201647	0.114867	0.202469
1254	0.199839	0.120948	0.201976
1255	0.197045	0.124399	0.200168
1256	0.196881	0.124399	0.198853
1257	0.199346	0.129001	0.198853
1258	0.197867	0.12933	0.19836
1259	0.200661	0.133932	0.200004
1260	0.201154	0.134261	0.203126
1261	0.200825	0.139027	0.201976
1262	0.202962	0.103197	0.202798
1263	0.198853	0.054712	0.201812
1264	0.201976	0.056191	0.198689
1265	0.199018	0.001789	0.201483
1266	0.20099	0.008692	0.202798
1267	0.199018	0.015595	0.198031
1268	0.197867	0.022334	0.20099
1269	0.199018	0.031538	0.199511
1270	0.201647	0.040577	0.201483
1271	0.200168	0.046659	0.200004
1272	0.199675	0.054712	0.198031
1273	0.201812	0.058657	0.200661
1274	0.198196	0.065395	0.200332
1275	0.198853	0.067203	0.199839
1276	0.199018	0.076079	0.201154
1277	0.200004	0.080516	0.202305
1278	0.198031	0.085283	0.197045
1279	0.201647	0.089556	0.201483
1280	0.197045	0.094487	0.199018
1281	0.202633	0.097445	0.201154
1282	0.195237	0.099253	0.200497
1283	0.198524	0.106649	0.196552
1284	0.201647	0.108786	0.201154
1285	0.199346	0.105827	0.200004
1286	0.200168	0.113059	0.198524
1287	0.199182	0.120126	0.200004
1288	0.200004	0.124728	0.197538
1289	0.197703	0.127358	0.200825
1290	0.199839	0.130316	0.200004
1291	0.200661	0.133439	0.199346
1292	0.202633	0.139192	0.198689
1293	0.199346	0.143136	0.200004
1294	0.201319	0.143629	0.200004
1295	0.198196	0.144944	0.19836
1296	0.199839	0.142479	0.198853
1297	0.198031	0.145437	0.19721
1298	0.199675	0.147574	0.199675
1299	0.19836	0.151025	0.201647
1300	0.199511	0.153162	0.199675
1301	0.198853	0.154806	0.201319
1302	0.200332	0.158421	0.201319
1303	0.199511	0.159572	0.201154
1304	0.201483	0.16138	0.200332
1305	0.198853	0.162202	0.200825
1306	0.200497	0.164831	0.199511
1307	0.200004	0.159079	0.200497
1308	0.197045	0.167297	0.200332
1309	0.198689	0.171734	0.200825
1310	0.197374	0.169269	0.200497
1311	0.198853	0.171241	0.200004
1312	0.196552	0.173049	0.198031
1313	0.198524	0.171899	0.201154
1314	0.196881	0.173049	0.198689
1315	0.199346	0.171406	0.198853
1316	0.198524	0.174364	0.199018
1317	0.199018	0.176501	0.201154
1318	0.19458	0.166639	0.197703
1319	0.196717	0.176829	0.202469
1320	0.19836	0.176665	0.198524
1321	0.198524	0.180116	0.200168
1322	0.199346	0.180938	0.199018
1323	0.199511	0.181267	0.199018
1324	0.202305	0.182089	0.199839
1325	0.196717	0.186362	0.197538
1326	0.20099	0.185047	0.202798
1327	0.199182	0.187184	0.201319
1328	0.200497	0.186198	0.20099
1329	0.199511	0.177815	0.199018
1330	0.200004	0.181924	0.201319
1331	0.196388	0.183732	0.199346
1332	0.196223	0.185705	0.198689
1333	0.195237	0.184554	0.199839
1334	0.201976	0.185869	0.200004
1335	0.197703	0.180938	0.198031
1336	0.199182	0.190635	0.196881
1337	0.200661	0.189156	0.195237
1338	0.197867	0.189814	0.195237
1339	0.199182	0.190307	0.202962
1340	0.198031	0.187348	0.200497
1341	0.201319	0.1908	0.200825
1342	0.195566	0.194416	0.200004
1343	0.19836	0.19458	0.201812
1344	0.19458	0.192443	0.198524
1345	0.198524	0.192443	0.201647
1346	0.200168	0.1908	0.197045
1347	0.198524	0.194744	0.197374
1348	0.199182	0.193594	0.198031
1349	0.199839	0.192772	0.197867
1350	0.200004	0.193922	0.199675
1351	0.198689	0.193594	0.200661
1352	0.197374	0.192772	0.20214
1353	0.197703	0.194416	0.198689
1354	0.20099	0.19195	0.199839
1355	0.197867	0.192443	0.199675
1356	0.196059	0.195566	0.200825
1357	0.198196	0.19458	0.199018
1358	0.197703	0.196223	0.202633
1359	0.196552	0.197867	0.197538
1360	0.198196	0.198031	0.198524
1361	0.196717	0.197538	0.201154
1362	0.199346	0.202469	0.199675
1363	0.200004	0.193429	0.198524
1364	0.199675	0.195073	0.201647
1365	0.199675	0.196059	0.199675
1366	0.199346	0.195237	0.198196
1367	0.195073	0.191786	0.197703
1368	0.194909	0.191293	0.197867
1369	0.200825	0.190471	0.199346
1370	0.197374	0.191293	0.198853
1371	0.200497	0.185705	0.19836
1372	0.198031	0.187019	0.199182
1373	0.199511	0.192443	0.201812
1374	0.199182	0.187677	0.200497
1375	0.200168	0.186198	0.20099
1376	0.200497	0.189156	0.19836
1377	0.20099	0.189978	0.198524
1378	0.197045	0.187184	0.198689
1379	0.200661	0.187513	0.199675
1380	0.20214	0.185705	0.198689
1381	0.199675	0.188006	0.200825
1382	0.197045	0.188499	0.198524
1383	0.197538	0.188006	0.198196
1384	0.197703	0.192279	0.196881
1385	0.197374	0.184883	0.198524
1386	0.199675	0.188499	0.200004
1387	0.196223	0.19195	0.197045
1388	0.197703	0.190307	0.197538
1389	0.199018	0.192115	0.200168
1390	0.198853	0.19195	0.20362
1391	0.200497	0.191621	0.200497
1392	0.19721	0.193594	0.199346
1393	0.198689	0.192772	0.198524
1394	0.20214	0.188992	0.203455
1395	0.200168	0.195566	0.202633
1396	0.200825	0.192772	0.196552
1397	0.200497	0.1908	0.199511
1398	0.200332	0.195402	0.20099
1399	0.199182	0.19458	0.198689
1400	0.198031	0.194909	0.199182
1401	0.200497	0.192936	0.199018
1402	0.198689	0.196388	0.197867
1403	0.198689	0.197538	0.200004
1404	0.196552	0.194087	0.197045
1405	0.199839	0.193429	0.200168
1406	0.198689	0.198196	0.200661
1407	0.200497	0.19458	0.200332
1408	0.195566	0.194909	0.199018
1409	0.198689	0.196552	0.200497
1410	0.199839	0.19458	0.200332
1411	0.200168	0.194416	0.200168
1412	0.200661	0.192608	0.201647
1413	0.20214	0.199346	0.200332
1414	0.202469	0.196388	0.200168
1415	0.199018	0.19721	0.196717
1416	0.202469	0.195402	0.199018
1417	0.196552	0.198689	0.197703
1418	0.199675	0.195073	0.199182
1419	0.200004	0.19458	0.19721
1420	0.200497	0.193758	0.20099
1421	0.197538	0.197867	0.197703
1422	0.19836	0.197045	0.196223
1423	0.199675	0.194087	0.198853
1424	0.200661	0.199839	0.200661
1425	0.199182	0.196717	0.199839
1426	0.200497	0.19836	0.19836
1427	0.202962	0.193265	0.201976
1428	0.200825	0.198689	0.201319
1429	0.201154	0.198524	0.199182
1430	0.201319	0.195895	0.198689
1431	0.201483	0.195073	0.201483
1432	0.200168	0.199511	0.195895
1433	0.197867	0.196881	0.197703
1434	0.199675	0.195566	0.197703
1435	0.19836	0.193594	0.197374
1436	0.199839	0.196717	0.195566
1437	0.199346	0.198689	0.197703
1438	0.201154	0.19836	0.200168
1439	0.19721	0.198853	0.200332
1440	0.197045	0.197867	0.197867
1441	0.199182	0.197538	0.201154
1442	0.201154	0.19836	0.200332
1443	0.196059	0.199511	0.200497
1444	0.204606	0.195566	0.200168
1445	0.201976	0.198853	0.203291
1446	0.201319	0.200332	0.202798
1447	0.200004	0.201319	0.200497
1448	0.201319	0.198524	0.19836
1449	0.201812	0.201483	0.199675
1450	0.199839	0.200497	0.199346
1451	0.199839	0.200332	0.199182
1452	0.200332	0.199675	0.199675
1453	0.198031	0.199182	0.200332
1454	0.198524	0.199182	0.197867
1455	0.19573	0.19836	0.198689
1456	0.201976	0.199018	0.199675
1457	0.198689	0.200332	0.200168
1458	0.198689	0.197867	0.202305
1459	0.199018	0.197374	0.199511
1460	0.200332	0.19721	0.200825
1461	0.200825	0.200497	0.202469
1462	0.199346	0.197374	0.200825
1463	0.200825	0.198031	0.201319
1464	0.198524	0.199182	0.20099
1465	0.199511	0.198853	0.199839
1466	0.200004	0.199675	0.198524
1467	0.201483	0.199511	0.199675
1468	0.201319	0.199018	0.199675
1469	0.202469	0.197045	0.199346
1470	0.20099	0.198031	0.196388
1471	0.202962	0.201154	0.201154
1472	0.199346	0.200332	0.198524
1473	0.199839	0.198853	0.198689
1474	0.199182	0.198853	0.200497
1475	0.198689	0.199511	0.201976
1476	0.201647	0.19836	0.19836
1477	0.19836	0.201647	0.201483
1478	0.201812	0.19836	0.203291
1479	0.199346	0.198031	0.20099
1480	0.198524	0.198853	0.200661
1481	0.200004	0.19836	0.197867
1482	0.20362	0.197703	0.199675
1483	0.197703	0.199675	0.199018
1484	0.201647	0.197045	0.200168
1485	0.198031	0.19458	0.195895
1486	0.20099	0.194744	0.201647
1487	0.197867	0.1908	0.199839
1488	0.200661	0.192443	0.19836
1489	0.199511	0.192279	0.198689
1490	0.198196	0.193758	0.199346
1491	0.19836	0.192608	0.199675
1492	0.198524	0.193922	0.192936
1493	0.200661	0.192115	0.201976
1494	0.199839	0.195073	0.199675
1495	0.201319	0.194251	0.200497
1496	0.197703	0.195895	0.200497
1497	0.199018	0.194744	0.203126
1498	0.19836	0.194909	0.198853
1499	0.199511	0.196388	0.201154
1500	0.199346	0.195237	0.199675
1501	0.200332	0.196223	0.200332
1502	0.199839	0.196388	0.19836
1503	0.200004	0.196717	0.198031
1504	0.201319	0.19573	0.200168
1505	0.194087	0.197045	0.199511
1506	0.199346	0.194744	0.197703
1507	0.19721	0.196223	0.196223
1508	0.197867	0.197538	0.199346
1509	0.198689	0.199346	0.197703
1510	0.200168	0.19573	0.199346
1511	0.194909	0.19836	0.202305
1512	0.199018	0.194909	0.198196
1513	0.198689	0.198196	0.199182
1514	0.199839	0.197703	0.199346
1515	0.200825	0.196881	0.199182
1516	0.199675	0.197538	0.200661
1517	0.201976	0.19721	0.199018
1518	0.202962	0.196552	0.197374
1519	0.200497	0.196717	0.200332
1520	0.201154	0.199839	0.197374
1521	0.205099	0.19721	0.197867
1522	0.199182	0.198853	0.198524
1523	0.200004	0.198196	0.199675
1524	0.200661	0.199346	0.199346
1525	0.199839	0.197867	0.199346
1526	0.200004	0.199018	0.198853
1527	0.198853	0.195895	0.200497
1528	0.197867	0.199018	0.198196
1529	0.200825	0.194909	0.200004
1530	0.198524	0.195237	0.20099
1531	0.199018	0.198689	0.200661
1532	0.203291	0.195566	0.194744
1533	0.204113	0.196881	0.193922
1534	0.201154	0.196717	0.19836
1535	0.200825	0.202633	0.199675
1536	0.200825	0.200168	0.19836
1537	0.201647	0.200825	0.197538
1538	0.201483	0.200332	0.200004
1539	0.19836	0.200661	0.201647
1540	0.197867	0.196388	0.198853
1541	0.199675	0.200497	0.201976
1542	0.201976	0.200168	0.199346
1543	0.199675	0.198853	0.200004
1544	0.201812	0.198524	0.200497
1545	0.196717	0.200825	0.196388
1546	0.19836	0.201154	0.200004
1547	0.196881	0.197703	0.199182
1548	0.199346	0.198524	0.201319
1549	0.198031	0.200168	0.201483
1550	0.199182	0.199839	0.201319
1551	0.199839	0.197867	0.201319
1552	0.200497	0.199346	0.203291
1553	0.201319	0.198689	0.205592
1554	0.202469	0.200497	0.202305
1555	0.198031	0.197538	0.20214
1556	0.199675	0.201319	0.200661
1557	0.200497	0.200004	0.201976
1558	0.199675	0.202469	0.199018
1559	0.197045	0.201647	0.200661
1560	0.197374	0.200825	0.197538
1561	0.200825	0.200661	0.202305
1562	0.196552	0.200332	0.196881
1563	0.196059	0.19836	0.200497
1564	0.199182	0.198196	0.197374
1565	0.200168	0.199018	0.197374
1566	0.201812	0.196059	0.201647
1567	0.201319	0.200332	0.198689
1568	0.200661	0.200332	0.201483
1569	0.199839	0.199511	0.201976
1570	0.198689	0.199346	0.199018
1571	0.201976	0.200004	0.198689
1572	0.202305	0.200332	0.200661
1573	0.19836	0.200168	0.200825
1574	0.20214	0.198689	0.200825
1575	0.199675	0.199839	0.198524
1576	0.201976	0.021676	0.199346
1577	0.200168	0.0271	0.197538
1578	0.199675	0.036469	0.199182
1579	0.19836	0.041235	0.199511
1580	0.197867	0.047809	0.20099
1581	0.200332	0.055041	0.199839
1582	0.19836	0.063587	0.201812
1583	0.201319	0.063916	0.200168
1584	0.206249	0.075092	0.203126
1585	0.202469	0.07838	0.20099
1586	0.201812	0.086104	0.198524
1587	0.202633	0.08857	0.198853
1588	0.201647	0.093829	0.199346
1589	0.199839	0.099089	0.199675
1590	0.199346	0.101554	0.198196
1591	0.201319	0.108293	0.201319
1592	0.197703	0.111744	0.200332
1593	0.200497	0.116346	0.198524
1594	0.200004	0.115689	0.199839
1595	0.19836	0.123578	0.198689
1596	0.196552	0.123085	0.197703
1597	0.198524	0.123085	0.199675
1598	0.199346	0.127687	0.200168
1599	0.199018	0.13196	0.197867
1600	0.199346	0.133768	0.20099
1601	0.200168	0.138699	0.198196
1602	0.200168	0.139192	0.200825
1603	0.194744	0.142643	0.198524
1604	0.200332	0.146095	0.199839
1605	0.193594	0.147409	0.199018
1606	0.199675	0.147409	0.201976
1607	0.196059	0.152176	0.197374
1608	0.199839	0.15234	0.200004
1609	0.200332	0.157435	0.200497
1610	0.201647	0.156449	0.199839
1611	0.20362	0.161544	0.200004
1612	0.199675	0.162202	0.201319
1613	0.200332	0.163188	0.198196
1614	0.199346	0.167132	0.199346
1615	0.19721	0.164667	0.200825
1616	0.19836	0.165982	0.198853
1617	0.199675	0.166475	0.199839
1618	0.195402	0.170419	0.195895
1619	0.203948	0.172885	0.199675
1620	0.198524	0.171241	0.199182
1621	0.199346	0.169598	0.200004
1622	0.200497	0.178802	0.200004
1623	0.20099	0.176994	0.202469
1624	0.199839	0.177158	0.20099
1625	0.199675	0.177815	0.200497
1626	0.198853	0.179623	0.198524
1627	0.201812	0.178966	0.200497
1628	0.199182	0.179952	0.199018
1629	0.199182	0.182582	0.198689
1630	0.201812	0.181431	0.198196
1631	0.200825	0.183404	0.197538
1632	0.199839	0.180445	0.195402
1633	0.199839	0.182582	0.189814
1634	0.200661	0.178802	0.198524
1635	0.199346	0.186362	0.197867
1636	0.198196	0.185047	0.198853
1637	0.199346	0.185376	0.198853
1638	0.20099	0.183897	0.201319
1639	0.198031	0.187677	0.200168
1640	0.199675	0.183075	0.200497
1641	0.200825	0.175843	0.200168
1642	0.201483	0.180281	0.200332
1643	0.200497	0.179295	0.201319
1644	0.201319	0.181924	0.200497
1645	0.201154	0.180445	0.200497
1646	0.195895	0.184718	0.199182
1647	0.199018	0.17913	0.201154
1648	0.201319	0.185047	0.20099
1649	0.199839	0.186033	0.199675
1650	0.199018	0.185705	0.196717
1651	0.201812	0.18554	0.200168
1652	0.201154	0.187019	0.196717
1653	0.202633	0.184883	0.202798
1654	0.199018	0.185212	0.206414
1655	0.196059	0.189485	0.201812
1656	0.19836	0.186198	0.202798
1657	0.188334	0.189156	0.203126
1658	0.19721	0.187019	0.200168
1659	0.198689	0.191457	0.200825
1660	0.200004	0.188827	0.201319
1661	0.200332	0.193594	0.199675
1662	0.200661	0.190307	0.198689
1663	0.200004	0.191621	0.198524
1664	0.202305	0.192115	0.199346
1665	0.198853	0.192443	0.19836
1666	0.201647	0.19195	0.200332
1667	0.200332	0.193429	0.197045
1668	0.191128	0.192936	0.109114
1669	0.19721	0.191457	0.108621
1670	0.199018	0.192772	0.111908
1671	0.199346	0.192772	0.115524
1672	0.199182	0.193265	0.117496
1673	0.199511	0.192772	0.122098
1674	0.199511	0.196717	0.125057
1675	0.200004	0.195073	0.12555
1676	0.202962	0.191293	0.131138
1677	0.200332	0.198031	0.130152
1678	0.199839	0.197374	0.134425
1679	0.195895	0.195237	0.140671
1680	0.197538	0.198689	0.138534
1681	0.201647	0.193758	0.144287
1682	0.199346	0.195402	0.145273
1683	0.197703	0.197045	0.136233
1684	0.197867	0.195566	0.142643
1685	0.19836	0.191786	0.019704
1686	0.20214	0.193594	0.02595
1687	0.19836	0.19573	0.034168
1688	0.199018	0.195895	0.043536
1689	0.199346	0.198196	0.050439
1690	0.198196	0.196223	0.057506
1691	0.199839	0.198524	0.063587
1692	0.198196	0.19573	0.069011
1693	0.198689	0.19836	0.073449
1694	0.200661	0.197045	0.071805
1695	0.199839	0.199511	0.080681
1696	0.201483	0.19836	0.090378
1697	0.201483	0.196552	0.09235
1698	0.205592	0.199346	0.097774
1699	0.202633	0.203291	0.101061
1700	0.200825	0.200825	0.10632
1701	0.203784	0.19721	0.111087
1702	0.201976	0.196388	0.109772
1703	0.201154	0.20099	0.11651
1704	0.202469	0.196059	0.117496
1705	0.199182	0.198853	0.112566
1706	0.198689	0.199182	0.125386
1707	0.196881	0.19836	0.129495
1708	0.200332	0.197867	0.132124
1709	0.200004	0.197703	0.136562
1710	0.199018	0.199839	0.137712
1711	0.200168	0.19836	0.143301
1712	0.20477	0.199675	0.143301
1713	0.199346	0.199346	0.147081
1714	0.200168	0.200168	0.147245
1715	0.200825	0.19836	0.150697
1716	0.202305	0.198689	0.146916
1717	0.201647	0.20099	0.151683
1718	0.198524	0.196388	0.153819
1719	0.200825	0.198031	0.158093
1720	0.199675	0.19573	0.155792
1721	0.201154	0.199839	0.159243
1722	0.198853	0.198031	0.162695
1723	0.203784	0.199675	0.165324
1724	0.198689	0.198853	0.164338
1725	0.19836	0.200497	0.165489
1726	0.199346	0.195402	0.169926
1727	0.19836	0.19721	0.168776
1728	0.200661	0.199182	0.171406
1729	0.19836	0.198689	0.170255
1730	0.200661	0.197867	0.172885
1731	0.200004	0.193429	0.175021
1732	0.201483	0.198524	0.171734
1733	0.200332	0.197703	0.173214
1734	0.208386	0.199182	0.176501
1735	0.196388	0.197538	0.1742
1736	0.199182	0.19721	0.176501
1737	0.198853	0.19721	0.175515
1738	0.197538	0.19721	0.181924
1739	0.199018	0.197045	0.180116
1740	0.196223	0.200004	0.178144
1741	0.197374	0.196059	0.184061
1742	0.199839	0.200332	0.183239
1743	0.199182	0.199018	0.183897
1744	0.198031	0.199511	0.183404
1745	0.200168	0.198196	0.188663
1746	0.198689	0.198524	0.186198
1747	0.199511	0.201483	0.187841
1748	0.200004	0.201976	0.186526
1749	0.201976	0.201319	0.192608
1750	0.197538	0.200168	0.187348
1751	0.19573	0.200332	0.190635
1752	0.201319	0.201319	0.186198
1753	0.198524	0.199675	0.188006
1754	0.199346	0.199346	0.192772
1755	0.199182	0.20477	0.189814
1756	0.196223	0.199839	0.190635
1757	0.195895	0.199346	0.190635
1758	0.197538	0.199675	0.193101
1759	0.19573	0.19836	0.190471
1760	0.198524	0.197703	0.196388
1761	0.194416	0.19836	0.192608
1762	0.198689	0.199839	0.194909
1763	0.201154	0.195895	0.192608
1764	0.201154	0.199346	0.195895
1765	0.200497	0.200332	0.192608
1766	0.201483	0.199182	0.192115
1767	0.199182	0.19721	0.19458
1768	0.198031	0.200497	0.193429
1769	0.200004	0.198689	0.192772
1770	0.198031	0.199839	0.192443
1771	0.200168	0.19836	0.197703
1772	0.198853	0.201647	0.192443
1773	0.199182	0.199675	0.19458
1774	0.200168	0.199511	0.193922
1775	0.200497	0.197867	0.19573
1776	0.198196	0.198853	0.194416
1777	0.199018	0.198524	0.193265
1778	0.200661	0.198196	0.196717
1779	0.197045	0.199018	0.197538
1780	0.198031	0.197374	0.197045
1781	0.199346	0.197867	0.199511
1782	0.200004	0.198031	0.199346
1783	0.200661	0.198196	0.192936
1784	0.199018	0.197374	0.198689
1785	0.204277	0.200661	0.199839
1786	0.204277	0.203784	0.19573
1787	0.200168	0.20099	0.195402
1788	0.201154	0.198689	0.197045
1789	0.201319	0.201483	0.19836
1790	0.198524	0.201647	0.19836
1791	0.200332	0.199346	0.19721
1792	0.198196	0.200168	0.197538
1793	0.198031	0.199182	0.196552
1794	0.199675	0.201483	0.197374
1795	0.197374	0.196388	0.197867
1796	0.200332	0.199346	0.19721
1797	0.200004	0.198524	0.198853
1798	0.200825	0.200004	0.197867
1799	0.199675	0.197374	0.197867
1800	0.19721	0.200332	0.19836
1801	0.197045	0.197045	0.19836
1802	0.200168	0.199346	0.195895
1803	0.197703	0.197538	0.199511
1804	0.197374	0.199675	0.193594
1805	0.200168	0.200497	0.19573
1806	0.197374	0.200497	0.196223
1807	0.199346	0.198196	0.197867
1808	0.200332	0.200332	0.197374
1809	0.201812	0.201319	0.199182
1810	0.199182	0.19573	0.196388
1811	0.201319	0.199346	0.200168
1812	0.200497	0.19721	0.199018
1813	0.20099	0.197703	0.199839
1814	0.200497	0.196717	0.199182
1815	0.199675	0.200661	0.199346
1816	0.200825	0.195895	0.197538
1817	0.196223	0.195073	0.199675
1818	0.201483	0.203784	0.197374
1819	0.201812	0.199839	0.19836
1820	0.20099	0.198689	0.199675
1821	0.199675	0.20099	0.196223
1822	0.20214	0.200004	0.199839
1823	0.199182	0.199018	0.19836
1824	0.20099	0.20099	0.200661
1825	0.200004	0.198196	0.197045
1826	0.201647	0.197703	0.200825
1827	0.199346	0.197703	0.197374
1828	0.198031	0.196059	0.197867
1829	0.199346	0.198524	0.198524
1830	0.200332	0.199018	0.195895
1831	0.200497	0.195237	0.19836
1832	0.199511	0.198853	0.197538
1833	0.200004	0.19836	0.199839
1834	0.200332	0.197538	0.19458
1835	0.199182	0.194909	0.198031
1836	0.199018	0.200004	0.19836
1837	0.202962	0.201319	0.199182
1838	0.199675	0.201812	0.195237
1839	0.201647	0.19836	0.199675
1840	0.20214	0.201483	0.199018
1841	0.199511	0.200332	0.198196
1842	0.19836	0.20099	0.195895
1843	0.200168	0.199839	0.199839
1844	0.200332	0.19836	0.200168
1845	0.199018	0.19836	0.199346
1846	0.200332	0.197867	0.200661
1847	0.199346	0.199346	0.19836
1848	0.20099	0.197374	0.202633
1849	0.196552	0.199346	0.19573
1850	0.199182	0.195895	0.199839
1851	0.199675	0.196059	0.19836
1852	0.20099	0.196388	0.201319
1853	0.200332	0.198524	0.19721
1854	0.199346	0.196552	0.201976
1855	0.198031	0.200004	0.200004
1856	0.201812	0.19721	0.204934
1857	0.19573	0.199839	0.20099
1858	0.201647	0.199839	0.200004
1859	0.199675	0.198196	0.202962
1860	0.19836	0.199839	0.197538
1861	0.197703	0.199346	0.198689
1862	0.200497	0.199182	0.199182
1863	0.200168	0.198524	0.200497
1864	0.20099	0.199511	0.197538
1865	0.202469	0.19721	0.197703
1866	0.201976	0.19836	0.199018
1867	0.201319	0.19836	0.199018
1868	0.199346	0.19573	0.198031
1869	0.201154	0.19836	0.200825
1870	0.200332	0.19721	0.200332
1871	0.202469	0.199346	0.199839
1872	0.199511	0.198689	0.200004
1873	0.204113	0.20214	0.199839
1874	0.202469	0.199675	0.202305
1875	0.200825	0.201319	0.19836
1876	0.203948	0.199346	0.199675
1877	0.201647	0.204113	0.199839
1878	0.20099	0.195895	0.198689
1879	0.200004	0.198524	0.201319
1880	0.200332	0.19836	0.20099
1881	0.199839	0.197867	0.195895
1882	0.200004	0.197374	0.196881
1883	0.199182	0.199182	0.197045
1884	0.201647	0.196388	0.198689
1885	0.200004	0.196552	0.194744
1886	0.201319	0.198196	0.196223
1887	0.200825	0.19721	0.197703
1888	0.201647	0.198524	0.201319
1889	0.198689	0.198196	0.200661
1890	0.200332	0.201319	0.199839
1891	0.201154	0.201812	0.199675
1892	0.196223	0.195237	0.197703
1893	0.199675	0.196059	0.198196
1894	0.199346	0.20099	0.198196
1895	0.201647	0.198689	0.200168
1896	0.199018	0.198196	0.197045
1897	0.201154	0.199511	0.197374
1898	0.200825	0.200497	0.199182
1899	0.200825	0.198853	0.202633
1900	0.198031	0.197374	0.19836
1901	0.200825	0.200661	0.20362
1902	0.199346	0.199018	0.199675
1903	0.200004	0.19836	0.199511
1904	0.200004	0.19836	0.198853
1905	0.198524	0.199018	0.204277
1906	0.198853	0.196552	0.197703
1907	0.200332	0.199018	0.195895
1908	0.200825	0.199182	0.19836
1909	0.199675	0.200332	0.197867
1910	0.202305	0.19836	0.198853
1911	0.204441	0.199182	0.199018
1912	0.201976	0.203126	0.198853
1913	0.202305	0.19836	0.197538
1914	0.203291	0.189156	0.200332
1915	0.197538	0.166311	0.195402
1916	0.201154	0.153819	0.197045
1917	0.199675	0.156778	0.196388
1918	0.200332	0.158093	0.196552
1919	0.199839	0.159736	0.197045
1920	0.199018	0.161709	0.196717
1921	0.201483	0.16138	0.199018
1922	0.022991	0.163516	0.198524
1923	0.020362	0.163845	0.197867
1924	0.028251	0.165324	0.200168
1925	0.03351	0.161873	0.200661
1926	0.043207	0.002611	0.197538
1927	0.049453	0.012308	0.196717
1928	0.054219	0.01691	0.196552
1929	0.062108	0.015595	0.196881
1930	0.069997	0.015924	0.194416
1931	0.074435	0.022498	0.200168
1932	0.079037	0.013952	0.195073
1933	0.082488	0.005734	0.197374
1934	0.086597	0.011158	0.196059
1935	0.092186	0.006884	0.197867
1936	0.096294	0.006556	0.197374
1937	0.100732	0.006227	0.193758
1938	0.104512	0.003268	0.197703
1939	0.109607	0.004748	0.198031
1940	0.118647	0.004748	0.197703
1941	0.118647	0.006227	0.19836
1942	0.120455	0.003926	0.198031
1943	0.124235	0.003268	0.197538
1944	0.126536	0.000474	0.199182
1945	0.127029	0.003104	0.198196
1946	0.133932	0.001296	0.199346
1947	0.135247	0.00409	0.198853
1948	0.13837	0.001789	0.197703
1949	0.13952	0.002118	0.196223
1950	0.143794	0.001296	0.20099
1951	0.145108	0.002611	0.194909
1952	0.147574	0.001296	0.197045
1953	0.149217	0.000474	0.19573
1954	0.152505	0.002118	0.198853
1955	0.152998	0.00146	0.199675
1956	0.152669	0.003433	0.198524
1957	0.156285	0.001789	0.19573
1958	0.157107	0.000967	0.199346
1959	0.159572	0.000146	0.199018
1960	0.162037	0.00146	0.200661
1961	0.16401	-0.000512	0.199182
1962	0.166804	0.005734	0.19573
1963	0.169105	0.000146	0.200661
1964	0.167625	0.003268	0.197867
1965	0.172227	0.000639	0.197867
1966	0.172227	0.000474	0.197703
1967	0.17272	0.000803	0.197374
1968	0.172063	0.000146	0.196552
1969	0.174528	0.000803	0.197867
1970	0.1742	0.001132	0.198196
1971	0.174528	0.001296	0.195402
1972	0.178802	-0.000183	0.200497
1973	0.17798	0.002118	0.19721
1974	0.181431	0.000146	0.200661
1975	0.035975	0.000639	0.196717
1976	0.017403	0.000146	0.200004
1977	0.023484	0.000967	0.196223
1978	0.035975	-0.000512	0.201319
1979	0.039263	0.001296	0.198031
1980	0.047973	0.00031	0.198689
1981	0.052904	0.003268	0.199675
1982	0.058985	0.002118	0.198196
1983	0.06671	0.000146	0.195073
1984	0.07197	0.00146	0.197374
1985	0.074271	-0.000676	0.199839
1986	0.086269	0.001625	0.19721
1987	0.08594	-0.002484	0.19573
1988	0.088405	-0.000841	0.197867
1989	0.093007	0.001789	0.200497
1990	0.096294	0.000967	0.19721
1991	0.104184	-0.000347	0.198524
1992	0.102704	0.000474	0.197374
1993	0.108786	0.001625	0.199675
1994	0.115195	0.00146	0.198031
1995	0.117661	0.000146	0.198853
1996	0.120455	0.000967	0.198524
1997	0.125879	-1.9e-05	0.198524
1998	0.129166	0.000146	0.200004
1999	0.131467	0.000146	0.200332
2000	0.133932	-0.000347	0.197867
2001	0.136562	-0.000183	0.196059
2002	0.140342	0.000474	0.197703
2003	0.137055	0.000146	0.197538
2004	0.142972	-1.9e-05	0.19836
2005	0.146423	0.000474	0.196059
2006	0.149053	-0.000347	0.199018
2007	0.147081	0.000146	0.200825
2008	0.154641	-0.000676	0.19836
2009	0.155463	-1.9e-05	0.197867
2010	0.042714	0.000146	0.199346
2011	0.011979	-0.001334	0.196717
2012	0.021841	0.001132	0.199346
2013	0.029072	-0.000512	0.201812
2014	0.034332	0.00031	0.199346
2015	0.041728	-0.000183	0.197538
2016	0.049781	0.000146	0.198524
2017	0.055205	0.000146	0.199839
2018	0.059972	-0.000183	0.198853
2019	0.067532	-0.000841	0.197538
2020	0.074599	0.000146	0.196881
2021	0.075914	-0.000512	0.200004
2022	0.0769	-0.000512	0.197045
2023	0.00787	-0.000347	0.199182
2024	0.01576	0.00031	0.199018
2025	0.023484	0.00031	0.197374
2026	0.028415	0.000146	0.199018
2027	0.037455	-1.9e-05	0.201319
2028	0.044029	0.00031	0.199018
2029	0.050603	0.000146	0.197374
2030	0.055698	-1.9e-05	0.200661
2031	0.061779	-1.9e-05	0.201647
2032	0.06556	-1.9e-05	0.19721
2033	0.07312	-1.9e-05	0.196388
2034	0.078215	-0.000347	0.197045
2035	0.082982	0.00031	0.197703
2036	0.087748	-0.000347	0.201812
2037	0.091199	0.00031	0.199346
2038	0.098431	0.000474	0.200661
2039	0.101061	0.000146	0.197703
2040	0.103033	-0.000512	0.200004
2041	0.10895	-0.000183	0.196223
2042	0.115031	-0.000676	0.199346
2043	0.114209	-0.000676	0.199018
2044	0.118318	-0.000676	0.199018
2045	0.120948	0.000639	0.199182
2046	0.124399	0.000146	0.200332
2047	0.128015	0.000474	0.199346
2048	0.130481	0.000639	0.198853
2049	0.135411	0.000146	0.200497
2050	0.136562	-1.9e-05	0.196552
2051	0.140671	-0.000347	0.19836
2052	0.140342	-1.9e-05	0.196223
2053	0.144615	-0.000512	0.199346
2054	0.143958	-1.9e-05	0.199018
2055	0.147903	-0.000347	0.198853
2056	0.148724	0.000146	0.198524
2057	0.150039	-0.000347	0.199511
2058	0.148396	0.000146	0.195073
2059	0.155956	-1.9e-05	0.195073
2060	0.151847	0.00031	0.198031
2061	0.155463	-0.000347	0.198031
2062	0.160065	-0.000347	0.199018
2063	0.155956	-0.000183	0.199511
2064	0.163681	-1.9e-05	0.200004
2065	0.163188	0.000146	0.199675
2066	0.165653	-1.9e-05	0.199675
2067	0.166804	0.000474	0.199018
2068	0.170419	0.00031	0.198524
2069	0.16894	0.000639	0.199182
2070	0.171406	-1.9e-05	0.198196
2071	0.172227	0.00031	0.201154
2072	0.173871	-0.000512	0.198031
2073	0.1742	-0.000183	0.197867
2074	0.174857	-0.000512	0.198196
2075	0.17535	-0.000512	0.198689
2076	0.176008	-0.000676	0.197538
2077	0.172556	-0.000183	0.197867
2078	0.18061	-1.9e-05	0.19836
2079	0.17913	0.000146	0.200497
2080	0.179459	0.000146	0.198853
2081	0.181267	0.00031	0.199346
2082	0.180445	0.00031	0.196717
2083	0.183075	-0.000183	0.203455
2084	0.182746	-0.000183	0.194416
2085	0.184225	-0.000347	0.196223
2086	0.183897	-0.000183	0.200497
2087	0.183897	-0.000841	0.198524
2088	0.184061	-1.9e-05	0.197374
2089	0.18554	-0.000183	0.199346
2090	0.184554	-1.9e-05	0.198031
2091	0.187348	-0.000183	0.19836
2092	0.183897	-1.9e-05	0.197703
2093	0.188663	-0.000183	0.19836
2094	0.188827	-0.000347	0.199346
2095	0.187348	-0.000347	0.197703
2096	0.1908	-0.000183	0.198524
2097	0.188006	-0.000512	0.196881
2098	0.190471	-0.001991	0.200332
2099	0.18932	0.000474	0.197703
2100	0.186855	-0.000183	0.198196
2101	0.190307	-1.9e-05	0.197867
2102	0.190142	0.00031	0.198524
2103	0.188663	0.000639	0.197538
2104	0.19195	-1.9e-05	0.199182
2105	0.188499	0.000146	0.199018
2106	0.190471	-0.000183	0.19836
2107	0.191457	-0.000183	0.19721
2108	0.189978	-0.000512	0.19836
2109	0.18554	-0.001662	0.197045
2110	0.188334	-1.9e-05	0.199346
2111	0.193758	0.00031	0.200661
2112	0.190142	0.000146	0.199675
2113	0.193101	0.000146	0.200825
2114	0.191128	0.00031	0.198853
2115	0.196717	-1.9e-05	0.198524
2116	0.193594	-0.000347	0.198031
2117	0.193922	-0.000183	0.200332
2118	0.193101	-0.000512	0.196388
2119	0.193429	-0.000183	0.201647
2120	0.193429	-0.000512	0.198031
2121	0.194416	-1.9e-05	0.199018
2122	0.193429	0.00031	0.201647
2123	0.194416	-1.9e-05	0.199182
2124	0.196059	0.00031	0.197867
2125	0.189814	-1.9e-05	0.196223
2126	0.195073	-0.000347	0.198524
2127	0.193758	-0.000183	0.198853
2128	0.194744	-1.9e-05	0.199018
2129	0.193758	-0.000512	0.195895
2130	0.195402	-0.000841	0.20099
2131	0.192772	0.000803	0.199511
2132	0.192443	-1.9e-05	0.197703
2133	0.19573	-0.000183	0.198031
2134	0.194416	0.000146	0.198524
2135	0.192115	0.000639	0.200004
2136	0.192115	0.00031	0.199018
2137	0.195073	0.000146	0.198031
2138	0.192608	-0.000183	0.199675
2139	0.193429	-1.9e-05	0.200004
2140	0.193758	0.000474	0.198689
2141	0.195237	-0.000183	0.199675
2142	0.193265	0.002775	0.195073
2143	0.193758	-0.000183	0.202305
2144	0.196388	-1.9e-05	0.197703
2145	0.193922	-0.000183	0.199346
2146	0.196059	0.000803	0.196717
2147	0.195073	-1.9e-05	0.199182
2148	0.194251	-0.000347	0.198196
2149	0.196388	0.000146	0.200004
2150	0.194416	-0.000347	0.196881
2151	0.195073	-1.9e-05	0.194744
2152	0.19836	-0.000183	0.19836
2153	0.193101	0.003104	0.197538
2154	0.196223	0.001296	0.200497
2155	0.195073	0.00031	0.199182
2156	0.191621	-1.9e-05	0.201154
2157	0.193758	0.000803	0.197867
2158	0.192443	0.000474	0.199839
2159	0.193922	0.001625	0.198689
2160	0.19573	0.001625	0.203784
2161	0.194909	-0.001991	0.201319
2162	0.198853	0.008199	0.199346
2163	0.199839	0.013952	0.199675
2164	0.199182	0.023813	0.200168
2165	0.192936	0.023813	0.197703
2166	0.197374	0.034496	0.198689
2167	0.195073	0.041399	0.199182
2168	0.193758	0.04896	0.197538
2169	0.195073	0.055041	0.197867
2170	0.199511	0.059643	0.19721
2171	0.19721	0.06671	0.199511
2172	0.195566	0.073778	0.199346
2173	0.198196	0.077393	0.19836
2174	0.199346	0.084132	0.199511
2175	0.19836	0.090706	0.202469
2176	0.196881	0.09235	0.198853
2177	0.197867	0.096623	0.200825
2178	0.196388	0.10139	0.199675
2179	0.198524	0.103691	0.199346
2180	0.196717	0.105827	0.201812
2181	0.197374	0.110922	0.196717
2182	0.195895	0.114538	0.199511
2183	0.197538	0.116346	0.19573
2184	0.197867	0.122263	0.199511
2185	0.197374	0.126372	0.198689
2186	0.199346	0.129001	0.199182
2187	0.198196	0.135247	0.19721
2188	0.197538	0.13311	0.199839
2189	0.197374	0.138534	0.201483
2190	0.197045	0.138041	0.200332
2191	0.199018	0.142314	0.198689
2192	0.196223	0.143629	0.200661
2193	0.193101	0.146259	0.20099
2194	0.200497	0.151354	0.201483
2195	0.196059	0.152833	0.199839
2196	0.195895	0.154148	0.200004
2197	0.198853	0.155627	0.199018
2198	0.19721	0.155792	0.199018
2199	0.195566	0.160722	0.202798
2200	0.194087	0.160229	0.201154
2201	0.197703	0.161544	0.19458
2202	0.194909	0.163352	0.197374
2203	0.19721	0.162366	0.199018
2204	0.194416	0.166475	0.199182
2205	0.19573	0.167625	0.199018
2206	0.192772	0.168612	0.197867
2207	0.195402	0.172063	0.201154
2208	0.197374	0.169926	0.200168
2209	0.200497	0.174693	0.201976
2210	0.199346	0.172885	0.204441
2211	0.199182	0.172063	0.201483
2212	0.201154	0.174857	0.200497
2213	0.19458	0.176829	0.199182
2214	0.197045	0.174693	0.199675
2215	0.193265	0.180281	0.198196
2216	0.197374	0.181924	0.198689
2217	0.197374	0.180116	0.197703
2218	0.197867	0.178802	0.199839
2219	0.196881	0.184554	0.198689
2220	0.197867	0.179459	0.198853
2221	0.196059	0.183568	0.198689
2222	0.199675	0.182582	0.201154
2223	0.197045	0.183404	0.198689
2224	0.197538	0.18554	0.201976
2225	0.196881	0.184225	0.201483
2226	0.200497	0.18817	0.201483
2227	0.197538	0.186033	0.199182
2228	0.200004	0.187677	0.200497
2229	0.199839	0.187841	0.200497
2230	0.19836	0.187841	0.199839
2231	0.199675	0.186855	0.197703
2232	0.196223	0.189156	0.196717
2233	0.198031	0.186198	0.200332
2234	0.19836	0.188663	0.196552
2235	0.19573	0.188499	0.195237
2236	0.196881	0.189814	0.194744
2237	0.197374	0.188334	0.201812
2238	0.196388	0.194909	0.197538
2239	0.197374	0.193429	0.198853
2240	0.196717	0.192279	0.199675
2241	0.19573	0.193594	0.201812
2242	0.197703	0.193758	0.199839
2243	0.194087	0.191621	0.201976
2244	0.196223	0.189156	0.201976
2245	0.199346	0.193101	0.200661
2246	0.197374	0.193758	0.200168
2247	0.197374	0.193922	0.200497
2248	0.197045	0.194251	0.199839
2249	0.200332	0.195402	0.198689
2250	0.19458	0.192936	0.201812
2251	0.200497	0.196223	0.200497
2252	0.198196	0.194909	0.199511
2253	0.194909	0.194416	0.19836
2254	0.196881	0.195073	0.202305
2255	0.192115	0.195073	0.202469
2256	0.199018	0.193594	0.196552
2257	0.193594	0.195402	0.198853
2258	0.197045	0.194744	0.201154
2259	0.200497	0.195237	0.200332
2260	0.199675	0.195073	0.202305
2261	0.198031	0.193101	0.199018
2262	0.198196	0.196717	0.198853
2263	0.199018	0.195566	0.200168
2264	0.195402	0.196223	0.198689
2265	0.200825	0.19721	0.200497
2266	0.199511	0.197538	0.202305
2267	0.201647	0.196388	0.198031
2268	0.197045	0.197045	0.199182
2269	0.197703	0.19573	0.199346
2270	0.197538	0.196881	0.198031
2271	0.199182	0.197045	0.200168
2272	0.196059	0.197703	0.198524
2273	0.19721	0.19721	0.198196
2274	0.19721	0.198524	0.201154
2275	0.196717	0.195073	0.200168
2276	0.196881	0.196717	0.200661
2277	0.197374	0.197703	0.20099
2278	0.198689	0.197045	0.200661
2279	0.196388	0.198031	0.199675
2280	0.198196	0.196388	0.199675
2281	0.197867	0.197538	0.196881
2282	0.199675	0.19836	0.198689
2283	0.198031	0.199839	0.197045
2284	0.19836	0.195566	0.199839
2285	0.198853	0.198853	0.193429
2286	0.196388	0.197374	0.199346
2287	0.196388	0.196223	0.198689
2288	0.196881	0.193922	0.200825
2289	0.195402	0.198031	0.199675
2290	0.196552	0.196223	0.196059
2291	0.19721	0.196059	0.199675
2292	0.199346	0.199182	0.200661
2293	0.196059	0.200168	0.200332
2294	0.196388	0.195237	0.200004
2295	0.19573	0.196717	0.200497
2296	0.198031	0.199018	0.200332
2297	0.196552	0.197374	0.20099
2298	0.198031	0.199182	0.199511
2299	0.199182	0.196388	0.203291
2300	0.197538	0.197867	0.19836
2301	0.199675	0.197374	0.205099
2302	0.197538	0.197703	0.200661
2303	0.198524	0.199018	0.201483
2304	0.195895	0.199182	0.200661
2305	0.198689	0.198689	0.199346
2306	0.197538	0.197538	0.198524
2307	0.198031	0.199018	0.200332
2308	0.194087	0.19721	0.200004
2309	0.199675	0.196881	0.200497
2310	0.197374	0.19458	0.201976
2311	0.198524	0.201483	0.197703
2312	0.197703	0.198031	0.19573
2313	0.197374	0.196717	0.200004
2314	0.19836	0.199675	0.198689
2315	0.200332	0.196881	0.200332
2316	0.201647	0.197045	0.20099
2317	0.198689	0.198196	0.197374
2318	0.198853	0.199018	0.200497
2319	0.19836	0.19721	0.199018
2320	0.198524	0.197867	0.199346
2321	0.199346	0.196717	0.202469
2322	0.200661	0.198853	0.198524
2323	0.199182	0.19721	0.19458
2324	0.198853	0.197538	0.19836
2325	0.198196	0.197703	0.199182
2326	0.19721	0.199018	0.199675
2327	0.198524	0.197045	0.199346
2328	0.193922	0.198853	0.199182
2329	0.197538	0.195402	0.199839
2330	0.195402	0.196388	0.198853
2331	0.197374	0.19721	0.201154
2332	0.197045	0.196388	0.199511
2333	0.200825	0.193922	0.201483
2334	0.203126	0.199018	0.196717
2335	0.20362	0.198196	0.198031
2336	0.19836	0.199675	0.199675
2337	0.199346	0.199675	0.200825
2338	0.197374	0.199346	0.199839
2339	0.197374	0.196059	0.197374
2340	0.197867	0.198031	0.198524
2341	0.197867	0.197867	0.200332
2342	0.199839	0.197374	0.199839
2343	0.197538	0.198196	0.19721
2344	0.200332	0.195073	0.203291
2345	0.198524	0.196388	0.195895
2346	0.199675	0.196059	0.199511
2347	0.197045	0.197867	0.199346
2348	0.19836	0.196717	0.20099
2349	0.192443	0.200004	0.197867
2350	0.197374	0.199182	0.202305
2351	0.197045	0.200332	0.197703
2352	0.199675	0.19836	0.202305
2353	0.19836	0.197374	0.200332
2354	0.199018	0.198196	0.199839
2355	0.200004	0.196552	0.199839
2356	0.198031	0.199346	0.199182
2357	0.201647	0.196223	0.19836
2358	0.199346	0.199511	0.198031
2359	0.196388	0.199018	0.201319
2360	0.185376	0.196059	0.198853
2361	0.198031	0.198853	0.200661
2362	0.196881	0.20099	0.197867
2363	0.198031	0.196881	0.201976
2364	0.198524	0.198196	0.20214
2365	0.201483	0.197045	0.197867
2366	0.19573	0.198524	0.200004
2367	0.194909	0.200825	0.199675
2368	0.19836	0.199346	0.20099
2369	0.199018	0.200497	0.199675
2370	0.196717	0.198853	0.200825
2371	0.192443	0.200004	0.196388
2372	0.198853	0.199511	0.201154
2373	0.19721	0.197703	0.197374
2374	0.200168	0.199182	0.199018
2375	0.197045	0.198031	0.198196
2376	0.201647	0.199018	0.196881
2377	0.199182	0.199839	0.197374
2378	0.199182	0.196059	0.19836
2379	0.198031	0.19836	0.198196
2380	0.198853	0.198196	0.198031
2381	0.198196	0.197045	0.199675
2382	0.195566	0.197045	0.199182
2383	0.196881	0.196223	0.197703
2384	0.197703	0.199675	0.20214
2385	0.199346	0.194909	0.20099
2386	0.200497	0.19836	0.197867
2387	0.197538	0.199182	0.197045
2388	0.200332	0.198689	0.197867
2389	0.199018	0.200661	0.201319
2390	0.197374	0.201976	0.199511
2391	0.19836	0.199346	0.199675
2392	0.198196	0.200004	0.199675
2393	0.20477	0.200661	0.200661
2394	0.196552	0.200825	0.197374
2395	0.19721	0.196881	0.199839
2396	0.19836	0.198524	0.19836
2397	0.19721	0.196717	0.198524
2398	0.19573	0.198031	0.19721
2399	0.198031	0.199346	0.199675
2400	0.196059	0.196881	0.200497
2401	0.198196	0.19721	0.195402
2402	0.198196	0.199182	0.198031
2403	0.194744	0.200825	0.199346
2404	0.199675	0.197045	0.200004
2405	0.192936	0.200332	0.199018
2406	0.194416	0.197374	0.199675
2407	0.195237	0.199839	0.198689
2408	0.198853	0.199511	0.200332
2409	0.197045	0.199346	0.197867
2410	0.199182	0.198689	0.198524
2411	0.196223	0.200332	0.19836
2412	0.196881	0.198853	0.199018
2413	0.195895	0.19721	0.200661
2414	0.19836	0.198031	0.202305
2415	0.200168	0.196881	0.199839
2416	0.194087	0.199018	0.198524
2417	0.195402	0.200004	0.200661
2418	0.197703	0.195402	0.198031
2419	0.199018	0.19573	0.199346
2420	0.19573	0.197867	0.198524
2421	0.199675	0.197538	0.200661
2422	0.196717	0.199182	0.198031
2423	0.200004	0.19721	0.199018
2424	0.194416	0.199675	0.197538
2425	0.199182	0.198031	0.200497
2426	0.197703	0.200004	0.198853
2427	0.196881	0.200332	0.200497
2428	0.197374	0.19836	0.195895
2429	0.196223	0.198524	0.196552
2430	0.196223	0.195402	0.193758
2431	0.196223	0.195566	0.193758
2432	0.200168	0.198196	0.196881
2433	0.195073	0.19721	0.197538
2434	0.196388	0.194251	0.197045
2435	0.197374	0.197703	0.19458
2436	0.197538	0.195073	0.198853
2437	0.197045	0.199018	0.200004
2438	0.196059	0.19836	0.200332
2439	0.196223	0.199839	0.198524
2440	0.197045	0.198524	0.199839
2441	0.19573	0.200332	0.191786
2442	0.201154	0.199182	0.19836
2443	0.199675	0.199839	0.199018
2444	0.201154	0.202469	0.199018
2445	0.19836	0.197867	0.199182
2446	0.19836	0.197374	0.198853
2447	0.19836	0.198689	0.198689
2448	0.196717	0.196881	0.199182
2449	0.19721	0.199346	0.200004
2450	0.197045	0.200332	0.197374
2451	0.197538	0.197374	0.202962
2452	0.197374	0.19836	0.188663
2453	0.197374	0.196059	0.197703
2454	0.19458	0.199839	0.199018
2455	0.195073	0.198689	0.197703
2456	0.195895	0.197045	0.198853
2457	0.200168	0.20099	0.199675
2458	0.19836	0.200332	0.200168
2459	0.199839	0.199511	0.20099
2460	0.197045	0.203784	0.201647
2461	0.200004	0.20099	0.198853
2462	0.199346	0.198689	0.199511
2463	0.19721	0.199511	0.193758
2464	0.199018	0.199018	0.200661
2465	0.194251	0.199346	0.196223
2466	0.199839	0.197045	0.19836
2467	0.200332	0.194744	0.197045
2468	0.20099	0.195402	0.198689
2469	0.19836	0.19721	0.198031
2470	0.199839	0.198196	0.203126
2471	0.196388	0.197703	0.201976
2472	0.195895	0.198853	0.200004
2473	0.196881	0.198031	0.199839
2474	0.199346	0.199018	0.201812
2475	0.198196	0.199182	0.197538
2476	0.199839	0.198853	0.200004
2477	0.20099	0.199839	0.201976
2478	0.199839	0.197374	0.199018
2479	0.197374	0.199018	0.200004
2480	0.198853	0.198689	0.198524
2481	0.202633	0.197045	0.199511
2482	0.19573	0.197867	0.195895
2483	0.204277	0.19573	0.198689
2484	0.200168	0.197045	0.195237
2485	0.200168	0.195566	0.203291
2486	0.19836	0.19721	0.195073
2487	0.196717	0.199182	0.197538
2488	0.197538	0.197374	0.199182
2489	0.196881	0.19573	0.199182
2490	0.19721	0.199675	0.198853
2491	0.200332	0.199346	0.200497
2492	0.200168	0.199346	0.200332
2493	0.200004	0.199839	0.200332
2494	0.199839	0.202798	0.20099
2495	0.19836	0.198689	0.199018
2496	0.199675	0.197374	0.206249
2497	0.196717	0.200004	0.197374
2498	0.200004	0.19721	0.199346
2499	0.199839	0.198689	0.199182
