FileName	Kap_1_F	Kap_2_F	Kap_3_F	Kap_4_F	Kap_5_F	Kap_6_F	Kap_7_F	Kap_8_F	Kap_9_F	Kap_10_F
2018_05_02_15_05_57_m001	0.000000e+00	0.000000e+00	0.000000e+00	0.000000e+00	0.000000e+00	1.023070e-10	9.688285e-11	9.784722e-11	9.542949e-11	9.857447e-11
2018_05_02_15_06_03_m001	0.000000e+00	0.000000e+00	0.000000e+00	0.000000e+00	0.000000e+00	1.008187e-10	1.008612e-10	9.383346e-11	1.000262e-10	9.765989e-11
2018_05_02_15_10_14_m001	0.000000e+00	0.000000e+00	0.000000e+00	0.000000e+00	0.000000e+00	1.008187e-10	1.008612e-10	9.383346e-11	1.000262e-10
2018_05_02_15_10_22_m001	0.000000e+00	0.000000e+00	0.000000e+00	0.000000e+00	0.000000e+00	1.008187e-10	1.008612e-10	9.383346e-11	1.000262e-10	9.924342e-11
2018_05_02_15_10_32_m001	0.000000e+00	0.000000e+00	0.000000e+00	0.000000e+00	0.000000e+00	1.008187e-10	1.008612e-10	9.383346e-11	1.000262e-10	1.024392e-10
2018_05_02_15_10_41_m001	0.000000e+00	0.000000e+00	0.000000e+00	0.000000e+00	0.000000e+00	1.008187e-10	1.008612e-10	9.383346e-11	1.000262e-10	9.762689e-11
2018_05_02_15_11_47_m001	0.000000e+00	0.000000e+00	0.000000e+00	0.000000e+00	0.000000e+00	1.008187e-10	1.008612e-10	9.383346e-11	1.000262e-10	1.018849e-10
2018_05_02_15_11_57_m001	0.000000e+00	0.000000e+00	0.000000e+00	0.000000e+00	0.000000e+00	1.008187e-10	1.008612e-10	9.383346e-11	1.000262e-10
2018_05_02_15_12_05_m001	0.000000e+00	0.000000e+00	0.000000e+00	0.000000e+00	0.000000e+00	1.008187e-10	1.008612e-10	9.383346e-11	1.000262e-10	9.577664e-11
2018_05_02_15_12_15_m001	0.000000e+00	0.000000e+00	0.000000e+00	0.000000e+00	0.000000e+00	1.008187e-10	1.008612e-10	9.383346e-11	1.000262e-10	1.524623e-10
2018_05_02_15_12_22_m001	0.000000e+00	0.000000e+00	0.000000e+00	0.000000e+00	0.000000e+00	1.008187e-10	1.008612e-10	9.383346e-11	1.000262e-10	1.348460e-10
2018_05_02_15_13_26_m001	0.000000e+00	0.000000e+00	0.000000e+00	0.000000e+00	0.000000e+00	1.008187e-10	1.008612e-10	9.383346e-11	1.000262e-10	9.400936e-11
2018_05_02_15_13_33_m001	0.000000e+00	0.000000e+00	0.000000e+00	0.000000e+00	0.000000e+00	1.008187e-10	1.008612e-10	9.383346e-11	1.000262e-10	1.155075e-10
2018_05_02_15_13_40_m001	0.000000e+00	0.000000e+00	0.000000e+00	0.000000e+00	0.000000e+00	1.008187e-10	1.008612e-10	9.383346e-11	1.000262e-10	9.963703e-11
2018_05_02_15_13_46_m001	0.000000e+00	0.000000e+00	0.000000e+00	0.000000e+00	0.000000e+00	1.008187e-10	1.008612e-10	9.383346e-11	1.000262e-10	1.047023e-10
2018_05_02_15_14_50_m001	0.000000e+00	0.000000e+00	0.000000e+00	0.000000e+00	0.000000e+00	1.008187e-10	1.008612e-10	9.383346e-11	1.000262e-10	9.979345e-11
2018_05_02_15_14_56_m001	0.000000e+00	0.000000e+00	0.000000e+00	0.000000e+00	0.000000e+00	1.008187e-10	1.008612e-10	9.383346e-11	1.000262e-10	9.836778e-11
2018_05_02_15_15_02_m001	0.000000e+00	0.000000e+00	0.000000e+00	0.000000e+00	0.000000e+00	1.008187e-10	1.008612e-10	9.383346e-11	1.000262e-10	9.259750e-11
2018_05_02_15_15_07_m001	0.000000e+00	0.000000e+00	0.000000e+00	0.000000e+00	0.000000e+00	1.008187e-10	1.008612e-10	9.383346e-11	1.000262e-10	9.943029e-11
2018_05_02_15_15_14_m001	0.000000e+00	0.000000e+00	0.000000e+00	0.000000e+00	0.000000e+00	1.008187e-10	1.008612e-10	9.383346e-11	1.000262e-10	9.473276e-11
2018_05_02_15_18_38_m001	0.000000e+00	0.000000e+00	0.000000e+00	0.000000e+00	0.000000e+00	1.008187e-10	1.008612e-10	9.383346e-11	1.000262e-10	9.957172e-11
2018_05_02_15_18_44_m001	0.000000e+00	0.000000e+00	0.000000e+00	0.000000e+00	0.000000e+00	1.008187e-10	1.008612e-10	9.383346e-11	1.000262e-10	9.969836e-11
2018_05_02_15_18_50_m001	0.000000e+00	0.000000e+00	0.000000e+00	0.000000e+00	0.000000e+00	1.008187e-10	1.008612e-10	9.383346e-11	1.000262e-10	9.203850e-11
2018_05_02_15_18_57_m001	0.000000e+00	0.000000e+00	0.000000e+00	0.000000e+00	0.000000e+00	1.008187e-10	1.008612e-10	9.383346e-11	1.000262e-10	1.102724e-10
2018_05_02_15_19_06_m001	0.000000e+00	0.000000e+00	0.000000e+00	0.000000e+00	0.000000e+00	1.008187e-10	1.008612e-10	9.383346e-11	1.000262e-10	1.029822e-10
2018_05_02_15_21_41_m001	0.000000e+00	0.000000e+00	0.000000e+00	0.000000e+00	0.000000e+00	1.008187e-10	1.008612e-10	9.383346e-11	1.000262e-10	9.688096e-11
2018_05_02_15_21_50_m001	0.000000e+00	0.000000e+00	0.000000e+00	0.000000e+00	0.000000e+00	1.008187e-10	1.008612e-10	9.383346e-11	1.000262e-10	9.386878e-11
2018_05_02_15_21_57_m001	0.000000e+00	0.000000e+00	0.000000e+00	0.000000e+00	0.000000e+00	1.008187e-10	1.008612e-10	9.383346e-11	1.000262e-10	9.520551e-11
2018_05_02_15_22_04_m001	0.000000e+00	0.000000e+00	0.000000e+00	0.000000e+00	0.000000e+00	1.008187e-10	1.008612e-10	9.383346e-11	1.000262e-10	9.735472e-11
2018_05_02_15_22_11_m001	0.000000e+00	0.000000e+00	0.000000e+00	0.000000e+00	0.000000e+00	1.008187e-10	1.008612e-10	9.383346e-11	1.000262e-10	9.693588e-11
2018_05_02_15_23_12_m001	0.000000e+00	0.000000e+00	0.000000e+00	0.000000e+00	0.000000e+00	1.008187e-10	1.008612e-10	9.383346e-11	1.000262e-10	9.619233e-11
2018_05_02_15_23_18_m001	0.000000e+00	0.000000e+00	0.000000e+00	0.000000e+00	0.000000e+00	1.008187e-10	1.008612e-10	9.383346e-11	1.000262e-10	9.798370e-11
2018_05_02_15_23_26_m001	0.000000e+00	0.000000e+00	0.000000e+00	0.000000e+00	0.000000e+00	1.008187e-10	1.008612e-10	9.383346e-11	1.000262e-10	1.037241e-10
2018_05_02_15_23_32_m001	0.000000e+00	0.000000e+00	0.000000e+00	0.000000e+00	0.000000e+00	1.008187e-10	1.008612e-10	9.383346e-11	1.000262e-10	9.874417e-11
2018_05_02_15_23_39_m001	0.000000e+00	0.000000e+00	0.000000e+00	0.000000e+00	0.000000e+00	1.008187e-10	1.008612e-10	9.383346e-11	1.000262e-10	1.004344e-10
2018_05_02_15_23_47_m001	0.000000e+00	0.000000e+00	0.000000e+00	0.000000e+00	0.000000e+00	1.008187e-10	1.008612e-10	9.383346e-11	1.000262e-10	9.812294e-11
2018_05_02_15_27_09_m001	0.000000e+00	0.000000e+00	0.000000e+00	0.000000e+00	0.000000e+00	1.008187e-10	1.008612e-10	9.383346e-11	1.000262e-10	9.426391e-11
2018_05_02_15_27_16_m001	0.000000e+00	0.000000e+00	0.000000e+00	0.000000e+00	0.000000e+00	1.008187e-10	1.008612e-10	9.383346e-11	1.000262e-10	9.549805e-11
2018_05_02_15_27_22_m001	0.000000e+00	0.000000e+00	0.000000e+00	0.000000e+00	0.000000e+00	1.008187e-10	1.008612e-10	9.383346e-11	1.000262e-10	1.026158e-10
2018_05_02_15_27_31_m001	0.000000e+00	0.000000e+00	0.000000e+00	0.000000e+00	0.000000e+00	1.008187e-10	1.008612e-10	9.383346e-11	1.000262e-10	9.711609e-11
2018_05_02_15_27_40_m001	0.000000e+00	0.000000e+00	0.000000e+00	0.000000e+00	0.000000e+00	1.008187e-10	1.008612e-10	9.383346e-11	1.000262e-10	9.407455e-11
2018_05_02_15_27_47_m001	0.000000e+00	0.000000e+00	0.000000e+00	0.000000e+00	0.000000e+00	1.008187e-10	1.008612e-10	9.383346e-11	1.000262e-10	9.330950e-11
2018_05_02_15_31_26_m001	0.000000e+00	0.000000e+00	0.000000e+00	0.000000e+00	0.000000e+00	1.008187e-10	1.008612e-10	9.383346e-11	1.000262e-10	9.737841e-11
2018_05_02_15_31_34_m001	0.000000e+00	0.000000e+00	0.000000e+00	0.000000e+00	0.000000e+00	1.008187e-10	1.008612e-10	9.383346e-11	1.000262e-10	1.055708e-10
2018_05_02_15_31_43_m001	0.000000e+00	0.000000e+00	0.000000e+00	0.000000e+00	0.000000e+00	1.008187e-10	1.008612e-10	9.383346e-11	1.000262e-10	9.471239e-11
2018_05_02_15_34_21_m001	0.000000e+00	0.000000e+00	0.000000e+00	0.000000e+00	0.000000e+00	1.008187e-10	1.008612e-10	9.383346e-11	1.000262e-10	9.432587e-11
2018_05_02_15_34_25_m001	0.000000e+00	0.000000e+00	0.000000e+00	0.000000e+00	0.000000e+00	1.008187e-10	1.008612e-10	9.383346e-11	1.000262e-10	8.909048e-11
2018_05_02_15_34_31_m001	0.000000e+00	0.000000e+00	0.000000e+00	0.000000e+00	0.000000e+00	1.008187e-10	1.008612e-10	9.383346e-11	1.000262e-10	8.599397e-11
2018_05_02_15_34_36_m001	0.000000e+00	0.000000e+00	0.000000e+00	0.000000e+00	0.000000e+00	1.008187e-10	1.008612e-10	9.383346e-11	1.000262e-10	9.470049e-11
2018_05_02_15_34_42_m001	0.000000e+00	0.000000e+00	0.000000e+00	0.000000e+00	0.000000e+00	1.008187e-10	1.008612e-10	9.383346e-11	1.000262e-10	9.266546e-11
2018_05_03_11_47_47_m002	0.000000e+00	0.000000e+00	0.000000e+00	0.000000e+00	0.000000e+00	1.008187e-10	1.008612e-10	9.383346e-11	1.000262e-10
2018_05_03_11_48_09_m002	0.000000e+00	0.000000e+00	0.000000e+00	0.000000e+00	0.000000e+00	1.008187e-10	1.008612e-10	9.383346e-11	1.000262e-10	1.610641e-10
2018_05_03_11_48_23_m002	0.000000e+00	0.000000e+00	0.000000e+00	0.000000e+00	0.000000e+00	1.008187e-10	1.008612e-10	9.383346e-11	1.000262e-10	3.796839e-10
2018_05_03_11_49_34_m002	0.000000e+00	0.000000e+00	0.000000e+00	0.000000e+00	0.000000e+00	1.008187e-10	1.008612e-10	9.383346e-11	1.000262e-10
2018_05_03_11_49_50_m002	0.000000e+00	0.000000e+00	0.000000e+00	0.000000e+00	0.000000e+00	1.008187e-10	1.008612e-10	9.383346e-11	1.000262e-10	1.549571e-10
2018_05_03_11_50_01_m002	0.000000e+00	0.000000e+00	0.000000e+00	0.000000e+00	0.000000e+00	1.008187e-10	1.008612e-10	9.383346e-11	1.000262e-10
2018_05_03_11_52_10_m002	0.000000e+00	0.000000e+00	0.000000e+00	0.000000e+00	0.000000e+00	1.008187e-10	1.008612e-10	9.383346e-11	1.000262e-10	3.089836e-10
2018_05_03_11_52_20_m002	0.000000e+00	0.000000e+00	0.000000e+00	0.000000e+00	0.000000e+00	1.008187e-10	1.008612e-10	9.383346e-11	1.000262e-10	1.540370e-10
2018_05_03_11_53_06_m002	0.000000e+00	0.000000e+00	0.000000e+00	0.000000e+00	0.000000e+00	1.008187e-10	1.008612e-10	9.383346e-11	1.000262e-10	9.885956e-11
2018_05_03_11_53_16_m002	0.000000e+00	0.000000e+00	0.000000e+00	0.000000e+00	0.000000e+00	1.008187e-10	1.008612e-10	9.383346e-11	1.000262e-10	9.444892e-11
2018_05_03_11_53_28_m002	0.000000e+00	0.000000e+00	0.000000e+00	0.000000e+00	0.000000e+00	1.008187e-10	1.008612e-10	9.383346e-11	1.000262e-10	1.807382e-10
2018_05_03_11_55_13_m002	0.000000e+00	0.000000e+00	0.000000e+00	0.000000e+00	0.000000e+00	1.008187e-10	1.008612e-10	9.383346e-11	1.000262e-10	1.018159e-10
2018_05_03_11_55_25_m002	0.000000e+00	0.000000e+00	0.000000e+00	0.000000e+00	0.000000e+00	1.008187e-10	1.008612e-10	9.383346e-11	1.000262e-10	9.679048e-11
2018_05_03_11_55_34_m002	0.000000e+00	0.000000e+00	0.000000e+00	0.000000e+00	0.000000e+00	1.008187e-10	1.008612e-10	9.383346e-11	1.000262e-10	1.044640e-10
2018_05_03_11_55_44_m002	0.000000e+00	0.000000e+00	0.000000e+00	0.000000e+00	0.000000e+00	1.008187e-10	1.008612e-10	9.383346e-11	1.000262e-10	1.005959e-10
2018_05_03_11_57_03_m002	0.000000e+00	0.000000e+00	0.000000e+00	0.000000e+00	0.000000e+00	1.008187e-10	1.008612e-10	9.383346e-11	1.000262e-10	1.030325e-10
2018_05_03_11_57_13_m002	0.000000e+00	0.000000e+00	0.000000e+00	0.000000e+00	0.000000e+00	1.008187e-10	1.008612e-10	9.383346e-11	1.000262e-10	9.877283e-11
2018_05_03_11_57_23_m002	0.000000e+00	0.000000e+00	0.000000e+00	0.000000e+00	0.000000e+00	1.008187e-10	1.008612e-10	9.383346e-11	1.000262e-10	9.535575e-11
2018_05_03_11_58_09_m002	0.000000e+00	0.000000e+00	0.000000e+00	0.000000e+00	0.000000e+00	1.008187e-10	1.008612e-10	9.383346e-11	1.000262e-10	9.966045e-11
2018_05_03_11_58_18_m002	0.000000e+00	0.000000e+00	0.000000e+00	0.000000e+00	0.000000e+00	1.008187e-10	1.008612e-10	9.383346e-11	1.000262e-10	1.022063e-10
2018_05_03_11_58_28_m002	0.000000e+00	0.000000e+00	0.000000e+00	0.000000e+00	0.000000e+00	1.008187e-10	1.008612e-10	9.383346e-11	1.000262e-10	8.649541e-11
2018_05_03_11_58_39_m002	0.000000e+00	0.000000e+00	0.000000e+00	0.000000e+00	0.000000e+00	1.008187e-10	1.008612e-10	9.383346e-11	1.000262e-10	8.708729e-11
2018_05_03_11_58_49_m002	0.000000e+00	0.000000e+00	0.000000e+00	0.000000e+00	0.000000e+00	1.008187e-10	1.008612e-10	9.383346e-11	1.000262e-10	9.977875e-11
2018_05_03_13_39_10_m003	0.000000e+00	0.000000e+00	0.000000e+00	0.000000e+00	0.000000e+00	1.008187e-10	1.008612e-10	9.383346e-11	1.000262e-10
2018_05_03_13_39_19_m003	0.000000e+00	0.000000e+00	0.000000e+00	0.000000e+00	0.000000e+00	1.008187e-10	1.008612e-10	9.383346e-11	1.000262e-10	9.961633e-11
2018_05_03_13_40_03_m003	0.000000e+00	0.000000e+00	0.000000e+00	0.000000e+00	0.000000e+00	1.008187e-10	1.008612e-10	9.383346e-11	1.000262e-10	9.452157e-11
2018_05_03_13_40_14_m003	0.000000e+00	0.000000e+00	0.000000e+00	0.000000e+00	0.000000e+00	1.008187e-10	1.008612e-10	9.383346e-11	1.000262e-10	1.091828e-10
2018_05_03_13_40_25_m003	0.000000e+00	0.000000e+00	0.000000e+00	0.000000e+00	0.000000e+00	1.008187e-10	1.008612e-10	9.383346e-11	1.000262e-10	2.017001e-10
2018_05_03_13_41_59_m003	0.000000e+00	0.000000e+00	0.000000e+00	0.000000e+00	0.000000e+00	1.008187e-10	1.008612e-10	9.383346e-11	1.000262e-10	2.568723e-10
2018_05_03_13_42_09_m003	0.000000e+00	0.000000e+00	0.000000e+00	0.000000e+00	0.000000e+00	1.008187e-10	1.008612e-10	9.383346e-11	1.000262e-10	9.441658e-11
2018_05_03_13_42_25_m003	0.000000e+00	0.000000e+00	0.000000e+00	0.000000e+00	0.000000e+00	1.008187e-10	1.008612e-10	9.383346e-11	1.000262e-10	2.222601e-10
2018_05_03_13_42_36_m003	0.000000e+00	0.000000e+00	0.000000e+00	0.000000e+00	0.000000e+00	1.008187e-10	1.008612e-10	9.383346e-11	1.000262e-10	9.984447e-11
2018_05_03_13_42_45_m003	0.000000e+00	0.000000e+00	0.000000e+00	0.000000e+00	0.000000e+00	1.008187e-10	1.008612e-10	9.383346e-11	1.000262e-10	1.649901e-10
2018_05_03_13_43_35_m003	0.000000e+00	0.000000e+00	0.000000e+00	0.000000e+00	0.000000e+00	1.008187e-10	1.008612e-10	9.383346e-11	1.000262e-10	1.821949e-10
2018_05_03_13_43_53_m003	0.000000e+00	0.000000e+00	0.000000e+00	0.000000e+00	0.000000e+00	1.008187e-10	1.008612e-10	9.383346e-11	1.000262e-10	9.952129e-11
2018_05_03_13_44_03_m003	0.000000e+00	0.000000e+00	0.000000e+00	0.000000e+00	0.000000e+00	1.008187e-10	1.008612e-10	9.383346e-11	1.000262e-10	1.483605e-10
2018_05_03_13_47_56_m003	0.000000e+00	0.000000e+00	0.000000e+00	0.000000e+00	0.000000e+00	1.008187e-10	1.008612e-10	9.383346e-11	1.000262e-10	9.921182e-11
2018_05_03_13_48_06_m003	0.000000e+00	0.000000e+00	0.000000e+00	0.000000e+00	0.000000e+00	1.008187e-10	1.008612e-10	9.383346e-11	1.000262e-10	1.143349e-10
2018_05_03_13_48_16_m003	0.000000e+00	0.000000e+00	0.000000e+00	0.000000e+00	0.000000e+00	1.008187e-10	1.008612e-10	9.383346e-11	1.000262e-10	1.967594e-10
2018_05_03_13_50_16_m003	0.000000e+00	0.000000e+00	0.000000e+00	0.000000e+00	0.000000e+00	1.008187e-10	1.008612e-10	9.383346e-11	1.000262e-10	1.652336e-10
2018_05_03_13_50_29_m003	0.000000e+00	0.000000e+00	0.000000e+00	0.000000e+00	0.000000e+00	1.008187e-10	1.008612e-10	9.383346e-11	1.000262e-10	1.561034e-10
2018_05_03_13_50_44_m003	0.000000e+00	0.000000e+00	0.000000e+00	0.000000e+00	0.000000e+00	1.008187e-10	1.008612e-10	9.383346e-11	1.000262e-10	1.025943e-10
2018_05_03_13_50_58_m003	0.000000e+00	0.000000e+00	0.000000e+00	0.000000e+00	0.000000e+00	1.008187e-10	1.008612e-10	9.383346e-11	1.000262e-10	1.661604e-10
2018_05_03_13_52_14_m003	0.000000e+00	0.000000e+00	0.000000e+00	0.000000e+00	0.000000e+00	1.008187e-10	1.008612e-10	9.383346e-11	1.000262e-10	9.108054e-11
2018_05_03_13_52_24_m003	0.000000e+00	0.000000e+00	0.000000e+00	0.000000e+00	0.000000e+00	1.008187e-10	1.008612e-10	9.383346e-11	1.000262e-10	9.473092e-11
2018_05_03_13_52_35_m003	0.000000e+00	0.000000e+00	0.000000e+00	0.000000e+00	0.000000e+00	1.008187e-10	1.008612e-10	9.383346e-11	1.000262e-10	9.344962e-11
2018_05_03_13_53_22_m003	0.000000e+00	0.000000e+00	0.000000e+00	0.000000e+00	0.000000e+00	1.008187e-10	1.008612e-10	9.383346e-11	1.000262e-10	1.013754e-10
2018_05_03_13_53_34_m003	0.000000e+00	0.000000e+00	0.000000e+00	0.000000e+00	0.000000e+00	1.008187e-10	1.008612e-10	9.383346e-11	1.000262e-10	9.719204e-11
2018_05_03_13_53_46_m003	0.000000e+00	0.000000e+00	0.000000e+00	0.000000e+00	0.000000e+00	1.008187e-10	1.008612e-10	9.383346e-11	1.000262e-10	8.803013e-11
2018_05_03_13_53_57_m003	0.000000e+00	0.000000e+00	0.000000e+00	0.000000e+00	0.000000e+00	1.008187e-10	1.008612e-10	9.383346e-11	1.000262e-10	1.064268e-10
2018_05_03_14_00_22_m004	0.000000e+00	0.000000e+00	0.000000e+00	0.000000e+00	0.000000e+00	1.008187e-10	1.008612e-10	9.383346e-11	1.000262e-10
2018_05_03_14_00_34_m004	0.000000e+00	0.000000e+00	0.000000e+00	0.000000e+00	0.000000e+00	1.008187e-10	1.008612e-10	9.383346e-11	1.000262e-10	1.006996e-10
2018_05_03_14_01_48_m004	0.000000e+00	0.000000e+00	0.000000e+00	0.000000e+00	0.000000e+00	1.008187e-10	1.008612e-10	9.383346e-11	1.000262e-10	9.467339e-11
2018_05_03_14_01_58_m004	0.000000e+00	0.000000e+00	0.000000e+00	0.000000e+00	0.000000e+00	1.008187e-10	1.008612e-10	9.383346e-11	1.000262e-10	9.830004e-11
2018_05_03_14_02_13_m004	0.000000e+00	0.000000e+00	0.000000e+00	0.000000e+00	0.000000e+00	1.008187e-10	1.008612e-10	9.383346e-11	1.000262e-10	9.749989e-11
2018_05_03_14_06_06_m004	0.000000e+00	0.000000e+00	0.000000e+00	0.000000e+00	0.000000e+00	1.008187e-10	1.008612e-10	9.383346e-11	1.000262e-10	9.586660e-11
2018_05_03_14_06_18_m004	0.000000e+00	0.000000e+00	0.000000e+00	0.000000e+00	0.000000e+00	1.008187e-10	1.008612e-10	9.383346e-11	1.000262e-10	1.720032e-10
2018_05_03_14_06_28_m004	0.000000e+00	0.000000e+00	0.000000e+00	0.000000e+00	0.000000e+00	1.008187e-10	1.008612e-10	9.383346e-11	1.000262e-10	1.621168e-10
2018_05_03_14_06_39_m004	0.000000e+00	0.000000e+00	0.000000e+00	0.000000e+00	0.000000e+00	1.008187e-10	1.008612e-10	9.383346e-11	1.000262e-10	1.605410e-10
2018_05_03_14_47_07_mSHC320_005	0.000000e+00	0.000000e+00	0.000000e+00	0.000000e+00	0.000000e+00	1.008187e-10	1.008612e-10	9.383346e-11	1.000262e-10	1.648958e-10
2018_05_03_14_47_58_mSHC320_005	0.000000e+00	0.000000e+00	0.000000e+00	0.000000e+00	0.000000e+00	1.008187e-10	1.008612e-10	9.383346e-11	1.000262e-10	1.746312e-10
2018_05_03_14_48_08_mSHC320_005	0.000000e+00	0.000000e+00	0.000000e+00	0.000000e+00	0.000000e+00	1.008187e-10	1.008612e-10	9.383346e-11	1.000262e-10	1.630441e-10
2018_05_03_14_49_33_mSHC320_005	0.000000e+00	0.000000e+00	0.000000e+00	0.000000e+00	0.000000e+00	1.008187e-10	1.008612e-10	9.383346e-11	1.000262e-10	2.984819e-10
2018_05_03_14_49_46_mSHC320_005	0.000000e+00	0.000000e+00	0.000000e+00	0.000000e+00	0.000000e+00	1.008187e-10	1.008612e-10	9.383346e-11	1.000262e-10	1.640142e-10
2018_05_03_14_49_58_mSHC320_005	0.000000e+00	0.000000e+00	0.000000e+00	0.000000e+00	0.000000e+00	1.008187e-10	1.008612e-10	9.383346e-11	1.000262e-10	2.084966e-10
2018_05_03_14_50_25_mSHC320_005	0.000000e+00	0.000000e+00	0.000000e+00	0.000000e+00	0.000000e+00	1.008187e-10	1.008612e-10	9.383346e-11	1.000262e-10
2018_05_03_14_51_04_mSHC320_005	0.000000e+00	0.000000e+00	0.000000e+00	0.000000e+00	0.000000e+00	1.008187e-10	1.008612e-10	9.383346e-11	1.000262e-10	2.398170e-10
2018_05_03_14_51_20_mSHC320_005	0.000000e+00	0.000000e+00	0.000000e+00	0.000000e+00	0.000000e+00	1.008187e-10	1.008612e-10	9.383346e-11	1.000262e-10	1.577044e-10
2018_05_03_14_51_58_mSHC320_005	0.000000e+00	0.000000e+00	0.000000e+00	0.000000e+00	0.000000e+00	1.008187e-10	1.008612e-10	9.383346e-11	1.000262e-10	1.700249e-10
2018_05_03_14_52_10_mSHC320_005	0.000000e+00	0.000000e+00	0.000000e+00	0.000000e+00	0.000000e+00	1.008187e-10	1.008612e-10	9.383346e-11	1.000262e-10	1.743941e-10
2018_05_03_14_52_24_mSHC320_005	0.000000e+00	0.000000e+00	0.000000e+00	0.000000e+00	0.000000e+00	1.008187e-10	1.008612e-10	9.383346e-11	1.000262e-10	1.696858e-10
2018_05_03_14_54_03_mSHC320_005	0.000000e+00	0.000000e+00	0.000000e+00	0.000000e+00	0.000000e+00	1.008187e-10	1.008612e-10	9.383346e-11	1.000262e-10	1.593095e-10
2018_05_03_14_54_15_mSHC320_005	0.000000e+00	0.000000e+00	0.000000e+00	0.000000e+00	0.000000e+00	1.008187e-10	1.008612e-10	9.383346e-11	1.000262e-10	1.564613e-10
2018_05_03_14_54_24_mSHC320_005	0.000000e+00	0.000000e+00	0.000000e+00	0.000000e+00	0.000000e+00	1.008187e-10	1.008612e-10	9.383346e-11	1.000262e-10	1.478622e-10
2018_05_03_14_55_48_mSHC320_005	0.000000e+00	0.000000e+00	0.000000e+00	0.000000e+00	0.000000e+00	1.008187e-10	1.008612e-10	9.383346e-11	1.000262e-10	1.719704e-10
2018_05_03_14_56_02_mSHC320_005	0.000000e+00	0.000000e+00	0.000000e+00	0.000000e+00	0.000000e+00	1.008187e-10	1.008612e-10	9.383346e-11	1.000262e-10	1.582994e-10
2018_05_03_14_56_13_mSHC320_005	0.000000e+00	0.000000e+00	0.000000e+00	0.000000e+00	0.000000e+00	1.008187e-10	1.008612e-10	9.383346e-11	1.000262e-10	1.620498e-10
2018_05_03_14_57_31_mSHC320_005	0.000000e+00	0.000000e+00	0.000000e+00	0.000000e+00	0.000000e+00	1.008187e-10	1.008612e-10	9.383346e-11	1.000262e-10	1.602451e-10
2018_05_03_14_57_42_mSHC320_005	0.000000e+00	0.000000e+00	0.000000e+00	0.000000e+00	0.000000e+00	1.008187e-10	1.008612e-10	9.383346e-11	1.000262e-10	1.596944e-10
2018_05_03_14_57_53_mSHC320_005	0.000000e+00	0.000000e+00	0.000000e+00	0.000000e+00	0.000000e+00	1.008187e-10	1.008612e-10	9.383346e-11	1.000262e-10	1.697386e-10
2018_05_04_08_54_56_m006	0.000000e+00	0.000000e+00	0.000000e+00	0.000000e+00	0.000000e+00	1.008187e-10	1.008612e-10	9.383346e-11	1.000262e-10	1.661505e-10
2018_05_04_08_55_03_m006	0.000000e+00	0.000000e+00	0.000000e+00	0.000000e+00	0.000000e+00	1.008187e-10	1.008612e-10	9.383346e-11	1.000262e-10	1.634453e-10
2018_05_04_08_55_08_m006	0.000000e+00	0.000000e+00	0.000000e+00	0.000000e+00	0.000000e+00	1.008187e-10	1.008612e-10	9.383346e-11	1.000262e-10	1.613590e-10
2018_05_04_08_55_14_m006	0.000000e+00	0.000000e+00	0.000000e+00	0.000000e+00	0.000000e+00	1.008187e-10	1.008612e-10	9.383346e-11	1.000262e-10	1.663926e-10
2018_05_04_08_56_33_m006	0.000000e+00	0.000000e+00	0.000000e+00	0.000000e+00	0.000000e+00	1.008187e-10	1.008612e-10	9.383346e-11	1.000262e-10	1.511857e-10
2018_05_04_08_56_39_m006	0.000000e+00	0.000000e+00	0.000000e+00	0.000000e+00	0.000000e+00	1.008187e-10	1.008612e-10	9.383346e-11	1.000262e-10	1.717214e-10
2018_05_04_08_56_43_m006	0.000000e+00	0.000000e+00	0.000000e+00	0.000000e+00	0.000000e+00	1.008187e-10	1.008612e-10	9.383346e-11	1.000262e-10	1.755094e-10
2018_05_04_08_58_49_m006	0.000000e+00	0.000000e+00	0.000000e+00	0.000000e+00	0.000000e+00	1.008187e-10	1.008612e-10	9.383346e-11	1.000262e-10	1.703076e-10
2018_05_04_08_58_54_m006	0.000000e+00	0.000000e+00	0.000000e+00	0.000000e+00	0.000000e+00	1.008187e-10	1.008612e-10	9.383346e-11	1.000262e-10	1.669035e-10
2018_05_04_08_58_59_m006	0.000000e+00	0.000000e+00	0.000000e+00	0.000000e+00	0.000000e+00	1.008187e-10	1.008612e-10	9.383346e-11	1.000262e-10	1.649846e-10
2018_05_04_09_00_25_m006	0.000000e+00	0.000000e+00	0.000000e+00	0.000000e+00	0.000000e+00	1.008187e-10	1.008612e-10	9.383346e-11	1.000262e-10	1.508856e-10
2018_05_04_09_00_31_m006	0.000000e+00	0.000000e+00	0.000000e+00	0.000000e+00	0.000000e+00	1.008187e-10	1.008612e-10	9.383346e-11	1.000262e-10	1.789980e-10
2018_05_04_09_00_36_m006	0.000000e+00	0.000000e+00	0.000000e+00	0.000000e+00	0.000000e+00	1.008187e-10	1.008612e-10	9.383346e-11	1.000262e-10	1.545583e-10
2018_05_04_09_00_42_m006	0.000000e+00	0.000000e+00	0.000000e+00	0.000000e+00	0.000000e+00	1.008187e-10	1.008612e-10	9.383346e-11	1.000262e-10	1.704332e-10
2018_05_04_09_02_40_m006	0.000000e+00	0.000000e+00	0.000000e+00	0.000000e+00	0.000000e+00	1.008187e-10	1.008612e-10	9.383346e-11	1.000262e-10	1.644531e-10
2018_05_04_09_02_46_m006	0.000000e+00	0.000000e+00	0.000000e+00	0.000000e+00	0.000000e+00	1.008187e-10	1.008612e-10	9.383346e-11	1.000262e-10	1.717189e-10
2018_05_04_09_02_51_m006	0.000000e+00	0.000000e+00	0.000000e+00	0.000000e+00	0.000000e+00	1.008187e-10	1.008612e-10	9.383346e-11	1.000262e-10	1.815731e-10
2018_05_04_09_02_57_m006	0.000000e+00	0.000000e+00	0.000000e+00	0.000000e+00	0.000000e+00	1.008187e-10	1.008612e-10	9.383346e-11	1.000262e-10	1.854477e-10
2018_05_04_09_03_03_m006	0.000000e+00	0.000000e+00	0.000000e+00	0.000000e+00	0.000000e+00	1.008187e-10	1.008612e-10	9.383346e-11	1.000262e-10	1.632411e-10
2018_05_04_09_04_44_m006	0.000000e+00	0.000000e+00	0.000000e+00	0.000000e+00	0.000000e+00	1.008187e-10	1.008612e-10	9.383346e-11	1.000262e-10	1.755187e-10
2018_05_04_09_04_50_m006	0.000000e+00	0.000000e+00	0.000000e+00	0.000000e+00	0.000000e+00	1.008187e-10	1.008612e-10	9.383346e-11	1.000262e-10	1.739597e-10
2018_05_04_09_04_56_m006	0.000000e+00	0.000000e+00	0.000000e+00	0.000000e+00	0.000000e+00	1.008187e-10	1.008612e-10	9.383346e-11	1.000262e-10	1.678374e-10
2018_05_04_09_05_03_m006	0.000000e+00	0.000000e+00	0.000000e+00	0.000000e+00	0.000000e+00	1.008187e-10	1.008612e-10	9.383346e-11	1.000262e-10	1.575227e-10
2018_05_04_09_08_15_m006	0.000000e+00	0.000000e+00	0.000000e+00	0.000000e+00	0.000000e+00	1.008187e-10	1.008612e-10	9.383346e-11	1.000262e-10	1.736323e-10
2018_05_04_09_08_23_m006	0.000000e+00	0.000000e+00	0.000000e+00	0.000000e+00	0.000000e+00	1.008187e-10	1.008612e-10	9.383346e-11	1.000262e-10	1.644992e-10
2018_05_04_09_08_29_m006	0.000000e+00	0.000000e+00	0.000000e+00	0.000000e+00	0.000000e+00	1.008187e-10	1.008612e-10	9.383346e-11	1.000262e-10	1.467327e-10
2018_05_04_09_52_35_m007	0.000000e+00	0.000000e+00	0.000000e+00	0.000000e+00	0.000000e+00	1.008187e-10	1.008612e-10	9.383346e-11	1.000262e-10	1.530699e-10
2018_05_04_09_52_40_m007	0.000000e+00	0.000000e+00	0.000000e+00	0.000000e+00	0.000000e+00	1.008187e-10	1.008612e-10	9.383346e-11	1.000262e-10	1.662206e-10
2018_05_04_09_52_45_m007	0.000000e+00	0.000000e+00	0.000000e+00	0.000000e+00	0.000000e+00	1.008187e-10	1.008612e-10	9.383346e-11	1.000262e-10	1.497435e-10
2018_05_04_09_53_14_m007	0.000000e+00	0.000000e+00	0.000000e+00	0.000000e+00	0.000000e+00	1.008187e-10	1.008612e-10	9.383346e-11	1.000262e-10	1.619067e-10
2018_05_04_09_53_30_m007	0.000000e+00	0.000000e+00	0.000000e+00	0.000000e+00	0.000000e+00	1.008187e-10	1.008612e-10	9.383346e-11	1.000262e-10	1.533892e-10
2018_05_04_09_53_35_m007	0.000000e+00	0.000000e+00	0.000000e+00	0.000000e+00	0.000000e+00	1.008187e-10	1.008612e-10	9.383346e-11	1.000262e-10	1.808495e-10
2018_05_04_09_53_41_m007	0.000000e+00	0.000000e+00	0.000000e+00	0.000000e+00	0.000000e+00	1.008187e-10	1.008612e-10	9.383346e-11	1.000262e-10	1.755341e-10
2018_05_04_09_53_45_m007	0.000000e+00	0.000000e+00	0.000000e+00	0.000000e+00	0.000000e+00	1.008187e-10	1.008612e-10	9.383346e-11	1.000262e-10	1.647038e-10
2018_05_04_09_55_14_m007	0.000000e+00	0.000000e+00	0.000000e+00	0.000000e+00	0.000000e+00	1.008187e-10	1.008612e-10	9.383346e-11	1.000262e-10	1.685170e-10
2018_05_04_09_55_20_m007	0.000000e+00	0.000000e+00	0.000000e+00	0.000000e+00	0.000000e+00	1.008187e-10	1.008612e-10	9.383346e-11	1.000262e-10	1.690147e-10
2018_05_04_09_55_27_m007	0.000000e+00	0.000000e+00	0.000000e+00	0.000000e+00	0.000000e+00	1.008187e-10	1.008612e-10	9.383346e-11	1.000262e-10	1.728198e-10
2018_05_04_09_57_12_m007	0.000000e+00	0.000000e+00	0.000000e+00	0.000000e+00	0.000000e+00	1.008187e-10	1.008612e-10	9.383346e-11	1.000262e-10	1.650784e-10
2018_05_04_09_57_18_m007	0.000000e+00	0.000000e+00	0.000000e+00	0.000000e+00	0.000000e+00	1.008187e-10	1.008612e-10	9.383346e-11	1.000262e-10	1.766738e-10
2018_05_04_09_57_23_m007	0.000000e+00	0.000000e+00	0.000000e+00	0.000000e+00	0.000000e+00	1.008187e-10	1.008612e-10	9.383346e-11	1.000262e-10	1.628000e-10
2018_05_04_09_57_28_m007	0.000000e+00	0.000000e+00	0.000000e+00	0.000000e+00	0.000000e+00	1.008187e-10	1.008612e-10	9.383346e-11	1.000262e-10	1.914279e-10
2018_05_04_09_59_12_m007	0.000000e+00	0.000000e+00	0.000000e+00	0.000000e+00	0.000000e+00	1.008187e-10	1.008612e-10	9.383346e-11	1.000262e-10	1.656357e-10
2018_05_04_09_59_20_m007	0.000000e+00	0.000000e+00	0.000000e+00	0.000000e+00	0.000000e+00	1.008187e-10	1.008612e-10	9.383346e-11	1.000262e-10	1.630303e-10
2018_05_04_09_59_26_m007	0.000000e+00	0.000000e+00	0.000000e+00	0.000000e+00	0.000000e+00	1.008187e-10	1.008612e-10	9.383346e-11	1.000262e-10	1.810737e-10
2018_05_04_09_59_31_m007	0.000000e+00	0.000000e+00	0.000000e+00	0.000000e+00	0.000000e+00	1.008187e-10	1.008612e-10	9.383346e-11	1.000262e-10	1.834582e-10
2018_05_04_10_01_49_m007	0.000000e+00	0.000000e+00	0.000000e+00	0.000000e+00	0.000000e+00	1.008187e-10	1.008612e-10	9.383346e-11	1.000262e-10	1.642053e-10
2018_05_04_10_01_55_m007	0.000000e+00	0.000000e+00	0.000000e+00	0.000000e+00	0.000000e+00	1.008187e-10	1.008612e-10	9.383346e-11	1.000262e-10	1.608915e-10
2018_05_04_10_02_00_m007	0.000000e+00	0.000000e+00	0.000000e+00	0.000000e+00	0.000000e+00	1.008187e-10	1.008612e-10	9.383346e-11	1.000262e-10	1.542900e-10
2018_05_04_10_03_08_m007	0.000000e+00	0.000000e+00	0.000000e+00	0.000000e+00	0.000000e+00	1.008187e-10	1.008612e-10	9.383346e-11	1.000262e-10	1.574534e-10
2018_05_04_10_03_16_m007	0.000000e+00	0.000000e+00	0.000000e+00	0.000000e+00	0.000000e+00	1.008187e-10	1.008612e-10	9.383346e-11	1.000262e-10	1.560140e-10
2018_05_04_10_03_23_m007	0.000000e+00	0.000000e+00	0.000000e+00	0.000000e+00	0.000000e+00	1.008187e-10	1.008612e-10	9.383346e-11	1.000262e-10	1.651893e-10
2018_05_04_10_03_32_m007	0.000000e+00	0.000000e+00	0.000000e+00	0.000000e+00	0.000000e+00	1.008187e-10	1.008612e-10	9.383346e-11	1.000262e-10	9.716348e-11
2018_05_04_10_03_38_m007	0.000000e+00	0.000000e+00	0.000000e+00	0.000000e+00	0.000000e+00	1.008187e-10	1.008612e-10	9.383346e-11	1.000262e-10	9.242985e-11
2018_05_04_10_03_45_m007	0.000000e+00	0.000000e+00	0.000000e+00	0.000000e+00	0.000000e+00	1.008187e-10	1.008612e-10	9.383346e-11	1.000262e-10	9.026307e-11
2018_05_04_10_04_36_m007	0.000000e+00	0.000000e+00	0.000000e+00	0.000000e+00	0.000000e+00	1.008187e-10	1.008612e-10	9.383346e-11	1.000262e-10	8.718042e-11
2018_05_04_10_04_45_m007	0.000000e+00	0.000000e+00	0.000000e+00	0.000000e+00	0.000000e+00	1.008187e-10	1.008612e-10	9.383346e-11	1.000262e-10	8.894918e-11
2018_05_04_10_04_51_m007	0.000000e+00	0.000000e+00	0.000000e+00	0.000000e+00	0.000000e+00	1.008187e-10	1.008612e-10	9.383346e-11	1.000262e-10	9.235314e-11
2018_05_04_10_04_57_m007	0.000000e+00	0.000000e+00	0.000000e+00	0.000000e+00	0.000000e+00	1.008187e-10	1.008612e-10	9.383346e-11	1.000262e-10	9.612908e-11
2018_05_04_11_32_17_m009	0.000000e+00	0.000000e+00	0.000000e+00	0.000000e+00	0.000000e+00	1.008187e-10	1.008612e-10	9.383346e-11	1.000262e-10
2018_05_04_11_32_24_m009	0.000000e+00	0.000000e+00	0.000000e+00	0.000000e+00	0.000000e+00	1.008187e-10	1.008612e-10	9.383346e-11	1.000262e-10
2018_05_04_11_33_04_m009	0.000000e+00	0.000000e+00	0.000000e+00	0.000000e+00	0.000000e+00	1.008187e-10	1.008612e-10	9.383346e-11	1.000262e-10	9.423798e-11
2018_05_04_11_33_09_m009	0.000000e+00	0.000000e+00	0.000000e+00	0.000000e+00	0.000000e+00	1.008187e-10	1.008612e-10	9.383346e-11	1.000262e-10	9.649618e-11
2018_05_04_11_33_20_m009	0.000000e+00	0.000000e+00	0.000000e+00	0.000000e+00	0.000000e+00	1.008187e-10	1.008612e-10	9.383346e-11	1.000262e-10
2018_05_04_11_34_12_m009	0.000000e+00	0.000000e+00	0.000000e+00	0.000000e+00	0.000000e+00	1.008187e-10	1.008612e-10	9.383346e-11	1.000262e-10	1.685064e-10
2018_05_04_11_34_17_m009	0.000000e+00	0.000000e+00	0.000000e+00	0.000000e+00	0.000000e+00	1.008187e-10	1.008612e-10	9.383346e-11	1.000262e-10	1.735118e-10
2018_05_04_11_34_22_m009	0.000000e+00	0.000000e+00	0.000000e+00	0.000000e+00	0.000000e+00	1.008187e-10	1.008612e-10	9.383346e-11	1.000262e-10	1.649234e-10
2018_05_04_11_34_29_m009	0.000000e+00	0.000000e+00	0.000000e+00	0.000000e+00	0.000000e+00	1.008187e-10	1.008612e-10	9.383346e-11	1.000262e-10	1.914635e-10
2018_05_04_11_35_26_m009	0.000000e+00	0.000000e+00	0.000000e+00	0.000000e+00	0.000000e+00	1.008187e-10	1.008612e-10	9.383346e-11	1.000262e-10	2.046117e-10
2018_05_04_11_35_33_m009	0.000000e+00	0.000000e+00	0.000000e+00	0.000000e+00	0.000000e+00	1.008187e-10	1.008612e-10	9.383346e-11	1.000262e-10	2.799137e-10
2018_05_04_11_35_38_m009	0.000000e+00	0.000000e+00	0.000000e+00	0.000000e+00	0.000000e+00	1.008187e-10	1.008612e-10	9.383346e-11	1.000262e-10	1.537337e-10
2018_05_04_11_35_44_m009	0.000000e+00	0.000000e+00	0.000000e+00	0.000000e+00	0.000000e+00	1.008187e-10	1.008612e-10	9.383346e-11	1.000262e-10	1.554074e-10
2018_05_04_11_36_21_m009	0.000000e+00	0.000000e+00	0.000000e+00	0.000000e+00	0.000000e+00	1.008187e-10	1.008612e-10	9.383346e-11	1.000262e-10	1.718715e-10
2018_05_04_11_36_30_m009	0.000000e+00	0.000000e+00	0.000000e+00	0.000000e+00	0.000000e+00	1.008187e-10	1.008612e-10	9.383346e-11	1.000262e-10	1.794222e-10
2018_05_04_11_36_36_m009	0.000000e+00	0.000000e+00	0.000000e+00	0.000000e+00	0.000000e+00	1.008187e-10	1.008612e-10	9.383346e-11	1.000262e-10	1.569091e-10
2018_05_04_11_36_41_m009	0.000000e+00	0.000000e+00	0.000000e+00	0.000000e+00	0.000000e+00	1.008187e-10	1.008612e-10	9.383346e-11	1.000262e-10	1.807305e-10
2018_05_04_11_37_15_m009	0.000000e+00	0.000000e+00	0.000000e+00	0.000000e+00	0.000000e+00	1.008187e-10	1.008612e-10	9.383346e-11	1.000262e-10	2.068231e-10
2018_05_04_11_37_21_m009	0.000000e+00	0.000000e+00	0.000000e+00	0.000000e+00	0.000000e+00	1.008187e-10	1.008612e-10	9.383346e-11	1.000262e-10	1.519411e-10
2018_05_04_11_37_25_m009	0.000000e+00	0.000000e+00	0.000000e+00	0.000000e+00	0.000000e+00	1.008187e-10	1.008612e-10	9.383346e-11	1.000262e-10	1.586907e-09
2018_05_04_11_37_30_m009	0.000000e+00	0.000000e+00	0.000000e+00	0.000000e+00	0.000000e+00	1.008187e-10	1.008612e-10	9.383346e-11	1.000262e-10	1.968078e-10
2018_05_04_11_37_36_m009	0.000000e+00	0.000000e+00	0.000000e+00	0.000000e+00	0.000000e+00	1.008187e-10	1.008612e-10	9.383346e-11	1.000262e-10	2.707232e-10
2018_05_04_11_38_04_m009	0.000000e+00	0.000000e+00	0.000000e+00	0.000000e+00	0.000000e+00	1.008187e-10	1.008612e-10	9.383346e-11	1.000262e-10	1.471917e-10
2018_05_04_11_38_09_m009	0.000000e+00	0.000000e+00	0.000000e+00	0.000000e+00	0.000000e+00	1.008187e-10	1.008612e-10	9.383346e-11	1.000262e-10	1.544871e-10
2018_05_04_11_38_13_m009	0.000000e+00	0.000000e+00	0.000000e+00	0.000000e+00	0.000000e+00	1.008187e-10	1.008612e-10	9.383346e-11	1.000262e-10	2.838896e-10
2018_05_04_11_38_18_m009	0.000000e+00	0.000000e+00	0.000000e+00	0.000000e+00	0.000000e+00	1.008187e-10	1.008612e-10	9.383346e-11	1.000262e-10	1.723293e-10
2018_05_04_11_38_23_m009	0.000000e+00	0.000000e+00	0.000000e+00	0.000000e+00	0.000000e+00	1.008187e-10	1.008612e-10	9.383346e-11	1.000262e-10	1.574842e-10
2018_05_04_11_38_28_m009	0.000000e+00	0.000000e+00	0.000000e+00	0.000000e+00	0.000000e+00	1.008187e-10	1.008612e-10	9.383346e-11	1.000262e-10	1.942816e-10
2018_05_04_11_38_33_m009	0.000000e+00	0.000000e+00	0.000000e+00	0.000000e+00	0.000000e+00	1.008187e-10	1.008612e-10	9.383346e-11	1.000262e-10	1.603529e-10
